P -56.0000, 1380.0000, 18.4986, 240, 0, 0, 3, to_Maiden's_Eye
P 227.0000, -1010.0000, 20.0000, 240, 0, 0, 3, to__Shadow_Valley
P -421.7920, 116.1547, 16.3622, 240, 240, 240, 2, Western_scratch_#1
P -589.7549, -69.6792, 16.3674, 240, 240, 240, 2, Western_scratch_#2
P -419.8605, -244.4427, 18.3959, 240, 240, 240, 2, Western_scratch_#3
P -382.7544, -60.4487, 4.4449, 240, 240, 240, 2, The_Western_Room
P 917.1494, 403.2788, 3.8448, 240, 240, 240, 2, Servant_Quarter_Rubbing_#1
P 1097.9950, 570.5081, 3.8446, 240, 240, 240, 2, Servant_Quarter_Rubbing_#2
P 931.3636, 1000.0298, 20.1569, 240, 240, 240, 2, Servant`s_Quarters
P 1600.6703, -236.6591, 3.2824, 0, 0, 240, 1, GS:_Scroll_of_Ka_Vethan_Intel
P 944.6779, -1268.9474, 7.7829, 240, 240, 240, 2, North_Sacrificial_Pit
P -161.0545, 645.4947, 0.8067, 0, 127, 127, 2, Kela_Xin_Dabo_(Quests)
P 1371.8567, 1384.9131, 14.4386, 127, 64, 0, 2, Centi_Thall_(Hunter)
P 1794.8527, -1111.1111, 15.2386, 127, 64, 0, 2, Diabo_Xi_Va_(Hunter)
P 481.7454, 385.5776, -19.2048, 127, 64, 0, 2, Diabo_Xi_Xin_(Hunter)
P 880.7325, 555.0630, 0.8236, 127, 64, 0, 2, The_Protector_(Hunter,Roam)
P 221.5105, -1049.4320, 19.0781, 127, 64, 0, 2, Diabo_Va_Thall_(Hunter)
