L 1000.0, 0.0, 0.0, 1000.0, -50.0, 0.0, 255, 0, 0
L -20.0, 50.0, 0.0, -50.0, 20.0, 0.0, 255, 0, 0
L 50.0, 20.0, 0.0, 20.0, 50.0, 0.0, 255, 0, 0
L 20.0, -50.0, 0.0, 50.0, -20.0, 0.0, 255, 0, 0
L -50.0, -20.0, 0.0, -20.0, -50.0, 0.0, 255, 0, 0
L -50.0, 20.0, 0.0, -50.0, -20.0, 0.0, 255, 0, 0
L 20.0, 50.0, 0.0, -20.0, 50.0, 0.0, 255, 0, 0
L 50.0, -20.0, 0.0, 50.0, 20.0, 0.0, 255, 0, 0
L -20.0, -50.0, 0.0, 20.0, -50.0, 0.0, 255, 0, 0
L 580.0, -20.0, 0.0, 540.0, -20.0, 0.0, 255, 0, 0
L 580.0, -90.0, 0.0, 580.0, -20.0, 0.0, 255, 0, 0
L 540.0, -90.0, 0.0, 580.0, -90.0, 0.0, 255, 0, 0
L 540.0, -20.0, 0.0, 540.0, -90.0, 0.0, 255, 0, 0
L 520.0, -20.0, 0.0, 480.0, -20.0, 0.0, 255, 0, 0
L 520.0, -90.0, 0.0, 520.0, -20.0, 0.0, 255, 0, 0
L 480.0, -90.0, 0.0, 520.0, -90.0, 0.0, 255, 0, 0
L 480.0, -20.0, 0.0, 480.0, -90.0, 0.0, 255, 0, 0
L 460.0, -90.0, 0.0, 450.0, -80.0, 0.0, 255, 0, 0
L 460.0, -20.0, 0.0, 460.0, -90.0, 0.0, 255, 0, 0
L 0.0, -250.0, 0.0, 0.0, 250.0, 0.0, 255, 0, 0
L -250.0, 0.0, 0.0, 1000.0, 0.0, 0.0, 255, 0, 0
L -120.0, -80.0, 0.0, -120.0, -60.0, 0.0, 255, 0, 0
L -120.0, -60.0, 0.0, -120.0, -40.0, 0.0, 255, 0, 0
L -100.0, -60.0, 0.0, -120.0, -60.0, 0.0, 255, 0, 0
L -120.0, -60.0, 0.0, -140.0, -60.0, 0.0, 255, 0, 0
L -90.0, -50.0, 0.0, -100.0, -30.0, 0.0, 255, 0, 0
L -60.0, -80.0, 0.0, -60.0, -60.0, 0.0, 255, 0, 0
L -60.0, -60.0, 0.0, -60.0, -40.0, 0.0, 255, 0, 0
L -40.0, -60.0, 0.0, -60.0, -60.0, 0.0, 255, 0, 0
L -60.0, -60.0, 0.0, -80.0, -60.0, 0.0, 255, 0, 0
L 100.0, 60.0, 0.0, 120.0, 60.0, 0.0, 255, 0, 0
L 120.0, 60.0, 0.0, 140.0, 60.0, 0.0, 255, 0, 0
L 90.0, 70.0, 0.0, 80.0, 90.0, 0.0, 255, 0, 0
L 40.0, 60.0, 0.0, 60.0, 60.0, 0.0, 255, 0, 0
L 60.0, 60.0, 0.0, 80.0, 60.0, 0.0, 255, 0, 0
L -100.0, 60.0, 0.0, -120.0, 60.0, 0.0, 255, 0, 0
L -120.0, 60.0, 0.0, -140.0, 60.0, 0.0, 255, 0, 0
L -90.0, 70.0, 0.0, -100.0, 90.0, 0.0, 255, 0, 0
L -60.0, 80.0, 0.0, -60.0, 60.0, 0.0, 255, 0, 0
L -60.0, 60.0, 0.0, -60.0, 40.0, 0.0, 255, 0, 0
L -40.0, 60.0, 0.0, -60.0, 60.0, 0.0, 255, 0, 0
L -60.0, 60.0, 0.0, -80.0, 60.0, 0.0, 255, 0, 0
L 100.0, -60.0, 0.0, 120.0, -60.0, 0.0, 255, 0, 0
L 120.0, -60.0, 0.0, 140.0, -60.0, 0.0, 255, 0, 0
L 90.0, -50.0, 0.0, 80.0, -30.0, 0.0, 255, 0, 0
L 60.0, -80.0, 0.0, 60.0, -60.0, 0.0, 255, 0, 0
L 60.0, -60.0, 0.0, 60.0, -40.0, 0.0, 255, 0, 0
L 40.0, -60.0, 0.0, 60.0, -60.0, 0.0, 255, 0, 0
L 60.0, -60.0, 0.0, 80.0, -60.0, 0.0, 255, 0, 0
L 599.0, -90.0, 0.0, 637.3, -90.0, 0.0, 255, 0, 0
L 599.0, -20.0, 0.0, 637.3, -20.0, 0.0, 255, 0, 0
L 599.0, -90.0, 0.0, 599.0, -20.0, 0.0, 255, 0, 0
L 637.3, -90.0, 0.0, 637.3, -20.0, 0.0, 255, 0, 0
L -500, 7200, 0, -500, 7260, 0, 0, 0, 0
L -460, 7260, 0, -500, 7260, 0, 0, 0, 0
L -440, 7230, 0, -410, 7230, 0, 0, 0, 0
L -440, 7260, 0, -410, 7260, 0, 0, 0, 0
L -440, 7200, 0, -440, 7260, 0, 0, 0, 0
L -410, 7200, 0, -440, 7200, 0, 0, 0, 0
L -360, 7260, 0, -390, 7260, 0, 0, 0, 0
L -390, 7200, 0, -360, 7200, 0, 0, 0, 0
L -390, 7260, 0, -390, 7200, 0, 0, 0, 0
L -360, 7260, 0, -360, 7230, 0, 0, 0, 0
L -360, 7230, 0, -380, 7230, 0, 0, 0, 0
L -340, 7230, 0, -310, 7230, 0, 0, 0, 0
L -340, 7260, 0, -310, 7260, 0, 0, 0, 0
L -340, 7200, 0, -340, 7260, 0, 0, 0, 0
L -310, 7200, 0, -340, 7200, 0, 0, 0, 0
L -260, 7260, 0, -260, 7200, 0, 0, 0, 0
L -290, 7200, 0, -260, 7260, 0, 0, 0, 0
L -290, 7260, 0, -290, 7200, 0, 0, 0, 0
L -230, 7260, 0, -230, 7200, 0, 0, 0, 0
L -220, 7260, 0, -240, 7260, 0, 0, 0, 0
L -210, 7230, 0, -220, 7260, 0, 0, 0, 0
L -220, 7200, 0, -210, 7230, 0, 0, 0, 0
L -240, 7200, 0, -220, 7200, 0, 0, 0, 0
L -500, 7410, 0, -440, 7410, 0, 0, 0, 0
L -500, 7330, 0, -440, 7330, 0, 0, 0, 0
L -470, 7383, 0, -470, 7357, 0, 205, 133, 63
L -440, 7410, 0, -380, 7410, 0, 0, 0, 0
L -440, 7410, 0, -440, 7383, 0, 205, 133, 63
L -470, 7383, 0, -410, 7383, 0, 205, 133, 63
L -470, 7357, 0, -440, 7357, 0, 205, 133, 63
L -440, 7357, 0, -410, 7357, 0, 205, 133, 63
L -440, 7330, 0, -380, 7330, 0, 0, 0, 0
L -440, 7357, 0, -440, 7330, 0, 205, 133, 63
L -410, 7383, 0, -410, 7357, 0, 205, 133, 63
L -330, 7400, 0, -330, 7340, 0, 0, 0, 0
L -320, 7400, 0, -340, 7400, 0, 0, 0, 0
L -310, 7370, 0, -320, 7400, 0, 0, 0, 0
L -320, 7340, 0, -310, 7370, 0, 0, 0, 0
L -340, 7340, 0, -320, 7340, 0, 0, 0, 0
L -290, 7340, 0, -260, 7340, 0, 0, 0, 0
L -290, 7400, 0, -260, 7400, 0, 0, 0, 0
L -290, 7340, 0, -290, 7400, 0, 0, 0, 0
L -260, 7340, 0, -260, 7400, 0, 0, 0, 0
L -240, 7340, 0, -210, 7340, 0, 0, 0, 0
L -240, 7400, 0, -210, 7400, 0, 0, 0, 0
L -240, 7340, 0, -240, 7400, 0, 0, 0, 0
L -210, 7340, 0, -210, 7400, 0, 0, 0, 0
L -190, 7340, 0, -190, 7370, 0, 0, 0, 0
L -190, 7370, 0, -190, 7400, 0, 0, 0, 0
L -190, 7370, 0, -170, 7370, 0, 0, 0, 0
L -150, 7370, 0, -150, 7340, 0, 0, 0, 0
L -190, 7340, 0, -150, 7340, 0, 0, 0, 0
L -170, 7370, 0, -150, 7370, 0, 0, 0, 0
L -150, 7400, 0, -170, 7370, 0, 0, 0, 0
L -500, 7450, 0, -500, 7480, 0, 255, 210, 0
L -500, 7450, 0, -480, 7450, 0, 255, 210, 0
L -480, 7510, 0, -500, 7510, 0, 255, 210, 0
L -500, 7480, 0, -500, 7510, 0, 255, 210, 0
L -480, 7480, 0, -500, 7480, 0, 255, 210, 0
L -480, 7480, 0, -460, 7465, 0, 255, 210, 0
L -480, 7450, 0, -460, 7465, 0, 255, 210, 0
L -480, 7480, 0, -460, 7495, 0, 255, 210, 0
L -460, 7495, 0, -480, 7510, 0, 255, 210, 0
L -430, 7480, 0, -410, 7480, 0, 255, 210, 0
L -420, 7450, 0, -400, 7510, 0, 255, 210, 0
L -440, 7510, 0, -420, 7450, 0, 255, 210, 0
L -350, 7510, 0, -350, 7450, 0, 255, 210, 0
L -380, 7450, 0, -350, 7510, 0, 255, 210, 0
L -380, 7510, 0, -380, 7450, 0, 255, 210, 0
L -330, 7450, 0, -330, 7480, 0, 255, 210, 0
L -330, 7480, 0, -330, 7510, 0, 255, 210, 0
L -330, 7480, 0, -290, 7510, 0, 255, 210, 0
L -330, 7480, 0, -290, 7450, 0, 255, 210, 0
L -270, 7480, 0, -240, 7480, 0, 255, 210, 0
L -270, 7510, 0, -240, 7510, 0, 255, 210, 0
L -270, 7450, 0, -270, 7510, 0, 255, 210, 0
L -240, 7450, 0, -270, 7450, 0, 255, 210, 0
L -220, 7450, 0, -220, 7480, 0, 255, 210, 0
L -220, 7480, 0, -220, 7510, 0, 255, 210, 0
L -220, 7480, 0, -200, 7480, 0, 255, 210, 0
L -180, 7480, 0, -180, 7450, 0, 255, 210, 0
L -220, 7450, 0, -180, 7450, 0, 255, 210, 0
L -200, 7480, 0, -180, 7480, 0, 255, 210, 0
L -180, 7510, 0, -200, 7480, 0, 255, 210, 0
L -470, 7600, 0, -500, 7600, 0, 255, 255, 255
L -500, 7540, 0, -470, 7540, 0, 255, 255, 255
L -500, 7600, 0, -500, 7540, 0, 255, 255, 255
L -450, 7540, 0, -420, 7540, 0, 255, 255, 255
L -450, 7600, 0, -420, 7600, 0, 255, 255, 255
L -450, 7540, 0, -450, 7600, 0, 255, 255, 255
L -420, 7540, 0, -420, 7600, 0, 255, 255, 255
L -360, 7540, 0, -360, 7600, 0, 255, 255, 255
L -380, 7570, 0, -360, 7540, 0, 255, 255, 255
L -400, 7540, 0, -380, 7570, 0, 255, 255, 255
L -400, 7600, 0, -400, 7540, 0, 255, 255, 255
L -300, 7540, 0, -300, 7600, 0, 255, 255, 255
L -320, 7570, 0, -300, 7540, 0, 255, 255, 255
L -340, 7540, 0, -320, 7570, 0, 255, 255, 255
L -340, 7600, 0, -340, 7540, 0, 255, 255, 255
L -280, 7570, 0, -250, 7570, 0, 255, 255, 255
L -280, 7600, 0, -250, 7600, 0, 255, 255, 255
L -280, 7540, 0, -280, 7600, 0, 255, 255, 255
L -250, 7540, 0, -280, 7540, 0, 255, 255, 255
L -200, 7600, 0, -200, 7540, 0, 255, 255, 255
L -230, 7540, 0, -200, 7600, 0, 255, 255, 255
L -230, 7600, 0, -230, 7540, 0, 255, 255, 255
L -160, 7540, 0, -160, 7600, 0, 255, 255, 255
L -180, 7540, 0, -140, 7540, 0, 255, 255, 255
L -470, 7690, 0, -500, 7690, 0, 0, 0, 0
L -500, 7630, 0, -470, 7630, 0, 0, 0, 0
L -500, 7690, 0, -500, 7630, 0, 0, 0, 0
L -470, 7690, 0, -470, 7660, 0, 0, 0, 0
L -470, 7660, 0, -490, 7660, 0, 0, 0, 0
L -450, 7660, 0, -420, 7660, 0, 0, 0, 0
L -450, 7690, 0, -420, 7690, 0, 0, 0, 0
L -450, 7630, 0, -450, 7690, 0, 0, 0, 0
L -420, 7630, 0, -450, 7630, 0, 0, 0, 0
L -370, 7690, 0, -370, 7630, 0, 0, 0, 0
L -400, 7630, 0, -370, 7690, 0, 0, 0, 0
L -400, 7690, 0, -400, 7630, 0, 0, 0, 0
L -350, 7660, 0, -320, 7660, 0, 0, 0, 0
L -350, 7690, 0, -320, 7690, 0, 0, 0, 0
L -350, 7630, 0, -350, 7690, 0, 0, 0, 0
L -320, 7630, 0, -350, 7630, 0, 0, 0, 0
L -300, 7630, 0, -300, 7660, 0, 0, 0, 0
L -300, 7660, 0, -300, 7690, 0, 0, 0, 0
L -300, 7660, 0, -280, 7660, 0, 0, 0, 0
L -260, 7660, 0, -260, 7630, 0, 0, 0, 0
L -300, 7630, 0, -260, 7630, 0, 0, 0, 0
L -280, 7660, 0, -260, 7660, 0, 0, 0, 0
L -260, 7690, 0, -280, 7660, 0, 0, 0, 0
L -230, 7660, 0, -210, 7660, 0, 0, 0, 0
L -220, 7630, 0, -200, 7690, 0, 0, 0, 0
L -240, 7690, 0, -220, 7630, 0, 0, 0, 0
L -180, 7630, 0, -180, 7690, 0, 0, 0, 0
L -140, 7690, 0, -180, 7690, 0, 0, 0, 0
L -470, 7780, 0, -500, 7780, 0, 0, 0, 255
L -500, 7720, 0, -470, 7720, 0, 0, 0, 255
L -500, 7780, 0, -500, 7720, 0, 0, 0, 255
L -470, 7780, 0, -470, 7750, 0, 0, 0, 255
L -470, 7750, 0, -490, 7750, 0, 0, 0, 255
L -450, 7720, 0, -450, 7750, 0, 0, 0, 255
L -450, 7750, 0, -450, 7780, 0, 0, 0, 255
L -450, 7750, 0, -430, 7750, 0, 0, 0, 255
L -410, 7750, 0, -410, 7720, 0, 0, 0, 255
L -450, 7720, 0, -410, 7720, 0, 0, 0, 255
L -430, 7750, 0, -410, 7750, 0, 0, 0, 255
L -410, 7780, 0, -430, 7750, 0, 0, 0, 255
L -390, 7720, 0, -360, 7720, 0, 0, 0, 255
L -390, 7780, 0, -360, 7780, 0, 0, 0, 255
L -390, 7720, 0, -390, 7780, 0, 0, 0, 255
L -360, 7720, 0, -360, 7780, 0, 0, 0, 255
L -300, 7720, 0, -300, 7780, 0, 0, 0, 255
L -340, 7720, 0, -340, 7780, 0, 0, 0, 255
L -340, 7780, 0, -300, 7780, 0, 0, 0, 255
L -250, 7780, 0, -250, 7720, 0, 0, 0, 255
L -280, 7720, 0, -250, 7780, 0, 0, 0, 255
L -280, 7780, 0, -280, 7720, 0, 0, 0, 255
L -220, 7780, 0, -220, 7720, 0, 0, 0, 255
L -210, 7780, 0, -230, 7780, 0, 0, 0, 255
L -200, 7750, 0, -210, 7780, 0, 0, 0, 255
L -210, 7720, 0, -200, 7750, 0, 0, 0, 255
L -230, 7720, 0, -210, 7720, 0, 0, 0, 255
L -120, 7720, 0, -120, 7750, 0, 0, 0, 255
L -120, 7780, 0, -80, 7780, 0, 0, 0, 255
L -80, 7750, 0, -120, 7750, 0, 0, 0, 255
L -120, 7720, 0, -80, 7720, 0, 0, 0, 255
L -80, 7750, 0, -80, 7780, 0, 0, 0, 255
L -30, 7750, 0, -60, 7750, 0, 0, 0, 255
L -30, 7720, 0, -30, 7750, 0, 0, 0, 255
L -60, 7720, 0, -30, 7720, 0, 0, 0, 255
L -60, 7780, 0, -60, 7720, 0, 0, 0, 255
L 0, 7750, 0, 20, 7750, 0, 0, 0, 255
L 10, 7720, 0, 30, 7780, 0, 0, 0, 255
L -10, 7780, 0, 10, 7720, 0, 0, 0, 255
L 80, 7780, 0, 90, 7720, 0, 0, 0, 255
L 70, 7750, 0, 80, 7780, 0, 0, 0, 255
L 60, 7780, 0, 70, 7750, 0, 0, 0, 255
L 50, 7720, 0, 60, 7780, 0, 0, 0, 255
L 140, 7780, 0, 140, 7720, 0, 0, 0, 255
L 110, 7720, 0, 140, 7780, 0, 0, 0, 255
L 110, 7780, 0, 110, 7720, 0, 0, 0, 255
L -470, 7870, 0, -500, 7870, 0, 128, 128, 128
L -500, 7810, 0, -470, 7810, 0, 128, 128, 128
L -500, 7870, 0, -500, 7810, 0, 128, 128, 128
L -470, 7870, 0, -470, 7840, 0, 128, 128, 128
L -470, 7840, 0, -490, 7840, 0, 128, 128, 128
L -410, 7810, 0, -410, 7870, 0, 128, 128, 128
L -450, 7810, 0, -450, 7870, 0, 128, 128, 128
L -450, 7870, 0, -410, 7870, 0, 128, 128, 128
L -390, 7810, 0, -390, 7870, 0, 128, 128, 128
L -370, 7810, 0, -370, 7870, 0, 128, 128, 128
L -330, 7870, 0, -370, 7870, 0, 128, 128, 128
L -300, 7870, 0, -300, 7810, 0, 128, 128, 128
L -290, 7870, 0, -310, 7870, 0, 128, 128, 128
L -280, 7840, 0, -290, 7870, 0, 128, 128, 128
L -290, 7810, 0, -280, 7840, 0, 128, 128, 128
L -310, 7810, 0, -290, 7810, 0, 128, 128, 128
L -160, 7810, 0, -160, 7870, 0, 128, 128, 128
L -180, 7840, 0, -160, 7810, 0, 128, 128, 128
L -200, 7810, 0, -180, 7840, 0, 128, 128, 128
L -200, 7870, 0, -200, 7810, 0, 128, 128, 128
L -130, 7840, 0, -110, 7840, 0, 128, 128, 128
L -120, 7810, 0, -100, 7870, 0, 128, 128, 128
L -140, 7870, 0, -120, 7810, 0, 128, 128, 128
L -80, 7810, 0, -80, 7840, 0, 128, 128, 128
L -80, 7870, 0, -40, 7870, 0, 128, 128, 128
L -40, 7840, 0, -80, 7840, 0, 128, 128, 128
L -80, 7810, 0, -40, 7810, 0, 128, 128, 128
L -40, 7840, 0, -40, 7870, 0, 128, 128, 128
L 0, 7810, 0, 0, 7870, 0, 128, 128, 128
L -20, 7810, 0, 20, 7810, 0, 128, 128, 128
L 40, 7840, 0, 70, 7840, 0, 128, 128, 128
L 40, 7870, 0, 70, 7870, 0, 128, 128, 128
L 40, 7810, 0, 40, 7870, 0, 128, 128, 128
L 70, 7810, 0, 40, 7810, 0, 128, 128, 128
L 90, 7810, 0, 90, 7840, 0, 128, 128, 128
L 90, 7840, 0, 90, 7870, 0, 128, 128, 128
L 90, 7840, 0, 110, 7840, 0, 128, 128, 128
L 130, 7840, 0, 130, 7810, 0, 128, 128, 128
L 90, 7810, 0, 130, 7810, 0, 128, 128, 128
L 110, 7840, 0, 130, 7840, 0, 128, 128, 128
L 130, 7870, 0, 110, 7840, 0, 128, 128, 128
L -500, 7900, 0, -500, 7930, 0, 127, 64, 0
L -460, 7960, 0, -460, 7930, 0, 127, 64, 0
L -500, 7930, 0, -500, 7960, 0, 127, 64, 0
L -460, 7930, 0, -460, 7900, 0, 127, 64, 0
L -500, 7930, 0, -460, 7930, 0, 127, 64, 0
L -400, 7900, 0, -400, 7960, 0, 127, 64, 0
L -440, 7900, 0, -440, 7960, 0, 127, 64, 0
L -440, 7960, 0, -400, 7960, 0, 127, 64, 0
L -350, 7960, 0, -350, 7900, 0, 127, 64, 0
L -380, 7900, 0, -350, 7960, 0, 127, 64, 0
L -380, 7960, 0, -380, 7900, 0, 127, 64, 0
L -310, 7900, 0, -310, 7960, 0, 127, 64, 0
L -330, 7900, 0, -290, 7900, 0, 127, 64, 0
L -270, 7930, 0, -240, 7930, 0, 127, 64, 0
L -270, 7960, 0, -240, 7960, 0, 127, 64, 0
L -270, 7900, 0, -270, 7960, 0, 127, 64, 0
L -240, 7900, 0, -270, 7900, 0, 127, 64, 0
L -220, 7900, 0, -220, 7930, 0, 127, 64, 0
L -220, 7930, 0, -220, 7960, 0, 127, 64, 0
L -220, 7930, 0, -200, 7930, 0, 127, 64, 0
L -180, 7930, 0, -180, 7900, 0, 127, 64, 0
L -220, 7900, 0, -180, 7900, 0, 127, 64, 0
L -200, 7930, 0, -180, 7930, 0, 127, 64, 0
L -180, 7960, 0, -200, 7930, 0, 127, 64, 0
L -460, 7990, 0, -460, 8050, 0, 0, 127, 0
L -480, 8020, 0, -460, 7990, 0, 0, 127, 0
L -500, 7990, 0, -480, 8020, 0, 0, 127, 0
L -500, 8050, 0, -500, 7990, 0, 0, 127, 0
L -440, 8020, 0, -410, 8020, 0, 0, 127, 0
L -440, 8050, 0, -410, 8050, 0, 0, 127, 0
L -440, 7990, 0, -440, 8050, 0, 0, 127, 0
L -410, 7990, 0, -440, 7990, 0, 0, 127, 0
L -390, 7990, 0, -390, 8020, 0, 0, 127, 0
L -390, 8020, 0, -390, 8050, 0, 0, 127, 0
L -390, 8020, 0, -370, 8020, 0, 0, 127, 0
L -350, 8020, 0, -350, 7990, 0, 0, 127, 0
L -390, 7990, 0, -350, 7990, 0, 0, 127, 0
L -370, 8020, 0, -350, 8020, 0, 0, 127, 0
L -350, 8050, 0, -370, 8020, 0, 0, 127, 0
L -300, 8050, 0, -330, 8050, 0, 0, 127, 0
L -330, 7990, 0, -300, 7990, 0, 0, 127, 0
L -330, 8050, 0, -330, 7990, 0, 0, 127, 0
L -280, 7990, 0, -280, 8020, 0, 0, 127, 0
L -240, 8050, 0, -240, 8020, 0, 0, 127, 0
L -280, 8020, 0, -280, 8050, 0, 0, 127, 0
L -240, 8020, 0, -240, 7990, 0, 0, 127, 0
L -280, 8020, 0, -240, 8020, 0, 0, 127, 0
L -210, 8020, 0, -190, 8020, 0, 0, 127, 0
L -200, 7990, 0, -180, 8050, 0, 0, 127, 0
L -220, 8050, 0, -200, 7990, 0, 0, 127, 0
L -130, 8050, 0, -130, 7990, 0, 0, 127, 0
L -160, 7990, 0, -130, 8050, 0, 0, 127, 0
L -160, 8050, 0, -160, 7990, 0, 0, 127, 0
L -90, 7990, 0, -90, 8050, 0, 0, 127, 0
L -110, 7990, 0, -70, 7990, 0, 0, 127, 0
L -460, 8080, 0, -460, 8140, 0, 0, 127, 127
L -480, 8110, 0, -460, 8080, 0, 0, 127, 127
L -500, 8080, 0, -480, 8110, 0, 0, 127, 127
L -500, 8140, 0, -500, 8080, 0, 0, 127, 127
L -440, 8080, 0, -440, 8140, 0, 0, 127, 127
L -420, 8080, 0, -420, 8110, 0, 0, 127, 127
L -420, 8140, 0, -380, 8140, 0, 0, 127, 127
L -380, 8110, 0, -420, 8110, 0, 0, 127, 127
L -420, 8080, 0, -380, 8080, 0, 0, 127, 127
L -380, 8110, 0, -380, 8140, 0, 0, 127, 127
L -360, 8080, 0, -360, 8110, 0, 0, 127, 127
L -360, 8140, 0, -320, 8140, 0, 0, 127, 127
L -320, 8110, 0, -360, 8110, 0, 0, 127, 127
L -360, 8080, 0, -320, 8080, 0, 0, 127, 127
L -320, 8110, 0, -320, 8140, 0, 0, 127, 127
L -300, 8080, 0, -300, 8140, 0, 0, 127, 127
L -280, 8080, 0, -250, 8080, 0, 0, 127, 127
L -280, 8140, 0, -250, 8140, 0, 0, 127, 127
L -280, 8080, 0, -280, 8140, 0, 0, 127, 127
L -250, 8080, 0, -250, 8140, 0, 0, 127, 127
L -200, 8140, 0, -200, 8080, 0, 0, 127, 127
L -230, 8080, 0, -200, 8140, 0, 0, 127, 127
L -230, 8140, 0, -230, 8080, 0, 0, 127, 127
L -470, 8230, 0, -470, 8170, 0, 127, 64, 0
L -500, 8170, 0, -470, 8230, 0, 127, 64, 0
L -500, 8230, 0, -500, 8170, 0, 127, 64, 0
L -440, 8200, 0, -420, 8200, 0, 127, 64, 0
L -430, 8170, 0, -410, 8230, 0, 127, 64, 0
L -450, 8230, 0, -430, 8170, 0, 127, 64, 0
L -350, 8170, 0, -350, 8230, 0, 127, 64, 0
L -370, 8200, 0, -350, 8170, 0, 127, 64, 0
L -390, 8170, 0, -370, 8200, 0, 127, 64, 0
L -390, 8230, 0, -390, 8170, 0, 127, 64, 0
L -330, 8200, 0, -300, 8200, 0, 127, 64, 0
L -330, 8230, 0, -300, 8230, 0, 127, 64, 0
L -330, 8170, 0, -330, 8230, 0, 127, 64, 0
L -300, 8170, 0, -330, 8170, 0, 127, 64, 0
L -270, 8230, 0, -270, 8170, 0, 127, 64, 0
L -260, 8230, 0, -280, 8230, 0, 127, 64, 0
L -250, 8200, 0, -260, 8230, 0, 127, 64, 0
L -260, 8170, 0, -250, 8200, 0, 127, 64, 0
L -280, 8170, 0, -260, 8170, 0, 127, 64, 0
L -470, 8290, 0, -500, 8290, 0, 0, 255, 0
L -470, 8260, 0, -470, 8290, 0, 0, 255, 0
L -500, 8260, 0, -470, 8260, 0, 0, 255, 0
L -500, 8320, 0, -500, 8260, 0, 0, 255, 0
L -440, 8290, 0, -420, 8290, 0, 0, 255, 0
L -430, 8260, 0, -410, 8320, 0, 0, 255, 0
L -450, 8320, 0, -430, 8260, 0, 0, 255, 0
L -390, 8260, 0, -390, 8290, 0, 0, 255, 0
L -390, 8290, 0, -390, 8320, 0, 0, 255, 0
L -390, 8290, 0, -370, 8290, 0, 0, 255, 0
L -350, 8290, 0, -350, 8260, 0, 0, 255, 0
L -390, 8260, 0, -350, 8260, 0, 0, 255, 0
L -370, 8290, 0, -350, 8290, 0, 0, 255, 0
L -350, 8320, 0, -370, 8290, 0, 0, 255, 0
L -300, 8320, 0, -330, 8320, 0, 0, 255, 0
L -330, 8260, 0, -300, 8260, 0, 0, 255, 0
L -330, 8320, 0, -330, 8260, 0, 0, 255, 0
L -280, 8290, 0, -250, 8290, 0, 0, 255, 0
L -280, 8320, 0, -250, 8320, 0, 0, 255, 0
L -280, 8260, 0, -280, 8320, 0, 0, 255, 0
L -250, 8260, 0, -280, 8260, 0, 0, 255, 0
L -230, 8260, 0, -230, 8320, 0, 0, 255, 0
L -190, 8320, 0, -230, 8320, 0, 0, 255, 0
L -170, 8260, 0, -170, 8290, 0, 0, 255, 0
L -170, 8320, 0, -130, 8320, 0, 0, 255, 0
L -130, 8290, 0, -170, 8290, 0, 0, 255, 0
L -170, 8260, 0, -130, 8260, 0, 0, 255, 0
L -130, 8290, 0, -130, 8320, 0, 0, 255, 0
L -500, 8350, 0, -500, 8380, 0, 0, 240, 240
L -500, 8380, 0, -500, 8410, 0, 0, 240, 240
L -500, 8380, 0, -480, 8380, 0, 0, 240, 240
L -460, 8380, 0, -460, 8350, 0, 0, 240, 240
L -500, 8350, 0, -460, 8350, 0, 0, 240, 240
L -480, 8380, 0, -460, 8380, 0, 0, 240, 240
L -460, 8410, 0, -480, 8380, 0, 0, 240, 240
L -430, 8380, 0, -410, 8380, 0, 0, 240, 240
L -420, 8350, 0, -400, 8410, 0, 0, 240, 240
L -440, 8410, 0, -420, 8350, 0, 0, 240, 240
L -380, 8350, 0, -380, 8410, 0, 0, 240, 240
L -350, 8410, 0, -350, 8350, 0, 0, 240, 240
L -340, 8410, 0, -360, 8410, 0, 0, 240, 240
L -330, 8380, 0, -340, 8410, 0, 0, 240, 240
L -340, 8350, 0, -330, 8380, 0, 0, 240, 240
L -360, 8350, 0, -340, 8350, 0, 0, 240, 240
L -500, 8440, 0, -500, 8470, 0, 0, 255, 0
L -500, 8500, 0, -460, 8500, 0, 0, 255, 0
L -460, 8470, 0, -500, 8470, 0, 0, 255, 0
L -500, 8440, 0, -460, 8440, 0, 0, 255, 0
L -460, 8470, 0, -460, 8500, 0, 0, 255, 0
L -410, 8470, 0, -440, 8470, 0, 0, 255, 0
L -410, 8440, 0, -410, 8470, 0, 0, 255, 0
L -440, 8440, 0, -410, 8440, 0, 0, 255, 0
L -440, 8500, 0, -440, 8440, 0, 0, 255, 0
L -390, 8470, 0, -360, 8470, 0, 0, 255, 0
L -390, 8500, 0, -360, 8500, 0, 0, 255, 0
L -390, 8440, 0, -390, 8500, 0, 0, 255, 0
L -360, 8440, 0, -390, 8440, 0, 0, 255, 0
L -310, 8500, 0, -340, 8500, 0, 0, 255, 0
L -340, 8440, 0, -310, 8440, 0, 0, 255, 0
L -340, 8500, 0, -340, 8440, 0, 0, 255, 0
L -290, 8440, 0, -290, 8500, 0, 0, 255, 0
L -260, 8470, 0, -240, 8470, 0, 0, 255, 0
L -250, 8440, 0, -230, 8500, 0, 0, 255, 0
L -270, 8500, 0, -250, 8440, 0, 0, 255, 0
L -210, 8440, 0, -210, 8500, 0, 0, 255, 0
L -170, 8500, 0, -210, 8500, 0, 0, 255, 0
L -60, 8500, 0, -90, 8500, 0, 0, 255, 0
L -90, 8440, 0, -60, 8440, 0, 0, 255, 0
L -90, 8500, 0, -90, 8440, 0, 0, 255, 0
L 0, 8440, 0, 0, 8500, 0, 0, 255, 0
L -40, 8440, 0, -40, 8500, 0, 0, 255, 0
L -40, 8500, 0, 0, 8500, 0, 0, 255, 0
L 20, 8440, 0, 20, 8470, 0, 0, 255, 0
L 20, 8470, 0, 20, 8500, 0, 0, 255, 0
L 20, 8470, 0, 40, 8470, 0, 0, 255, 0
L 60, 8470, 0, 60, 8440, 0, 0, 255, 0
L 20, 8440, 0, 60, 8440, 0, 0, 255, 0
L 40, 8470, 0, 60, 8470, 0, 0, 255, 0
L 60, 8500, 0, 40, 8470, 0, 0, 255, 0
L 80, 8440, 0, 80, 8470, 0, 0, 255, 0
L 80, 8470, 0, 80, 8500, 0, 0, 255, 0
L 80, 8470, 0, 100, 8470, 0, 0, 255, 0
L 120, 8470, 0, 120, 8440, 0, 0, 255, 0
L 80, 8440, 0, 120, 8440, 0, 0, 255, 0
L 100, 8470, 0, 120, 8470, 0, 0, 255, 0
L 120, 8500, 0, 100, 8470, 0, 0, 255, 0
L 140, 8470, 0, 170, 8470, 0, 0, 255, 0
L 140, 8500, 0, 170, 8500, 0, 0, 255, 0
L 140, 8440, 0, 140, 8500, 0, 0, 255, 0
L 170, 8440, 0, 140, 8440, 0, 0, 255, 0
L 220, 8500, 0, 220, 8440, 0, 0, 255, 0
L 190, 8440, 0, 220, 8500, 0, 0, 255, 0
L 190, 8500, 0, 190, 8440, 0, 0, 255, 0
L 270, 8500, 0, 240, 8500, 0, 0, 255, 0
L 240, 8440, 0, 270, 8440, 0, 0, 255, 0
L 240, 8500, 0, 240, 8440, 0, 0, 255, 0
L 310, 8470, 0, 310, 8500, 0, 0, 255, 0
L 310, 8470, 0, 330, 8440, 0, 0, 255, 0
L 290, 8440, 0, 310, 8470, 0, 0, 255, 0
L -500, 8530, 0, -500, 8560, 0, 255, 0, 0
L -500, 8590, 0, -460, 8590, 0, 255, 0, 0
L -460, 8560, 0, -500, 8560, 0, 255, 0, 0
L -500, 8530, 0, -460, 8530, 0, 255, 0, 0
L -460, 8560, 0, -460, 8590, 0, 255, 0, 0
L -400, 8530, 0, -400, 8590, 0, 255, 0, 0
L -440, 8530, 0, -440, 8590, 0, 255, 0, 0
L -440, 8590, 0, -400, 8590, 0, 255, 0, 0
L -350, 8590, 0, -380, 8590, 0, 255, 0, 0
L -380, 8530, 0, -350, 8530, 0, 255, 0, 0
L -380, 8590, 0, -380, 8530, 0, 255, 0, 0
L -300, 8590, 0, -330, 8590, 0, 255, 0, 0
L -330, 8530, 0, -300, 8530, 0, 255, 0, 0
L -330, 8590, 0, -330, 8530, 0, 255, 0, 0
L -280, 8530, 0, -250, 8530, 0, 255, 0, 0
L -280, 8590, 0, -250, 8590, 0, 255, 0, 0
L -280, 8530, 0, -280, 8590, 0, 255, 0, 0
L -250, 8530, 0, -250, 8590, 0, 255, 0, 0
L -230, 8530, 0, -230, 8560, 0, 255, 0, 0
L -230, 8560, 0, -230, 8590, 0, 255, 0, 0
L -230, 8560, 0, -210, 8560, 0, 255, 0, 0
L -190, 8560, 0, -190, 8530, 0, 255, 0, 0
L -230, 8530, 0, -190, 8530, 0, 255, 0, 0
L -210, 8560, 0, -190, 8560, 0, 255, 0, 0
L -190, 8590, 0, -210, 8560, 0, 255, 0, 0
L -480, 8620, 0, -480, 8680, 0, 255, 255, 0
L -500, 8620, 0, -460, 8620, 0, 255, 255, 0
L -440, 8650, 0, -410, 8650, 0, 255, 255, 0
L -440, 8680, 0, -410, 8680, 0, 255, 255, 0
L -440, 8620, 0, -440, 8680, 0, 255, 255, 0
L -410, 8620, 0, -440, 8620, 0, 255, 255, 0
L -390, 8620, 0, -390, 8680, 0, 255, 255, 0
L -350, 8680, 0, -390, 8680, 0, 255, 255, 0
L -330, 8650, 0, -300, 8650, 0, 255, 255, 0
L -330, 8680, 0, -300, 8680, 0, 255, 255, 0
L -330, 8620, 0, -330, 8680, 0, 255, 255, 0
L -300, 8620, 0, -330, 8620, 0, 255, 255, 0
L -250, 8650, 0, -280, 8650, 0, 255, 255, 0
L -250, 8620, 0, -250, 8650, 0, 255, 255, 0
L -280, 8620, 0, -250, 8620, 0, 255, 255, 0
L -280, 8680, 0, -280, 8620, 0, 255, 255, 0
L -230, 8620, 0, -200, 8620, 0, 255, 255, 0
L -230, 8680, 0, -200, 8680, 0, 255, 255, 0
L -230, 8620, 0, -230, 8680, 0, 255, 255, 0
L -200, 8620, 0, -200, 8680, 0, 255, 255, 0
L -180, 8620, 0, -180, 8650, 0, 255, 255, 0
L -180, 8650, 0, -180, 8680, 0, 255, 255, 0
L -180, 8650, 0, -160, 8650, 0, 255, 255, 0
L -140, 8650, 0, -140, 8620, 0, 255, 255, 0
L -180, 8620, 0, -140, 8620, 0, 255, 255, 0
L -160, 8650, 0, -140, 8650, 0, 255, 255, 0
L -140, 8680, 0, -160, 8650, 0, 255, 255, 0
L -100, 8620, 0, -100, 8680, 0, 255, 255, 0
L -120, 8620, 0, -80, 8620, 0, 255, 255, 0
L -480, 8710, 0, -480, 8770, 0, 128, 0, 128
L -500, 8710, 0, -460, 8710, 0, 128, 0, 128
L -440, 8710, 0, -440, 8740, 0, 128, 0, 128
L -440, 8740, 0, -440, 8770, 0, 128, 0, 128
L -440, 8740, 0, -420, 8740, 0, 128, 0, 128
L -400, 8740, 0, -400, 8710, 0, 128, 0, 128
L -440, 8710, 0, -400, 8710, 0, 128, 0, 128
L -420, 8740, 0, -400, 8740, 0, 128, 0, 128
L -400, 8770, 0, -420, 8740, 0, 128, 0, 128
L -370, 8740, 0, -350, 8740, 0, 128, 0, 128
L -360, 8710, 0, -340, 8770, 0, 128, 0, 128
L -380, 8770, 0, -360, 8710, 0, 128, 0, 128
L -310, 8770, 0, -310, 8710, 0, 128, 0, 128
L -300, 8770, 0, -320, 8770, 0, 128, 0, 128
L -290, 8740, 0, -300, 8770, 0, 128, 0, 128
L -300, 8710, 0, -290, 8740, 0, 128, 0, 128
L -320, 8710, 0, -300, 8710, 0, 128, 0, 128
L -270, 8740, 0, -240, 8740, 0, 128, 0, 128
L -270, 8770, 0, -240, 8770, 0, 128, 0, 128
L -270, 8710, 0, -270, 8770, 0, 128, 0, 128
L -240, 8710, 0, -270, 8710, 0, 128, 0, 128
L -220, 8710, 0, -220, 8740, 0, 128, 0, 128
L -220, 8770, 0, -180, 8770, 0, 128, 0, 128
L -180, 8740, 0, -220, 8740, 0, 128, 0, 128
L -220, 8710, 0, -180, 8710, 0, 128, 0, 128
L -180, 8740, 0, -180, 8770, 0, 128, 0, 128
L -160, 8710, 0, -160, 8740, 0, 128, 0, 128
L -160, 8740, 0, -160, 8770, 0, 128, 0, 128
L -160, 8740, 0, -120, 8770, 0, 128, 0, 128
L -160, 8740, 0, -120, 8710, 0, 128, 0, 128
L -100, 8710, 0, -100, 8770, 0, 128, 0, 128
L -80, 8710, 0, -80, 8770, 0, 128, 0, 128
L -40, 8770, 0, -80, 8770, 0, 128, 0, 128
L -20, 8710, 0, -20, 8770, 0, 128, 0, 128
L 20, 8770, 0, -20, 8770, 0, 128, 0, 128
L 130, 8770, 0, 100, 8770, 0, 128, 0, 128
L 100, 8710, 0, 130, 8710, 0, 128, 0, 128
L 100, 8770, 0, 100, 8710, 0, 128, 0, 128
L 150, 8710, 0, 180, 8710, 0, 128, 0, 128
L 150, 8770, 0, 180, 8770, 0, 128, 0, 128
L 150, 8710, 0, 150, 8770, 0, 128, 0, 128
L 180, 8710, 0, 180, 8770, 0, 128, 0, 128
L 230, 8770, 0, 230, 8710, 0, 128, 0, 128
L 200, 8710, 0, 230, 8770, 0, 128, 0, 128
L 200, 8770, 0, 200, 8710, 0, 128, 0, 128
L 270, 8710, 0, 270, 8770, 0, 128, 0, 128
L 250, 8710, 0, 290, 8710, 0, 128, 0, 128
L 320, 8740, 0, 340, 8740, 0, 128, 0, 128
L 330, 8710, 0, 350, 8770, 0, 128, 0, 128
L 310, 8770, 0, 330, 8710, 0, 128, 0, 128
L 370, 8710, 0, 370, 8770, 0, 128, 0, 128
L 420, 8770, 0, 420, 8710, 0, 128, 0, 128
L 390, 8710, 0, 420, 8770, 0, 128, 0, 128
L 390, 8770, 0, 390, 8710, 0, 128, 0, 128
L 440, 8740, 0, 470, 8740, 0, 128, 0, 128
L 440, 8770, 0, 470, 8770, 0, 128, 0, 128
L 440, 8710, 0, 440, 8770, 0, 128, 0, 128
L 470, 8710, 0, 440, 8710, 0, 128, 0, 128
L 490, 8710, 0, 490, 8740, 0, 128, 0, 128
L 490, 8740, 0, 490, 8770, 0, 128, 0, 128
L 490, 8740, 0, 510, 8740, 0, 128, 0, 128
L 530, 8740, 0, 530, 8710, 0, 128, 0, 128
L 490, 8710, 0, 530, 8710, 0, 128, 0, 128
L 510, 8740, 0, 530, 8740, 0, 128, 0, 128
L 530, 8770, 0, 510, 8740, 0, 128, 0, 128
L -480, 8800, 0, -480, 8860, 0, 255, 255, 0
L -500, 8800, 0, -460, 8800, 0, 255, 255, 0
L -440, 8800, 0, -440, 8830, 0, 255, 255, 0
L -440, 8830, 0, -440, 8860, 0, 255, 255, 0
L -440, 8830, 0, -420, 8830, 0, 255, 255, 0
L -400, 8830, 0, -400, 8800, 0, 255, 255, 0
L -440, 8800, 0, -400, 8800, 0, 255, 255, 0
L -420, 8830, 0, -400, 8830, 0, 255, 255, 0
L -400, 8860, 0, -420, 8830, 0, 255, 255, 0
L -370, 8830, 0, -350, 8830, 0, 255, 255, 0
L -360, 8800, 0, -340, 8860, 0, 255, 255, 0
L -380, 8860, 0, -360, 8800, 0, 255, 255, 0
L -290, 8830, 0, -320, 8830, 0, 255, 255, 0
L -290, 8800, 0, -290, 8830, 0, 255, 255, 0
L -320, 8800, 0, -290, 8800, 0, 255, 255, 0
L -320, 8860, 0, -320, 8800, 0, 255, 255, 0
L -470, 8890, 0, -500, 8890, 0, 255, 0, 0
L -500, 8950, 0, -470, 8890, 0, 255, 0, 0
L -500, 8950, 0, -470, 8950, 0, 255, 0, 0
L -450, 8890, 0, -420, 8890, 0, 255, 0, 0
L -450, 8950, 0, -420, 8950, 0, 255, 0, 0
L -450, 8890, 0, -450, 8950, 0, 255, 0, 0
L -420, 8890, 0, -420, 8950, 0, 255, 0, 0
L -370, 8950, 0, -370, 8890, 0, 255, 0, 0
L -400, 8890, 0, -370, 8950, 0, 255, 0, 0
L -400, 8950, 0, -400, 8890, 0, 255, 0, 0
L -350, 8920, 0, -320, 8920, 0, 255, 0, 0
L -350, 8950, 0, -320, 8950, 0, 255, 0, 0
L -350, 8890, 0, -350, 8950, 0, 255, 0, 0
L -320, 8890, 0, -350, 8890, 0, 255, 0, 0
P -1500, 7200, 0, 0, 0, 0, 2, Original_Map:_Zigie_of_Povar
P -1500, 7400, 0, 0, 0, 0, 2, Revised_Map:_Brewall_Rainsinger_(Cazic-Thule)
P -1500, 7600, 0, 0, 0, 0, 2, http://www.eqmaps.info
P -1500, 7800, 0, 0, 0, 0, 2, Return_of_the_Exiled_(www.roteguild.org)
P -1500, 8000, 0, 127, 64, 0, 2, A_Twisted_Strangler_PH=an_okiina_vinethrasher
P -1500, 8200, 0, 127, 64, 0, 2, An_Ancient_Selyrah_PH=a_braxi_fungus_seeker
P -1500, 8400, 0, 127, 64, 0, 2, Blightwing_PH=a_ravenous_wyvern
P -1500, 8600, 0, 127, 64, 0, 2, Bonecraker_PH=a_goral_leafstalker
P -1500, 8800, 0, 127, 64, 0, 2, Bonecruncher_PH=a_grendlaen_pouncer
P -1500, 9000, 0, 127, 64, 0, 2, Bopo_PH=a_loathsome_ape
P -1500, 9200, 0, 127, 64, 0, 2, Deathglider_PH=a_monstrous_wyvern
P -1500, 9400, 0, 127, 64, 0, 2, Deathleaper_PH=a_rampaging_wyvern
P -1500, 9600, 0, 127, 64, 0, 2, Deathsquirm_PH=a_fierce_wyvern
P -1500, 9800, 0, 127, 64, 0, 2, Elder_Gotikan_PH=a_domain_hunter
P -1500, 10000, 0, 127, 64, 0, 2, Jorth_Hunter_of_Beasts_PH=a_domain_hunter
P -1500, 10200, 0, 127, 64, 0, 2, Karn_the_Hunter_PH=an_alaran_wilder
P -1500, 10400, 0, 127, 64, 0, 2, King_Rex_PH=a_giant_binaesa
P -1500, 10600, 0, 127, 64, 0, 2, Maw_Lurker_PH=a_lashtail_crocodile
P -1500, 10800, 0, 127, 64, 0, 2, Nighthowl_PH=a_naeya_scavenger
P -1500, 11000, 0, 127, 64, 0, 2, Nightleaper_PH=a_goral_hunter
P -1500, 11200, 0, 127, 64, 0, 2, Ribcrusher_PH=a_stealthy_grendlaen
P -1500, 11400, 0, 127, 64, 0, 2, Slaughter_PH=an_izon
P -1500, 11600, 0, 127, 64, 0, 2, Stonebark_PH=a_braxi_swiftrunner
P -1500, 11800, 0, 127, 64, 0, 2, Stranglefang_PH=a_terrible_raptor
P -1500, 12000, 0, 127, 64, 0, 2, Swiftwind_PH=a_bloodthirsty_wyvern
P -1500, 12200, 0, 127, 64, 0, 2, Tangledeath_PH=an_okiina_vinethrasher
P -1500, 12400, 0, 127, 64, 0, 2, Thundercut_PH=a_braxi
P -1500, 12600, 0, 127, 64, 0, 2, Thunderpunch_PH=a_tainted_ape
P -1500, 12800, 0, 127, 64, 0, 2, Willowcrush_PH=an_izon_rootgrabber
