L 1000.0, 0.0, 0.0, 1000.0, -50.0, 0.0, 255, 0, 0
L -20.0, 50.0, 0.0, -50.0, 20.0, 0.0, 255, 0, 0
L 50.0, 20.0, 0.0, 20.0, 50.0, 0.0, 255, 0, 0
L 20.0, -50.0, 0.0, 50.0, -20.0, 0.0, 255, 0, 0
L -50.0, -20.0, 0.0, -20.0, -50.0, 0.0, 255, 0, 0
L -50.0, 20.0, 0.0, -50.0, -20.0, 0.0, 255, 0, 0
L 20.0, 50.0, 0.0, -20.0, 50.0, 0.0, 255, 0, 0
L 50.0, -20.0, 0.0, 50.0, 20.0, 0.0, 255, 0, 0
L -20.0, -50.0, 0.0, 20.0, -50.0, 0.0, 255, 0, 0
L 580.0, -20.0, 0.0, 540.0, -20.0, 0.0, 255, 0, 0
L 580.0, -90.0, 0.0, 580.0, -20.0, 0.0, 255, 0, 0
L 540.0, -90.0, 0.0, 580.0, -90.0, 0.0, 255, 0, 0
L 540.0, -20.0, 0.0, 540.0, -90.0, 0.0, 255, 0, 0
L 520.0, -20.0, 0.0, 480.0, -20.0, 0.0, 255, 0, 0
L 520.0, -90.0, 0.0, 520.0, -20.0, 0.0, 255, 0, 0
L 480.0, -90.0, 0.0, 520.0, -90.0, 0.0, 255, 0, 0
L 480.0, -20.0, 0.0, 480.0, -90.0, 0.0, 255, 0, 0
L 460.0, -90.0, 0.0, 450.0, -80.0, 0.0, 255, 0, 0
L 460.0, -20.0, 0.0, 460.0, -90.0, 0.0, 255, 0, 0
L 0.0, -250.0, 0.0, 0.0, 250.0, 0.0, 255, 0, 0
L -250.0, 0.0, 0.0, 1000.0, 0.0, 0.0, 255, 0, 0
L -120.0, -80.0, 0.0, -120.0, -60.0, 0.0, 255, 0, 0
L -120.0, -60.0, 0.0, -120.0, -40.0, 0.0, 255, 0, 0
L -100.0, -60.0, 0.0, -120.0, -60.0, 0.0, 255, 0, 0
L -120.0, -60.0, 0.0, -140.0, -60.0, 0.0, 255, 0, 0
L -90.0, -50.0, 0.0, -100.0, -30.0, 0.0, 255, 0, 0
L -60.0, -80.0, 0.0, -60.0, -60.0, 0.0, 255, 0, 0
L -60.0, -60.0, 0.0, -60.0, -40.0, 0.0, 255, 0, 0
L -40.0, -60.0, 0.0, -60.0, -60.0, 0.0, 255, 0, 0
L -60.0, -60.0, 0.0, -80.0, -60.0, 0.0, 255, 0, 0
L 100.0, 60.0, 0.0, 120.0, 60.0, 0.0, 255, 0, 0
L 120.0, 60.0, 0.0, 140.0, 60.0, 0.0, 255, 0, 0
L 90.0, 70.0, 0.0, 80.0, 90.0, 0.0, 255, 0, 0
L 40.0, 60.0, 0.0, 60.0, 60.0, 0.0, 255, 0, 0
L 60.0, 60.0, 0.0, 80.0, 60.0, 0.0, 255, 0, 0
L -100.0, 60.0, 0.0, -120.0, 60.0, 0.0, 255, 0, 0
L -120.0, 60.0, 0.0, -140.0, 60.0, 0.0, 255, 0, 0
L -90.0, 70.0, 0.0, -100.0, 90.0, 0.0, 255, 0, 0
L -60.0, 80.0, 0.0, -60.0, 60.0, 0.0, 255, 0, 0
L -60.0, 60.0, 0.0, -60.0, 40.0, 0.0, 255, 0, 0
L -40.0, 60.0, 0.0, -60.0, 60.0, 0.0, 255, 0, 0
L -60.0, 60.0, 0.0, -80.0, 60.0, 0.0, 255, 0, 0
L 100.0, -60.0, 0.0, 120.0, -60.0, 0.0, 255, 0, 0
L 120.0, -60.0, 0.0, 140.0, -60.0, 0.0, 255, 0, 0
L 90.0, -50.0, 0.0, 80.0, -30.0, 0.0, 255, 0, 0
L 60.0, -80.0, 0.0, 60.0, -60.0, 0.0, 255, 0, 0
L 60.0, -60.0, 0.0, 60.0, -40.0, 0.0, 255, 0, 0
L 40.0, -60.0, 0.0, 60.0, -60.0, 0.0, 255, 0, 0
L 60.0, -60.0, 0.0, 80.0, -60.0, 0.0, 255, 0, 0
L 599.0, -90.0, 0.0, 637.3, -90.0, 0.0, 255, 0, 0
L 599.0, -20.0, 0.0, 637.3, -20.0, 0.0, 255, 0, 0
L 599.0, -90.0, 0.0, 599.0, -20.0, 0.0, 255, 0, 0
L 637.3, -90.0, 0.0, 637.3, -20.0, 0.0, 255, 0, 0
L 1100, 1300, 0, 1100, 1360, 0, 0, 0, 0
L 1140, 1360, 0, 1100, 1360, 0, 0, 0, 0
L 1160, 1330, 0, 1190, 1330, 0, 0, 0, 0
L 1160, 1360, 0, 1190, 1360, 0, 0, 0, 0
L 1160, 1300, 0, 1160, 1360, 0, 0, 0, 0
L 1190, 1300, 0, 1160, 1300, 0, 0, 0, 0
L 1240, 1360, 0, 1210, 1360, 0, 0, 0, 0
L 1210, 1300, 0, 1240, 1300, 0, 0, 0, 0
L 1210, 1360, 0, 1210, 1300, 0, 0, 0, 0
L 1240, 1360, 0, 1240, 1330, 0, 0, 0, 0
L 1240, 1330, 0, 1220, 1330, 0, 0, 0, 0
L 1260, 1330, 0, 1290, 1330, 0, 0, 0, 0
L 1260, 1360, 0, 1290, 1360, 0, 0, 0, 0
L 1260, 1300, 0, 1260, 1360, 0, 0, 0, 0
L 1290, 1300, 0, 1260, 1300, 0, 0, 0, 0
L 1340, 1360, 0, 1340, 1300, 0, 0, 0, 0
L 1310, 1300, 0, 1340, 1360, 0, 0, 0, 0
L 1310, 1360, 0, 1310, 1300, 0, 0, 0, 0
L 1370, 1360, 0, 1370, 1300, 0, 0, 0, 0
L 1380, 1360, 0, 1360, 1360, 0, 0, 0, 0
L 1390, 1330, 0, 1380, 1360, 0, 0, 0, 0
L 1380, 1300, 0, 1390, 1330, 0, 0, 0, 0
L 1360, 1300, 0, 1380, 1300, 0, 0, 0, 0
L 1180, 1470, 0, 1220, 1430, 0, 255, 255, 0
L 1100, 1430, 0, 1140, 1390, 0, 255, 255, 0
L 1100, 1470, 0, 1180, 1390, 0, 255, 255, 0
L 1140, 1470, 0, 1220, 1390, 0, 255, 255, 0
L 1100, 1470, 0, 1100, 1390, 0, 0, 0, 0
L 1220, 1470, 0, 1100, 1470, 0, 0, 0, 0
L 1220, 1390, 0, 1220, 1470, 0, 0, 0, 0
L 1100, 1390, 0, 1220, 1390, 0, 0, 0, 0
L 1260, 1430, 0, 1290, 1430, 0, 0, 0, 0
L 1260, 1400, 0, 1260, 1460, 0, 0, 0, 0
L 1290, 1400, 0, 1260, 1400, 0, 0, 0, 0
L 1320, 1430, 0, 1340, 1430, 0, 0, 0, 0
L 1330, 1400, 0, 1350, 1460, 0, 0, 0, 0
L 1310, 1460, 0, 1330, 1400, 0, 0, 0, 0
L 1370, 1400, 0, 1370, 1430, 0, 0, 0, 0
L 1370, 1430, 0, 1370, 1460, 0, 0, 0, 0
L 1370, 1430, 0, 1410, 1460, 0, 0, 0, 0
L 1370, 1430, 0, 1410, 1400, 0, 0, 0, 0
L 1430, 1430, 0, 1460, 1430, 0, 0, 0, 0
L 1430, 1460, 0, 1460, 1460, 0, 0, 0, 0
L 1430, 1400, 0, 1430, 1460, 0, 0, 0, 0
L 1460, 1400, 0, 1430, 1400, 0, 0, 0, 0
L 1540, 1430, 0, 1570, 1430, 0, 0, 0, 0
L 1540, 1400, 0, 1540, 1460, 0, 0, 0, 0
L 1570, 1400, 0, 1540, 1400, 0, 0, 0, 0
L 1590, 1400, 0, 1590, 1460, 0, 0, 0, 0
L 1630, 1460, 0, 1590, 1460, 0, 0, 0, 0
L 1650, 1400, 0, 1680, 1400, 0, 0, 0, 0
L 1650, 1460, 0, 1680, 1460, 0, 0, 0, 0
L 1650, 1400, 0, 1650, 1460, 0, 0, 0, 0
L 1680, 1400, 0, 1680, 1460, 0, 0, 0, 0
L 1700, 1400, 0, 1730, 1400, 0, 0, 0, 0
L 1700, 1460, 0, 1730, 1460, 0, 0, 0, 0
L 1700, 1400, 0, 1700, 1460, 0, 0, 0, 0
L 1730, 1400, 0, 1730, 1460, 0, 0, 0, 0
L 1750, 1400, 0, 1750, 1430, 0, 0, 0, 0
L 1750, 1430, 0, 1750, 1460, 0, 0, 0, 0
L 1750, 1430, 0, 1770, 1430, 0, 0, 0, 0
L 1790, 1430, 0, 1790, 1400, 0, 0, 0, 0
L 1750, 1400, 0, 1790, 1400, 0, 0, 0, 0
L 1770, 1430, 0, 1790, 1430, 0, 0, 0, 0
L 1790, 1460, 0, 1770, 1430, 0, 0, 0, 0
L 1100, 1510, 0, 1160, 1510, 0, 0, 0, 0
L 1100, 1590, 0, 1160, 1590, 0, 0, 0, 0
L 1160, 1510, 0, 1190, 1510, 0, 0, 0, 0
L 1160, 1590, 0, 1190, 1590, 0, 0, 0, 0
L 1160, 1510, 0, 1160, 1590, 0, 255, 255, 0
L 1190, 1510, 0, 1220, 1510, 0, 0, 0, 0
L 1190, 1590, 0, 1220, 1590, 0, 0, 0, 0
L 1190, 1510, 0, 1190, 1590, 0, 255, 255, 0
L 1260, 1550, 0, 1290, 1550, 0, 0, 0, 0
L 1260, 1520, 0, 1260, 1580, 0, 0, 0, 0
L 1290, 1520, 0, 1260, 1520, 0, 0, 0, 0
L 1320, 1550, 0, 1340, 1550, 0, 0, 0, 0
L 1330, 1520, 0, 1350, 1580, 0, 0, 0, 0
L 1310, 1580, 0, 1330, 1520, 0, 0, 0, 0
L 1370, 1520, 0, 1370, 1550, 0, 0, 0, 0
L 1370, 1550, 0, 1370, 1580, 0, 0, 0, 0
L 1370, 1550, 0, 1410, 1580, 0, 0, 0, 0
L 1370, 1550, 0, 1410, 1520, 0, 0, 0, 0
L 1430, 1550, 0, 1460, 1550, 0, 0, 0, 0
L 1430, 1580, 0, 1460, 1580, 0, 0, 0, 0
L 1430, 1520, 0, 1430, 1580, 0, 0, 0, 0
L 1460, 1520, 0, 1430, 1520, 0, 0, 0, 0
L 1570, 1580, 0, 1580, 1520, 0, 0, 0, 0
L 1560, 1550, 0, 1570, 1580, 0, 0, 0, 0
L 1550, 1580, 0, 1560, 1550, 0, 0, 0, 0
L 1540, 1520, 0, 1550, 1580, 0, 0, 0, 0
L 1610, 1550, 0, 1630, 1550, 0, 0, 0, 0
L 1620, 1520, 0, 1640, 1580, 0, 0, 0, 0
L 1600, 1580, 0, 1620, 1520, 0, 0, 0, 0
L 1660, 1520, 0, 1660, 1580, 0, 0, 0, 0
L 1700, 1580, 0, 1660, 1580, 0, 0, 0, 0
L 1720, 1520, 0, 1720, 1580, 0, 0, 0, 0
L 1760, 1580, 0, 1720, 1580, 0, 0, 0, 0
L 1100, 1710, 0, 1160, 1710, 0, 0, 0, 0
L 1100, 1630, 0, 1160, 1630, 0, 0, 0, 0
L 1130, 1683, 0, 1130, 1657, 0, 205, 133, 63
L 1160, 1710, 0, 1220, 1710, 0, 0, 0, 0
L 1160, 1710, 0, 1160, 1683, 0, 205, 133, 63
L 1130, 1683, 0, 1190, 1683, 0, 205, 133, 63
L 1130, 1657, 0, 1160, 1657, 0, 205, 133, 63
L 1160, 1657, 0, 1190, 1657, 0, 205, 133, 63
L 1160, 1630, 0, 1220, 1630, 0, 0, 0, 0
L 1160, 1657, 0, 1160, 1630, 0, 205, 133, 63
L 1190, 1683, 0, 1190, 1657, 0, 205, 133, 63
L 1270, 1700, 0, 1270, 1640, 0, 0, 0, 0
L 1280, 1700, 0, 1260, 1700, 0, 0, 0, 0
L 1290, 1670, 0, 1280, 1700, 0, 0, 0, 0
L 1280, 1640, 0, 1290, 1670, 0, 0, 0, 0
L 1260, 1640, 0, 1280, 1640, 0, 0, 0, 0
L 1310, 1640, 0, 1340, 1640, 0, 0, 0, 0
L 1310, 1700, 0, 1340, 1700, 0, 0, 0, 0
L 1310, 1640, 0, 1310, 1700, 0, 0, 0, 0
L 1340, 1640, 0, 1340, 1700, 0, 0, 0, 0
L 1360, 1640, 0, 1390, 1640, 0, 0, 0, 0
L 1360, 1700, 0, 1390, 1700, 0, 0, 0, 0
L 1360, 1640, 0, 1360, 1700, 0, 0, 0, 0
L 1390, 1640, 0, 1390, 1700, 0, 0, 0, 0
L 1410, 1640, 0, 1410, 1670, 0, 0, 0, 0
L 1410, 1670, 0, 1410, 1700, 0, 0, 0, 0
L 1410, 1670, 0, 1430, 1670, 0, 0, 0, 0
L 1450, 1670, 0, 1450, 1640, 0, 0, 0, 0
L 1410, 1640, 0, 1450, 1640, 0, 0, 0, 0
L 1430, 1670, 0, 1450, 1670, 0, 0, 0, 0
L 1450, 1700, 0, 1430, 1670, 0, 0, 0, 0
L 1100, 1830, 0, 1160, 1830, 0, 0, 0, 0
L 1100, 1750, 0, 1160, 1750, 0, 0, 0, 0
L 1130, 1803, 0, 1130, 1777, 0, 255, 255, 0
L 1160, 1830, 0, 1220, 1830, 0, 0, 0, 0
L 1160, 1830, 0, 1160, 1803, 0, 255, 255, 0
L 1130, 1803, 0, 1190, 1803, 0, 255, 255, 0
L 1130, 1777, 0, 1160, 1777, 0, 255, 255, 0
L 1160, 1777, 0, 1190, 1777, 0, 255, 255, 0
L 1160, 1750, 0, 1220, 1750, 0, 0, 0, 0
L 1160, 1777, 0, 1160, 1750, 0, 255, 255, 0
L 1190, 1803, 0, 1190, 1777, 0, 255, 255, 0
L 1260, 1760, 0, 1260, 1820, 0, 0, 0, 0
L 1300, 1820, 0, 1260, 1820, 0, 0, 0, 0
L 1320, 1760, 0, 1350, 1760, 0, 0, 0, 0
L 1320, 1820, 0, 1350, 1820, 0, 0, 0, 0
L 1320, 1760, 0, 1320, 1820, 0, 0, 0, 0
L 1350, 1760, 0, 1350, 1820, 0, 0, 0, 0
L 1400, 1820, 0, 1370, 1820, 0, 0, 0, 0
L 1370, 1760, 0, 1400, 1760, 0, 0, 0, 0
L 1370, 1820, 0, 1370, 1760, 0, 0, 0, 0
L 1420, 1760, 0, 1420, 1790, 0, 0, 0, 0
L 1420, 1790, 0, 1420, 1820, 0, 0, 0, 0
L 1420, 1790, 0, 1460, 1820, 0, 0, 0, 0
L 1420, 1790, 0, 1460, 1760, 0, 0, 0, 0
L 1480, 1790, 0, 1510, 1790, 0, 0, 0, 0
L 1480, 1820, 0, 1510, 1820, 0, 0, 0, 0
L 1480, 1760, 0, 1480, 1820, 0, 0, 0, 0
L 1510, 1760, 0, 1480, 1760, 0, 0, 0, 0
L 1540, 1820, 0, 1540, 1760, 0, 0, 0, 0
L 1550, 1820, 0, 1530, 1820, 0, 0, 0, 0
L 1560, 1790, 0, 1550, 1820, 0, 0, 0, 0
L 1550, 1760, 0, 1560, 1790, 0, 0, 0, 0
L 1530, 1760, 0, 1550, 1760, 0, 0, 0, 0
L 1650, 1820, 0, 1650, 1760, 0, 0, 0, 0
L 1660, 1820, 0, 1640, 1820, 0, 0, 0, 0
L 1670, 1790, 0, 1660, 1820, 0, 0, 0, 0
L 1660, 1760, 0, 1670, 1790, 0, 0, 0, 0
L 1640, 1760, 0, 1660, 1760, 0, 0, 0, 0
L 1690, 1760, 0, 1720, 1760, 0, 0, 0, 0
L 1690, 1820, 0, 1720, 1820, 0, 0, 0, 0
L 1690, 1760, 0, 1690, 1820, 0, 0, 0, 0
L 1720, 1760, 0, 1720, 1820, 0, 0, 0, 0
L 1740, 1760, 0, 1770, 1760, 0, 0, 0, 0
L 1740, 1820, 0, 1770, 1820, 0, 0, 0, 0
L 1740, 1760, 0, 1740, 1820, 0, 0, 0, 0
L 1770, 1760, 0, 1770, 1820, 0, 0, 0, 0
L 1790, 1760, 0, 1790, 1790, 0, 0, 0, 0
L 1790, 1790, 0, 1790, 1820, 0, 0, 0, 0
L 1790, 1790, 0, 1810, 1790, 0, 0, 0, 0
L 1830, 1790, 0, 1830, 1760, 0, 0, 0, 0
L 1790, 1760, 0, 1830, 1760, 0, 0, 0, 0
L 1810, 1790, 0, 1830, 1790, 0, 0, 0, 0
L 1830, 1820, 0, 1810, 1790, 0, 0, 0, 0
L 1100, 1870, 0, 1100, 1900, 0, 255, 210, 0
L 1100, 1870, 0, 1120, 1870, 0, 255, 210, 0
L 1120, 1930, 0, 1100, 1930, 0, 255, 210, 0
L 1100, 1900, 0, 1100, 1930, 0, 255, 210, 0
L 1120, 1900, 0, 1100, 1900, 0, 255, 210, 0
L 1120, 1900, 0, 1140, 1885, 0, 255, 210, 0
L 1120, 1870, 0, 1140, 1885, 0, 255, 210, 0
L 1120, 1900, 0, 1140, 1915, 0, 255, 210, 0
L 1140, 1915, 0, 1120, 1930, 0, 255, 210, 0
L 1170, 1900, 0, 1190, 1900, 0, 255, 210, 0
L 1180, 1870, 0, 1200, 1930, 0, 255, 210, 0
L 1160, 1930, 0, 1180, 1870, 0, 255, 210, 0
L 1250, 1930, 0, 1250, 1870, 0, 255, 210, 0
L 1220, 1870, 0, 1250, 1930, 0, 255, 210, 0
L 1220, 1930, 0, 1220, 1870, 0, 255, 210, 0
L 1270, 1870, 0, 1270, 1900, 0, 255, 210, 0
L 1270, 1900, 0, 1270, 1930, 0, 255, 210, 0
L 1270, 1900, 0, 1310, 1930, 0, 255, 210, 0
L 1270, 1900, 0, 1310, 1870, 0, 255, 210, 0
L 1330, 1900, 0, 1360, 1900, 0, 255, 210, 0
L 1330, 1930, 0, 1360, 1930, 0, 255, 210, 0
L 1330, 1870, 0, 1330, 1930, 0, 255, 210, 0
L 1360, 1870, 0, 1330, 1870, 0, 255, 210, 0
L 1380, 1870, 0, 1380, 1900, 0, 255, 210, 0
L 1380, 1900, 0, 1380, 1930, 0, 255, 210, 0
L 1380, 1900, 0, 1400, 1900, 0, 255, 210, 0
L 1420, 1900, 0, 1420, 1870, 0, 255, 210, 0
L 1380, 1870, 0, 1420, 1870, 0, 255, 210, 0
L 1400, 1900, 0, 1420, 1900, 0, 255, 210, 0
L 1420, 1930, 0, 1400, 1900, 0, 255, 210, 0
L 1130, 2020, 0, 1100, 2020, 0, 255, 255, 255
L 1100, 1960, 0, 1130, 1960, 0, 255, 255, 255
L 1100, 2020, 0, 1100, 1960, 0, 255, 255, 255
L 1150, 1960, 0, 1180, 1960, 0, 255, 255, 255
L 1150, 2020, 0, 1180, 2020, 0, 255, 255, 255
L 1150, 1960, 0, 1150, 2020, 0, 255, 255, 255
L 1180, 1960, 0, 1180, 2020, 0, 255, 255, 255
L 1240, 1960, 0, 1240, 2020, 0, 255, 255, 255
L 1220, 1990, 0, 1240, 1960, 0, 255, 255, 255
L 1200, 1960, 0, 1220, 1990, 0, 255, 255, 255
L 1200, 2020, 0, 1200, 1960, 0, 255, 255, 255
L 1300, 1960, 0, 1300, 2020, 0, 255, 255, 255
L 1280, 1990, 0, 1300, 1960, 0, 255, 255, 255
L 1260, 1960, 0, 1280, 1990, 0, 255, 255, 255
L 1260, 2020, 0, 1260, 1960, 0, 255, 255, 255
L 1320, 1990, 0, 1350, 1990, 0, 255, 255, 255
L 1320, 2020, 0, 1350, 2020, 0, 255, 255, 255
L 1320, 1960, 0, 1320, 2020, 0, 255, 255, 255
L 1350, 1960, 0, 1320, 1960, 0, 255, 255, 255
L 1400, 2020, 0, 1400, 1960, 0, 255, 255, 255
L 1370, 1960, 0, 1400, 2020, 0, 255, 255, 255
L 1370, 2020, 0, 1370, 1960, 0, 255, 255, 255
L 1440, 1960, 0, 1440, 2020, 0, 255, 255, 255
L 1420, 1960, 0, 1460, 1960, 0, 255, 255, 255
L 1130, 2110, 0, 1100, 2110, 0, 0, 0, 0
L 1100, 2050, 0, 1130, 2050, 0, 0, 0, 0
L 1100, 2110, 0, 1100, 2050, 0, 0, 0, 0
L 1130, 2110, 0, 1130, 2080, 0, 0, 0, 0
L 1130, 2080, 0, 1110, 2080, 0, 0, 0, 0
L 1150, 2080, 0, 1180, 2080, 0, 0, 0, 0
L 1150, 2110, 0, 1180, 2110, 0, 0, 0, 0
L 1150, 2050, 0, 1150, 2110, 0, 0, 0, 0
L 1180, 2050, 0, 1150, 2050, 0, 0, 0, 0
L 1230, 2110, 0, 1230, 2050, 0, 0, 0, 0
L 1200, 2050, 0, 1230, 2110, 0, 0, 0, 0
L 1200, 2110, 0, 1200, 2050, 0, 0, 0, 0
L 1250, 2080, 0, 1280, 2080, 0, 0, 0, 0
L 1250, 2110, 0, 1280, 2110, 0, 0, 0, 0
L 1250, 2050, 0, 1250, 2110, 0, 0, 0, 0
L 1280, 2050, 0, 1250, 2050, 0, 0, 0, 0
L 1300, 2050, 0, 1300, 2080, 0, 0, 0, 0
L 1300, 2080, 0, 1300, 2110, 0, 0, 0, 0
L 1300, 2080, 0, 1320, 2080, 0, 0, 0, 0
L 1340, 2080, 0, 1340, 2050, 0, 0, 0, 0
L 1300, 2050, 0, 1340, 2050, 0, 0, 0, 0
L 1320, 2080, 0, 1340, 2080, 0, 0, 0, 0
L 1340, 2110, 0, 1320, 2080, 0, 0, 0, 0
L 1370, 2080, 0, 1390, 2080, 0, 0, 0, 0
L 1380, 2050, 0, 1400, 2110, 0, 0, 0, 0
L 1360, 2110, 0, 1380, 2050, 0, 0, 0, 0
L 1420, 2050, 0, 1420, 2110, 0, 0, 0, 0
L 1460, 2110, 0, 1420, 2110, 0, 0, 0, 0
L 1130, 2200, 0, 1100, 2200, 0, 0, 0, 255
L 1100, 2140, 0, 1130, 2140, 0, 0, 0, 255
L 1100, 2200, 0, 1100, 2140, 0, 0, 0, 255
L 1130, 2200, 0, 1130, 2170, 0, 0, 0, 255
L 1130, 2170, 0, 1110, 2170, 0, 0, 0, 255
L 1150, 2140, 0, 1150, 2170, 0, 0, 0, 255
L 1150, 2170, 0, 1150, 2200, 0, 0, 0, 255
L 1150, 2170, 0, 1170, 2170, 0, 0, 0, 255
L 1190, 2170, 0, 1190, 2140, 0, 0, 0, 255
L 1150, 2140, 0, 1190, 2140, 0, 0, 0, 255
L 1170, 2170, 0, 1190, 2170, 0, 0, 0, 255
L 1190, 2200, 0, 1170, 2170, 0, 0, 0, 255
L 1210, 2140, 0, 1240, 2140, 0, 0, 0, 255
L 1210, 2200, 0, 1240, 2200, 0, 0, 0, 255
L 1210, 2140, 0, 1210, 2200, 0, 0, 0, 255
L 1240, 2140, 0, 1240, 2200, 0, 0, 0, 255
L 1300, 2140, 0, 1300, 2200, 0, 0, 0, 255
L 1260, 2140, 0, 1260, 2200, 0, 0, 0, 255
L 1260, 2200, 0, 1300, 2200, 0, 0, 0, 255
L 1350, 2200, 0, 1350, 2140, 0, 0, 0, 255
L 1320, 2140, 0, 1350, 2200, 0, 0, 0, 255
L 1320, 2200, 0, 1320, 2140, 0, 0, 0, 255
L 1380, 2200, 0, 1380, 2140, 0, 0, 0, 255
L 1390, 2200, 0, 1370, 2200, 0, 0, 0, 255
L 1400, 2170, 0, 1390, 2200, 0, 0, 0, 255
L 1390, 2140, 0, 1400, 2170, 0, 0, 0, 255
L 1370, 2140, 0, 1390, 2140, 0, 0, 0, 255
L 1480, 2140, 0, 1480, 2170, 0, 0, 0, 255
L 1480, 2200, 0, 1520, 2200, 0, 0, 0, 255
L 1520, 2170, 0, 1480, 2170, 0, 0, 0, 255
L 1480, 2140, 0, 1520, 2140, 0, 0, 0, 255
L 1520, 2170, 0, 1520, 2200, 0, 0, 0, 255
L 1570, 2170, 0, 1540, 2170, 0, 0, 0, 255
L 1570, 2140, 0, 1570, 2170, 0, 0, 0, 255
L 1540, 2140, 0, 1570, 2140, 0, 0, 0, 255
L 1540, 2200, 0, 1540, 2140, 0, 0, 0, 255
L 1600, 2170, 0, 1620, 2170, 0, 0, 0, 255
L 1610, 2140, 0, 1630, 2200, 0, 0, 0, 255
L 1590, 2200, 0, 1610, 2140, 0, 0, 0, 255
L 1680, 2200, 0, 1690, 2140, 0, 0, 0, 255
L 1670, 2170, 0, 1680, 2200, 0, 0, 0, 255
L 1660, 2200, 0, 1670, 2170, 0, 0, 0, 255
L 1650, 2140, 0, 1660, 2200, 0, 0, 0, 255
L 1740, 2200, 0, 1740, 2140, 0, 0, 0, 255
L 1710, 2140, 0, 1740, 2200, 0, 0, 0, 255
L 1710, 2200, 0, 1710, 2140, 0, 0, 0, 255
L 1130, 2290, 0, 1100, 2290, 0, 128, 128, 128
L 1100, 2230, 0, 1130, 2230, 0, 128, 128, 128
L 1100, 2290, 0, 1100, 2230, 0, 128, 128, 128
L 1130, 2290, 0, 1130, 2260, 0, 128, 128, 128
L 1130, 2260, 0, 1110, 2260, 0, 128, 128, 128
L 1190, 2230, 0, 1190, 2290, 0, 128, 128, 128
L 1150, 2230, 0, 1150, 2290, 0, 128, 128, 128
L 1150, 2290, 0, 1190, 2290, 0, 128, 128, 128
L 1210, 2230, 0, 1210, 2290, 0, 128, 128, 128
L 1230, 2230, 0, 1230, 2290, 0, 128, 128, 128
L 1270, 2290, 0, 1230, 2290, 0, 128, 128, 128
L 1300, 2290, 0, 1300, 2230, 0, 128, 128, 128
L 1310, 2290, 0, 1290, 2290, 0, 128, 128, 128
L 1320, 2260, 0, 1310, 2290, 0, 128, 128, 128
L 1310, 2230, 0, 1320, 2260, 0, 128, 128, 128
L 1290, 2230, 0, 1310, 2230, 0, 128, 128, 128
L 1440, 2230, 0, 1440, 2290, 0, 128, 128, 128
L 1420, 2260, 0, 1440, 2230, 0, 128, 128, 128
L 1400, 2230, 0, 1420, 2260, 0, 128, 128, 128
L 1400, 2290, 0, 1400, 2230, 0, 128, 128, 128
L 1470, 2260, 0, 1490, 2260, 0, 128, 128, 128
L 1480, 2230, 0, 1500, 2290, 0, 128, 128, 128
L 1460, 2290, 0, 1480, 2230, 0, 128, 128, 128
L 1520, 2230, 0, 1520, 2260, 0, 128, 128, 128
L 1520, 2290, 0, 1560, 2290, 0, 128, 128, 128
L 1560, 2260, 0, 1520, 2260, 0, 128, 128, 128
L 1520, 2230, 0, 1560, 2230, 0, 128, 128, 128
L 1560, 2260, 0, 1560, 2290, 0, 128, 128, 128
L 1600, 2230, 0, 1600, 2290, 0, 128, 128, 128
L 1580, 2230, 0, 1620, 2230, 0, 128, 128, 128
L 1640, 2260, 0, 1670, 2260, 0, 128, 128, 128
L 1640, 2290, 0, 1670, 2290, 0, 128, 128, 128
L 1640, 2230, 0, 1640, 2290, 0, 128, 128, 128
L 1670, 2230, 0, 1640, 2230, 0, 128, 128, 128
L 1690, 2230, 0, 1690, 2260, 0, 128, 128, 128
L 1690, 2260, 0, 1690, 2290, 0, 128, 128, 128
L 1690, 2260, 0, 1710, 2260, 0, 128, 128, 128
L 1730, 2260, 0, 1730, 2230, 0, 128, 128, 128
L 1690, 2230, 0, 1730, 2230, 0, 128, 128, 128
L 1710, 2260, 0, 1730, 2260, 0, 128, 128, 128
L 1730, 2290, 0, 1710, 2260, 0, 128, 128, 128
L 1100, 2320, 0, 1100, 2350, 0, 127, 64, 0
L 1140, 2380, 0, 1140, 2350, 0, 127, 64, 0
L 1100, 2350, 0, 1100, 2380, 0, 127, 64, 0
L 1140, 2350, 0, 1140, 2320, 0, 127, 64, 0
L 1100, 2350, 0, 1140, 2350, 0, 127, 64, 0
L 1200, 2320, 0, 1200, 2380, 0, 127, 64, 0
L 1160, 2320, 0, 1160, 2380, 0, 127, 64, 0
L 1160, 2380, 0, 1200, 2380, 0, 127, 64, 0
L 1250, 2380, 0, 1250, 2320, 0, 127, 64, 0
L 1220, 2320, 0, 1250, 2380, 0, 127, 64, 0
L 1220, 2380, 0, 1220, 2320, 0, 127, 64, 0
L 1290, 2320, 0, 1290, 2380, 0, 127, 64, 0
L 1270, 2320, 0, 1310, 2320, 0, 127, 64, 0
L 1330, 2350, 0, 1360, 2350, 0, 127, 64, 0
L 1330, 2380, 0, 1360, 2380, 0, 127, 64, 0
L 1330, 2320, 0, 1330, 2380, 0, 127, 64, 0
L 1360, 2320, 0, 1330, 2320, 0, 127, 64, 0
L 1380, 2320, 0, 1380, 2350, 0, 127, 64, 0
L 1380, 2350, 0, 1380, 2380, 0, 127, 64, 0
L 1380, 2350, 0, 1400, 2350, 0, 127, 64, 0
L 1420, 2350, 0, 1420, 2320, 0, 127, 64, 0
L 1380, 2320, 0, 1420, 2320, 0, 127, 64, 0
L 1400, 2350, 0, 1420, 2350, 0, 127, 64, 0
L 1420, 2380, 0, 1400, 2350, 0, 127, 64, 0
L 1140, 2410, 0, 1140, 2470, 0, 0, 127, 0
L 1120, 2440, 0, 1140, 2410, 0, 0, 127, 0
L 1100, 2410, 0, 1120, 2440, 0, 0, 127, 0
L 1100, 2470, 0, 1100, 2410, 0, 0, 127, 0
L 1160, 2440, 0, 1190, 2440, 0, 0, 127, 0
L 1160, 2470, 0, 1190, 2470, 0, 0, 127, 0
L 1160, 2410, 0, 1160, 2470, 0, 0, 127, 0
L 1190, 2410, 0, 1160, 2410, 0, 0, 127, 0
L 1210, 2410, 0, 1210, 2440, 0, 0, 127, 0
L 1210, 2440, 0, 1210, 2470, 0, 0, 127, 0
L 1210, 2440, 0, 1230, 2440, 0, 0, 127, 0
L 1250, 2440, 0, 1250, 2410, 0, 0, 127, 0
L 1210, 2410, 0, 1250, 2410, 0, 0, 127, 0
L 1230, 2440, 0, 1250, 2440, 0, 0, 127, 0
L 1250, 2470, 0, 1230, 2440, 0, 0, 127, 0
L 1300, 2470, 0, 1270, 2470, 0, 0, 127, 0
L 1270, 2410, 0, 1300, 2410, 0, 0, 127, 0
L 1270, 2470, 0, 1270, 2410, 0, 0, 127, 0
L 1320, 2410, 0, 1320, 2440, 0, 0, 127, 0
L 1360, 2470, 0, 1360, 2440, 0, 0, 127, 0
L 1320, 2440, 0, 1320, 2470, 0, 0, 127, 0
L 1360, 2440, 0, 1360, 2410, 0, 0, 127, 0
L 1320, 2440, 0, 1360, 2440, 0, 0, 127, 0
L 1390, 2440, 0, 1410, 2440, 0, 0, 127, 0
L 1400, 2410, 0, 1420, 2470, 0, 0, 127, 0
L 1380, 2470, 0, 1400, 2410, 0, 0, 127, 0
L 1470, 2470, 0, 1470, 2410, 0, 0, 127, 0
L 1440, 2410, 0, 1470, 2470, 0, 0, 127, 0
L 1440, 2470, 0, 1440, 2410, 0, 0, 127, 0
L 1510, 2410, 0, 1510, 2470, 0, 0, 127, 0
L 1490, 2410, 0, 1530, 2410, 0, 0, 127, 0
L 1140, 2500, 0, 1140, 2560, 0, 0, 127, 127
L 1120, 2530, 0, 1140, 2500, 0, 0, 127, 127
L 1100, 2500, 0, 1120, 2530, 0, 0, 127, 127
L 1100, 2560, 0, 1100, 2500, 0, 0, 127, 127
L 1160, 2500, 0, 1160, 2560, 0, 0, 127, 127
L 1180, 2500, 0, 1180, 2530, 0, 0, 127, 127
L 1180, 2560, 0, 1220, 2560, 0, 0, 127, 127
L 1220, 2530, 0, 1180, 2530, 0, 0, 127, 127
L 1180, 2500, 0, 1220, 2500, 0, 0, 127, 127
L 1220, 2530, 0, 1220, 2560, 0, 0, 127, 127
L 1240, 2500, 0, 1240, 2530, 0, 0, 127, 127
L 1240, 2560, 0, 1280, 2560, 0, 0, 127, 127
L 1280, 2530, 0, 1240, 2530, 0, 0, 127, 127
L 1240, 2500, 0, 1280, 2500, 0, 0, 127, 127
L 1280, 2530, 0, 1280, 2560, 0, 0, 127, 127
L 1300, 2500, 0, 1300, 2560, 0, 0, 127, 127
L 1320, 2500, 0, 1350, 2500, 0, 0, 127, 127
L 1320, 2560, 0, 1350, 2560, 0, 0, 127, 127
L 1320, 2500, 0, 1320, 2560, 0, 0, 127, 127
L 1350, 2500, 0, 1350, 2560, 0, 0, 127, 127
L 1400, 2560, 0, 1400, 2500, 0, 0, 127, 127
L 1370, 2500, 0, 1400, 2560, 0, 0, 127, 127
L 1370, 2560, 0, 1370, 2500, 0, 0, 127, 127
L 1130, 2650, 0, 1130, 2590, 0, 127, 64, 0
L 1100, 2590, 0, 1130, 2650, 0, 127, 64, 0
L 1100, 2650, 0, 1100, 2590, 0, 127, 64, 0
L 1160, 2620, 0, 1180, 2620, 0, 127, 64, 0
L 1170, 2590, 0, 1190, 2650, 0, 127, 64, 0
L 1150, 2650, 0, 1170, 2590, 0, 127, 64, 0
L 1250, 2590, 0, 1250, 2650, 0, 127, 64, 0
L 1230, 2620, 0, 1250, 2590, 0, 127, 64, 0
L 1210, 2590, 0, 1230, 2620, 0, 127, 64, 0
L 1210, 2650, 0, 1210, 2590, 0, 127, 64, 0
L 1270, 2620, 0, 1300, 2620, 0, 127, 64, 0
L 1270, 2650, 0, 1300, 2650, 0, 127, 64, 0
L 1270, 2590, 0, 1270, 2650, 0, 127, 64, 0
L 1300, 2590, 0, 1270, 2590, 0, 127, 64, 0
L 1330, 2650, 0, 1330, 2590, 0, 127, 64, 0
L 1340, 2650, 0, 1320, 2650, 0, 127, 64, 0
L 1350, 2620, 0, 1340, 2650, 0, 127, 64, 0
L 1340, 2590, 0, 1350, 2620, 0, 127, 64, 0
L 1320, 2590, 0, 1340, 2590, 0, 127, 64, 0
L 1130, 2710, 0, 1100, 2710, 0, 0, 255, 0
L 1130, 2680, 0, 1130, 2710, 0, 0, 255, 0
L 1100, 2680, 0, 1130, 2680, 0, 0, 255, 0
L 1100, 2740, 0, 1100, 2680, 0, 0, 255, 0
L 1160, 2710, 0, 1180, 2710, 0, 0, 255, 0
L 1170, 2680, 0, 1190, 2740, 0, 0, 255, 0
L 1150, 2740, 0, 1170, 2680, 0, 0, 255, 0
L 1210, 2680, 0, 1210, 2710, 0, 0, 255, 0
L 1210, 2710, 0, 1210, 2740, 0, 0, 255, 0
L 1210, 2710, 0, 1230, 2710, 0, 0, 255, 0
L 1250, 2710, 0, 1250, 2680, 0, 0, 255, 0
L 1210, 2680, 0, 1250, 2680, 0, 0, 255, 0
L 1230, 2710, 0, 1250, 2710, 0, 0, 255, 0
L 1250, 2740, 0, 1230, 2710, 0, 0, 255, 0
L 1300, 2740, 0, 1270, 2740, 0, 0, 255, 0
L 1270, 2680, 0, 1300, 2680, 0, 0, 255, 0
L 1270, 2740, 0, 1270, 2680, 0, 0, 255, 0
L 1320, 2710, 0, 1350, 2710, 0, 0, 255, 0
L 1320, 2740, 0, 1350, 2740, 0, 0, 255, 0
L 1320, 2680, 0, 1320, 2740, 0, 0, 255, 0
L 1350, 2680, 0, 1320, 2680, 0, 0, 255, 0
L 1370, 2680, 0, 1370, 2740, 0, 0, 255, 0
L 1410, 2740, 0, 1370, 2740, 0, 0, 255, 0
L 1430, 2680, 0, 1430, 2710, 0, 0, 255, 0
L 1430, 2740, 0, 1470, 2740, 0, 0, 255, 0
L 1470, 2710, 0, 1430, 2710, 0, 0, 255, 0
L 1430, 2680, 0, 1470, 2680, 0, 0, 255, 0
L 1470, 2710, 0, 1470, 2740, 0, 0, 255, 0
L 1100, 2770, 0, 1100, 2800, 0, 0, 240, 240
L 1100, 2800, 0, 1100, 2830, 0, 0, 240, 240
L 1100, 2800, 0, 1120, 2800, 0, 0, 240, 240
L 1140, 2800, 0, 1140, 2770, 0, 0, 240, 240
L 1100, 2770, 0, 1140, 2770, 0, 0, 240, 240
L 1120, 2800, 0, 1140, 2800, 0, 0, 240, 240
L 1140, 2830, 0, 1120, 2800, 0, 0, 240, 240
L 1170, 2800, 0, 1190, 2800, 0, 0, 240, 240
L 1180, 2770, 0, 1200, 2830, 0, 0, 240, 240
L 1160, 2830, 0, 1180, 2770, 0, 0, 240, 240
L 1220, 2770, 0, 1220, 2830, 0, 0, 240, 240
L 1250, 2830, 0, 1250, 2770, 0, 0, 240, 240
L 1260, 2830, 0, 1240, 2830, 0, 0, 240, 240
L 1270, 2800, 0, 1260, 2830, 0, 0, 240, 240
L 1260, 2770, 0, 1270, 2800, 0, 0, 240, 240
L 1240, 2770, 0, 1260, 2770, 0, 0, 240, 240
L 1100, 2860, 0, 1100, 2890, 0, 0, 255, 0
L 1100, 2920, 0, 1140, 2920, 0, 0, 255, 0
L 1140, 2890, 0, 1100, 2890, 0, 0, 255, 0
L 1100, 2860, 0, 1140, 2860, 0, 0, 255, 0
L 1140, 2890, 0, 1140, 2920, 0, 0, 255, 0
L 1190, 2890, 0, 1160, 2890, 0, 0, 255, 0
L 1190, 2860, 0, 1190, 2890, 0, 0, 255, 0
L 1160, 2860, 0, 1190, 2860, 0, 0, 255, 0
L 1160, 2920, 0, 1160, 2860, 0, 0, 255, 0
L 1210, 2890, 0, 1240, 2890, 0, 0, 255, 0
L 1210, 2920, 0, 1240, 2920, 0, 0, 255, 0
L 1210, 2860, 0, 1210, 2920, 0, 0, 255, 0
L 1240, 2860, 0, 1210, 2860, 0, 0, 255, 0
L 1290, 2920, 0, 1260, 2920, 0, 0, 255, 0
L 1260, 2860, 0, 1290, 2860, 0, 0, 255, 0
L 1260, 2920, 0, 1260, 2860, 0, 0, 255, 0
L 1310, 2860, 0, 1310, 2920, 0, 0, 255, 0
L 1340, 2890, 0, 1360, 2890, 0, 0, 255, 0
L 1350, 2860, 0, 1370, 2920, 0, 0, 255, 0
L 1330, 2920, 0, 1350, 2860, 0, 0, 255, 0
L 1390, 2860, 0, 1390, 2920, 0, 0, 255, 0
L 1430, 2920, 0, 1390, 2920, 0, 0, 255, 0
L 1540, 2920, 0, 1510, 2920, 0, 0, 255, 0
L 1510, 2860, 0, 1540, 2860, 0, 0, 255, 0
L 1510, 2920, 0, 1510, 2860, 0, 0, 255, 0
L 1600, 2860, 0, 1600, 2920, 0, 0, 255, 0
L 1560, 2860, 0, 1560, 2920, 0, 0, 255, 0
L 1560, 2920, 0, 1600, 2920, 0, 0, 255, 0
L 1620, 2860, 0, 1620, 2890, 0, 0, 255, 0
L 1620, 2890, 0, 1620, 2920, 0, 0, 255, 0
L 1620, 2890, 0, 1640, 2890, 0, 0, 255, 0
L 1660, 2890, 0, 1660, 2860, 0, 0, 255, 0
L 1620, 2860, 0, 1660, 2860, 0, 0, 255, 0
L 1640, 2890, 0, 1660, 2890, 0, 0, 255, 0
L 1660, 2920, 0, 1640, 2890, 0, 0, 255, 0
L 1680, 2860, 0, 1680, 2890, 0, 0, 255, 0
L 1680, 2890, 0, 1680, 2920, 0, 0, 255, 0
L 1680, 2890, 0, 1700, 2890, 0, 0, 255, 0
L 1720, 2890, 0, 1720, 2860, 0, 0, 255, 0
L 1680, 2860, 0, 1720, 2860, 0, 0, 255, 0
L 1700, 2890, 0, 1720, 2890, 0, 0, 255, 0
L 1720, 2920, 0, 1700, 2890, 0, 0, 255, 0
L 1740, 2890, 0, 1770, 2890, 0, 0, 255, 0
L 1740, 2920, 0, 1770, 2920, 0, 0, 255, 0
L 1740, 2860, 0, 1740, 2920, 0, 0, 255, 0
L 1770, 2860, 0, 1740, 2860, 0, 0, 255, 0
L 1820, 2920, 0, 1820, 2860, 0, 0, 255, 0
L 1790, 2860, 0, 1820, 2920, 0, 0, 255, 0
L 1790, 2920, 0, 1790, 2860, 0, 0, 255, 0
L 1870, 2920, 0, 1840, 2920, 0, 0, 255, 0
L 1840, 2860, 0, 1870, 2860, 0, 0, 255, 0
L 1840, 2920, 0, 1840, 2860, 0, 0, 255, 0
L 1910, 2890, 0, 1910, 2920, 0, 0, 255, 0
L 1910, 2890, 0, 1930, 2860, 0, 0, 255, 0
L 1890, 2860, 0, 1910, 2890, 0, 0, 255, 0
L 1100, 2950, 0, 1100, 2980, 0, 255, 0, 0
L 1100, 3010, 0, 1140, 3010, 0, 255, 0, 0
L 1140, 2980, 0, 1100, 2980, 0, 255, 0, 0
L 1100, 2950, 0, 1140, 2950, 0, 255, 0, 0
L 1140, 2980, 0, 1140, 3010, 0, 255, 0, 0
L 1200, 2950, 0, 1200, 3010, 0, 255, 0, 0
L 1160, 2950, 0, 1160, 3010, 0, 255, 0, 0
L 1160, 3010, 0, 1200, 3010, 0, 255, 0, 0
L 1250, 3010, 0, 1220, 3010, 0, 255, 0, 0
L 1220, 2950, 0, 1250, 2950, 0, 255, 0, 0
L 1220, 3010, 0, 1220, 2950, 0, 255, 0, 0
L 1300, 3010, 0, 1270, 3010, 0, 255, 0, 0
L 1270, 2950, 0, 1300, 2950, 0, 255, 0, 0
L 1270, 3010, 0, 1270, 2950, 0, 255, 0, 0
L 1320, 2950, 0, 1350, 2950, 0, 255, 0, 0
L 1320, 3010, 0, 1350, 3010, 0, 255, 0, 0
L 1320, 2950, 0, 1320, 3010, 0, 255, 0, 0
L 1350, 2950, 0, 1350, 3010, 0, 255, 0, 0
L 1370, 2950, 0, 1370, 2980, 0, 255, 0, 0
L 1370, 2980, 0, 1370, 3010, 0, 255, 0, 0
L 1370, 2980, 0, 1390, 2980, 0, 255, 0, 0
L 1410, 2980, 0, 1410, 2950, 0, 255, 0, 0
L 1370, 2950, 0, 1410, 2950, 0, 255, 0, 0
L 1390, 2980, 0, 1410, 2980, 0, 255, 0, 0
L 1410, 3010, 0, 1390, 2980, 0, 255, 0, 0
L 1120, 3040, 0, 1120, 3100, 0, 255, 255, 0
L 1100, 3040, 0, 1140, 3040, 0, 255, 255, 0
L 1160, 3070, 0, 1190, 3070, 0, 255, 255, 0
L 1160, 3100, 0, 1190, 3100, 0, 255, 255, 0
L 1160, 3040, 0, 1160, 3100, 0, 255, 255, 0
L 1190, 3040, 0, 1160, 3040, 0, 255, 255, 0
L 1210, 3040, 0, 1210, 3100, 0, 255, 255, 0
L 1250, 3100, 0, 1210, 3100, 0, 255, 255, 0
L 1270, 3070, 0, 1300, 3070, 0, 255, 255, 0
L 1270, 3100, 0, 1300, 3100, 0, 255, 255, 0
L 1270, 3040, 0, 1270, 3100, 0, 255, 255, 0
L 1300, 3040, 0, 1270, 3040, 0, 255, 255, 0
L 1350, 3070, 0, 1320, 3070, 0, 255, 255, 0
L 1350, 3040, 0, 1350, 3070, 0, 255, 255, 0
L 1320, 3040, 0, 1350, 3040, 0, 255, 255, 0
L 1320, 3100, 0, 1320, 3040, 0, 255, 255, 0
L 1370, 3040, 0, 1400, 3040, 0, 255, 255, 0
L 1370, 3100, 0, 1400, 3100, 0, 255, 255, 0
L 1370, 3040, 0, 1370, 3100, 0, 255, 255, 0
L 1400, 3040, 0, 1400, 3100, 0, 255, 255, 0
L 1420, 3040, 0, 1420, 3070, 0, 255, 255, 0
L 1420, 3070, 0, 1420, 3100, 0, 255, 255, 0
L 1420, 3070, 0, 1440, 3070, 0, 255, 255, 0
L 1460, 3070, 0, 1460, 3040, 0, 255, 255, 0
L 1420, 3040, 0, 1460, 3040, 0, 255, 255, 0
L 1440, 3070, 0, 1460, 3070, 0, 255, 255, 0
L 1460, 3100, 0, 1440, 3070, 0, 255, 255, 0
L 1500, 3040, 0, 1500, 3100, 0, 255, 255, 0
L 1480, 3040, 0, 1520, 3040, 0, 255, 255, 0
L 1120, 3130, 0, 1120, 3190, 0, 128, 0, 128
L 1100, 3130, 0, 1140, 3130, 0, 128, 0, 128
L 1160, 3130, 0, 1160, 3160, 0, 128, 0, 128
L 1160, 3160, 0, 1160, 3190, 0, 128, 0, 128
L 1160, 3160, 0, 1180, 3160, 0, 128, 0, 128
L 1200, 3160, 0, 1200, 3130, 0, 128, 0, 128
L 1160, 3130, 0, 1200, 3130, 0, 128, 0, 128
L 1180, 3160, 0, 1200, 3160, 0, 128, 0, 128
L 1200, 3190, 0, 1180, 3160, 0, 128, 0, 128
L 1230, 3160, 0, 1250, 3160, 0, 128, 0, 128
L 1240, 3130, 0, 1260, 3190, 0, 128, 0, 128
L 1220, 3190, 0, 1240, 3130, 0, 128, 0, 128
L 1290, 3190, 0, 1290, 3130, 0, 128, 0, 128
L 1300, 3190, 0, 1280, 3190, 0, 128, 0, 128
L 1310, 3160, 0, 1300, 3190, 0, 128, 0, 128
L 1300, 3130, 0, 1310, 3160, 0, 128, 0, 128
L 1280, 3130, 0, 1300, 3130, 0, 128, 0, 128
L 1330, 3160, 0, 1360, 3160, 0, 128, 0, 128
L 1330, 3190, 0, 1360, 3190, 0, 128, 0, 128
L 1330, 3130, 0, 1330, 3190, 0, 128, 0, 128
L 1360, 3130, 0, 1330, 3130, 0, 128, 0, 128
L 1380, 3130, 0, 1380, 3160, 0, 128, 0, 128
L 1380, 3190, 0, 1420, 3190, 0, 128, 0, 128
L 1420, 3160, 0, 1380, 3160, 0, 128, 0, 128
L 1380, 3130, 0, 1420, 3130, 0, 128, 0, 128
L 1420, 3160, 0, 1420, 3190, 0, 128, 0, 128
L 1440, 3130, 0, 1440, 3160, 0, 128, 0, 128
L 1440, 3160, 0, 1440, 3190, 0, 128, 0, 128
L 1440, 3160, 0, 1480, 3190, 0, 128, 0, 128
L 1440, 3160, 0, 1480, 3130, 0, 128, 0, 128
L 1500, 3130, 0, 1500, 3190, 0, 128, 0, 128
L 1520, 3130, 0, 1520, 3190, 0, 128, 0, 128
L 1560, 3190, 0, 1520, 3190, 0, 128, 0, 128
L 1580, 3130, 0, 1580, 3190, 0, 128, 0, 128
L 1620, 3190, 0, 1580, 3190, 0, 128, 0, 128
L 1730, 3190, 0, 1700, 3190, 0, 128, 0, 128
L 1700, 3130, 0, 1730, 3130, 0, 128, 0, 128
L 1700, 3190, 0, 1700, 3130, 0, 128, 0, 128
L 1750, 3130, 0, 1780, 3130, 0, 128, 0, 128
L 1750, 3190, 0, 1780, 3190, 0, 128, 0, 128
L 1750, 3130, 0, 1750, 3190, 0, 128, 0, 128
L 1780, 3130, 0, 1780, 3190, 0, 128, 0, 128
L 1830, 3190, 0, 1830, 3130, 0, 128, 0, 128
L 1800, 3130, 0, 1830, 3190, 0, 128, 0, 128
L 1800, 3190, 0, 1800, 3130, 0, 128, 0, 128
L 1870, 3130, 0, 1870, 3190, 0, 128, 0, 128
L 1850, 3130, 0, 1890, 3130, 0, 128, 0, 128
L 1920, 3160, 0, 1940, 3160, 0, 128, 0, 128
L 1930, 3130, 0, 1950, 3190, 0, 128, 0, 128
L 1910, 3190, 0, 1930, 3130, 0, 128, 0, 128
L 1970, 3130, 0, 1970, 3190, 0, 128, 0, 128
L 2020, 3190, 0, 2020, 3130, 0, 128, 0, 128
L 1990, 3130, 0, 2020, 3190, 0, 128, 0, 128
L 1990, 3190, 0, 1990, 3130, 0, 128, 0, 128
L 2040, 3160, 0, 2070, 3160, 0, 128, 0, 128
L 2040, 3190, 0, 2070, 3190, 0, 128, 0, 128
L 2040, 3130, 0, 2040, 3190, 0, 128, 0, 128
L 2070, 3130, 0, 2040, 3130, 0, 128, 0, 128
L 2090, 3130, 0, 2090, 3160, 0, 128, 0, 128
L 2090, 3160, 0, 2090, 3190, 0, 128, 0, 128
L 2090, 3160, 0, 2110, 3160, 0, 128, 0, 128
L 2130, 3160, 0, 2130, 3130, 0, 128, 0, 128
L 2090, 3130, 0, 2130, 3130, 0, 128, 0, 128
L 2110, 3160, 0, 2130, 3160, 0, 128, 0, 128
L 2130, 3190, 0, 2110, 3160, 0, 128, 0, 128
L 1120, 3220, 0, 1120, 3280, 0, 255, 255, 0
L 1100, 3220, 0, 1140, 3220, 0, 255, 255, 0
L 1160, 3220, 0, 1160, 3250, 0, 255, 255, 0
L 1160, 3250, 0, 1160, 3280, 0, 255, 255, 0
L 1160, 3250, 0, 1180, 3250, 0, 255, 255, 0
L 1200, 3250, 0, 1200, 3220, 0, 255, 255, 0
L 1160, 3220, 0, 1200, 3220, 0, 255, 255, 0
L 1180, 3250, 0, 1200, 3250, 0, 255, 255, 0
L 1200, 3280, 0, 1180, 3250, 0, 255, 255, 0
L 1230, 3250, 0, 1250, 3250, 0, 255, 255, 0
L 1240, 3220, 0, 1260, 3280, 0, 255, 255, 0
L 1220, 3280, 0, 1240, 3220, 0, 255, 255, 0
L 1310, 3250, 0, 1280, 3250, 0, 255, 255, 0
L 1310, 3220, 0, 1310, 3250, 0, 255, 255, 0
L 1280, 3220, 0, 1310, 3220, 0, 255, 255, 0
L 1280, 3280, 0, 1280, 3220, 0, 255, 255, 0
L 1130, 3310, 0, 1100, 3310, 0, 255, 0, 0
L 1100, 3370, 0, 1130, 3310, 0, 255, 0, 0
L 1100, 3370, 0, 1130, 3370, 0, 255, 0, 0
L 1150, 3310, 0, 1180, 3310, 0, 255, 0, 0
L 1150, 3370, 0, 1180, 3370, 0, 255, 0, 0
L 1150, 3310, 0, 1150, 3370, 0, 255, 0, 0
L 1180, 3310, 0, 1180, 3370, 0, 255, 0, 0
L 1230, 3370, 0, 1230, 3310, 0, 255, 0, 0
L 1200, 3310, 0, 1230, 3370, 0, 255, 0, 0
L 1200, 3370, 0, 1200, 3310, 0, 255, 0, 0
L 1250, 3340, 0, 1280, 3340, 0, 255, 0, 0
L 1250, 3370, 0, 1280, 3370, 0, 255, 0, 0
L 1250, 3310, 0, 1250, 3370, 0, 255, 0, 0
L 1280, 3310, 0, 1250, 3310, 0, 255, 0, 0
P 100, 1300, 0, 0, 0, 0, 2, Original_Map:_Brewall_Rainsiger_(Cazic-Thule)
P 100, 1500, 0, 0, 0, 0, 2, http://www.eqmaps.info
P 100, 1700, 0, 0, 0, 0, 2, Return_of_the_Exiled_(www.roteguild.org)
P 100, 1900, 0, 0, 0, 0, 2, Height_Filter:_25/25
P 100, 2100, 0, 127, 64, 0, 2, Priest_Amiaz
P 100, 2300, 0, 127, 64, 0, 2, the_thamumaturgist
