P 442.7072, 866.5317, 2116.1565,  128, 64, 0,  2,  Eindride_Icestorm
P 1107.5200, 1734.8416, 1732.1575,  128, 64, 0,  2,  Emmerik_Skyfury
P 1109.5515, 1735.3394, 1265.6617,  128, 64, 0,  2,  Evynd_Firestorm
P 901.7895, 37.3820, -1451.8408,  128, 64, 0,  2,  Oreen_Wavecrasher
P 846.6072, -283.2699, -1431.8408,  128, 64, 0,  2,  Keeper_of_the_Past_Lore
P 873.7422, -302.4725, -1431.8408,  128, 64, 0,  2,  Riodhr_Torrentwind
P -17.3919, 1563.0643, -1403.8408,  128, 64, 0,  2,  Gaukr_Sandstorm
P -259.6095, -280.7420, 1456.1575,  128, 64, 0,  2,  Auliffe_Chaoswind
P -28.9446, 1937.1035, 2098.3330,  128, 64, 0,  2,  Kuanbyr_Hailstorm
P -66.4727, 1927.8025, 2122.4836,  128, 64, 0,  2,  Hrani
P 1.7011, 1894.3833, 2115.0029,  128, 64, 0,  2,  Leistr
P 9.8851, 1934.0369, 2128.1301,  128, 64, 0,  2,  Iri
P -224.8553, 1236.9006, 2314.1565,  128, 64, 0,  2,  Brynju_Thunderclap
P 105.0607, -731.1595, -1425.8408,  128, 64, 0,  2,  Leaf_Windfall
P -483.9014, -284.4141, 1456.1573,  255, 255, 255,  2,  Upper_Tower
P 1118.2979, 1733.6531, 1267.7285,  255, 255, 255,  2,  Next_level_of_Torden
P 939.9679, 1772.8495, 1265.6726,  0, 0, 0,  2,  Askr_the_Lost
P -42.3703, -98.3980, 1086.1575,  255, 255, 255,  2,  Lower_Tower
P 61.2949, 1227.7261, 2260.1565,  255, 255, 0,  2,  to_Courtyard
P -168.2477, 1295.1357, 1594.1573,  255, 255, 0,  2,  to_Courtyard
P -423.8716, 1345.5518, 1184.1573,  255, 255, 0,  2,  to_Lobby
P 50.2804, 1205.7064, 2260.1565,  255, 255, 255,  2,  Upper_Tower
P -262.2587, 1125.2930, 1628.1573,  255, 255, 0,  2,  to_Upper_Tower
P -166.9895, 1092.6710, 1560.1573,  255, 255, 255,  2,  Lower_Tower
P -421.2138, 1154.5969, 1184.1573,  255, 255, 0,  2,  to_Lower_Tower
P 932.6425, 43.7693, -1451.8408,  255, 255, 0,  2,  to_Courtyard
P -680.8581, -5.6205, -1465.8408,  255, 255, 0,  2,  to_Courtyard
P 22.7008, 11.9828, -1561.8408,  255, 255, 255,  2,  Lobby
P 355.6999, 2128.2039, 1948.1573,  255, 255, 0,  2,  to_Lobby
P 777.9913, 662.0114, 2116.1565,  255, 255, 0,  2,  to_Courtyard
P 803.1474, 1074.9580, 2116.1565,  255, 255, 255,  2,  Upper_Tower
P 916.3888, 740.9005, 1772.1575,  255, 255, 0,  2,  to_Upper_Tower
P 853.7584, 864.0049, 1372.1573,  255, 255, 0,  2,  to_Lobby
P 786.5074, 929.2087, 1772.1573,  255, 255, 0,  2,  to_Courtyard
P 902.3094, 985.0000, 1772.1575,  255, 255, 255,  2,  Lower_Tower
P 476.1481, 864.4852, 1372.1575,  255, 255, 0,  2,  to_Lower_Tower
P 830.0000, 865.0000, 1372.1587,  255, 255, 255,  2,  Ice
P -59.0983, -282.9935, 1456.1575,  255, 255, 0,  2,  to_Courtyard
P -397.0579, -412.2873, 1160.1575,  255, 255, 0,  2,  to_Upper_Tower
P -43.3247, -16.4757, 1086.1575,  255, 255, 0,  2,  to_Courtyard
P -60.4899, -287.3077, 726.1578,  255, 255, 0,  2,  to_Lower_Tower
P -78.4067, -109.3072, 629.1578,  255, 255, 0,  2,  to_Lobby
P 98.8820, -762.2884, -1425.8414,  0, 0, 0,  2,  to_Courtyard
P 169.6269, -465.0000, -1425.8414,  0, 0, 0,  2,  E
P 204.3921, -469.0260, -1493.8414,  0, 0, 0,  2,  to_E
P 341.3194, -617.1071, -1493.8414,  0, 0, 0,  2,  to_A
P 102.7638, -265.9124, -1493.8414,  0, 0, 0,  2,  D
P 74.6752, -256.2473, -1561.8414,  0, 0, 0,  2,  to_D
P -139.9753, -642.3222, -1493.8414,  0, 0, 0,  2,  to_B
P 55.1445, -315.6080, -1493.8412,  0, 0, 0,  2,  C
P 44.7903, -282.4851, -1561.8414,  0, 0, 0,  2,  to_C
P -220.2933, -410.0000, -1425.8407,  0, 0, 0,  2,  B
P -152.8451, -408.7276, -1561.8414,  0, 0, 0,  2,  to_B
P -9.2187, -230.1415, -1561.8414,  0, 0, 0,  2,  A
P -241.6676, -526.9329, -1425.8414,  0, 0, 0,  2,  to_A
P -19.5956, -129.1930, -1561.8408,  0, 0, 0,  2,  Air
P -85.0000, -145.0000, 629.1589,  255, 255, 255,  2,  Air
P -147.8685, 1220.7843, 1116.1573,  255, 255, 255,  2,  Fire
P -26.1852, 1584.3933, -1403.8414,  255, 255, 0,  2,  to_Courtyard
P 350.0000, 2200.0000, 1948.1587,  255, 255, 255,  2,  Earth
P -494.4659, -410.3227, -638.5987,  255, 255, 0,  2,  to_Earth_Tower
P -556.4338, -344.0411, -638.5986,  255, 255, 0,  2,  to_Lobby
P -555.8774, 323.5072, -639.1345,  255, 255, 0,  2,  to_Ice_Tower
P -492.6028, 389.3492, -639.1346,  255, 255, 0,  2,  to_Lobby
P 162.0345, 378.0558, -639.5394,  255, 255, 0,  2,  to_Air_Tower
P 229.4562, 314.8176, -637.9965,  255, 255, 0,  2,  to_Lobby
P 159.2102, -412.7315, -637.9979,  255, 255, 0,  2,  to_Lobby
P 224.0286, -348.2717, -637.9981,  255, 255, 0,  2,  to_Fire_Tower
P -110.9034, 1180.4030, 2296.1565,  0, 0, 240,  1,  GS:_Bits_of_Blue_Metal
P -170.8997, -14.6259, -647.8406,  255, 255, 255,  2,  Agnarr_Tower
P 112.5044, 5.3175, -1560.1465,  255, 255, 255,  2,  Ice
P -23.2669, 130.3214, -1557.8107,  255, 255, 255,  2,  Earth
P -152.7357, -3.7940, -1560.1010,  255, 255, 255,  2,  Fire
P -178.0000, -207.0000, -1624.3746,  255, 0, 0,  3,  from_Plane_of_Tranquility
