L 13.5000, -549.0000, 27.2000, 6.6000, -560.7000, 27.2000, 0, 0, 0
L 6.6000, -560.7000, 27.2000, -6.8000, -560.6000, 27.2000, 0, 0, 0
L -6.8000, -560.6000, 27.2000, -13.4000, -548.9000, 27.2000, 0, 0, 0
L -13.4000, -548.9000, 27.2000, -6.7000, -537.3000, 27.2000, 0, 0, 0
L -6.7000, -537.3000, 27.2000, 6.7000, -537.3000, 27.2000, 0, 0, 0
L 6.7000, -537.3000, 27.2000, 13.5000, -549.0000, 27.2000, 0, 0, 0
L 29.3000, -548.7000, 27.2000, 23.2000, -566.5000, 27.2000, 150, 150, 150
L 23.2000, -566.5000, 27.2000, 9.2000, -577.0000, 27.2000, 150, 150, 150
L 9.2000, -577.0000, 27.2000, -9.3000, -576.6000, 27.2000, 150, 150, 150
L -9.3000, -576.6000, 27.2000, -23.6000, -566.6000, 27.2000, 150, 150, 150
L -23.6000, -566.6000, 27.2000, -28.8000, -548.9000, 27.2000, 150, 150, 150
L -28.8000, -548.9000, 27.2000, -23.8000, -532.1000, 27.2000, 150, 150, 150
L -23.8000, -532.1000, 27.2000, -8.9000, -520.9000, 27.2000, 150, 150, 150
L -8.9000, -520.9000, 27.2000, 8.8000, -520.7000, 27.2000, 150, 150, 150
L 8.8000, -520.7000, 27.2000, 23.7000, -531.5000, 27.2000, 150, 150, 150
L 23.7000, -531.5000, 27.2000, 29.3000, -548.7000, 27.2000, 150, 150, 150
L 214.2000, -397.5000, 4.0000, 217.1000, -400.4000, 4.0000, 0, 0, 255
L 227.8000, -397.5000, 4.0000, 228.8000, -393.6000, 4.0000, 0, 0, 255
L 224.9000, -400.4000, 4.0000, 227.8000, -397.5000, 4.0000, 0, 0, 255
L 217.1000, -386.8000, 4.0000, 214.2000, -389.7000, 4.0000, 0, 0, 255
L 228.8000, -393.6000, 4.0000, 227.8000, -389.7000, 4.0000, 0, 0, 255
L 213.2000, -393.6000, 4.0000, 214.2000, -397.5000, 4.0000, 0, 0, 255
L 214.2000, -389.7000, 4.0000, 213.2000, -393.6000, 4.0000, 0, 0, 255
L 217.1000, -400.4000, 4.0000, 221.0000, -401.4000, 4.0000, 0, 0, 255
L 224.9000, -386.8000, 4.0000, 221.0000, -385.8000, 4.0000, 0, 0, 255
L 227.8000, -389.7000, 4.0000, 224.9000, -386.8000, 4.0000, 0, 0, 255
L 221.0000, -401.4000, 4.0000, 224.9000, -400.4000, 4.0000, 0, 0, 255
L 221.0000, -385.8000, 4.0000, 217.1000, -386.8000, 4.0000, 0, 0, 255
L 431.1000, -567.6000, -11.0000, 435.0000, -568.6000, -11.0000, 240, 240, 240
L 428.2000, -564.7000, -11.0000, 431.1000, -567.6000, -11.0000, 240, 240, 240
L 435.0000, -568.6000, -11.0000, 438.9000, -567.6000, -11.0000, 240, 240, 240
L 442.8000, -560.8000, -11.0000, 441.8000, -556.9000, -11.0000, 240, 240, 240
L 441.8000, -564.7000, -11.0000, 442.8000, -560.8000, -11.0000, 240, 240, 240
L 438.9000, -567.6000, -11.0000, 441.8000, -564.7000, -11.0000, 240, 240, 240
L 438.9000, -554.0000, -11.0000, 435.0000, -553.0000, -11.0000, 240, 240, 240
L 427.2000, -560.8000, -11.0000, 428.2000, -564.7000, -11.0000, 240, 240, 240
L 428.2000, -556.9000, -11.0000, 427.2000, -560.8000, -11.0000, 240, 240, 240
L 435.0000, -553.0000, -11.0000, 431.1000, -554.0000, -11.0000, 240, 240, 240
L 431.1000, -554.0000, -11.0000, 428.2000, -556.9000, -11.0000, 240, 240, 240
L 441.8000, -556.9000, -11.0000, 438.9000, -554.0000, -11.0000, 240, 240, 240
L 4.5000, -150.1000, 2.6000, 25.6000, -159.6000, 2.6000, 0, 0, 0
L 25.6000, -170.2000, 2.6000, 25.6000, -159.6000, 2.6000, 0, 0, 0
L 25.6000, -170.2000, 2.6000, 27.2000, -170.2000, 2.6000, 0, 0, 0
L 27.2000, -170.2000, 2.2000, 27.2000, -179.2000, 2.2000, 0, 0, 0
L 25.6000, -179.2000, 2.6000, 27.2000, -179.2000, 2.6000, 0, 0, 0
L 25.6000, -179.2000, 2.6000, 25.6000, -189.7000, 2.6000, 0, 0, 0
L 25.6000, -189.7000, 2.6000, 4.5000, -199.3000, 2.6000, 0, 0, 0
L 4.5000, -199.3000, 2.6000, 4.5000, -201.6000, 2.6000, 0, 0, 0
L 4.5000, -201.6000, 2.6000, -4.5000, -201.6000, 2.6000, 0, 0, 0
L -4.5000, -199.2000, 2.6000, -4.5000, -201.6000, 2.6000, 0, 0, 0
L -4.5000, -199.2000, 2.6000, -25.6000, -189.7000, 2.6000, 0, 0, 0
L -25.6000, -189.7000, 2.6000, -25.6000, -179.2000, 2.6000, 0, 0, 0
L -25.6000, -179.2000, 2.6000, -27.2000, -179.2000, 2.6000, 0, 0, 0
L -27.2000, -179.2000, 2.2000, -27.2000, -170.2000, 2.2000, 0, 0, 0
L -25.6000, -170.2000, 2.6000, -27.2000, -170.2000, 2.6000, 0, 0, 0
L -25.6000, -170.2000, 2.6000, -25.6000, -159.6000, 2.6000, 0, 0, 0
L -25.6000, -159.6000, 2.6000, -4.5000, -150.1000, 2.6000, 0, 0, 0
L -4.5000, -150.1000, 2.6000, -4.5000, -147.8000, 2.6000, 0, 0, 0
L -4.5000, -147.8000, 2.6000, 4.5000, -147.8000, 2.6000, 0, 0, 0
L 4.5000, -150.1000, 2.6000, 4.5000, -147.8000, 2.6000, 0, 0, 0
L 8.3000, -226.7000, 2.6000, 17.7000, -226.7000, 2.6000, 0, 0, 0
L 17.7000, -227.7000, 2.6000, 35.7000, -227.7000, 2.6000, 0, 0, 0
L 17.7000, -227.7000, 2.6000, 17.7000, -226.7000, 2.6000, 0, 0, 0
L 35.7000, -227.7000, 2.6000, 38.3000, -225.0000, 2.6000, 0, 0, 0
L 38.3000, -225.0000, 2.6000, 38.5000, -204.6000, 2.6000, 0, 0, 0
L 38.5000, -204.6000, 2.6000, 63.3000, -187.0000, 2.6000, 0, 0, 0
L 63.3000, -187.0000, 2.6000, 63.3000, -162.4000, 2.6000, 0, 0, 0
L 63.3000, -162.4000, 2.6000, 38.5000, -144.8000, 2.6000, 0, 0, 0
L 38.5000, -144.8000, 2.6000, 38.3000, -124.3000, 2.6000, 0, 0, 0
L 38.3000, -124.3000, 2.6000, 35.8000, -121.7000, 2.6000, 0, 0, 0
L 35.8000, -121.7000, 2.6000, 17.7000, -121.7000, 2.6000, 0, 0, 0
L 17.7000, -121.7000, 2.6000, 17.7000, -122.7000, 2.6000, 0, 0, 0
L 17.7000, -122.7000, 2.6000, 8.3000, -122.7000, 2.6000, 0, 0, 0
L 8.3000, -113.3000, 2.6000, 8.3000, -122.7000, 2.6000, 0, 0, 0
L 0.0000, -310.7000, 12.6000, 14.0000, -318.7000, 12.6000, 0, 0, 0
L 13.2000, -322.2000, 12.6000, 14.0000, -318.7000, 12.6000, 0, 0, 0
L 13.1000, -322.1000, 12.6000, 16.5000, -321.2000, 12.6000, 0, 0, 0
L 16.5000, -321.2000, 12.6000, 24.6000, -335.3000, 12.6000, 0, 0, 0
L 24.6000, -335.3000, 12.6000, 16.5000, -349.4000, 12.6000, 0, 0, 0
L 13.2000, -348.4000, 12.6000, 16.5000, -349.4000, 12.6000, 0, 0, 0
L 13.2000, -348.4000, 12.6000, 10.4000, -353.3000, 12.6000, 0, 0, 0
L 6.3000, -353.3000, 12.6000, 10.4000, -353.3000, 12.6000, 0, 0, 0
L 0.0000, -310.7000, 12.6000, -14.0000, -318.7000, 12.6000, 0, 0, 0
L 15.3000, -278.7000, 12.6000, 8.3000, -278.7000, 12.6000, 0, 0, 0
L 18.5000, -288.0000, 12.6000, 8.3000, -288.0000, 12.6000, 0, 0, 0
L 8.3000, -288.0000, 12.6000, 8.3000, -278.7000, 12.6000, 0, 0, 0
L 18.5000, -288.0000, 12.6000, 33.0000, -296.4000, 12.6000, 0, 0, 0
L 33.0000, -296.4000, 12.6000, 30.3000, -299.1000, 12.6000, 0, 0, 0
L 39.0000, -302.2000, 12.6000, 47.5000, -317.0000, 12.6000, 0, 0, 0
L 47.5000, -317.0000, 12.6000, 47.5000, -318.9000, 12.6000, 0, 0, 0
L 38.8000, -301.8000, 12.6000, 35.9000, -304.7000, 12.6000, 0, 0, 0
L 35.9000, -304.7000, 12.6000, 30.3000, -299.1000, 12.6000, 0, 0, 0
L 47.5000, -318.9000, 12.6000, 47.5000, -327.2000, 12.6000, 0, 0, 0
L 47.5000, -327.2000, 12.6000, 56.9000, -327.2000, 12.6000, 0, 0, 0
L 56.9000, -327.2000, 12.6000, 56.9000, -320.2000, 12.6000, 0, 0, 0
L 56.9000, -320.2000, 12.6000, 78.1000, -320.2000, 7.6000, 0, 0, 0
L 78.1000, -320.2000, 7.6000, 115.3000, -328.5000, 2.5000, 0, 0, 0
L 115.3000, -328.5000, 2.5000, 134.6000, -337.5000, -2.4000, 0, 0, 0
L 134.6000, -337.5000, -2.4000, 131.6000, -343.8000, -2.4000, 0, 0, 0
L 131.6000, -343.8000, -2.4000, 140.1000, -347.8000, -2.4000, 0, 0, 0
L 133.1000, -362.8000, -2.4000, 124.6000, -358.9000, -2.4000, 0, 0, 0
L 124.6000, -358.9000, -2.4000, 121.6000, -365.2000, -2.4000, 0, 0, 0
L 121.6000, -365.2000, -2.4000, 102.3000, -356.2000, 2.6000, 0, 0, 0
L 102.3000, -356.2000, 2.6000, 78.3000, -350.9000, 7.5000, 0, 0, 0
L 78.3000, -350.9000, 7.5000, 56.9000, -350.9000, 12.6000, 0, 0, 0
L 56.9000, -350.9000, 12.6000, 56.9000, -343.9000, 12.6000, 0, 0, 0
L 56.9000, -343.9000, 12.6000, 47.5000, -343.9000, 12.6000, 0, 0, 0
L 47.5000, -343.9000, 12.6000, 47.5000, -354.1000, 12.6000, 0, 0, 0
L 47.5000, -354.1000, 12.6000, 38.7000, -369.2000, 12.6000, 0, 0, 0
L 38.7000, -369.2000, 12.6000, 35.9000, -366.4000, 12.6000, 0, 0, 0
L 35.9000, -366.4000, 12.6000, 30.7000, -371.7000, 12.6000, 0, 0, 0
L 30.7000, -371.7000, 12.6000, 33.5000, -374.5000, 12.6000, 0, 0, 0
L 33.5000, -374.5000, 12.6000, 18.6000, -383.0000, 12.6000, 0, 0, 0
L 18.6000, -383.0000, 12.6000, 8.3000, -383.0000, 12.6000, 0, 0, 0
L 8.3000, -383.0000, 12.6000, 8.3000, -392.4000, 12.6000, 0, 0, 0
L 8.3000, -392.4000, 12.6000, 15.3000, -392.4000, 12.6000, 0, 0, 0
L 15.3000, -392.4000, 12.6000, 15.3000, -418.8000, 17.6000, 0, 0, 0
L 15.3000, -418.8000, 17.6000, 8.3000, -418.8000, 17.6000, 0, 0, 0
L 8.3000, -418.8000, 17.6000, 8.3000, -428.2000, 17.6000, 0, 0, 0
L 8.3000, -428.2000, 17.6000, 17.7000, -428.2000, 17.6000, 0, 0, 0
L 17.7000, -427.2000, 17.6000, 17.7000, -428.2000, 17.6000, 0, 0, 0
L 17.7000, -427.2000, 17.6000, 26.5000, -427.2000, 17.6000, 0, 0, 0
L 26.5000, -427.2000, 17.6000, 22.7000, -438.6000, 17.6000, 0, 0, 0
L 22.7000, -438.6000, 17.6000, 46.5000, -446.3000, 17.6000, 0, 0, 0
L 46.5000, -446.3000, 17.6000, 52.5000, -427.8000, 17.6000, 0, 0, 0
L 52.5000, -427.8000, 17.6000, 81.3000, -437.2000, 17.6000, 0, 0, 0
L 81.3000, -437.2000, 17.6000, 99.0000, -461.6000, 17.6000, 0, 0, 0
L 99.0000, -461.6000, 17.6000, 83.3000, -473.1000, 17.6000, 0, 0, 0
L 83.3000, -473.1000, 17.6000, 97.9000, -493.3000, 17.6000, 0, 0, 0
L 97.9000, -493.3000, 17.6000, 113.7000, -481.8000, 17.6000, 0, 0, 0
L 113.7000, -481.8000, 17.6000, 125.4000, -498.0000, 17.6000, 0, 0, 0
L 125.4000, -498.0000, 17.6000, 125.2000, -498.3000, 17.6000, 0, 0, 0
L 125.2000, -498.3000, 17.6000, 131.5000, -536.5000, 17.6000, 0, 0, 0
L 131.5000, -536.5000, 17.6000, 112.0000, -536.5000, 17.6000, 0, 0, 0
L 112.0000, -536.5000, 17.6000, 112.0000, -561.5000, 17.6000, 0, 0, 0
L 112.0000, -561.5000, 17.6000, 131.5000, -561.5000, 17.6000, 0, 0, 0
L 131.5000, -561.5000, 17.6000, 131.4000, -591.7000, 17.6000, 0, 0, 0
L 131.4000, -591.7000, 17.6000, 126.1000, -599.1000, 17.6000, 0, 0, 0
L 126.1000, -599.1000, 17.6000, 117.5000, -592.8000, 17.6000, 0, 0, 0
L 117.5000, -592.8000, 17.6000, 107.5000, -606.6000, 17.6000, 0, 0, 0
L 107.5000, -606.6000, 17.6000, 125.1000, -619.4000, 17.6000, 0, 0, 0
L 125.1000, -619.4000, 17.6000, 129.8000, -612.7000, 17.6000, 0, 0, 0
L 129.8000, -612.7000, 17.6000, 141.5000, -621.3000, 11.6000, 0, 0, 0
L 141.5000, -621.3000, 11.6000, 135.4000, -625.5000, 11.6000, 0, 0, 0
L 135.4000, -625.5000, 11.6000, 148.2000, -643.2000, 11.6000, 0, 0, 0
L 148.2000, -643.2000, 11.6000, 162.0000, -633.1000, 11.6000, 0, 0, 0
L 162.0000, -633.1000, 11.6000, 155.7000, -624.5000, 11.6000, 0, 0, 0
L 155.7000, -624.5000, 11.6000, 167.8000, -615.7000, 11.6000, 0, 0, 0
L 167.8000, -615.7000, 11.6000, 182.8000, -615.7000, 11.6000, 0, 0, 0
L 182.8000, -615.7000, 11.6000, 182.8000, -626.4000, 11.6000, 0, 0, 0
L 182.8000, -626.4000, 11.6000, 199.9000, -626.4000, 11.6000, 0, 0, 0
L 199.9000, -626.4000, 11.6000, 199.9000, -615.7000, 11.6000, 0, 0, 0
L 199.9000, -615.7000, 11.6000, 214.8000, -615.7000, 11.6000, 0, 0, 0
L 214.8000, -615.7000, 11.6000, 226.9000, -624.5000, 11.6000, 0, 0, 0
L 226.9000, -624.5000, 11.6000, 220.7000, -633.1000, 11.6000, 0, 0, 0
L 220.7000, -633.1000, 11.6000, 234.5000, -643.2000, 11.6000, 0, 0, 0
L 234.5000, -643.2000, 11.6000, 240.7000, -634.5000, 11.6000, 0, 0, 0
L 240.7000, -634.5000, 11.6000, 252.8000, -643.3000, 11.6000, 0, 0, 0
L 252.8000, -643.3000, 11.6000, 257.5000, -657.6000, 11.6000, 0, 0, 0
L 257.5000, -657.6000, 11.6000, 247.3000, -660.9000, 11.6000, 0, 0, 0
L 247.3000, -660.9000, 11.6000, 252.6000, -677.1000, 11.6000, 0, 0, 0
L 252.6000, -677.1000, 11.6000, 262.7000, -673.8000, 11.6000, 0, 0, 0
L 262.7000, -673.8000, 11.6000, 267.3000, -688.1000, 11.6000, 0, 0, 0
L 267.3000, -688.1000, 11.6000, 265.6000, -693.5000, 11.6000, 0, 0, 0
L 265.6000, -693.5000, 11.6000, 264.6000, -693.2000, 11.6000, 0, 0, 0
L 264.6000, -693.2000, 11.6000, 261.7000, -702.2000, 11.6000, 0, 0, 0
L 261.7000, -702.2000, 11.6000, 270.2000, -704.8000, 11.6000, 0, 0, 0
L 270.2000, -704.8000, 11.6000, 272.0000, -697.9000, 11.6000, 0, 0, 0
L 272.0000, -697.9000, 11.6000, 288.0000, -699.2000, 9.8000, 0, 0, 0
L 288.0000, -699.2000, 9.7000, 305.8000, -694.1000, 7.1000, 0, 0, 0
L 305.8000, -694.1000, 6.9000, 325.0000, -682.6000, 1.2000, 0, 0, 0
L 325.0000, -682.6000, 0.2000, 342.2000, -669.0000, -6.0000, 0, 0, 0
L 342.2000, -669.0000, -6.6000, 357.4000, -653.3000, -13.6000, 0, 0, 0
L 357.4000, -653.3000, -13.6000, 369.1000, -637.7000, -17.4000, 0, 0, 0
L 369.1000, -637.7000, -17.4000, 375.0000, -641.5000, -17.4000, 0, 0, 0
L 375.0000, -641.5000, -17.4000, 379.9000, -633.8000, -17.4000, 0, 0, 0
L 379.9000, -633.8000, -17.4000, 372.0000, -628.8000, -17.4000, 0, 0, 0
L 371.4000, -629.6000, -17.4000, 372.0000, -628.8000, -17.4000, 0, 0, 0
L 371.4000, -629.6000, -17.4000, 360.7000, -622.9000, -17.4000, 0, 0, 0
L 360.7000, -622.9000, -17.4000, 352.7000, -603.0000, -17.4000, 0, 0, 0
L 352.7000, -603.0000, -17.4000, 363.0000, -598.9000, -17.4000, 0, 0, 0
L 363.0000, -598.9000, -17.4000, 356.3000, -582.3000, -17.4000, 0, 0, 0
L 356.3000, -582.3000, -17.4000, 346.0000, -586.5000, -17.4000, 0, 0, 0
L 346.0000, -586.5000, -17.4000, 338.0000, -566.6000, -17.4000, 0, 0, 0
L 338.0000, -566.6000, -17.4000, 343.2000, -545.8000, -17.4000, 0, 0, 0
L 343.2000, -545.8000, -17.4000, 353.9000, -548.5000, -17.4000, 0, 0, 0
L 353.9000, -548.5000, -17.4000, 358.3000, -531.2000, -17.4000, 0, 0, 0
L 358.3000, -531.2000, -17.4000, 347.5000, -528.5000, -17.4000, 0, 0, 0
L 347.5000, -528.5000, -17.4000, 352.7000, -507.7000, -17.4000, 0, 0, 0
L 352.7000, -507.7000, -17.4000, 362.4000, -499.6000, -17.4000, 0, 0, 0
L 362.4000, -499.6000, -17.4000, 363.0000, -500.3000, -17.4000, 0, 0, 0
L 363.0000, -500.3000, -17.4000, 370.2000, -494.3000, -17.4000, 0, 0, 0
L 370.2000, -494.3000, -17.4000, 364.1000, -487.1000, -17.4000, 0, 0, 0
L 364.1000, -487.1000, -17.4000, 358.8000, -491.6000, -17.4000, 0, 0, 0
L 358.8000, -491.6000, -17.4000, 345.0000, -475.2000, -12.4000, 0, 0, 0
L 345.0000, -475.2000, -12.4000, 325.5000, -460.3000, -7.4000, 0, 0, 0
L 325.5000, -460.3000, -7.5000, 306.2000, -451.3000, -2.4000, 0, 0, 0
L 306.2000, -451.3000, -2.4000, 309.1000, -444.9000, -2.4000, 0, 0, 0
L 309.1000, -444.9000, -2.4000, 300.6000, -440.9000, -2.4000, 0, 0, 0
L 300.6000, -440.9000, -2.4000, 296.7000, -449.4000, -2.4000, 0, 0, 0
L 297.6000, -449.9000, -2.4000, 296.7000, -449.4000, -2.4000, 0, 0, 0
L 297.6000, -449.9000, -2.4000, 292.2000, -461.4000, -2.4000, 0, 0, 0
L 292.2000, -461.4000, -2.4000, 273.1000, -471.9000, -1.5000, 0, 0, 0
L 273.1000, -471.9000, -1.5000, 268.0000, -461.8000, -2.4000, 0, 0, 0
L 268.0000, -461.8000, -2.4000, 252.5000, -470.7000, -2.4000, 0, 0, 0
L 252.5000, -470.7000, -2.4000, 257.9000, -480.4000, -2.4000, 0, 0, 0
L 257.9000, -480.4000, -2.4000, 239.1000, -490.8000, -2.4000, 0, 0, 0
L 239.1000, -490.8000, -2.4000, 217.8000, -488.2000, -2.4000, 0, 0, 0
L 217.8000, -488.2000, -2.4000, 219.2000, -477.1000, -2.4000, 0, 0, 0
L 219.2000, -477.1000, -2.4000, 201.5000, -474.9000, -2.4000, 0, 0, 0
L 201.5000, -474.9000, -2.4000, 200.1000, -486.0000, -2.4000, 0, 0, 0
L 200.1000, -486.0000, -2.4000, 178.9000, -483.4000, -2.4000, 0, 0, 0
L 178.9000, -483.4000, -2.4000, 163.2000, -468.8000, -2.4000, 0, 0, 0
L 163.2000, -468.8000, -2.4000, 170.8000, -460.6000, -2.4000, 0, 0, 0
L 170.8000, -460.6000, -2.4000, 157.8000, -448.5000, -2.4000, 0, 0, 0
L 157.8000, -448.5000, -2.4000, 150.1000, -456.6000, -2.4000, 0, 0, 0
L 150.1000, -456.6000, -2.4000, 134.5000, -442.0000, -2.4000, 0, 0, 0
L 134.5000, -442.0000, -2.4000, 130.4000, -420.9000, -2.4000, 0, 0, 0
L 130.4000, -420.9000, -2.4000, 141.3000, -418.8000, -2.4000, 0, 0, 0
L 141.3000, -418.8000, -2.4000, 137.9000, -401.2000, -2.4000, 0, 0, 0
L 137.9000, -401.2000, -2.4000, 127.0000, -403.4000, -2.4000, 0, 0, 0
L 127.0000, -403.4000, -2.4000, 122.9000, -382.4000, -2.4000, 0, 0, 0
L 122.9000, -382.4000, -2.4000, 128.2000, -370.9000, -2.4000, 0, 0, 0
L 128.2000, -370.9000, -2.4000, 129.1000, -371.3000, -2.4000, 0, 0, 0
L 129.1000, -371.3000, -2.4000, 133.1000, -362.8000, -2.4000, 0, 0, 0
L 140.1000, -347.8000, -2.4000, 144.1000, -339.3000, -2.4000, 0, 0, 0
L 143.2000, -338.8000, -2.4000, 143.5000, -339.0000, -2.4000, 0, 0, 0
L 143.5000, -339.0000, -2.4000, 144.1000, -339.3000, -2.4000, 0, 0, 0
L 143.2000, -338.8000, -2.4000, 148.5000, -327.4000, -2.4000, 0, 0, 0
L 148.5000, -327.4000, -2.4000, 167.3000, -317.0000, -2.4000, 0, 0, 0
L 167.3000, -317.0000, -2.4000, 172.7000, -326.7000, -2.4000, 0, 0, 0
L 172.7000, -326.7000, -2.4000, 188.3000, -318.1000, -2.4000, 0, 0, 0
L 188.3000, -318.1000, -2.4000, 182.9000, -308.3000, -2.4000, 0, 0, 0
L 182.9000, -308.3000, -2.4000, 201.6000, -297.9000, -2.4000, 0, 0, 0
L 201.6000, -297.9000, -2.4000, 223.0000, -300.6000, -2.2000, 0, 0, 0
L 223.0000, -300.6000, -2.2000, 221.5000, -311.6000, -2.4000, 0, 0, 0
L 221.5000, -311.6000, -2.4000, 239.2000, -313.8000, -2.4000, 0, 0, 0
L 239.2000, -313.8000, -2.4000, 240.6000, -302.7000, -2.4000, 0, 0, 0
L 240.6000, -302.7000, -2.4000, 261.9000, -305.3000, -2.4000, 0, 0, 0
L 261.9000, -305.3000, -2.4000, 277.5000, -319.9000, -2.4000, 0, 0, 0
L 277.5000, -319.9000, -2.4000, 270.0000, -328.1000, -2.4000, 0, 0, 0
L 270.0000, -328.1000, -2.4000, 283.0000, -340.3000, -2.4000, 0, 0, 0
L 283.0000, -340.3000, -2.4000, 290.6000, -332.1000, -2.4000, 0, 0, 0
L 290.6000, -332.1000, -2.4000, 306.3000, -346.8000, -2.4000, 0, 0, 0
L 306.3000, -346.8000, -2.4000, 310.3000, -367.8000, -2.4000, 0, 0, 0
L 310.3000, -367.8000, -2.4000, 299.4000, -369.9000, -2.4000, 0, 0, 0
L 299.4000, -369.9000, -2.4000, 302.8000, -387.4000, -2.4000, 0, 0, 0
L 302.8000, -387.4000, -2.4000, 313.8000, -385.3000, -2.4000, 0, 0, 0
L 313.8000, -385.3000, -2.4000, 317.9000, -406.3000, -2.4000, 0, 0, 0
L 317.9000, -406.3000, -2.4000, 312.5000, -417.8000, -2.4000, 0, 0, 0
L 312.5000, -417.8000, -2.4000, 311.6000, -417.4000, -2.4000, 0, 0, 0
L 311.6000, -417.4000, -2.4000, 307.6000, -425.9000, -2.4000, 0, 0, 0
L 307.6000, -425.9000, -2.4000, 316.1000, -429.8000, -2.4000, 0, 0, 0
L 316.1000, -429.8000, -2.4000, 319.1000, -423.5000, -2.4000, 0, 0, 0
L 319.1000, -423.5000, -2.4000, 338.3000, -432.5000, -7.4000, 0, 0, 0
L 338.3000, -432.5000, -7.4000, 368.6000, -455.7000, -12.5000, 0, 0, 0
L 368.6000, -455.7000, -12.5000, 382.3000, -472.0000, -17.4000, 0, 0, 0
L 382.3000, -472.0000, -17.4000, 376.9000, -476.5000, -17.4000, 0, 0, 0
L 376.9000, -476.5000, -17.4000, 382.9000, -483.6000, -17.4000, 0, 0, 0
L 382.9000, -483.6000, -17.4000, 390.1000, -477.6000, -17.4000, 0, 0, 0
L 389.4000, -476.8000, -17.4000, 390.1000, -477.6000, -17.4000, 0, 0, 0
L 389.4000, -476.8000, -17.4000, 399.2000, -468.7000, -17.4000, 0, 0, 0
L 399.2000, -468.7000, -17.4000, 420.7000, -467.2000, -17.1000, 0, 0, 0
L 420.7000, -467.2000, -17.1000, 421.3000, -478.3000, -17.4000, 0, 0, 0
L 421.3000, -478.3000, -17.4000, 439.1000, -477.1000, -17.4000, 0, 0, 0
L 439.1000, -477.1000, -17.4000, 438.2000, -466.0000, -17.1000, 0, 0, 0
L 438.2000, -466.0000, -17.1000, 459.7000, -464.5000, -17.4000, 0, 0, 0
L 459.7000, -464.5000, -17.4000, 477.9000, -475.8000, -17.4000, 0, 0, 0
L 477.9000, -475.8000, -17.4000, 472.0000, -485.3000, -17.4000, 0, 0, 0
L 472.0000, -485.3000, -17.4000, 487.1000, -494.7000, -17.4000, 0, 0, 0
L 487.1000, -494.7000, -17.4000, 493.0000, -485.3000, -17.4000, 0, 0, 0
L 493.0000, -485.3000, -17.4000, 511.2000, -496.7000, -17.4000, 0, 0, 0
L 511.2000, -496.7000, -17.4000, 519.2000, -516.5000, -17.4000, 0, 0, 0
L 519.2000, -516.5000, -17.4000, 508.9000, -520.7000, -17.4000, 0, 0, 0
L 508.9000, -520.7000, -17.4000, 515.6000, -537.2000, -17.4000, 0, 0, 0
L 515.6000, -537.2000, -17.4000, 525.9000, -533.0000, -17.4000, 0, 0, 0
L 525.9000, -533.0000, -17.4000, 533.9000, -552.9000, -17.4000, 0, 0, 0
L 533.9000, -552.9000, -17.4000, 528.7000, -573.7000, -17.4000, 0, 0, 0
L 528.7000, -573.7000, -17.4000, 517.9000, -571.0000, -17.4000, 0, 0, 0
L 517.9000, -571.0000, -17.4000, 513.6000, -588.3000, -17.4000, 0, 0, 0
L 513.6000, -588.3000, -17.4000, 524.4000, -591.0000, -17.4000, 0, 0, 0
L 524.4000, -591.0000, -17.4000, 519.3000, -611.8000, -17.4000, 0, 0, 0
L 519.3000, -611.8000, -17.4000, 502.8000, -625.6000, -17.4000, 0, 0, 0
L 502.8000, -625.6000, -17.4000, 495.7000, -617.1000, -17.4000, 0, 0, 0
L 495.7000, -617.1000, -17.4000, 482.0000, -628.5000, -17.4000, 0, 0, 0
L 482.0000, -628.5000, -17.4000, 489.2000, -637.1000, -17.4000, 0, 0, 0
L 489.2000, -637.1000, -17.4000, 472.8000, -650.8000, -17.4000, 0, 0, 0
L 472.8000, -650.8000, -17.4000, 451.4000, -652.3000, -17.4000, 0, 0, 0
L 451.4000, -652.3000, -17.4000, 450.6000, -641.2000, -17.4000, 0, 0, 0
L 450.6000, -641.2000, -17.4000, 432.8000, -642.5000, -17.4000, 0, 0, 0
L 432.8000, -642.5000, -17.4000, 433.6000, -653.6000, -17.4000, 0, 0, 0
L 433.6000, -653.6000, -17.4000, 412.2000, -655.1000, -17.4000, 0, 0, 0
L 412.2000, -655.1000, -17.4000, 401.4000, -648.4000, -17.4000, 0, 0, 0
L 401.4000, -648.4000, -17.4000, 402.0000, -647.5000, -17.4000, 0, 0, 0
L 402.0000, -647.5000, -17.4000, 394.0000, -642.6000, -17.4000, 0, 0, 0
L 394.0000, -642.6000, -17.4000, 388.9000, -650.6000, -17.4000, 0, 0, 0
L 388.9000, -650.6000, -17.4000, 394.7000, -654.4000, -17.4000, 0, 0, 0
L 394.7000, -654.4000, -17.4000, 380.9000, -673.0000, -13.6000, 0, 0, 0
L 380.9000, -673.0000, -13.6000, 362.8000, -691.7000, -6.0000, 0, 0, 0
L 362.8000, -691.7000, -6.0000, 342.4000, -707.9000, 1.0000, 0, 0, 0
L 342.4000, -707.9000, 1.0000, 319.6000, -721.5000, 7.0000, 0, 0, 0
L 319.6000, -721.5000, 7.0000, 290.5000, -729.7000, 9.8000, 0, 0, 0
L 290.5000, -729.7000, 9.8000, 264.3000, -727.5000, 11.6000, 0, 0, 0
L 264.3000, -727.5000, 11.6000, 266.0000, -720.9000, 11.6000, 0, 0, 0
L 266.0000, -720.9000, 11.6000, 256.6000, -718.0000, 11.6000, 0, 0, 0
L 256.6000, -718.0000, 11.6000, 253.7000, -726.8000, 11.6000, 0, 0, 0
L 254.6000, -727.2000, 11.6000, 253.7000, -726.8000, 11.6000, 0, 0, 0
L 254.6000, -727.2000, 11.6000, 252.8000, -732.7000, 11.6000, 0, 0, 0
L 252.8000, -732.7000, 11.6000, 248.1000, -736.1000, 11.6000, 0, 0, 0
L 248.1000, -736.1000, 11.6000, 247.5000, -735.3000, 11.6000, 0, 0, 0
L 247.5000, -735.3000, 11.6000, 240.0000, -740.8000, 11.6000, 0, 0, 0
L 240.0000, -740.8000, 11.6000, 245.5000, -748.4000, 11.6000, 0, 0, 0
L 245.5000, -748.4000, 11.6000, 251.1000, -744.3000, 11.6000, 0, 0, 0
L 226.4000, -762.3000, 11.6000, 232.0000, -758.2000, 11.6000, 0, 0, 0
L 232.0000, -758.2000, 11.6000, 226.5000, -750.6000, 11.6000, 0, 0, 0
L 226.5000, -750.6000, 11.6000, 219.0000, -756.0000, 11.6000, 0, 0, 0
L 219.5000, -756.9000, 11.6000, 219.0000, -756.0000, 11.6000, 0, 0, 0
L 219.5000, -756.9000, 11.6000, 214.9000, -760.3000, 11.6000, 0, 0, 0
L 214.9000, -760.3000, 11.6000, 199.9000, -760.3000, 11.6000, 0, 0, 0
L 199.9000, -760.3000, 11.6000, 199.9000, -749.7000, 11.6000, 0, 0, 0
L 199.9000, -749.7000, 11.6000, 182.8000, -749.7000, 11.6000, 0, 0, 0
L 182.8000, -749.7000, 11.6000, 182.8000, -760.3000, 11.6000, 0, 0, 0
L 182.8000, -760.3000, 11.6000, 167.8000, -760.3000, 11.6000, 0, 0, 0
L 167.8000, -760.3000, 11.6000, 155.7000, -751.5000, 11.6000, 0, 0, 0
L 155.7000, -751.5000, 11.6000, 162.0000, -742.9000, 11.6000, 0, 0, 0
L 162.0000, -742.9000, 11.6000, 148.2000, -732.9000, 11.6000, 0, 0, 0
L 148.2000, -732.9000, 11.6000, 141.9000, -741.5000, 11.6000, 0, 0, 0
L 141.9000, -741.5000, 11.6000, 129.9000, -732.7000, 11.6000, 0, 0, 0
L 129.9000, -732.7000, 11.6000, 129.8000, -732.7000, 11.6000, 0, 0, 0
L 129.8000, -732.7000, 11.6000, 125.2000, -718.5000, 11.6000, 0, 0, 0
L 125.2000, -718.5000, 11.6000, 135.3000, -715.2000, 11.6000, 0, 0, 0
L 135.3000, -715.2000, 11.6000, 130.1000, -698.9000, 11.6000, 0, 0, 0
L 130.1000, -698.9000, 11.6000, 119.9000, -702.3000, 11.6000, 0, 0, 0
L 119.9000, -702.3000, 11.6000, 115.3000, -688.0000, 11.6000, 0, 0, 0
L 115.3000, -688.0000, 11.6000, 119.9000, -673.8000, 11.6000, 0, 0, 0
L 119.9000, -673.8000, 11.6000, 130.0000, -677.1000, 11.6000, 0, 0, 0
L 130.0000, -677.1000, 11.6000, 135.3000, -660.9000, 11.6000, 0, 0, 0
L 135.3000, -660.9000, 11.6000, 114.6000, -654.1000, 11.6000, 0, 0, 0
L 114.6000, -654.1000, 11.6000, 112.5000, -661.3000, 11.6000, 0, 0, 0
L 112.5000, -661.3000, 11.6000, 100.7000, -652.7000, 17.6000, 0, 0, 0
L 100.7000, -652.7000, 17.6000, 105.6000, -646.2000, 17.6000, 0, 0, 0
L 105.6000, -646.2000, 17.6000, 88.0000, -633.4000, 17.6000, 0, 0, 0
L 88.0000, -633.4000, 17.6000, 78.0000, -647.2000, 17.6000, 0, 0, 0
L 78.0000, -647.2000, 17.6000, 86.6000, -653.5000, 17.6000, 0, 0, 0
L 86.6000, -653.5000, 17.6000, 81.3000, -660.8000, 17.6000, 0, 0, 0
L 81.3000, -660.8000, 17.6000, 52.5000, -670.2000, 17.6000, 0, 0, 0
L 52.5000, -670.2000, 17.6000, 46.5000, -651.7000, 17.6000, 0, 0, 0
L 46.5000, -651.7000, 17.6000, 22.7000, -659.4000, 17.6000, 0, 0, 0
L 22.7000, -659.4000, 17.6000, 26.5000, -670.8000, 17.6000, 0, 0, 0
L 26.5000, -670.8000, 17.6000, 17.7000, -670.8000, 17.6000, 0, 0, 0
L 17.7000, -670.8000, 17.6000, 17.7000, -669.8000, 17.6000, 0, 0, 0
L 17.7000, -669.8000, 17.6000, 8.3000, -669.8000, 17.6000, 0, 0, 0
L 8.3000, -669.8000, 17.6000, 8.3000, -679.2000, 17.6000, 0, 0, 0
L 8.3000, -679.2000, 17.6000, 15.3000, -679.2000, 17.6000, 0, 0, 0
L 15.3000, -679.2000, 17.6000, 15.3000, -705.6000, 22.6000, 0, 0, 0
L 15.3000, -705.6000, 22.6000, 8.3000, -705.6000, 22.6000, 0, 0, 0
L 8.3000, -715.0000, 22.6000, 8.3000, -709.1000, 22.6000, 0, 0, 0
L 8.3000, -709.1000, 22.6000, 8.3000, -705.6000, 22.6000, 0, 0, 0
L 8.3000, -709.1000, 22.6000, -8.3000, -709.1000, 22.6000, 255, 255, 0
L 165.7000, -677.2000, 11.6000, 181.4000, -661.5000, 11.6000, 150, 150, 150
L 181.4000, -661.5000, 11.6000, 186.2000, -658.4000, 11.6000, 150, 150, 150
L 186.2000, -658.4000, 11.6000, 196.5000, -658.4000, 11.6000, 150, 150, 150
L 196.5000, -658.4000, 11.6000, 202.2000, -662.5000, 11.6000, 150, 150, 150
L 202.2000, -662.5000, 11.6000, 216.9000, -677.1000, 11.6000, 150, 150, 150
L 216.9000, -677.1000, 11.6000, 221.0000, -682.8000, 11.6000, 150, 150, 150
L 221.0000, -682.8000, 11.6000, 220.9000, -693.2000, 11.6000, 150, 150, 150
L 220.9000, -693.2000, 11.6000, 216.9000, -698.9000, 11.6000, 150, 150, 150
L 216.9000, -698.9000, 11.6000, 203.1000, -712.8000, 11.6000, 150, 150, 150
L 203.1000, -712.8000, 11.9000, 196.6000, -717.6000, 11.6000, 150, 150, 150
L 196.6000, -717.6000, 11.6000, 186.1000, -717.6000, 11.6000, 150, 150, 150
L 186.1000, -717.6000, 11.6000, 180.5000, -713.6000, 11.6000, 150, 150, 150
L 180.5000, -713.6000, 11.6000, 165.7000, -698.9000, 11.6000, 150, 150, 150
L 165.7000, -698.9000, 11.6000, 161.7000, -693.2000, 11.6000, 150, 150, 150
L 161.7000, -693.2000, 11.6000, 161.7000, -682.8000, 11.6000, 150, 150, 150
L 161.7000, -682.8000, 11.6000, 165.7000, -677.2000, 11.6000, 150, 150, 150
L 186.6000, -664.0000, 15.1000, 196.0000, -664.0000, 15.1000, 0, 0, 255
L 196.0000, -664.0000, 15.1000, 215.1000, -683.1000, 14.9000, 0, 0, 255
L 215.1000, -683.1000, 14.9000, 215.4000, -692.7000, 15.1000, 0, 0, 255
L 215.4000, -692.7000, 15.1000, 196.1000, -712.0000, 15.0000, 0, 0, 255
L 196.1000, -712.0000, 15.0000, 186.5000, -711.9000, 15.0000, 0, 0, 255
L 186.5000, -711.9000, 15.0000, 167.5000, -692.9000, 14.9000, 0, 0, 255
L 167.5000, -692.9000, 14.9000, 167.4000, -683.2000, 15.0000, 0, 0, 255
L 167.4000, -683.2000, 15.0000, 186.6000, -664.0000, 15.1000, 0, 0, 255
L 251.1000, -744.3000, 11.6000, 263.6000, -761.5000, 6.6000, 0, 0, 0
L 263.6000, -761.5000, 6.6000, 278.8000, -796.4000, 1.5000, 0, 0, 0
L 278.8000, -796.4000, 1.5000, 282.6000, -817.6000, -3.4000, 0, 0, 0
L 282.6000, -817.6000, -3.4000, 275.7000, -818.8000, -3.4000, 0, 0, 0
L 275.7000, -818.8000, -3.4000, 277.3000, -828.1000, -3.4000, 0, 0, 0
L 260.9000, -831.0000, -3.4000, 259.3000, -821.7000, -3.4000, 0, 0, 0
L 259.3000, -821.7000, -3.4000, 252.4000, -822.9000, -3.4000, 0, 0, 0
L 252.4000, -822.9000, -3.4000, 248.7000, -802.1000, 1.6000, 0, 0, 0
L 248.7000, -802.1000, 1.6000, 238.9000, -779.6000, 6.6000, 0, 0, 0
L 238.9000, -779.6000, 6.6000, 226.4000, -762.3000, 11.6000, 0, 0, 0
L 277.3000, -828.1000, -3.4000, 286.5000, -826.4000, -3.4000, 0, 0, 0
L 286.4000, -825.5000, -3.4000, 286.5000, -826.4000, -3.4000, 0, 0, 0
L 286.4000, -825.5000, -3.4000, 357.9000, -812.8000, -3.4000, 0, 0, 0
L 357.9000, -812.8000, -3.4000, 360.8000, -829.4000, -3.4000, 0, 0, 0
L 360.8000, -829.4000, -3.4000, 349.0000, -831.5000, -3.4000, 0, 0, 0
L 349.0000, -831.5000, -3.4000, 351.4000, -845.0000, -3.4000, 0, 0, 0
L 351.4000, -845.0000, -3.4000, 363.2000, -842.9000, -3.4000, 0, 0, 0
L 363.2000, -842.9000, -3.4000, 367.6000, -867.8000, -3.4000, 0, 0, 0
L 367.6000, -867.8000, -3.4000, 367.6000, -893.2000, -3.4000, 0, 0, 0
L 367.6000, -893.2000, -3.4000, 355.6000, -893.2000, -3.4000, 0, 0, 0
L 355.6000, -893.2000, -3.4000, 355.6000, -906.8000, -3.4000, 0, 0, 0
L 355.6000, -906.8000, -3.4000, 367.6000, -906.8000, -3.4000, 0, 0, 0
L 367.6000, -906.8000, -3.4000, 367.6000, -932.2000, -3.4000, 0, 0, 0
L 367.6000, -932.2000, -3.4000, 363.2000, -957.1000, -3.4000, 0, 0, 0
L 363.2000, -957.1000, -3.4000, 351.4000, -955.0000, -3.4000, 0, 0, 0
L 351.4000, -955.0000, -3.4000, 349.0000, -968.5000, -3.4000, 0, 0, 0
L 349.0000, -968.5000, -3.4000, 360.8000, -970.6000, -3.4000, 0, 0, 0
L 360.8000, -970.6000, -3.4000, 356.4000, -995.5000, -3.4000, 0, 0, 0
L 356.4000, -995.5000, -3.4000, 347.8000, -1019.3000, -3.4000, 0, 0, 0
L 347.8000, -1019.3000, -3.4000, 336.5000, -1015.2000, -3.4000, 0, 0, 0
L 336.5000, -1015.2000, -3.4000, 331.8000, -1028.0000, -3.4000, 0, 0, 0
L 331.8000, -1028.0000, -3.4000, 343.1000, -1032.2000, -3.4000, 0, 0, 0
L 343.1000, -1032.2000, -3.4000, 337.3000, -1048.0000, -3.4000, 0, 0, 0
L 337.3000, -1048.0000, -3.4000, 269.1000, -1023.1000, -3.4000, 0, 0, 0
L 269.1000, -1023.1000, -3.4000, 269.4000, -1022.2000, -3.4000, 0, 0, 0
L 269.4000, -1022.2000, -3.4000, 260.6000, -1019.0000, -3.4000, 0, 0, 0
L 245.0000, -1013.3000, -3.4000, 236.2000, -1010.1000, -3.4000, 0, 0, 0
L 235.8000, -1011.0000, -3.4000, 236.2000, -1010.1000, -3.4000, 0, 0, 0
L 235.8000, -1011.0000, -3.4000, 167.6000, -986.2000, -3.4000, 0, 0, 0
L 167.6000, -986.2000, -3.4000, 172.5000, -972.8000, -3.4000, 0, 0, 0
L 172.5000, -972.8000, -3.4000, 166.8000, -970.7000, -3.4000, 0, 0, 0
L 166.8000, -970.7000, -3.4000, 177.0000, -942.4000, -3.4000, 0, 0, 0
L 177.0000, -942.4000, -3.4000, 182.1000, -940.3000, -3.4000, 0, 0, 0
L 182.1000, -940.3000, -3.4000, 185.5000, -932.1000, -3.4000, 0, 0, 0
L 185.5000, -932.1000, -3.4000, 188.3000, -900.6000, -3.4000, 0, 0, 0
L 188.3000, -900.6000, -3.4000, 186.3000, -891.9000, -3.4000, 0, 0, 0
L 186.3000, -891.9000, -3.4000, 181.6000, -889.0000, -3.4000, 0, 0, 0
L 181.6000, -889.0000, -3.4000, 176.5000, -859.4000, -3.4000, 0, 0, 0
L 176.5000, -859.4000, -3.4000, 182.5000, -858.2000, -3.4000, 0, 0, 0
L 182.5000, -858.2000, -3.4000, 180.1000, -844.2000, -3.4000, 0, 0, 0
L 180.1000, -844.2000, -3.4000, 251.5000, -831.6000, -3.4000, 0, 0, 0
L 251.5000, -831.6000, -3.4000, 251.8000, -832.6000, -3.4000, 0, 0, 0
L 251.8000, -832.6000, -3.4000, 260.9000, -831.0000, -3.4000, 0, 0, 0
L 197.7000, -848.2000, -3.4000, 191.6000, -857.8000, -3.4000, 150, 150, 150
L 197.7000, -848.2000, -3.4000, 218.1000, -843.3000, -3.4000, 150, 150, 150
L 218.1000, -843.3000, -3.4000, 222.3000, -855.2000, -3.4000, 150, 150, 150
L 222.3000, -855.2000, -3.4000, 207.9000, -878.0000, -3.4000, 150, 150, 150
L 207.9000, -878.0000, -3.4000, 193.4000, -878.4000, -3.4000, 150, 150, 150
L 193.4000, -878.4000, -3.4000, 191.6000, -857.8000, -3.4000, 150, 150, 150
L 186.7000, -954.8000, -3.4000, 201.0000, -957.9000, -3.4000, 150, 150, 150
L 201.0000, -957.9000, -3.4000, 211.1000, -982.7000, -3.4000, 150, 150, 150
L 211.1000, -982.7000, -3.4000, 204.9000, -993.7000, -3.4000, 150, 150, 150
L 204.9000, -993.7000, -3.4000, 185.7000, -985.4000, -3.4000, 150, 150, 150
L 185.7000, -985.4000, -3.4000, 181.3000, -974.8000, -3.4000, 150, 150, 150
L 181.3000, -974.8000, -3.4000, 186.7000, -954.8000, -3.4000, 150, 150, 150
L 286.7000, -1025.0000, -3.4000, 289.9000, -1013.4000, -3.4000, 150, 150, 150
L 289.9000, -1013.4000, -3.4000, 323.0000, -999.6000, -3.4000, 150, 150, 150
L 323.0000, -999.6000, -3.4000, 335.5000, -1003.6000, -3.4000, 150, 150, 150
L 335.5000, -1003.6000, -3.4000, 324.8000, -1030.7999, -3.4000, 150, 150, 150
L 324.8000, -1030.7999, -3.4000, 311.7000, -1034.1000, -3.4000, 150, 150, 150
L 311.7000, -1034.1000, -3.4000, 286.7000, -1025.0000, -3.4000, 150, 150, 150
L 348.4000, -856.3000, -3.4000, 335.4000, -858.0000, -3.4000, 150, 150, 150
L 335.4000, -858.0000, -3.4000, 305.2000, -838.6000, -3.4000, 150, 150, 150
L 305.2000, -838.6000, -3.4000, 304.0000, -826.7000, -3.4000, 150, 150, 150
L 304.0000, -826.7000, -3.4000, 330.3000, -822.0000, -3.4000, 150, 150, 150
L 330.3000, -822.0000, -3.4000, 342.5000, -827.6000, -3.4000, 150, 150, 150
L 342.5000, -827.6000, -3.4000, 348.4000, -856.3000, -3.4000, 150, 150, 150
L 330.8000, -864.4000, -3.4000, 333.0000, -924.1000, -3.4000, 0, 0, 255
L 332.2000, -934.1000, -3.4000, 319.7000, -992.6000, -3.4000, 0, 0, 255
L 319.7000, -992.6000, -3.4000, 287.2000, -1006.1000, -3.4000, 0, 0, 255
L 287.1000, -1006.1000, -3.4000, 242.9000, -988.6000, -3.4000, 0, 0, 255
L 233.4000, -985.0000, -3.4000, 217.8000, -978.7000, -3.4000, 0, 0, 255
L 217.8000, -978.7000, -3.4000, 208.2000, -955.3000, -3.4000, 0, 0, 255
L 208.2000, -955.3000, -3.4000, 211.0000, -923.4000, -3.4000, 0, 0, 255
L 212.0000, -913.6000, -3.4000, 214.8000, -881.2000, -3.4000, 0, 0, 255
L 214.8000, -881.2000, -3.4000, 228.1000, -860.5000, -3.4000, 0, 0, 255
L 228.1000, -860.5000, -3.4000, 244.7000, -856.9000, -3.4000, 0, 0, 255
L 254.6000, -854.8000, -3.4000, 301.7000, -845.3000, -3.4000, 0, 0, 255
L 301.7000, -845.3000, -3.4000, 330.8000, -864.4000, -3.4000, 0, 0, 255
L 335.0000, -925.0000, -3.4000, 335.0000, -922.7000, -3.4000, 127, 64, 0
L 335.0000, -922.7000, -3.4000, 342.3000, -922.5000, -3.4000, 127, 64, 0
L 342.3000, -922.5000, -3.4000, 343.4000, -930.0000, -3.4000, 127, 64, 0
L 343.4000, -930.0000, -3.4000, 340.9000, -936.9000, -3.4000, 127, 64, 0
L 340.9000, -936.9000, -3.4000, 334.2000, -935.9000, -3.4000, 127, 64, 0
L 334.2000, -935.9000, -3.4000, 334.1000, -934.5000, -3.4000, 127, 64, 0
L 334.1000, -934.5000, -3.4000, 332.0000, -934.1000, -3.4000, 127, 64, 0
L 332.0000, -934.1000, -3.4000, 325.8000, -931.7000, -0.4000, 127, 64, 0
L 325.8000, -931.7000, -0.4000, 326.0000, -930.6000, -0.4000, 127, 64, 0
L 326.0000, -930.6000, -0.4000, 312.7000, -929.5000, -0.4000, 127, 64, 0
L 312.7000, -929.5000, -0.4000, 312.7000, -930.8000, -0.4000, 127, 64, 0
L 312.7000, -930.8000, -0.4000, 303.0000, -930.9000, -1.4000, 127, 64, 0
L 303.0000, -930.9000, -1.4000, 302.9000, -932.5000, -1.4000, 127, 64, 0
L 302.9000, -932.5000, -1.4000, 296.4000, -932.8000, -3.4000, 127, 64, 0
L 296.4000, -932.8000, -3.4000, 295.6000, -925.6000, -3.4000, 127, 64, 0
L 295.6000, -925.6000, -3.4000, 298.0000, -919.5000, -2.5000, 127, 64, 0
L 298.0000, -919.5000, -2.5000, 304.0000, -920.7000, -1.4000, 127, 64, 0
L 304.0000, -920.7000, -1.4000, 304.1000, -921.9000, -1.4000, 127, 64, 0
L 304.1000, -921.9000, -1.4000, 313.3000, -924.1000, -0.4000, 127, 64, 0
L 313.3000, -924.1000, -0.4000, 313.2000, -925.3000, -0.4000, 127, 64, 0
L 313.2000, -925.3000, -0.4000, 326.2000, -926.4000, -0.4000, 127, 64, 0
L 326.2000, -926.4000, -0.4000, 326.3000, -925.3000, -0.4000, 127, 64, 0
L 326.3000, -925.3000, -0.4000, 335.0000, -925.0000, -1.4000, 127, 64, 0
L 259.6000, -883.4000, -3.4000, 261.7000, -882.8000, -3.4000, 127, 64, 0
L 261.7000, -882.8000, -3.4000, 263.9000, -889.8000, -3.4000, 127, 64, 0
L 263.9000, -889.8000, -3.4000, 257.1000, -892.9000, -3.4000, 127, 64, 0
L 257.1000, -892.9000, -3.4000, 249.7000, -892.8000, -3.4000, 127, 64, 0
L 249.7000, -892.8000, -3.4000, 249.0000, -885.7000, -3.4000, 127, 64, 0
L 249.0000, -885.7000, -3.4000, 250.2000, -885.2000, -3.4000, 127, 64, 0
L 250.2000, -885.2000, -3.4000, 250.0000, -883.4000, -3.4000, 127, 64, 0
L 250.0000, -883.4000, -3.4000, 250.3000, -876.4000, -0.4000, 127, 64, 0
L 250.3000, -876.4000, -0.4000, 251.4000, -876.1000, -0.4000, 127, 64, 0
L 251.4000, -876.1000, -0.4000, 249.1000, -863.0000, -0.4000, 127, 64, 0
L 249.1000, -863.0000, -0.4000, 247.8000, -863.3000, -0.4000, 127, 64, 0
L 247.8000, -863.3000, -0.4000, 244.5000, -856.5000, -3.4000, 127, 64, 0
L 244.5000, -856.5000, -3.4000, 244.3000, -855.6000, -3.4000, 127, 64, 0
L 244.3000, -855.6000, -3.4000, 242.9000, -855.8000, -3.4000, 127, 64, 0
L 242.9000, -855.8000, -3.4000, 241.1000, -848.7000, -3.4000, 127, 64, 0
L 241.1000, -848.7000, -3.4000, 247.7000, -845.8000, -3.4000, 127, 64, 0
L 247.7000, -845.8000, -3.4000, 255.0000, -845.9000, -3.4000, 127, 64, 0
L 255.0000, -845.9000, -3.4000, 255.7000, -853.3000, -3.4000, 127, 64, 0
L 255.7000, -853.3000, -3.4000, 254.5000, -853.5000, -3.4000, 127, 64, 0
L 254.5000, -853.5000, -3.4000, 254.2000, -862.2000, -0.4000, 127, 64, 0
L 254.2000, -862.2000, -0.4000, 253.0000, -862.5000, -0.4000, 127, 64, 0
L 253.0000, -862.5000, -0.4000, 255.7000, -875.7000, -0.4000, 127, 64, 0
L 255.7000, -875.7000, -0.4000, 256.7000, -875.4000, -0.4000, 127, 64, 0
L 256.7000, -875.4000, -0.4000, 259.6000, -883.4000, -3.4000, 127, 64, 0
L 239.3000, -915.7000, -3.4000, 239.4000, -914.4000, -3.4000, 127, 64, 0
L 239.4000, -914.4000, -3.4000, 246.6000, -914.2000, -3.4000, 127, 64, 0
L 246.6000, -914.2000, -3.4000, 247.7000, -921.6000, -3.4000, 127, 64, 0
L 247.7000, -921.6000, -3.4000, 245.5000, -928.7000, -3.4000, 127, 64, 0
L 245.5000, -928.7000, -3.4000, 238.4000, -927.4000, -3.4000, 127, 64, 0
L 238.4000, -927.4000, -3.4000, 238.2000, -926.0000, -3.4000, 127, 64, 0
L 238.2000, -926.0000, -3.4000, 230.3000, -923.4000, -0.4000, 127, 64, 0
L 230.3000, -923.4000, -0.4000, 230.4000, -922.3000, -0.4000, 127, 64, 0
L 230.4000, -922.3000, -0.4000, 216.6000, -921.0000, -0.4000, 127, 64, 0
L 216.6000, -921.0000, -0.4000, 216.6000, -922.0000, -0.4000, 127, 64, 0
L 216.6000, -922.0000, -0.4000, 208.1000, -923.4000, -3.4000, 127, 64, 0
L 208.1000, -923.4000, -3.4000, 208.0000, -924.4000, -3.4000, 127, 64, 0
L 208.0000, -924.4000, -3.4000, 200.9000, -924.9000, -3.4000, 127, 64, 0
L 200.9000, -924.9000, -3.4000, 199.9000, -917.7000, -3.4000, 127, 64, 0
L 199.9000, -917.7000, -3.4000, 202.3000, -910.5000, -3.4000, 127, 64, 0
L 202.3000, -910.5000, -3.4000, 209.1000, -911.3000, -3.4000, 127, 64, 0
L 209.1000, -911.3000, -3.4000, 209.3000, -913.1000, -3.4000, 127, 64, 0
L 209.3000, -913.1000, -3.4000, 217.7000, -915.6000, -0.4000, 127, 64, 0
L 217.7000, -915.6000, -0.4000, 217.4000, -917.1000, -0.4000, 127, 64, 0
L 217.4000, -917.1000, -0.4000, 230.8000, -918.0000, -0.4000, 127, 64, 0
L 230.8000, -918.0000, -0.4000, 230.8000, -916.9000, -0.4000, 127, 64, 0
L 230.8000, -916.9000, -0.4000, 239.3000, -915.7000, -3.4000, 127, 64, 0
L 253.7000, -961.9000, -3.4000, 255.3000, -962.5000, -3.4000, 127, 64, 0
L 255.3000, -962.5000, -3.4000, 258.0000, -956.0000, -3.4000, 127, 64, 0
L 258.0000, -956.0000, -3.4000, 252.1000, -951.7000, -3.4000, 127, 64, 0
L 252.1000, -951.7000, -3.4000, 244.6000, -950.5000, -3.4000, 127, 64, 0
L 244.6000, -950.5000, -3.4000, 242.4000, -957.4000, -3.4000, 127, 64, 0
L 242.4000, -957.4000, -3.4000, 243.9000, -958.1000, -3.4000, 127, 64, 0
L 243.9000, -958.1000, -3.4000, 242.8000, -966.7000, -0.4000, 127, 64, 0
L 242.8000, -966.7000, -0.4000, 243.6000, -966.9000, -0.4000, 127, 64, 0
L 243.6000, -966.9000, -0.4000, 239.0000, -979.4000, -0.4000, 127, 64, 0
L 239.0000, -979.4000, -0.4000, 238.0000, -979.2000, -0.4000, 127, 64, 0
L 238.0000, -979.2000, -0.4000, 232.9000, -986.2000, -3.4000, 127, 64, 0
L 232.9000, -986.2000, -3.4000, 231.5000, -985.7000, -3.4000, 127, 64, 0
L 231.5000, -985.7000, -3.4000, 228.3000, -992.4000, -3.4000, 127, 64, 0
L 228.3000, -992.4000, -3.4000, 234.6000, -996.4000, -3.4000, 127, 64, 0
L 234.6000, -996.4000, -3.4000, 241.8000, -997.5000, -3.4000, 127, 64, 0
L 241.8000, -997.5000, -3.4000, 244.2000, -990.8000, -3.4000, 127, 64, 0
L 244.2000, -990.8000, -3.4000, 242.6000, -990.0000, -3.4000, 127, 64, 0
L 242.6000, -990.0000, -3.4000, 243.8000, -981.3000, -0.4000, 127, 64, 0
L 243.8000, -981.3000, -0.4000, 242.5000, -980.8000, -0.4000, 127, 64, 0
L 242.5000, -980.8000, -0.4000, 247.1000, -968.9000, -0.3000, 127, 64, 0
L 247.1000, -968.9000, -0.3000, 248.6000, -969.1000, -0.4000, 127, 64, 0
L 248.6000, -969.1000, -0.4000, 253.5000, -961.9000, -3.4000, 127, 64, 0
L 252.9000, -963.1000, -3.4000, 284.1000, -975.7000, -3.4000, 0, 0, 255
L 284.1000, -975.7000, -3.4000, 297.3000, -970.4000, -3.4000, 0, 0, 255
L 297.3000, -970.4000, -3.4000, 305.9000, -931.9000, -3.4000, 0, 0, 255
L 306.5000, -921.7000, -3.4000, 305.2000, -882.5000, -3.4000, 0, 0, 255
L 305.2000, -882.5000, -3.4000, 293.2000, -874.7000, -3.4000, 0, 0, 255
L 293.2000, -874.7000, -3.4000, 260.0000, -881.7000, -3.4000, 0, 0, 255
L 250.0000, -883.3000, -3.4000, 243.9000, -884.6000, -3.4000, 0, 0, 255
L 243.9000, -884.6000, -3.4000, 238.5000, -893.2000, -3.4000, 0, 0, 255
L 238.5000, -893.2000, -3.4000, 236.6000, -915.8000, -3.4000, 0, 0, 255
L 235.4000, -925.5000, -3.4000, 233.8000, -948.0000, -3.4000, 0, 0, 255
L 233.8000, -948.0000, -3.4000, 237.6000, -957.4000, -3.4000, 0, 0, 255
L 237.6000, -957.4000, -3.4000, 243.4000, -959.6000, -3.4000, 0, 0, 255
L 260.8000, -915.2000, -3.4000, 262.2000, -913.3000, -3.4000, 0, 0, 0
L 262.2000, -913.3000, -3.4000, 275.1000, -910.6000, -3.4000, 0, 0, 0
L 275.1000, -910.6000, -3.4000, 278.3000, -912.7000, -3.4000, 0, 0, 0
L 278.3000, -912.7000, -3.4000, 278.7000, -924.4000, -3.4000, 0, 0, 0
L 278.7000, -924.4000, -3.4000, 276.2000, -935.8000, -3.4000, 0, 0, 0
L 276.2000, -935.8000, -3.4000, 272.7000, -937.3000, -3.4000, 0, 0, 0
L 272.7000, -937.3000, -3.4000, 260.5000, -932.4000, -3.4000, 0, 0, 0
L 260.5000, -932.4000, -3.4000, 259.5000, -929.8000, -3.4000, 0, 0, 0
L 259.5000, -929.8000, -3.4000, 260.8000, -915.2000, -3.4000, 0, 0, 0
L 260.6000, -1019.0000, -3.4000, 257.3000, -1027.8999, -3.4000, 0, 0, 0
L 257.3000, -1027.8999, -3.4000, 263.8000, -1030.3999, -3.4000, 0, 0, 0
L 263.8000, -1030.3999, -3.4000, 254.6000, -1051.2999, -3.4000, 0, 0, 0
L 254.6000, -1051.2999, -3.4000, 242.0000, -1073.6000, -6.4000, 0, 0, 0
L 242.0000, -1073.6000, -6.4000, 227.2000, -1094.3999, -9.4000, 0, 0, 0
L 227.2000, -1094.3999, -9.4000, 210.1000, -1113.7000, -9.4000, 0, 0, 0
L 210.1000, -1113.7000, -9.4000, 191.5000, -1130.7000, -9.4000, 0, 0, 0
L 191.5000, -1130.7000, -9.4000, 173.4000, -1143.5000, -18.5000, 0, 0, 0
L 173.4000, -1143.5000, -18.5000, 151.7000, -1156.2999, -21.4000, 0, 0, 0
L 151.7000, -1156.2999, -21.4000, 128.4000, -1166.8999, -24.4000, 0, 0, 0
L 128.4000, -1166.8999, -24.4000, 106.9000, -1174.2000, -24.4000, 0, 0, 0
L 106.9000, -1174.2000, -24.4000, 105.0000, -1167.5000, -24.4000, 0, 0, 0
L 105.0000, -1167.5000, -24.4000, 95.8000, -1170.0000, -24.4000, 0, 0, 0
L 95.8000, -1170.0000, -24.4000, 98.2000, -1178.8999, -24.4000, 0, 0, 0
L 99.2000, -1178.7999, -24.4000, 98.2000, -1178.8999, -24.4000, 0, 0, 0
L 99.2000, -1178.7999, -24.4000, 118.0000, -1249.0000, -24.4000, 0, 0, 0
L 118.0000, -1249.0000, -24.4000, 101.8000, -1253.2999, -24.4000, 0, 0, 0
L 101.8000, -1253.2999, -24.4000, 98.6000, -1241.7000, -24.4000, 0, 0, 0
L 98.6000, -1241.7000, -24.4000, 85.4000, -1245.2000, -24.4000, 0, 0, 0
L 85.4000, -1245.2000, -24.4000, 88.5000, -1256.8999, -24.4000, 0, 0, 0
L 88.5000, -1256.8999, -24.4000, 64.1000, -1263.3999, -24.4000, 0, 0, 0
L 64.1000, -1263.3999, -24.4000, 38.9000, -1265.6000, -24.4000, 0, 0, 0
L 38.9000, -1265.6000, -24.4000, 37.8000, -1253.6000, -24.4000, 0, 0, 0
L 37.8000, -1253.6000, -24.4000, 24.2000, -1254.7999, -24.4000, 0, 0, 0
L 24.2000, -1254.7999, -24.4000, 25.2000, -1266.7999, -24.4000, 0, 0, 0
L 25.2000, -1266.7999, -24.4000, -0.0000, -1269.0000, -24.4000, 0, 0, 0
L -0.0000, -1269.0000, -24.4000, -25.2000, -1266.7999, -24.4000, 0, 0, 0
L -25.2000, -1266.7999, -24.4000, -24.2000, -1254.7999, -24.4000, 0, 0, 0
L 91.5000, -1153.8999, -24.4000, 100.4000, -1151.5000, -24.4000, 0, 0, 0
L 100.4000, -1151.5000, -24.4000, 98.5000, -1144.7000, -24.4000, 0, 0, 0
L 98.5000, -1144.7000, -24.4000, 117.2000, -1138.3999, -24.4000, 0, 0, 0
L 117.2000, -1138.3999, -24.4000, 137.8000, -1129.0000, -21.4000, 0, 0, 0
L 137.8000, -1129.0000, -21.4000, 157.3000, -1117.5000, -18.2000, 0, 0, 0
L 157.3000, -1117.5000, -18.2000, 172.5000, -1106.6000, -9.4000, 0, 0, 0
L 172.5000, -1106.6000, -9.4000, 189.0000, -1091.3999, -9.4000, 0, 0, 0
L 189.0000, -1091.3999, -9.4000, 203.2000, -1075.2999, -9.4000, 0, 0, 0
L 203.2000, -1075.2999, -9.4000, 216.6000, -1056.5000, -6.3000, 0, 0, 0
L 216.6000, -1056.5000, -6.3000, 227.1000, -1037.7999, -3.5000, 0, 0, 0
L 227.1000, -1037.7999, -3.5000, 235.2000, -1019.4000, -3.4000, 0, 0, 0
L 235.2000, -1019.4000, -3.4000, 241.8000, -1022.0000, -3.4000, 0, 0, 0
L 241.8000, -1022.0000, -3.4000, 245.0000, -1013.3000, -3.4000, 0, 0, 0
L 91.5000, -1153.8999, -24.4000, 89.1000, -1144.8999, -24.4000, 0, 0, 0
L 90.1000, -1144.6000, -24.4000, 89.1000, -1144.8999, -24.4000, 0, 0, 0
L 90.1000, -1144.6000, -24.4000, 71.3000, -1074.5000, -24.4000, 0, 0, 0
L 71.3000, -1074.5000, -24.4000, 57.5000, -1078.2000, -24.4000, 0, 0, 0
L 55.9000, -1072.2999, -24.4000, 57.5000, -1078.2000, -24.4000, 0, 0, 0
L 55.9000, -1072.2999, -24.4000, 26.8000, -1080.0000, -24.4000, 0, 0, 0
L 26.8000, -1080.0000, -24.4000, 24.3000, -1084.8999, -24.4000, 0, 0, 0
L 24.3000, -1084.8999, -24.4000, 15.8000, -1087.6000, -24.4000, 0, 0, 0
L 15.8000, -1087.6000, -24.4000, -15.8000, -1087.6000, -24.4000, 0, 0, 0
L -15.8000, -1087.6000, -24.4000, -24.3000, -1084.8999, -24.4000, 0, 0, 0
L -24.3000, -1084.8999, -24.4000, -26.8000, -1080.0000, -24.4000, 0, 0, 0
L -26.8000, -1080.0000, -24.4000, -55.9000, -1072.2999, -24.4000, 0, 0, 0
L -37.6000, -1110.2999, -24.4000, 37.6000, -1110.2999, -24.4000, 150, 150, 150
L 37.6000, -1110.2999, -24.4000, 61.6000, -1122.6000, -24.4000, 150, 150, 150
L 61.6000, -1122.6000, -24.4000, 49.0000, -1133.1000, -24.4000, 150, 150, 150
L 49.0000, -1133.1000, -24.4000, 34.0000, -1125.3999, -24.4000, 150, 150, 150
L 34.0000, -1125.3999, -24.4000, -33.9000, -1125.2999, -24.4000, 150, 150, 150
L -18.8000, -1179.8999, -24.4000, -15.7000, -1185.7999, -24.4000, 0, 0, 0
L -15.7000, -1185.7999, -24.4000, 0.0000, -1187.7000, -24.4000, 0, 0, 0
L 0.0000, -1187.7000, -24.4000, 15.7000, -1185.7999, -24.4000, 0, 0, 0
L 15.7000, -1185.7999, -24.4000, 18.8000, -1179.7999, -24.4000, 0, 0, 0
L 18.8000, -1179.7999, -24.4000, 13.7000, -1162.7000, -24.4000, 0, 0, 0
L 13.7000, -1162.7000, -24.4000, 9.4000, -1160.5000, -24.4000, 0, 0, 0
L 9.4000, -1160.5000, -24.4000, -9.4000, -1160.5000, -24.4000, 0, 0, 0
L -13.7000, -1162.7000, -24.4000, -18.8000, -1179.8999, -24.4000, 0, 0, 0
L -9.4000, -1160.5000, -24.4000, -13.7000, -1162.7000, -24.4000, 0, 0, 0
L -56.2000, -1214.3999, -24.4000, -0.1000, -1221.3999, -24.2000, 150, 150, 150
L -0.1000, -1221.3999, -24.2000, 56.2000, -1214.3999, -24.4000, 150, 150, 150
L 56.2000, -1214.3999, -24.4000, 67.0000, -1193.7000, -24.4000, 150, 150, 150
L 67.0000, -1193.7000, -24.4000, 83.1000, -1195.2999, -24.4000, 150, 150, 150
L 83.1000, -1195.2999, -24.4000, 65.7000, -1228.5000, -24.4000, 150, 150, 150
L 65.7000, -1228.5000, -24.4000, -0.2000, -1236.3999, -24.4000, 150, 150, 150
L -0.2000, -1236.3999, -24.4000, -65.7000, -1228.5000, -24.4000, 150, 150, 150
L 71.1000, -1230.5000, -24.4000, 87.5000, -1198.7000, -24.4000, 150, 150, 150
L 87.5000, -1198.7000, -24.4000, 99.5000, -1196.5000, -24.4000, 150, 150, 150
L 99.5000, -1196.5000, -24.4000, 106.4000, -1222.2999, -24.4000, 150, 150, 150
L 106.4000, -1222.2999, -24.4000, 102.0000, -1234.8999, -24.4000, 150, 150, 150
L 102.0000, -1234.8999, -24.4000, 73.9000, -1243.2999, -24.4000, 150, 150, 150
L 73.9000, -1243.2999, -24.4000, 71.1000, -1230.5000, -24.4000, 150, 150, 150
L 64.0000, -1117.5000, -24.4000, 40.2000, -1105.2000, -24.4000, 150, 150, 150
L 40.2000, -1105.2000, -24.4000, 38.4000, -1090.7999, -24.4000, 150, 150, 150
L 38.4000, -1090.7999, -24.4000, 58.7000, -1087.2000, -24.4000, 150, 150, 150
L 58.7000, -1087.2000, -24.4000, 68.9000, -1092.5000, -24.4000, 150, 150, 150
L 68.9000, -1092.5000, -24.4000, 75.5000, -1112.2999, -24.4000, 150, 150, 150
L 75.5000, -1112.2999, -24.4000, 64.0000, -1117.5000, -24.4000, 150, 150, 150
L 6.5000, -348.1000, 17.6000, 6.5000, -349.4000, 16.3000, 150, 150, 150
L 16.9000, -335.3000, 18.6000, 10.7000, -324.6000, 18.6000, 199, 21, 133
L 10.7000, -324.6000, 18.6000, 0.0000, -318.4000, 18.6000, 199, 21, 133
L 16.9000, -335.3000, 18.6000, 8.4000, -349.9000, 18.6000, 199, 21, 133
L 8.4000, -349.9000, 18.6000, 7.3000, -349.9000, 18.6000, 0, 0, 0
L -6.6000, -348.2000, 17.6000, 6.6000, -348.2000, 17.6000, 150, 150, 150
L -240.6000, -302.7000, -2.4000, -261.9000, -305.3000, -2.4000, 0, 0, 0
L -182.8000, -615.7000, 11.6000, -182.8000, -626.4000, 11.6000, 0, 0, 0
L -412.2000, -655.1000, -17.4000, -401.4000, -648.4000, -17.4000, 0, 0, 0
L -6.3000, -353.3000, 12.6000, -10.4000, -353.3000, 12.6000, 0, 0, 0
L -134.5000, -442.0000, -2.4000, -130.4000, -420.9000, -2.4000, 0, 0, 0
L -451.4000, -652.3000, -17.4000, -450.6000, -641.2000, -17.4000, 0, 0, 0
L -307.6000, -425.9000, -2.4000, -316.1000, -429.8000, -2.4000, 0, 0, 0
L -141.5000, -621.3000, 11.6000, -135.4000, -625.5000, 11.6000, 0, 0, 0
L -185.7000, -985.4000, -3.4000, -181.3000, -974.8000, -3.4000, 150, 150, 150
L -8.3000, -288.0000, 12.6000, -8.3000, -278.7000, 12.6000, 0, 0, 0
L -150.1000, -456.6000, -2.4000, -134.5000, -442.0000, -2.4000, 0, 0, 0
L -252.5000, -470.7000, -2.4000, -257.9000, -480.4000, -2.4000, 0, 0, 0
L -148.5000, -327.4000, -2.4000, -167.3000, -317.0000, -2.4000, 0, 0, 0
L -251.5000, -831.6000, -3.4000, -251.8000, -832.6000, -3.4000, 0, 0, 0
L -182.9000, -308.3000, -2.4000, -201.6000, -297.9000, -2.4000, 0, 0, 0
L -238.9000, -779.6000, 6.6000, -226.4000, -762.3000, 11.6000, 0, 0, 0
L -186.3000, -891.9000, -3.4000, -181.6000, -889.0000, -3.4000, 0, 0, 0
L -204.9000, -993.7000, -3.4000, -185.7000, -985.4000, -3.4000, 150, 150, 150
L -148.2000, -643.2000, 11.6000, -162.0000, -633.1000, 11.6000, 0, 0, 0
L -162.0000, -633.1000, 11.6000, -155.7000, -624.5000, 11.6000, 0, 0, 0
L -432.8000, -642.5000, -17.4000, -433.6000, -653.6000, -17.4000, 0, 0, 0
L -155.7000, -751.5000, 11.6000, -162.0000, -742.9000, 11.6000, 0, 0, 0
L -388.9000, -650.6000, -17.4000, -394.7000, -654.4000, -17.4000, 0, 0, 0
L -201.6000, -297.9000, -2.4000, -223.0000, -300.6000, -2.2000, 0, 0, 0
L -218.1000, -843.3000, -3.4000, -222.3000, -855.2000, -3.4000, 150, 150, 150
L -199.9000, -760.3000, 11.6000, -199.9000, -749.7000, 11.6000, 0, 0, 0
L -61.6000, -1122.6000, -24.4000, -49.0000, -1133.1000, -24.4000, 150, 150, 150
L -8.3000, -715.0000, 22.6000, -8.3000, -705.6000, 22.6000, 0, 0, 0
L -16.5000, -321.2000, 12.6000, -24.6000, -335.3000, 12.6000, 0, 0, 0
L -199.9000, -749.7000, 11.6000, -182.8000, -749.7000, 11.6000, 0, 0, 0
L -13.2000, -348.4000, 12.6000, -16.5000, -349.4000, 12.6000, 0, 0, 0
L -172.7000, -326.7000, -2.4000, -188.3000, -318.1000, -2.4000, 0, 0, 0
L -8.3000, -679.2000, 17.6000, -15.3000, -679.2000, 17.6000, 0, 0, 0
L -13.1000, -322.1000, 12.6000, -13.2000, -322.1000, 12.6000, 0, 0, 0
L -277.5000, -319.9000, -2.4000, -270.0000, -328.1000, -2.4000, 0, 0, 0
L -182.5000, -858.2000, -3.4000, -180.1000, -844.2000, -3.4000, 0, 0, 0
L -15.3000, -679.2000, 17.6000, -15.3000, -705.6000, 22.6000, 0, 0, 0
L -38.4000, -1090.7999, -24.4000, -58.7000, -1087.2000, -24.4000, 150, 150, 150
L -270.0000, -328.1000, -2.4000, -283.0000, -340.3000, -2.4000, 0, 0, 0
L -394.0000, -642.6000, -17.4000, -388.9000, -650.6000, -17.4000, 0, 0, 0
L -214.9000, -760.3000, 11.6000, -199.9000, -760.3000, 11.6000, 0, 0, 0
L -180.5000, -713.6000, 11.6000, -165.7000, -698.9000, 11.6000, 150, 150, 150
L -129.1000, -371.3000, -2.4000, -133.1000, -362.8000, -2.4000, 0, 0, 0
L -141.9000, -741.5000, 11.6000, -129.9000, -732.7000, 11.6000, 0, 0, 0
L -167.8000, -760.3000, 11.6000, -155.7000, -751.5000, 11.6000, 0, 0, 0
L -143.2000, -338.8000, -2.4000, -143.5000, -339.0000, -2.4000, 0, 0, 0
L -197.7000, -848.2000, -3.4000, -218.1000, -843.3000, -3.4000, 150, 150, 150
L -186.1000, -717.6000, 11.6000, -180.5000, -713.6000, 11.6000, 150, 150, 150
L -200.1000, -486.0000, -2.4000, -178.9000, -483.4000, -2.4000, 0, 0, 0
L -180.1000, -844.2000, -3.4000, -251.5000, -831.6000, -3.4000, 0, 0, 0
L -286.4000, -825.5000, -3.4000, -286.5000, -826.4000, -3.4000, 0, 0, 0
L -148.2000, -732.9000, 11.6000, -141.9000, -741.5000, 11.6000, 0, 0, 0
L -290.6000, -332.1000, -2.4000, -306.3000, -346.8000, -2.4000, 0, 0, 0
L -297.6000, -449.9000, -2.4000, -296.7000, -449.4000, -2.4000, 0, 0, 0
L -286.4000, -825.5000, -3.4000, -357.9000, -812.8000, -3.4000, 0, 0, 0
L -130.4000, -420.9000, -2.4000, -141.3000, -418.8000, -2.4000, 0, 0, 0
L -141.3000, -418.8000, -2.4000, -137.9000, -401.2000, -2.4000, 0, 0, 0
L -268.0000, -461.8000, -2.4000, -252.5000, -470.7000, -2.4000, 0, 0, 0
L -128.2000, -370.9000, -2.4000, -129.1000, -371.3000, -2.4000, 0, 0, 0
L -316.1000, -429.8000, -2.4000, -319.1000, -423.5000, -2.4000, 0, 0, 0
L -226.5000, -750.6000, 11.6000, -219.0000, -756.0000, 11.6000, 0, 0, 0
L -495.7000, -617.1000, -17.4000, -482.0000, -628.5000, -17.4000, 0, 0, 0
L -137.9000, -401.2000, -2.4000, -127.0000, -403.4000, -2.4000, 0, 0, 0
L -310.3000, -367.8000, -2.4000, -299.4000, -369.9000, -2.4000, 0, 0, 0
L -260.9000, -831.0000, -3.4000, -259.3000, -821.7000, -3.4000, 0, 0, 0
L -519.3000, -611.8000, -17.4000, -502.8000, -625.6000, -17.4000, 0, 0, 0
L -277.3000, -828.1000, -3.4000, -286.5000, -826.4000, -3.4000, 0, 0, 0
L -102.0000, -1234.8999, -24.4000, -73.9000, -1243.2999, -24.4000, 150, 150, 150
L -167.3000, -317.0000, -2.4000, -172.7000, -326.7000, -2.4000, 0, 0, 0
L -129.9000, -732.7000, 11.6000, -129.8000, -732.7000, 11.6000, 0, 0, 0
L -517.9000, -571.0000, -17.4000, -513.6000, -588.3000, -17.4000, 0, 0, 0
L -219.5000, -756.9000, 11.6000, -219.0000, -756.0000, 11.6000, 0, 0, 0
L -143.5000, -339.0000, -2.4000, -144.1000, -339.3000, -2.4000, 0, 0, 0
L -182.8000, -760.3000, 11.6000, -167.8000, -760.3000, 11.6000, 0, 0, 0
L -163.2000, -468.8000, -2.4000, -170.8000, -460.6000, -2.4000, 0, 0, 0
L -176.5000, -859.4000, -3.4000, -182.5000, -858.2000, -3.4000, 0, 0, 0
L -172.5000, -1106.6000, -9.4000, -189.0000, -1091.3999, -9.4000, 0, 0, 0
L -186.6000, -712.0000, 15.0000, -167.5000, -692.9000, 14.9000, 0, 0, 255
L -181.6000, -889.0000, -3.4000, -176.5000, -859.4000, -3.4000, 0, 0, 0
L -162.0000, -742.9000, 11.6000, -148.2000, -732.9000, 11.6000, 0, 0, 0
L -219.5000, -756.9000, 11.6000, -214.9000, -760.3000, 11.6000, 0, 0, 0
L -222.3000, -855.2000, -3.4000, -207.9000, -878.0000, -3.4000, 150, 150, 150
L -101.8000, -1253.2999, -24.4000, -98.6000, -1241.7000, -24.4000, 0, 0, 0
L -90.1000, -1144.6000, -24.4000, -89.1000, -1144.8999, -24.4000, 0, 0, 0
L -106.4000, -1222.2999, -24.4000, -102.0000, -1234.8999, -24.4000, 150, 150, 150
L -263.8000, -1030.3999, -3.4000, -254.6000, -1051.2999, -3.4000, 0, 0, 0
L -254.6000, -1051.2999, -3.4000, -242.0000, -1073.6000, -6.4000, 0, 0, 0
L -203.2000, -1075.2999, -9.4000, -216.6000, -1056.5000, -6.3000, 0, 0, 0
L -87.5000, -1198.7000, -24.4000, -99.5000, -1196.5000, -24.4000, 150, 150, 150
L -178.9000, -483.4000, -2.4000, -163.2000, -468.8000, -2.4000, 0, 0, 0
L -217.8000, -488.2000, -2.4000, -219.2000, -477.1000, -2.4000, 0, 0, 0
L -235.2000, -1019.4000, -3.4000, -241.8000, -1022.0000, -3.4000, 0, 0, 0
L -99.5000, -1196.5000, -24.4000, -106.4000, -1222.2999, -24.4000, 150, 150, 150
L -241.8000, -1022.0000, -3.4000, -245.0000, -1013.3000, -3.4000, 0, 0, 0
L -91.5000, -1153.8999, -24.4000, -89.1000, -1144.8999, -24.4000, 0, 0, 0
L -252.4000, -822.9000, -3.4000, -248.7000, -802.1000, 1.6000, 0, 0, 0
L -227.2000, -1094.3999, -9.4000, -210.1000, -1113.7000, -9.4000, 0, 0, 0
L -71.1000, -1230.5000, -24.4000, -87.5000, -1198.7000, -24.4000, 150, 150, 150
L -99.2000, -1178.7999, -24.4000, -98.2000, -1178.8999, -24.4000, 0, 0, 0
L -360.8000, -829.4000, -3.4000, -349.0000, -831.5000, -3.4000, 0, 0, 0
L -242.0000, -1073.6000, -6.4000, -227.2000, -1094.3999, -9.4000, 0, 0, 0
L -191.5000, -1130.7000, -9.4000, -173.4000, -1143.5000, -18.5000, 0, 0, 0
L -367.6000, -906.8000, -3.4000, -367.6000, -932.2000, -3.4000, 0, 0, 0
L -333.2000, -929.4000, -3.4000, -319.7000, -992.6000, -3.4000, 150, 150, 150
L -260.6000, -1019.0000, -3.4000, -257.3000, -1027.8999, -3.4000, 0, 0, 0
L -349.0000, -831.5000, -3.4000, -351.4000, -845.0000, -3.4000, 0, 0, 0
L -214.8000, -881.2000, -3.4000, -228.4000, -860.1000, -3.4000, 150, 150, 150
L -99.2000, -1178.7999, -24.4000, -118.0000, -1249.0000, -24.4000, 0, 0, 0
L -151.7000, -1156.2999, -21.4000, -128.4000, -1166.8999, -24.4000, 0, 0, 0
L -173.4000, -1143.5000, -18.5000, -151.7000, -1156.2999, -21.4000, 0, 0, 0
L -105.0000, -1167.5000, -24.4000, -95.8000, -1170.0000, -24.4000, 0, 0, 0
L -38.9000, -1265.6000, -24.4000, -37.8000, -1253.6000, -24.4000, 0, 0, 0
L -287.1000, -1006.1000, -3.4000, -217.8000, -978.7000, -3.4000, 150, 150, 150
L -64.1000, -1263.3999, -24.4000, -38.9000, -1265.6000, -24.4000, 0, 0, 0
L -216.6000, -1056.5000, -6.3000, -227.1000, -1037.7999, -3.5000, 0, 0, 0
L -356.4000, -995.5000, -3.4000, -347.8000, -1019.3000, -3.4000, 0, 0, 0
L -355.6000, -893.2000, -3.4000, -355.6000, -906.8000, -3.4000, 0, 0, 0
L -106.9000, -1174.2000, -24.4000, -105.0000, -1167.5000, -24.4000, 0, 0, 0
L -355.6000, -906.8000, -3.4000, -367.6000, -906.8000, -3.4000, 0, 0, 0
L -342.5000, -827.6000, -3.4000, -348.4000, -856.3000, -3.4000, 150, 150, 150
L -330.8000, -864.4000, -3.4000, -333.2000, -929.4000, -3.4000, 150, 150, 150
L -363.2000, -957.1000, -3.4000, -351.4000, -955.0000, -3.4000, 0, 0, 0
L -118.0000, -1249.0000, -24.4000, -101.8000, -1253.2999, -24.4000, 0, 0, 0
L -88.5000, -1256.8999, -24.4000, -64.1000, -1263.3999, -24.4000, 0, 0, 0
L -227.1000, -1037.7999, -3.5000, -235.2000, -1019.4000, -3.4000, 0, 0, 0
L -208.4000, -955.7000, -3.4000, -214.8000, -881.2000, -3.4000, 150, 150, 150
L -360.8000, -970.6000, -3.4000, -356.4000, -995.5000, -3.4000, 0, 0, 0
L -217.8000, -978.7000, -3.4000, -208.4000, -955.7000, -3.4000, 150, 150, 150
L -367.6000, -867.8000, -3.4000, -367.6000, -893.2000, -3.4000, 0, 0, 0
L -347.8000, -1019.3000, -3.4000, -336.5000, -1015.2000, -3.4000, 0, 0, 0
L -336.5000, -1015.2000, -3.4000, -331.8000, -1028.0000, -3.4000, 0, 0, 0
L -351.4000, -955.0000, -3.4000, -349.0000, -968.5000, -3.4000, 0, 0, 0
L -172.5000, -972.8000, -3.4000, -166.8000, -970.7000, -3.4000, 0, 0, 0
L -511.2000, -496.7000, -17.4000, -519.2000, -516.5000, -17.4000, 0, 0, 0
L -420.7000, -467.2000, -17.1000, -421.3000, -478.3000, -17.4000, 0, 0, 0
L -226.4000, -762.3000, 11.6000, -232.0000, -758.2000, 11.6000, 0, 0, 0
L -98.6000, -1241.7000, -24.4000, -85.4000, -1245.2000, -24.4000, 0, 0, 0
L -128.4000, -1166.8999, -24.4000, -106.9000, -1174.2000, -24.4000, 0, 0, 0
L -487.1000, -494.7000, -17.4000, -493.0000, -485.3000, -17.4000, 0, 0, 0
L -37.8000, -1253.6000, -24.4000, -24.2000, -1254.7999, -24.4000, 0, 0, 0
L -351.4000, -845.0000, -3.4000, -363.2000, -842.9000, -3.4000, 0, 0, 0
L -438.2000, -466.0000, -17.1000, -459.7000, -464.5000, -17.4000, 0, 0, 0
L -269.1000, -1023.1000, -3.4000, -269.4000, -1022.2000, -3.4000, 0, 0, 0
L -185.5000, -932.1000, -3.4000, -188.3000, -900.6000, -3.4000, 0, 0, 0
L -301.7000, -845.3000, -3.4000, -330.8000, -864.4000, -3.4000, 150, 150, 150
L -112.5000, -661.3000, 11.6000, -100.7000, -652.7000, 17.6000, 0, 0, 0
L -167.6000, -986.2000, -3.4000, -172.5000, -972.8000, -3.4000, 0, 0, 0
L -232.0000, -758.2000, 11.6000, -226.5000, -750.6000, 11.6000, 0, 0, 0
L -275.7000, -818.8000, -3.4000, -277.3000, -828.1000, -3.4000, 0, 0, 0
L -125.2000, -718.5000, 11.6000, -135.3000, -715.2000, 11.6000, 0, 0, 0
L -115.3000, -688.0000, 11.6000, -119.9000, -673.8000, 11.6000, 0, 0, 0
L -367.6000, -932.2000, -3.4000, -363.2000, -957.1000, -3.4000, 0, 0, 0
L -269.4000, -1022.2000, -3.4000, -260.6000, -1019.0000, -3.4000, 0, 0, 0
L -135.3000, -660.9000, 11.6000, -114.6000, -654.1000, 11.6000, 0, 0, 0
L -331.8000, -1028.0000, -3.4000, -343.1000, -1032.2000, -3.4000, 0, 0, 0
L -363.2000, -842.9000, -3.4000, -367.6000, -867.8000, -3.4000, 0, 0, 0
L -319.1000, -423.5000, -2.4000, -338.3000, -432.5000, -7.4000, 0, 0, 0
L -257.3000, -1027.8999, -3.4000, -263.8000, -1030.3999, -3.4000, 0, 0, 0
L -85.4000, -1245.2000, -24.4000, -88.5000, -1256.8999, -24.4000, 0, 0, 0
L -95.8000, -1170.0000, -24.4000, -98.2000, -1178.8999, -24.4000, 0, 0, 0
L -330.3000, -822.0000, -3.4000, -342.5000, -827.6000, -3.4000, 150, 150, 150
L -245.0000, -1013.3000, -3.4000, -236.2000, -1010.1000, -3.4000, 0, 0, 0
L -367.6000, -893.2000, -3.4000, -355.6000, -893.2000, -3.4000, 0, 0, 0
L -167.4000, -683.2000, 15.0000, -186.6000, -664.0000, 15.1000, 0, 0, 255
L -349.0000, -968.5000, -3.4000, -360.8000, -970.6000, -3.4000, 0, 0, 0
L -337.3000, -1048.0000, -3.4000, -269.1000, -1023.1000, -3.4000, 0, 0, 0
L -182.1000, -940.3000, -3.4000, -185.5000, -932.1000, -3.4000, 0, 0, 0
L -343.1000, -1032.2000, -3.4000, -337.3000, -1048.0000, -3.4000, 0, 0, 0
L -533.9000, -552.9000, -17.4000, -528.7000, -573.7000, -17.4000, 0, 0, 0
L -235.8000, -1011.0000, -3.4000, -236.2000, -1010.1000, -3.4000, 0, 0, 0
L -114.6000, -654.1000, 11.6000, -112.5000, -661.3000, 11.6000, 0, 0, 0
L -210.1000, -1113.7000, -9.4000, -191.5000, -1130.7000, -9.4000, 0, 0, 0
L -166.8000, -970.7000, -3.4000, -177.0000, -942.4000, -3.4000, 0, 0, 0
L -119.9000, -673.8000, 11.6000, -130.0000, -677.1000, 11.6000, 0, 0, 0
L -368.6000, -455.7000, -12.5000, -382.2000, -472.0000, -17.4000, 0, 0, 0
L -177.0000, -942.4000, -3.4000, -182.1000, -940.3000, -3.4000, 0, 0, 0
L -140.1000, -347.8000, -2.4000, -144.1000, -339.3000, -2.4000, 0, 0, 0
L -439.1000, -477.1000, -17.4000, -438.2000, -466.0000, -17.1000, 0, 0, 0
L -170.8000, -460.6000, -2.4000, -157.8000, -448.5000, -2.4000, 0, 0, 0
L -100.4000, -1151.5000, -24.4000, -98.5000, -1144.7000, -24.4000, 0, 0, 0
L -382.2000, -472.0000, -17.4000, -376.9000, -476.5000, -17.4000, 0, 0, 0
L -278.8000, -796.4000, 1.5000, -282.6000, -817.6000, -3.4000, 0, 0, 0
L -73.9000, -1243.2999, -24.4000, -71.1000, -1230.5000, -24.4000, 150, 150, 150
L -251.1000, -744.3000, 11.6000, -263.6000, -761.5000, 6.6000, 0, 0, 0
L -251.8000, -832.6000, -3.4000, -260.9000, -831.0000, -3.4000, 0, 0, 0
L -64.0000, -1117.5000, -24.4000, -40.2000, -1105.2000, -24.4000, 150, 150, 150
L -129.8000, -732.7000, 11.6000, -125.2000, -718.5000, 11.6000, 0, 0, 0
L -157.3000, -1117.5000, -18.2000, -172.5000, -1106.6000, -9.4000, 0, 0, 0
L -319.7000, -992.6000, -3.4000, -287.2000, -1006.1000, -3.4000, 150, 150, 150
L -105.6000, -646.2000, 17.6000, -88.0000, -633.4000, 17.6000, 0, 0, 0
L -477.9000, -475.8000, -17.4000, -472.0000, -485.3000, -17.4000, 0, 0, 0
L -98.5000, -1144.7000, -24.4000, -117.2000, -1138.3999, -24.4000, 0, 0, 0
L -207.9000, -878.0000, -3.4000, -193.4000, -878.4000, -3.4000, 150, 150, 150
L -459.7000, -464.5000, -17.4000, -477.9000, -475.8000, -17.4000, 0, 0, 0
L -524.4000, -591.0000, -17.4000, -519.3000, -611.8000, -17.4000, 0, 0, 0
L -263.6000, -761.5000, 6.6000, -278.8000, -796.4000, 1.5000, 0, 0, 0
L -91.5000, -1153.8999, -24.4000, -100.4000, -1151.5000, -24.4000, 0, 0, 0
L -235.8000, -1011.0000, -3.4000, -167.6000, -986.2000, -3.4000, 0, 0, 0
L -525.9000, -533.0000, -17.4000, -533.9000, -552.9000, -17.4000, 0, 0, 0
L -78.0000, -647.2000, 17.6000, -86.6000, -653.5000, 17.6000, 0, 0, 0
L -382.9000, -483.6000, -17.4000, -390.1000, -477.6000, -17.4000, 0, 0, 0
L -376.9000, -476.5000, -17.4000, -382.9000, -483.6000, -17.4000, 0, 0, 0
L -119.9000, -702.3000, 11.6000, -115.3000, -688.0000, 11.6000, 0, 0, 0
L -228.4000, -860.1000, -3.4000, -301.7000, -845.3000, -3.4000, 150, 150, 150
L -338.3000, -432.5000, -7.4000, -368.6000, -455.7000, -12.5000, 0, 0, 0
L -40.2000, -1105.2000, -24.4000, -38.4000, -1090.7999, -24.4000, 150, 150, 150
L -130.0000, -677.1000, 11.6000, -135.3000, -660.9000, 11.6000, 0, 0, 0
L -197.7000, -848.2000, -3.4000, -191.6000, -857.8000, -3.4000, 150, 150, 150
L -143.2000, -338.8000, -2.4000, -148.5000, -327.4000, -2.4000, 0, 0, 0
L -502.8000, -625.6000, -17.4000, -495.7000, -617.1000, -17.4000, 0, 0, 0
L -157.8000, -448.5000, -2.4000, -150.1000, -456.6000, -2.4000, 0, 0, 0
L -389.4000, -476.8000, -17.4000, -390.1000, -477.6000, -17.4000, 0, 0, 0
L -100.7000, -652.7000, 17.6000, -105.6000, -646.2000, 17.6000, 0, 0, 0
L -472.0000, -485.3000, -17.4000, -487.1000, -494.7000, -17.4000, 0, 0, 0
L -117.2000, -1138.3999, -24.4000, -137.8000, -1129.0000, -21.4000, 0, 0, 0
L -182.8000, -749.7000, 11.6000, -182.8000, -760.3000, 11.6000, 0, 0, 0
L -304.0000, -826.7000, -3.4000, -330.3000, -822.0000, -3.4000, 150, 150, 150
L -519.2000, -516.5000, -17.4000, -508.9000, -520.7000, -17.4000, 0, 0, 0
L -88.0000, -633.4000, 17.6000, -78.0000, -647.2000, 17.6000, 0, 0, 0
L -493.0000, -485.3000, -17.4000, -511.2000, -496.7000, -17.4000, 0, 0, 0
L -127.0000, -403.4000, -2.4000, -122.9000, -382.4000, -2.4000, 0, 0, 0
L -188.3000, -900.6000, -3.4000, -186.3000, -891.9000, -3.4000, 0, 0, 0
L -130.1000, -698.9000, 11.6000, -119.9000, -702.3000, 11.6000, 0, 0, 0
L -389.4000, -476.8000, -17.4000, -399.2000, -468.7000, -17.4000, 0, 0, 0
L -508.9000, -520.7000, -17.4000, -515.6000, -537.2000, -17.4000, 0, 0, 0
L -515.6000, -537.2000, -17.4000, -525.9000, -533.0000, -17.4000, 0, 0, 0
L -282.6000, -817.6000, -3.4000, -275.7000, -818.8000, -3.4000, 0, 0, 0
L -513.6000, -588.3000, -17.4000, -524.4000, -591.0000, -17.4000, 0, 0, 0
L -188.3000, -318.1000, -2.4000, -182.9000, -308.3000, -2.4000, 0, 0, 0
L -421.3000, -478.3000, -17.4000, -439.1000, -477.1000, -17.4000, 0, 0, 0
L -259.3000, -821.7000, -3.4000, -252.4000, -822.9000, -3.4000, 0, 0, 0
L -223.0000, -300.6000, -2.2000, -221.5000, -311.6000, -2.4000, 0, 0, 0
L -18.5000, -288.0000, 12.6000, -8.3000, -288.0000, 12.6000, 0, 0, 0
L -450.6000, -641.2000, -17.4000, -432.8000, -642.5000, -17.4000, 0, 0, 0
L -58.7000, -1087.2000, -24.4000, -68.9000, -1092.5000, -24.4000, 150, 150, 150
L -261.9000, -305.3000, -2.4000, -277.5000, -319.9000, -2.4000, 0, 0, 0
L -312.5000, -417.8000, -2.4000, -311.6000, -417.4000, -2.4000, 0, 0, 0
L -131.5000, -536.5000, 17.6000, -112.0000, -536.5000, 17.6000, 0, 0, 0
L -161.7000, -682.8000, 11.6000, -165.7000, -677.2000, 11.6000, 150, 150, 150
L -216.9000, -698.9000, 11.6000, -203.1000, -712.8000, 11.6000, 150, 150, 150
L -347.5000, -528.5000, -17.4000, -352.7000, -507.7000, -17.4000, 0, 0, 0
L -313.8000, -385.3000, -2.4000, -317.9000, -406.3000, -2.4000, 0, 0, 0
L -482.0000, -628.5000, -17.4000, -489.2000, -637.1000, -17.4000, 0, 0, 0
L -247.5000, -735.3000, 11.6000, -240.0000, -740.8000, 11.6000, 0, 0, 0
L -370.2000, -494.3000, -17.4000, -364.1000, -487.1000, -17.4000, 0, 0, 0
L -122.9000, -382.4000, -2.4000, -128.2000, -370.9000, -2.4000, 0, 0, 0
L -135.4000, -625.5000, 11.6000, -148.2000, -643.2000, 11.6000, 0, 0, 0
L -161.7000, -693.2000, 11.6000, -161.7000, -682.8000, 11.6000, 150, 150, 150
L -358.3000, -531.2000, -17.4000, -347.5000, -528.5000, -17.4000, 0, 0, 0
L -305.2000, -838.6000, -3.4000, -304.0000, -826.7000, -3.4000, 150, 150, 150
L -107.5000, -606.6000, 17.6000, -125.1000, -619.4000, 17.6000, 0, 0, 0
L -215.4000, -692.7000, 15.1000, -196.1000, -712.0000, 15.0000, 0, 0, 255
L -67.0000, -1193.7000, -24.4000, -83.1000, -1195.2999, -24.4000, 150, 150, 150
L -402.0000, -647.5000, -17.4000, -394.0000, -642.6000, -17.4000, 0, 0, 0
L -221.5000, -311.6000, -2.4000, -239.2000, -313.8000, -2.4000, 0, 0, 0
L -399.2000, -468.7000, -17.4000, -420.7000, -467.2000, -17.1000, 0, 0, 0
L -125.4000, -498.0000, 17.6000, -125.2000, -498.3000, 17.6000, 0, 0, 0
L -239.2000, -313.8000, -2.4000, -240.6000, -302.7000, -2.4000, 0, 0, 0
L -15.3000, -278.7000, 12.6000, -8.3000, -278.7000, 12.6000, 0, 0, 0
L -283.0000, -340.3000, -2.4000, -290.6000, -332.1000, -2.4000, 0, 0, 0
L -401.4000, -648.4000, -17.4000, -402.0000, -647.5000, -17.4000, 0, 0, 0
L -345.0000, -475.2000, -12.4000, -325.5000, -460.3000, -7.4000, 0, 0, 0
L -125.1000, -619.4000, 17.6000, -129.8000, -612.7000, 17.6000, 0, 0, 0
L -129.8000, -612.7000, 17.6000, -141.5000, -621.3000, 11.6000, 0, 0, 0
L -240.0000, -740.8000, 11.6000, -245.5000, -748.4000, 11.6000, 0, 0, 0
L -343.2000, -545.8000, -17.4000, -353.9000, -548.5000, -17.4000, 0, 0, 0
L -306.3000, -346.8000, -2.4000, -310.3000, -367.8000, -2.4000, 0, 0, 0
L -189.0000, -1091.3999, -9.4000, -203.2000, -1075.2999, -9.4000, 0, 0, 0
L -248.7000, -802.1000, 1.6000, -238.9000, -779.6000, 6.6000, 0, 0, 0
L -56.9000, -327.2000, 12.6000, -56.9000, -320.2000, 12.6000, 0, 0, 0
L -165.7000, -698.9000, 11.6000, -161.7000, -693.2000, 11.6000, 150, 150, 150
L -248.1000, -736.1000, 11.6000, -247.5000, -735.3000, 11.6000, 0, 0, 0
L -137.8000, -1129.0000, -21.4000, -157.3000, -1117.5000, -18.2000, 0, 0, 0
L -528.7000, -573.7000, -17.4000, -517.9000, -571.0000, -17.4000, 0, 0, 0
L -299.4000, -369.9000, -2.4000, -302.8000, -387.4000, -2.4000, 0, 0, 0
L -196.1000, -664.1000, 15.1000, -215.1000, -683.1000, 14.9000, 0, 0, 255
L -472.8000, -650.8000, -17.4000, -451.4000, -652.3000, -17.4000, 0, 0, 0
L -302.8000, -387.4000, -2.4000, -313.8000, -385.3000, -2.4000, 0, 0, 0
L -335.4000, -858.0000, -3.4000, -305.2000, -838.6000, -3.4000, 150, 150, 150
L -362.4000, -499.6000, -17.4000, -363.0000, -500.3000, -17.4000, 0, 0, 0
L -311.6000, -417.4000, -2.4000, -307.6000, -425.9000, -2.4000, 0, 0, 0
L -135.3000, -715.2000, 11.6000, -130.1000, -698.9000, 11.6000, 0, 0, 0
L -167.5000, -692.9000, 14.9000, -167.4000, -683.2000, 15.0000, 0, 0, 255
L -196.6000, -717.6000, 11.6000, -186.1000, -717.6000, 11.6000, 150, 150, 150
L -99.0000, -461.6000, 17.6000, -83.3000, -473.1000, 17.6000, 0, 0, 0
L -17.7000, -121.7000, 2.6000, -17.7000, -122.7000, 2.6000, 0, 0, 0
L -182.8000, -626.4000, 11.6000, -199.9000, -626.4000, 11.6000, 0, 0, 0
L -56.2000, -1214.3999, -24.4000, -67.0000, -1193.7000, -24.4000, 150, 150, 150
L -131.5000, -561.5000, 17.6000, -131.4000, -591.7000, 17.6000, 0, 0, 0
L -125.2000, -498.3000, 17.6000, -131.5000, -536.5000, 17.6000, 0, 0, 0
L -215.1000, -683.1000, 14.9000, -215.4000, -692.7000, 15.1000, 0, 0, 255
L -17.7000, -122.7000, 2.6000, -8.3000, -122.7000, 2.6000, 0, 0, 0
L -245.5000, -748.4000, 11.6000, -251.1000, -744.3000, 11.6000, 0, 0, 0
L -353.9000, -548.5000, -17.4000, -358.3000, -531.2000, -17.4000, 0, 0, 0
L -252.8000, -732.7000, 11.6000, -248.1000, -736.1000, 11.6000, 0, 0, 0
L -433.6000, -653.6000, -17.4000, -412.2000, -655.1000, -17.4000, 0, 0, 0
L -131.4000, -591.7000, 17.6000, -126.1000, -599.1000, 17.6000, 0, 0, 0
L -167.8000, -615.7000, 11.6000, -182.8000, -615.7000, 11.6000, 0, 0, 0
L -226.9000, -624.5000, 11.6000, -220.7000, -633.1000, 11.6000, 0, 0, 0
L -8.3000, -113.3000, 2.6000, -8.3000, -122.7000, 2.6000, 0, 0, 0
L -117.5000, -592.8000, 17.6000, -107.5000, -606.6000, 17.6000, 0, 0, 0
L -112.0000, -561.5000, 17.6000, -131.5000, -561.5000, 17.6000, 0, 0, 0
L -352.7000, -507.7000, -17.4000, -362.4000, -499.6000, -17.4000, 0, 0, 0
L -346.0000, -586.5000, -17.4000, -338.0000, -566.6000, -17.4000, 0, 0, 0
L -273.1000, -471.9000, -1.5000, -268.0000, -461.8000, -2.4000, 0, 0, 0
L -15.3000, -113.3000, 2.6000, -8.3000, -113.3000, 2.6000, 0, 0, 0
L -489.2000, -637.1000, -17.4000, -472.8000, -650.8000, -17.4000, 0, 0, 0
L -221.0000, -682.8000, 11.6000, -220.9000, -693.2000, 11.6000, 150, 150, 150
L -35.7000, -227.7000, 2.6000, -38.3000, -225.0000, 2.6000, 0, 0, 0
L -38.5000, -144.8000, 2.6000, -38.3000, -124.3000, 2.6000, 0, 0, 0
L -126.1000, -599.1000, 17.6000, -117.5000, -592.8000, 17.6000, 0, 0, 0
L -254.6000, -727.2000, 11.6000, -252.8000, -732.7000, 11.6000, 0, 0, 0
L -364.1000, -487.1000, -17.4000, -358.8000, -491.6000, -17.4000, 0, 0, 0
L -17.7000, -227.7000, 2.6000, -35.7000, -227.7000, 2.6000, 0, 0, 0
L -317.9000, -406.3000, -2.4000, -312.5000, -417.8000, -2.4000, 0, 0, 0
L -234.5000, -643.2000, 11.6000, -240.7000, -634.5000, 11.6000, 0, 0, 0
L -97.9000, -493.3000, 17.6000, -113.7000, -481.8000, 17.6000, 0, 0, 0
L -220.9000, -693.2000, 11.6000, -216.9000, -698.9000, 11.6000, 150, 150, 150
L -24.6000, -335.3000, 12.6000, -16.5000, -349.4000, 12.6000, 0, 0, 0
L -214.8000, -615.7000, 11.6000, -226.9000, -624.5000, 11.6000, 0, 0, 0
L -239.1000, -490.8000, -2.4000, -217.8000, -488.2000, -2.4000, 0, 0, 0
L -155.7000, -624.5000, 11.6000, -167.8000, -615.7000, 11.6000, 0, 0, 0
L -363.0000, -500.3000, -17.4000, -370.2000, -494.3000, -17.4000, 0, 0, 0
L -203.1000, -712.8000, 11.9000, -196.6000, -717.6000, 11.6000, 150, 150, 150
L -358.8000, -491.6000, -17.4000, -345.0000, -475.2000, -12.4000, 0, 0, 0
L -63.3000, -162.4000, 2.6000, -38.5000, -144.8000, 2.6000, 0, 0, 0
L -338.0000, -566.6000, -17.4000, -343.2000, -545.8000, -17.4000, 0, 0, 0
L -8.3000, -226.7000, 2.6000, -17.7000, -226.7000, 2.6000, 0, 0, 0
L -38.3000, -225.0000, 2.6000, -38.5000, -204.6000, 2.6000, 0, 0, 0
L -112.0000, -536.5000, 17.6000, -112.0000, -561.5000, 17.6000, 0, 0, 0
L -254.6000, -727.2000, 11.6000, -253.7000, -726.8000, 11.6000, 0, 0, 0
L -35.7000, -121.7000, 2.6000, -17.7000, -121.7000, 2.6000, 0, 0, 0
L -17.7000, -227.7000, 2.6000, -17.7000, -226.7000, 2.6000, 0, 0, 0
L -46.5000, -446.3000, 17.6000, -52.5000, -427.8000, 17.6000, 0, 0, 0
L -360.7000, -622.9000, -17.4000, -352.7000, -603.0000, -17.4000, 0, 0, 0
L -52.5000, -427.8000, 17.6000, -81.3000, -437.2000, 17.6000, 0, 0, 0
L -220.7000, -633.1000, 11.6000, -234.5000, -643.2000, 11.6000, 0, 0, 0
L -15.3000, -392.4000, 12.6000, -15.3000, -418.8000, 17.6000, 0, 0, 0
L -8.3000, -669.8000, 17.6000, -8.3000, -679.2000, 17.6000, 0, 0, 0
L -15.3000, -705.6000, 22.6000, -8.3000, -705.6000, 22.6000, 0, 0, 0
L -309.1000, -444.9000, -2.4000, -300.6000, -440.9000, -2.4000, 0, 0, 0
L -319.6000, -721.5000, 7.0000, -290.5000, -729.7000, 9.8000, 0, 0, 0
L -38.3000, -124.3000, 2.6000, -35.7000, -121.7000, 2.6000, 0, 0, 0
L -8.3000, -418.8000, 17.6000, -8.3000, -428.2000, 17.6000, 0, 0, 0
L -83.3000, -473.1000, 17.6000, -97.9000, -493.3000, 17.6000, 0, 0, 0
L -379.9000, -633.8000, -17.4000, -372.0000, -628.8000, -17.4000, 0, 0, 0
L -63.3000, -187.0000, 2.6000, -63.3000, -162.4000, 2.6000, 0, 0, 0
L -292.2000, -461.4000, -2.4000, -273.1000, -471.9000, -1.5000, 0, 0, 0
L -186.2000, -658.4000, 11.6000, -196.5000, -658.4000, 11.6000, 150, 150, 150
L -13.2000, -322.2000, 12.6000, -13.2000, -322.1000, 12.6000, 0, 0, 0
L -394.7000, -654.4000, -17.4000, -380.9000, -673.0000, -13.6000, 0, 0, 0
L -75.5000, -1112.2999, -24.4000, -64.0000, -1117.5000, -24.4000, 150, 150, 150
L -214.2000, -397.5000, 4.0000, -217.1000, -400.4000, 4.0000, 0, 204, 0
L -199.9000, -626.4000, 11.6000, -199.9000, -615.7000, 11.6000, 0, 0, 0
L -356.3000, -582.3000, -17.4000, -346.0000, -586.5000, -17.4000, 0, 0, 0
L -227.8000, -397.5000, 4.0000, -228.8000, -393.6000, 4.0000, 0, 204, 0
L -18.6000, -383.0000, 12.6000, -8.3000, -383.0000, 12.6000, 0, 0, 0
L -202.2000, -662.5000, 11.6000, -216.9000, -677.1000, 11.6000, 150, 150, 150
L -286.7000, -1025.0000, -3.4000, -289.9000, -1013.4000, -3.4000, 150, 150, 150
L -199.9000, -615.7000, 11.6000, -214.8000, -615.7000, 11.6000, 0, 0, 0
L -38.5000, -204.6000, 2.6000, -63.3000, -187.0000, 2.6000, 0, 0, 0
L -10.7000, -324.6000, 18.6000, 0.0000, -318.4000, 18.6000, 199, 21, 133
L -38.7000, -369.2000, 12.6000, -35.9000, -366.4000, 12.6000, 0, 0, 0
L -300.6000, -440.9000, -2.4000, -296.7000, -449.4000, -2.4000, 0, 0, 0
L -83.1000, -1195.2999, -24.4000, -65.7000, -1228.5000, -24.4000, 150, 150, 150
L -290.5000, -729.7000, 9.8000, -264.3000, -727.5000, 11.6000, 0, 0, 0
L -30.7000, -371.7000, 12.6000, -33.4000, -374.5000, 12.6000, 0, 0, 0
L -289.9000, -1013.4000, -3.4000, -323.0000, -999.6000, -3.4000, 150, 150, 150
L -8.4000, -349.9000, 18.6000, -7.3000, -349.9000, 18.6000, 0, 0, 0
L -375.0000, -641.5000, -17.4000, -379.9000, -633.8000, -17.4000, 0, 0, 0
L -342.4000, -707.9000, 1.0000, -319.6000, -721.5000, 7.0000, 0, 0, 0
L -33.4000, -374.5000, 12.6000, -18.6000, -383.0000, 12.6000, 0, 0, 0
L -306.2000, -451.3000, -2.4000, -309.1000, -444.9000, -2.4000, 0, 0, 0
L -257.9000, -480.4000, -2.4000, -239.1000, -490.8000, -2.4000, 0, 0, 0
L -37.6000, -1110.2999, -24.4000, -61.6000, -1122.6000, -24.4000, 150, 150, 150
L -49.0000, -1133.1000, -24.4000, -34.0000, -1125.3999, -24.4000, 150, 150, 150
L -16.9000, -335.3000, 18.6000, -10.7000, -324.6000, 18.6000, 199, 21, 133
L -348.4000, -856.3000, -3.4000, -335.4000, -858.0000, -3.4000, 150, 150, 150
L -371.4000, -629.6000, -17.4000, -372.0000, -628.8000, -17.4000, 0, 0, 0
L -363.0000, -598.9000, -17.4000, -356.3000, -582.3000, -17.4000, 0, 0, 0
L -81.3000, -437.2000, 17.6000, -99.0000, -461.6000, 17.6000, 0, 0, 0
L -181.3000, -974.8000, -3.4000, -186.7000, -954.8000, -3.4000, 150, 150, 150
L -113.7000, -481.8000, 17.6000, -125.4000, -498.0000, 17.6000, 0, 0, 0
L -311.7000, -1034.1000, -3.4000, -286.7000, -1025.0000, -3.4000, 150, 150, 150
L -196.5000, -658.4000, 11.6000, -202.2000, -662.5000, 11.6000, 150, 150, 150
L -115.3000, -328.5000, 2.5000, -134.6000, -337.5000, -2.4000, 0, 0, 0
L -240.7000, -634.5000, 11.6000, -252.8000, -643.3000, 11.6000, 0, 0, 0
L -6.5000, -348.1000, 17.6000, -6.5000, -349.4000, 16.3000, 150, 150, 150
L -186.7000, -954.8000, -3.4000, -201.0000, -957.9000, -3.4000, 150, 150, 150
L -438.9000, -567.6000, -11.0000, -441.8000, -564.7000, -11.0000, 240, 240, 0
L -217.1000, -386.8000, 4.0000, -214.2000, -389.7000, 4.0000, 0, 204, 0
L -431.1000, -567.6000, -11.0000, -435.0000, -568.6000, -11.0000, 240, 240, 0
L -262.7000, -673.8000, 11.6000, -267.3000, -688.1000, 11.6000, 0, 0, 0
L -216.9000, -677.1000, 11.6000, -221.0000, -682.8000, 11.6000, 150, 150, 150
L -352.7000, -603.0000, -17.4000, -363.0000, -598.9000, -17.4000, 0, 0, 0
L -47.5000, -343.9000, 12.6000, -47.5000, -354.1000, 12.6000, 0, 0, 0
L -335.5000, -1003.6000, -3.4000, -324.8000, -1030.7999, -3.4000, 150, 150, 150
L -371.4000, -629.6000, -17.4000, -360.7000, -622.9000, -17.4000, 0, 0, 0
L -257.5000, -657.6000, 11.6000, -247.3000, -660.9000, 11.6000, 0, 0, 0
L -17.7000, -427.2000, 17.6000, -17.7000, -428.2000, 17.6000, 0, 0, 0
L -35.9000, -366.4000, 12.6000, -30.7000, -371.7000, 12.6000, 0, 0, 0
L -17.7000, -427.2000, 17.6000, -26.5000, -427.2000, 17.6000, 0, 0, 0
L -15.3000, -418.8000, 17.6000, -8.3000, -418.8000, 17.6000, 0, 0, 0
L -56.9000, -320.2000, 12.6000, -78.1000, -320.2000, 7.6000, 0, 0, 0
L -8.3000, -428.2000, 17.6000, -17.7000, -428.2000, 17.6000, 0, 0, 0
L -81.3000, -660.8000, 17.6000, -52.5000, -670.2000, 17.6000, 0, 0, 0
L -221.0000, -401.4000, 4.0000, -224.9000, -400.4000, 4.0000, 0, 204, 0
L -264.3000, -727.5000, 11.6000, -266.0000, -720.9000, 11.6000, 0, 0, 0
L -431.1000, -554.0000, -11.0000, -428.2000, -556.9000, -11.0000, 240, 240, 0
L -131.6000, -343.8000, -2.4000, -140.1000, -347.8000, -2.4000, 0, 0, 0
L -22.7000, -659.4000, 17.6000, -26.5000, -670.8000, 17.6000, 0, 0, 0
L -325.5000, -460.3000, -7.5000, -306.2000, -451.3000, -2.4000, 0, 0, 0
L -16.9000, -335.3000, 18.6000, -8.4000, -349.9000, 18.6000, 199, 21, 133
L -247.3000, -660.9000, 11.6000, -252.6000, -677.1000, 11.6000, 0, 0, 0
L -56.9000, -343.9000, 12.6000, -47.5000, -343.9000, 12.6000, 0, 0, 0
L -256.6000, -718.0000, 11.6000, -253.7000, -726.8000, 11.6000, 0, 0, 0
L -435.0000, -568.6000, -11.0000, -438.9000, -567.6000, -11.0000, 240, 240, 0
L -224.9000, -400.4000, 4.0000, -227.8000, -397.5000, 4.0000, 0, 204, 0
L -86.6000, -653.5000, 17.6000, -81.3000, -660.8000, 17.6000, 0, 0, 0
L -133.1000, -362.8000, -2.4000, -124.6000, -358.9000, -2.4000, 0, 0, 0
L -264.6000, -693.2000, 11.6000, -261.7000, -702.2000, 11.6000, 0, 0, 0
L -323.0000, -999.6000, -3.4000, -335.5000, -1003.6000, -3.4000, 150, 150, 150
L -252.6000, -677.1000, 11.6000, -262.7000, -673.8000, 11.6000, 0, 0, 0
L -380.9000, -673.0000, -13.6000, -362.8000, -691.7000, -6.0000, 0, 0, 0
L -442.8000, -560.8000, -11.0000, -441.8000, -556.9000, -11.0000, 240, 240, 0
L -362.8000, -691.7000, -6.0000, -342.4000, -707.9000, 1.0000, 0, 0, 0
L -68.9000, -1092.5000, -24.4000, -75.5000, -1112.2999, -24.4000, 150, 150, 150
L -213.2000, -393.6000, 4.0000, -214.2000, -397.5000, 4.0000, 0, 204, 0
L -8.3000, -383.0000, 12.6000, -8.3000, -392.4000, 12.6000, 0, 0, 0
L -252.8000, -643.3000, 11.6000, -257.5000, -657.6000, 11.6000, 0, 0, 0
L -47.5000, -354.1000, 12.6000, -38.7000, -369.2000, 12.6000, 0, 0, 0
L -78.3000, -350.9000, 7.5000, -56.9000, -350.9000, 12.6000, 0, 0, 0
L -56.9000, -350.9000, 12.6000, -56.9000, -343.9000, 12.6000, 0, 0, 0
L -90.1000, -1144.6000, -24.4000, -71.3000, -1074.5000, -24.4000, 0, 0, 0
L -8.3000, -392.4000, 12.6000, -15.3000, -392.4000, 12.6000, 0, 0, 0
L -71.3000, -1074.5000, -24.4000, -57.5000, -1078.2000, -24.4000, 0, 0, 0
L -441.8000, -564.7000, -11.0000, -442.8000, -560.8000, -11.0000, 240, 240, 0
L -121.6000, -365.2000, -2.4000, -102.3000, -356.2000, 2.6000, 0, 0, 0
L -102.3000, -356.2000, 2.6000, -78.3000, -350.9000, 7.5000, 0, 0, 0
L -342.2000, -669.0000, -6.6000, -357.4000, -653.3000, -13.6000, 0, 0, 0
L -441.8000, -556.9000, -11.0000, -438.9000, -554.0000, -11.0000, 240, 240, 0
L -55.9000, -1072.2999, -24.4000, -57.1000, -1076.8999, -24.4000, 0, 0, 0
L -52.5000, -670.2000, 17.6000, -46.5000, -651.7000, 17.6000, 0, 0, 0
L -46.5000, -651.7000, 17.6000, -22.7000, -659.4000, 17.6000, 0, 0, 0
L -227.8000, -389.7000, 4.0000, -224.9000, -386.8000, 4.0000, 0, 204, 0
L -193.4000, -878.4000, -3.4000, -191.6000, -857.8000, -3.4000, 150, 150, 150
L -325.0000, -682.6000, 0.2000, -342.2000, -669.0000, -6.0000, 0, 0, 0
L -18.5000, -288.0000, 12.6000, -33.0000, -296.4000, 12.6000, 0, 0, 0
L -288.0000, -699.2000, 9.7000, -305.8000, -694.1000, 7.1000, 0, 0, 0
L -211.1000, -982.7000, -3.4000, -204.9000, -993.7000, -3.4000, 150, 150, 150
L -17.7000, -670.8000, 17.6000, -17.7000, -669.8000, 17.6000, 0, 0, 0
L -47.5000, -318.9000, 12.6000, -47.5000, -327.2000, 12.6000, 0, 0, 0
L -428.2000, -564.7000, -11.0000, -431.1000, -567.6000, -11.0000, 240, 240, 0
L -267.3000, -688.1000, 11.6000, -265.6000, -693.5000, 11.6000, 0, 0, 0
L -428.2000, -556.9000, -11.0000, -427.2000, -560.8000, -11.0000, 240, 240, 0
L -427.2000, -560.8000, -11.0000, -428.2000, -564.7000, -11.0000, 240, 240, 0
L -357.4000, -653.3000, -13.6000, -369.1000, -637.7000, -17.4000, 0, 0, 0
L -438.9000, -554.0000, -11.0000, -435.0000, -553.0000, -11.0000, 240, 240, 0
L -270.2000, -704.8000, 11.6000, -272.0000, -697.9000, 11.6000, 0, 0, 0
L -134.6000, -337.5000, -2.4000, -131.6000, -343.8000, -2.4000, 0, 0, 0
L -38.8000, -301.8000, 12.6000, -47.5000, -317.0000, 12.6000, 0, 0, 0
L -305.8000, -694.1000, 6.9000, -325.0000, -682.6000, 1.2000, 0, 0, 0
L -357.9000, -812.8000, -3.4000, -360.8000, -829.4000, -3.4000, 0, 0, 0
L -124.6000, -358.9000, -2.4000, -121.6000, -365.2000, -2.4000, 0, 0, 0
L -217.1000, -400.4000, 4.0000, -221.0000, -401.4000, 4.0000, 0, 204, 0
L -165.7000, -677.2000, 11.6000, -181.4000, -661.5000, 11.6000, 150, 150, 150
L -214.2000, -389.7000, 4.0000, -213.2000, -393.6000, 4.0000, 0, 204, 0
L -221.0000, -385.8000, 4.0000, -217.1000, -386.8000, 4.0000, 0, 204, 0
L -13.2000, -322.1000, 12.6000, -16.5000, -321.2000, 12.6000, 0, 0, 0
L -35.9000, -304.7000, 12.6000, -30.3000, -299.1000, 12.6000, 0, 0, 0
L -369.1000, -637.7000, -17.4000, -375.0000, -641.5000, -17.4000, 0, 0, 0
L -181.4000, -661.5000, 11.6000, -186.2000, -658.4000, 11.6000, 150, 150, 150
L -261.7000, -702.2000, 11.6000, -270.2000, -704.8000, 11.6000, 0, 0, 0
L -78.1000, -320.2000, 7.6000, -115.3000, -328.5000, 2.5000, 0, 0, 0
L -47.5000, -317.0000, 12.6000, -47.5000, -318.9000, 12.6000, 0, 0, 0
L -26.5000, -670.8000, 17.6000, -17.7000, -670.8000, 17.6000, 0, 0, 0
L -272.0000, -697.9000, 11.6000, -288.0000, -699.2000, 9.8000, 0, 0, 0
L -38.8000, -301.8000, 12.6000, -35.9000, -304.7000, 12.6000, 0, 0, 0
L -201.0000, -957.9000, -3.4000, -211.1000, -982.7000, -3.4000, 150, 150, 150
L -201.5000, -474.9000, -2.4000, -200.1000, -486.0000, -2.4000, 0, 0, 0
L -266.0000, -720.9000, 11.6000, -256.6000, -718.0000, 11.6000, 0, 0, 0
L -219.2000, -477.1000, -2.4000, -201.5000, -474.9000, -2.4000, 0, 0, 0
L -324.8000, -1030.7999, -3.4000, -311.7000, -1034.1000, -3.4000, 150, 150, 150
L -26.5000, -427.2000, 17.6000, -22.7000, -438.6000, 17.6000, 0, 0, 0
L -435.0000, -553.0000, -11.0000, -431.1000, -554.0000, -11.0000, 240, 240, 0
L -22.7000, -438.6000, 17.6000, -46.5000, -446.3000, 17.6000, 0, 0, 0
L -33.0000, -296.4000, 12.6000, -30.3000, -299.1000, 12.6000, 0, 0, 0
L -228.8000, -393.6000, 4.0000, -227.8000, -389.7000, 4.0000, 0, 204, 0
L -224.9000, -386.8000, 4.0000, -221.0000, -385.8000, 4.0000, 0, 204, 0
L -17.7000, -669.8000, 17.6000, -8.3000, -669.8000, 17.6000, 0, 0, 0
L -13.2000, -322.1000, 12.6000, -14.0000, -318.7000, 12.6000, 0, 0, 0
L -297.6000, -449.9000, -2.4000, -292.2000, -461.4000, -2.4000, 0, 0, 0
L -47.5000, -327.2000, 12.6000, -56.9000, -327.2000, 12.6000, 0, 0, 0
L -265.6000, -693.5000, 11.6000, -264.6000, -693.2000, 11.6000, 0, 0, 0
L -13.2000, -348.4000, 12.6000, -10.4000, -353.3000, 12.6000, 0, 0, 0
L -57.1000, -1076.8999, -24.4000, -57.5000, -1078.2000, -24.4000, 0, 0, 0
L -15.3000, -269.6000, 12.6000, -15.3000, -266.2000, 11.3000, 0, 0, 0
L -8.3000, -236.0000, 2.6000, -8.3000, -226.7000, 2.6000, 0, 0, 0
L -15.3000, -236.0000, 2.6000, -8.3000, -236.0000, 2.6000, 0, 0, 0
L 8.3000, -236.0000, 2.6000, 8.3000, -226.7000, 2.6000, 0, 0, 0
L 15.3000, -236.0000, 2.6000, 8.3000, -236.0000, 2.6000, 0, 0, 0
L 15.3000, -269.6000, 12.6000, 15.3000, -266.2000, 11.3000, 0, 0, 0
L 15.3000, -242.0000, 2.6000, 15.3000, -236.0000, 2.6000, 0, 0, 0
L -15.3000, -242.0000, 2.6000, -15.3000, -236.0000, 2.6000, 0, 0, 0
L 15.3000, -242.0000, 2.6000, -15.3000, -242.0000, 2.6000, 150, 150, 150
L 15.3000, -269.6000, 12.6000, -15.3000, -269.6000, 12.6000, 150, 150, 150
L 15.3000, -278.7000, 12.6000, 15.3000, -269.6000, 12.6000, 0, 0, 0
L -15.3000, -278.7000, 12.6000, -15.3000, -269.6000, 12.6000, 0, 0, 0
L -15.3000, -255.8000, 7.6000, -15.3000, -252.3000, 6.3000, 0, 0, 0
L 15.3000, -255.8000, 7.6000, 15.3000, -252.3000, 6.3000, 0, 0, 0
L -15.3000, -255.8000, 7.6000, 15.3000, -255.8000, 7.6000, 150, 150, 150
L -15.3000, -262.7000, 10.1000, -15.3000, -259.3000, 8.8000, 0, 0, 0
L 15.3000, -262.7000, 10.1000, 15.3000, -259.3000, 8.8000, 0, 0, 0
L -15.3000, -262.7000, 10.1000, 15.3000, -262.7000, 10.1000, 150, 150, 150
L -15.3000, -266.2000, 11.3000, -15.3000, -262.7000, 10.1000, 0, 0, 0
L 15.3000, -266.2000, 11.3000, 15.3000, -262.7000, 10.1000, 0, 0, 0
L -15.3000, -266.2000, 11.3000, 15.3000, -266.2000, 11.3000, 150, 150, 150
L -15.3000, -259.3000, 8.8000, -15.3000, -255.8000, 7.6000, 0, 0, 0
L 15.3000, -259.3000, 8.8000, 15.3000, -255.8000, 7.6000, 0, 0, 0
L -15.3000, -259.3000, 8.8000, 15.3000, -259.3000, 8.8000, 150, 150, 150
L -15.3000, -248.9000, 5.1000, -15.3000, -245.4000, 3.8000, 0, 0, 0
L 15.3000, -248.9000, 5.1000, 15.3000, -245.4000, 3.8000, 0, 0, 0
L -15.3000, -248.9000, 5.1000, 15.3000, -248.9000, 5.1000, 150, 150, 150
L -15.3000, -252.3000, 6.3000, -15.3000, -248.9000, 5.1000, 0, 0, 0
L 15.3000, -252.3000, 6.3000, 15.3000, -248.9000, 5.1000, 0, 0, 0
L -15.3000, -252.3000, 6.3000, 15.3000, -252.3000, 6.3000, 150, 150, 150
L -15.3000, -245.4000, 3.8000, -15.3000, -242.0000, 2.6000, 0, 0, 0
L 15.3000, -245.4000, 3.8000, 15.3000, -242.0000, 2.6000, 0, 0, 0
L -15.3000, -245.4000, 3.8000, 15.3000, -245.4000, 3.8000, 150, 150, 150
L -6.6000, 3.3000, -26.4000, -15.3000, 3.3000, -26.4000, 0, 0, 0
L 15.3000, -92.0000, 2.6000, 15.3000, -87.5000, 0.8000, 0, 0, 0
L -15.3000, 3.3000, -26.4000, -15.3000, -19.2000, -26.4000, 0, 0, 0
L -6.6000, 6.0000, -26.4000, -6.6000, 3.3000, -26.4000, 0, 0, 0
L 6.6000, 3.3000, -26.4000, 15.3000, 3.3000, -26.4000, 0, 0, 0
L 6.6000, 6.0000, -26.4000, 6.6000, 3.3000, -26.4000, 0, 0, 0
L 6.6000, 6.0000, -26.4000, -6.6000, 6.0000, -26.4000, 199, 21, 133
L 15.3000, -19.2000, -26.4000, 15.3000, 3.3000, -26.4000, 0, 0, 0
L -15.3000, -19.2000, -26.4000, -15.3000, -23.7000, -24.6000, 0, 0, 0
L 15.3000, -19.2000, -26.4000, -15.3000, -19.2000, -26.4000, 150, 150, 150
L 15.3000, -113.3000, 2.6000, 8.3000, -113.3000, 2.6000, 0, 0, 0
L 15.3000, -92.0000, 2.6000, -15.3000, -92.0000, 2.6000, 150, 150, 150
L 15.3000, -113.3000, 2.6000, 15.3000, -92.0000, 2.6000, 0, 0, 0
L -15.3000, -113.3000, 2.6000, -15.3000, -92.0000, 2.6000, 0, 0, 0
L -15.3000, -55.6000, -11.9000, -15.3000, -60.2000, -10.1000, 0, 0, 0
L 15.3000, -55.6000, -11.9000, 15.3000, -51.0000, -13.7000, 0, 0, 0
L -15.3000, -55.6000, -11.9000, 15.3000, -55.6000, -11.9000, 150, 150, 150
L -15.3000, -73.8000, -4.7000, -15.3000, -78.4000, -2.9000, 0, 0, 0
L 15.3000, -73.8000, -4.7000, 15.3000, -69.3000, -6.5000, 0, 0, 0
L -15.3000, -73.8000, -4.7000, 15.3000, -73.8000, -4.7000, 150, 150, 150
L -15.3000, -82.9000, -1.1000, -15.3000, -87.5000, 0.8000, 0, 0, 0
L 15.3000, -82.9000, -1.1000, 15.3000, -78.4000, -2.9000, 0, 0, 0
L -15.3000, -82.9000, -1.1000, 15.3000, -82.9000, -1.1000, 150, 150, 150
L -15.3000, -64.7000, -8.3000, -15.3000, -69.3000, -6.5000, 0, 0, 0
L 15.3000, -64.7000, -8.3000, 15.3000, -60.2000, -10.1000, 0, 0, 0
L -15.3000, -64.7000, -8.3000, 15.3000, -64.7000, -8.3000, 150, 150, 150
L -15.3000, -37.4000, -19.2000, -15.3000, -41.9000, -17.4000, 0, 0, 0
L 15.3000, -37.4000, -19.2000, 15.3000, -32.8000, -21.0000, 0, 0, 0
L -15.3000, -37.4000, -19.2000, 15.3000, -37.4000, -19.2000, 150, 150, 150
L -15.3000, -46.5000, -15.6000, -15.3000, -51.0000, -13.7000, 0, 0, 0
L 15.3000, -46.5000, -15.6000, 15.3000, -41.9000, -17.4000, 0, 0, 0
L -15.3000, -46.5000, -15.6000, 15.3000, -46.5000, -15.6000, 150, 150, 150
L -15.3000, -28.3000, -22.8000, -15.3000, -32.8000, -21.0000, 0, 0, 0
L 15.3000, -28.3000, -22.8000, 15.3000, -23.7000, -24.6000, 0, 0, 0
L -15.3000, -28.3000, -22.8000, 15.3000, -28.3000, -22.8000, 150, 150, 150
L -15.3000, -23.7000, -24.6000, -15.3000, -28.3000, -22.8000, 0, 0, 0
L 15.3000, -23.7000, -24.6000, 15.3000, -19.2000, -26.4000, 0, 0, 0
L -15.3000, -23.7000, -24.6000, 15.3000, -23.7000, -24.6000, 150, 150, 150
L -15.3000, -32.8000, -21.0000, -15.3000, -37.4000, -19.2000, 0, 0, 0
L 15.3000, -32.8000, -21.0000, 15.3000, -28.3000, -22.8000, 0, 0, 0
L -15.3000, -32.8000, -21.0000, 15.3000, -32.8000, -21.0000, 150, 150, 150
L -15.3000, -41.9000, -17.4000, -15.3000, -46.5000, -15.6000, 0, 0, 0
L 15.3000, -41.9000, -17.4000, 15.3000, -37.4000, -19.2000, 0, 0, 0
L -15.3000, -41.9000, -17.4000, 15.3000, -41.9000, -17.4000, 150, 150, 150
L -15.3000, -51.0000, -13.7000, -15.3000, -55.6000, -11.9000, 0, 0, 0
L 15.3000, -51.0000, -13.7000, 15.3000, -46.5000, -15.6000, 0, 0, 0
L -15.3000, -51.0000, -13.7000, 15.3000, -51.0000, -13.7000, 150, 150, 150
L -15.3000, -60.2000, -10.1000, -15.3000, -64.7000, -8.3000, 0, 0, 0
L 15.3000, -60.2000, -10.1000, 15.3000, -55.6000, -11.9000, 0, 0, 0
L -15.3000, -60.2000, -10.1000, 15.3000, -60.2000, -10.1000, 150, 150, 150
L -15.3000, -69.3000, -6.5000, -15.3000, -73.8000, -4.7000, 0, 0, 0
L 15.3000, -69.3000, -6.5000, 15.3000, -64.7000, -8.3000, 0, 0, 0
L -15.3000, -69.3000, -6.5000, 15.3000, -69.3000, -6.5000, 150, 150, 150
L -15.3000, -78.4000, -2.9000, -15.3000, -82.9000, -1.1000, 0, 0, 0
L 15.3000, -78.4000, -2.9000, 15.3000, -73.8000, -4.7000, 0, 0, 0
L -15.3000, -78.4000, -2.9000, 15.3000, -78.4000, -2.9000, 150, 150, 150
L -15.3000, -87.5000, 0.8000, -15.3000, -92.0000, 2.6000, 0, 0, 0
L 15.3000, -87.5000, 0.8000, 15.3000, -82.9000, -1.1000, 0, 0, 0
L -15.3000, -87.5000, 0.8000, 15.3000, -87.5000, 0.8000, 150, 150, 150
L -7.3000, -349.9000, 18.6000, -6.3000, -353.3000, 12.6000, 0, 0, 0
L 7.3000, -349.9000, 18.6000, 6.3000, -353.3000, 12.6000, 0, 0, 0
L -6.3000, -353.3000, 12.6000, 6.3000, -353.3000, 12.6000, 150, 150, 150
L -6.4000, -350.7000, 15.1000, -6.4000, -352.0000, 13.8000, 150, 150, 150
L 6.4000, -350.7000, 15.1000, 6.4000, -352.0000, 13.8000, 150, 150, 150
L -6.4000, -350.7000, 15.1000, 6.4000, -350.7000, 15.1000, 150, 150, 150
L -6.5000, -349.4000, 16.3000, -6.4000, -350.7000, 15.1000, 150, 150, 150
L 6.5000, -349.4000, 16.3000, 6.4000, -350.7000, 15.1000, 150, 150, 150
L -6.5000, -349.4000, 16.3000, 6.5000, -349.4000, 16.3000, 150, 150, 150
L -6.4000, -352.0000, 13.8000, -6.3000, -353.3000, 12.6000, 150, 150, 150
L 6.4000, -352.0000, 13.8000, 6.3000, -353.3000, 12.6000, 150, 150, 150
L -6.4000, -352.0000, 13.8000, 6.4000, -352.0000, 13.8000, 150, 150, 150
L -192.4000, -696.0000, 14.6000, -190.3000, -696.0000, 14.6000, 127, 64, 0
L -190.3000, -696.0000, 14.6000, -189.7000, -698.4000, 13.6000, 127, 64, 0
L -189.7000, -698.4000, 13.6000, -186.6000, -712.0000, 11.6000, 127, 64, 0
L -192.4000, -696.0000, 14.6000, -196.1000, -712.0000, 12.0000, 127, 64, 0
L -186.6000, -664.0000, 12.3000, -190.2000, -680.1000, 14.6000, 127, 64, 0
L -190.2000, -680.1000, 14.6000, -192.4000, -680.1000, 14.6000, 127, 64, 0
L -192.4000, -680.1000, 14.6000, -196.1000, -664.1000, 11.6000, 127, 64, 0
L 8.3000, -715.0000, 22.6000, 16.8000, -715.0000, 22.6000, 0, 0, 0
L 17.2000, -714.9000, 22.6000, 14.2000, -724.2000, 22.6000, 0, 0, 0
L 14.2000, -724.2000, 22.6000, 26.6000, -728.3000, 22.6000, 0, 0, 0
L 26.6000, -728.3000, 22.6000, 30.0000, -718.0000, 22.6000, 0, 0, 0
L 30.0000, -718.0000, 22.6000, 58.3000, -738.6000, 22.6000, 0, 0, 0
L 58.3000, -738.6000, 22.6000, 49.5000, -744.9000, 22.6000, 0, 0, 0
L 49.5000, -744.9000, 22.6000, 57.2000, -755.5000, 22.6000, 0, 0, 0
L 57.2000, -755.5000, 22.6000, 66.0000, -749.2000, 22.6000, 0, 0, 0
L 66.0000, -749.2000, 22.6000, 76.8000, -782.4000, 22.6000, 0, 0, 0
L 76.8000, -782.4000, 22.6000, 66.0000, -782.4000, 22.6000, 0, 0, 0
L 66.0000, -782.4000, 22.6000, 66.0000, -795.6000, 22.6000, 0, 0, 0
L 66.0000, -795.6000, 22.6000, 79.0000, -795.6000, 22.6000, 0, 0, 0
L 79.0000, -795.6000, 22.6000, 79.0000, -830.6000, 22.6000, 0, 0, 0
L 79.0000, -830.6000, 22.6000, 66.0000, -830.6000, 22.6000, 0, 0, 0
L 66.0000, -830.6000, 22.6000, 66.0000, -851.2000, 22.6000, 0, 0, 0
L 66.0000, -851.2000, 22.6000, 54.0000, -851.2000, 22.6000, 0, 0, 0
L 54.0000, -851.2000, 22.6000, 42.8000, -845.4000, 22.6000, 0, 0, 0
L 42.8000, -845.4000, 22.6000, 51.9000, -816.7000, 22.6000, 0, 0, 0
L 51.9000, -816.7000, 22.6000, 49.0000, -815.6000, 22.6000, 0, 0, 0
L 49.0000, -815.6000, 22.6000, 35.8000, -842.6000, 22.6000, 0, 0, 0
L 35.8000, -842.6000, 22.6000, 33.1000, -841.5000, 22.6000, 0, 0, 0
L 33.1000, -841.5000, 22.6000, 30.2000, -840.8000, 22.6000, 0, 0, 0
L 30.2000, -840.8000, 22.6000, 35.5000, -811.2000, 22.6000, 0, 127, 0
L 35.5000, -811.2000, 22.6000, 32.6000, -810.4000, 22.6000, 0, 127, 0
L 32.6000, -810.4000, 22.6000, 22.9000, -838.9000, 22.6000, 0, 127, 0
L 22.9000, -838.9000, 22.6000, 20.0000, -838.1000, 22.6000, 0, 0, 0
L 20.0000, -838.1000, 22.6000, 17.1000, -837.8000, 22.6000, 0, 0, 0
L 17.1000, -837.8000, 22.6000, 18.6000, -807.8000, 22.6000, 255, 255, 0
L 18.6000, -807.8000, 22.6000, 15.6000, -807.4000, 22.6000, 255, 255, 0
L 15.6000, -807.4000, 22.6000, 9.7000, -836.8000, 22.6000, 255, 255, 0
L 9.7000, -836.8000, 22.6000, 6.7000, -836.5000, 22.6000, 0, 0, 0
L 6.7000, -836.5000, 22.6000, 3.7000, -836.5000, 22.6000, 0, 0, 0
L 3.7000, -836.5000, 22.6000, 1.5000, -806.5000, 22.6000, 255, 0, 0
L 1.5000, -806.5000, 22.6000, -1.5000, -806.5000, 22.6000, 255, 0, 0
L -1.5000, -806.5000, 22.6000, -3.7000, -836.5000, 22.6000, 255, 0, 0
L -3.7000, -836.5000, 22.6000, -6.9000, -836.5000, 22.6000, 0, 0, 0
L -6.9000, -836.5000, 22.6000, -9.7000, -836.8000, 22.6000, 0, 0, 0
L -9.7000, -836.8000, 22.6000, -15.6000, -807.4000, 22.6000, 240, 0, 240
L -15.6000, -807.4000, 22.6000, -18.7000, -807.8000, 22.6000, 240, 0, 240
L -18.7000, -807.8000, 22.6000, -17.1000, -837.8000, 22.6000, 240, 0, 240
L -17.1000, -837.8000, 22.6000, -19.6000, -838.1000, 22.6000, 0, 0, 0
L -19.6000, -838.1000, 22.6000, -22.9000, -838.9000, 22.6000, 0, 0, 0
L -22.9000, -838.9000, 22.6000, -32.5000, -810.4000, 22.6000, 0, 0, 255
L -32.5000, -810.4000, 22.6000, -35.5000, -811.2000, 22.6000, 0, 0, 255
L -35.5000, -811.2000, 22.6000, -30.2000, -840.7000, 22.6000, 0, 0, 255
L -30.2000, -840.7000, 22.6000, -32.9000, -841.5000, 22.6000, 0, 0, 0
L -32.9000, -841.5000, 22.6000, -35.8000, -842.6000, 22.6000, 0, 0, 0
L -35.8000, -842.6000, 22.6000, -48.9000, -815.5000, 22.6000, 240, 240, 240
L -48.9000, -815.5000, 22.6000, -51.8000, -816.7000, 22.6000, 240, 240, 240
L -51.8000, -816.7000, 22.6000, -42.8000, -845.4000, 22.6000, 240, 240, 240
L -42.8000, -845.4000, 22.6000, -54.0000, -851.2000, 22.6000, 0, 0, 0
L -54.0000, -851.2000, 22.6000, -66.0000, -851.2000, 22.6000, 0, 0, 0
L -66.0000, -851.2000, 22.6000, -66.0000, -830.6000, 22.6000, 0, 0, 0
L -66.0000, -830.6000, 22.6000, -79.0000, -830.6000, 22.6000, 0, 0, 0
L -79.0000, -830.6000, 22.6000, -79.0000, -795.6000, 22.6000, 0, 0, 0
L -79.0000, -795.6000, 22.6000, -66.0000, -795.6000, 22.6000, 0, 0, 0
L -66.0000, -795.6000, 22.6000, -66.0000, -782.4000, 22.6000, 0, 0, 0
L -66.0000, -782.4000, 22.6000, -76.8000, -782.4000, 22.6000, 0, 0, 0
L -76.8000, -782.4000, 22.6000, -66.0000, -749.2000, 22.6000, 0, 0, 0
L -66.0000, -749.2000, 22.6000, -57.2000, -755.5000, 22.6000, 0, 0, 0
L -57.2000, -755.5000, 22.6000, -49.5000, -744.9000, 22.6000, 0, 0, 0
L -49.5000, -744.9000, 22.6000, -58.3000, -738.6000, 22.6000, 0, 0, 0
L -58.3000, -738.6000, 22.6000, -30.0000, -718.0000, 22.6000, 0, 0, 0
L -30.0000, -718.0000, 22.6000, -26.6000, -728.3000, 22.6000, 0, 0, 0
L -26.6000, -728.3000, 22.6000, -14.2000, -724.2000, 22.6000, 0, 0, 0
L -14.2000, -724.2000, 22.6000, -17.2000, -714.9000, 22.6000, 0, 0, 0
L -16.7000, -715.0000, 22.6000, -8.3000, -715.0000, 22.6000, 0, 0, 0
L -8.3000, -714.1000, 22.6000, 8.3000, -714.1000, 22.6000, 255, 255, 0
