L 1000.0, 0.0, 0.0, 1000.0, -50.0, 0.0, 255, 0, 0
L -20.0, 50.0, 0.0, -50.0, 20.0, 0.0, 255, 0, 0
L 50.0, 20.0, 0.0, 20.0, 50.0, 0.0, 255, 0, 0
L 20.0, -50.0, 0.0, 50.0, -20.0, 0.0, 255, 0, 0
L -50.0, -20.0, 0.0, -20.0, -50.0, 0.0, 255, 0, 0
L -50.0, 20.0, 0.0, -50.0, -20.0, 0.0, 255, 0, 0
L 20.0, 50.0, 0.0, -20.0, 50.0, 0.0, 255, 0, 0
L 50.0, -20.0, 0.0, 50.0, 20.0, 0.0, 255, 0, 0
L -20.0, -50.0, 0.0, 20.0, -50.0, 0.0, 255, 0, 0
L 580.0, -20.0, 0.0, 540.0, -20.0, 0.0, 255, 0, 0
L 580.0, -90.0, 0.0, 580.0, -20.0, 0.0, 255, 0, 0
L 540.0, -90.0, 0.0, 580.0, -90.0, 0.0, 255, 0, 0
L 540.0, -20.0, 0.0, 540.0, -90.0, 0.0, 255, 0, 0
L 520.0, -20.0, 0.0, 480.0, -20.0, 0.0, 255, 0, 0
L 520.0, -90.0, 0.0, 520.0, -20.0, 0.0, 255, 0, 0
L 480.0, -90.0, 0.0, 520.0, -90.0, 0.0, 255, 0, 0
L 480.0, -20.0, 0.0, 480.0, -90.0, 0.0, 255, 0, 0
L 460.0, -90.0, 0.0, 450.0, -80.0, 0.0, 255, 0, 0
L 460.0, -20.0, 0.0, 460.0, -90.0, 0.0, 255, 0, 0
L 0.0, -250.0, 0.0, 0.0, 250.0, 0.0, 255, 0, 0
L -250.0, 0.0, 0.0, 1000.0, 0.0, 0.0, 255, 0, 0
L -120.0, -80.0, 0.0, -120.0, -60.0, 0.0, 255, 0, 0
L -120.0, -60.0, 0.0, -120.0, -40.0, 0.0, 255, 0, 0
L -100.0, -60.0, 0.0, -120.0, -60.0, 0.0, 255, 0, 0
L -120.0, -60.0, 0.0, -140.0, -60.0, 0.0, 255, 0, 0
L -90.0, -50.0, 0.0, -100.0, -30.0, 0.0, 255, 0, 0
L -60.0, -80.0, 0.0, -60.0, -60.0, 0.0, 255, 0, 0
L -60.0, -60.0, 0.0, -60.0, -40.0, 0.0, 255, 0, 0
L -40.0, -60.0, 0.0, -60.0, -60.0, 0.0, 255, 0, 0
L -60.0, -60.0, 0.0, -80.0, -60.0, 0.0, 255, 0, 0
L 100.0, 60.0, 0.0, 120.0, 60.0, 0.0, 255, 0, 0
L 120.0, 60.0, 0.0, 140.0, 60.0, 0.0, 255, 0, 0
L 90.0, 70.0, 0.0, 80.0, 90.0, 0.0, 255, 0, 0
L 40.0, 60.0, 0.0, 60.0, 60.0, 0.0, 255, 0, 0
L 60.0, 60.0, 0.0, 80.0, 60.0, 0.0, 255, 0, 0
L -100.0, 60.0, 0.0, -120.0, 60.0, 0.0, 255, 0, 0
L -120.0, 60.0, 0.0, -140.0, 60.0, 0.0, 255, 0, 0
L -90.0, 70.0, 0.0, -100.0, 90.0, 0.0, 255, 0, 0
L -60.0, 80.0, 0.0, -60.0, 60.0, 0.0, 255, 0, 0
L -60.0, 60.0, 0.0, -60.0, 40.0, 0.0, 255, 0, 0
L -40.0, 60.0, 0.0, -60.0, 60.0, 0.0, 255, 0, 0
L -60.0, 60.0, 0.0, -80.0, 60.0, 0.0, 255, 0, 0
L 100.0, -60.0, 0.0, 120.0, -60.0, 0.0, 255, 0, 0
L 120.0, -60.0, 0.0, 140.0, -60.0, 0.0, 255, 0, 0
L 90.0, -50.0, 0.0, 80.0, -30.0, 0.0, 255, 0, 0
L 60.0, -80.0, 0.0, 60.0, -60.0, 0.0, 255, 0, 0
L 60.0, -60.0, 0.0, 60.0, -40.0, 0.0, 255, 0, 0
L 40.0, -60.0, 0.0, 60.0, -60.0, 0.0, 255, 0, 0
L 60.0, -60.0, 0.0, 80.0, -60.0, 0.0, 255, 0, 0
L 599.0, -90.0, 0.0, 637.3, -90.0, 0.0, 255, 0, 0
L 599.0, -20.0, 0.0, 637.3, -20.0, 0.0, 255, 0, 0
L 599.0, -90.0, 0.0, 599.0, -20.0, 0.0, 255, 0, 0
L 637.3, -90.0, 0.0, 637.3, -20.0, 0.0, 255, 0, 0
L 900, 400, 0, 900, 460, 0, 0, 0, 0
L 940, 460, 0, 900, 460, 0, 0, 0, 0
L 960, 430, 0, 990, 430, 0, 0, 0, 0
L 960, 460, 0, 990, 460, 0, 0, 0, 0
L 960, 400, 0, 960, 460, 0, 0, 0, 0
L 990, 400, 0, 960, 400, 0, 0, 0, 0
L 1040, 460, 0, 1010, 460, 0, 0, 0, 0
L 1010, 400, 0, 1040, 400, 0, 0, 0, 0
L 1010, 460, 0, 1010, 400, 0, 0, 0, 0
L 1040, 460, 0, 1040, 430, 0, 0, 0, 0
L 1040, 430, 0, 1020, 430, 0, 0, 0, 0
L 1060, 430, 0, 1090, 430, 0, 0, 0, 0
L 1060, 460, 0, 1090, 460, 0, 0, 0, 0
L 1060, 400, 0, 1060, 460, 0, 0, 0, 0
L 1090, 400, 0, 1060, 400, 0, 0, 0, 0
L 1140, 460, 0, 1140, 400, 0, 0, 0, 0
L 1110, 400, 0, 1140, 460, 0, 0, 0, 0
L 1110, 460, 0, 1110, 400, 0, 0, 0, 0
L 1170, 460, 0, 1170, 400, 0, 0, 0, 0
L 1180, 460, 0, 1160, 460, 0, 0, 0, 0
L 1190, 430, 0, 1180, 460, 0, 0, 0, 0
L 1180, 400, 0, 1190, 430, 0, 0, 0, 0
L 1160, 400, 0, 1180, 400, 0, 0, 0, 0
L 900, 570, 0, 960, 570, 0, 0, 0, 0
L 900, 490, 0, 960, 490, 0, 0, 0, 0
L 930, 543, 0, 930, 517, 0, 205, 133, 63
L 960, 570, 0, 1020, 570, 0, 0, 0, 0
L 960, 570, 0, 960, 543, 0, 205, 133, 63
L 930, 543, 0, 990, 543, 0, 205, 133, 63
L 930, 517, 0, 960, 517, 0, 205, 133, 63
L 960, 517, 0, 990, 517, 0, 205, 133, 63
L 960, 490, 0, 1020, 490, 0, 0, 0, 0
L 960, 517, 0, 960, 490, 0, 205, 133, 63
L 990, 543, 0, 990, 517, 0, 205, 133, 63
L 1070, 560, 0, 1070, 500, 0, 0, 0, 0
L 1080, 560, 0, 1060, 560, 0, 0, 0, 0
L 1090, 530, 0, 1080, 560, 0, 0, 0, 0
L 1080, 500, 0, 1090, 530, 0, 0, 0, 0
L 1060, 500, 0, 1080, 500, 0, 0, 0, 0
L 1110, 500, 0, 1140, 500, 0, 0, 0, 0
L 1110, 560, 0, 1140, 560, 0, 0, 0, 0
L 1110, 500, 0, 1110, 560, 0, 0, 0, 0
L 1140, 500, 0, 1140, 560, 0, 0, 0, 0
L 1160, 500, 0, 1190, 500, 0, 0, 0, 0
L 1160, 560, 0, 1190, 560, 0, 0, 0, 0
L 1160, 500, 0, 1160, 560, 0, 0, 0, 0
L 1190, 500, 0, 1190, 560, 0, 0, 0, 0
L 1210, 500, 0, 1210, 530, 0, 0, 0, 0
L 1210, 530, 0, 1210, 560, 0, 0, 0, 0
L 1210, 530, 0, 1230, 530, 0, 0, 0, 0
L 1250, 530, 0, 1250, 500, 0, 0, 0, 0
L 1210, 500, 0, 1250, 500, 0, 0, 0, 0
L 1230, 530, 0, 1250, 530, 0, 0, 0, 0
L 1250, 560, 0, 1230, 530, 0, 0, 0, 0
L 900, 610, 0, 900, 640, 0, 255, 210, 0
L 900, 610, 0, 920, 610, 0, 255, 210, 0
L 920, 670, 0, 900, 670, 0, 255, 210, 0
L 900, 640, 0, 900, 670, 0, 255, 210, 0
L 920, 640, 0, 900, 640, 0, 255, 210, 0
L 920, 640, 0, 940, 625, 0, 255, 210, 0
L 920, 610, 0, 940, 625, 0, 255, 210, 0
L 920, 640, 0, 940, 655, 0, 255, 210, 0
L 940, 655, 0, 920, 670, 0, 255, 210, 0
L 970, 640, 0, 990, 640, 0, 255, 210, 0
L 980, 610, 0, 1000, 670, 0, 255, 210, 0
L 960, 670, 0, 980, 610, 0, 255, 210, 0
L 1050, 670, 0, 1050, 610, 0, 255, 210, 0
L 1020, 610, 0, 1050, 670, 0, 255, 210, 0
L 1020, 670, 0, 1020, 610, 0, 255, 210, 0
L 1070, 610, 0, 1070, 640, 0, 255, 210, 0
L 1070, 640, 0, 1070, 670, 0, 255, 210, 0
L 1070, 640, 0, 1110, 670, 0, 255, 210, 0
L 1070, 640, 0, 1110, 610, 0, 255, 210, 0
L 1130, 640, 0, 1160, 640, 0, 255, 210, 0
L 1130, 670, 0, 1160, 670, 0, 255, 210, 0
L 1130, 610, 0, 1130, 670, 0, 255, 210, 0
L 1160, 610, 0, 1130, 610, 0, 255, 210, 0
L 1180, 610, 0, 1180, 640, 0, 255, 210, 0
L 1180, 640, 0, 1180, 670, 0, 255, 210, 0
L 1180, 640, 0, 1200, 640, 0, 255, 210, 0
L 1220, 640, 0, 1220, 610, 0, 255, 210, 0
L 1180, 610, 0, 1220, 610, 0, 255, 210, 0
L 1200, 640, 0, 1220, 640, 0, 255, 210, 0
L 1220, 670, 0, 1200, 640, 0, 255, 210, 0
L 930, 760, 0, 900, 760, 0, 255, 255, 255
L 900, 700, 0, 930, 700, 0, 255, 255, 255
L 900, 760, 0, 900, 700, 0, 255, 255, 255
L 950, 700, 0, 980, 700, 0, 255, 255, 255
L 950, 760, 0, 980, 760, 0, 255, 255, 255
L 950, 700, 0, 950, 760, 0, 255, 255, 255
L 980, 700, 0, 980, 760, 0, 255, 255, 255
L 1040, 700, 0, 1040, 760, 0, 255, 255, 255
L 1020, 730, 0, 1040, 700, 0, 255, 255, 255
L 1000, 700, 0, 1020, 730, 0, 255, 255, 255
L 1000, 760, 0, 1000, 700, 0, 255, 255, 255
L 1100, 700, 0, 1100, 760, 0, 255, 255, 255
L 1080, 730, 0, 1100, 700, 0, 255, 255, 255
L 1060, 700, 0, 1080, 730, 0, 255, 255, 255
L 1060, 760, 0, 1060, 700, 0, 255, 255, 255
L 1120, 730, 0, 1150, 730, 0, 255, 255, 255
L 1120, 760, 0, 1150, 760, 0, 255, 255, 255
L 1120, 700, 0, 1120, 760, 0, 255, 255, 255
L 1150, 700, 0, 1120, 700, 0, 255, 255, 255
L 1200, 760, 0, 1200, 700, 0, 255, 255, 255
L 1170, 700, 0, 1200, 760, 0, 255, 255, 255
L 1170, 760, 0, 1170, 700, 0, 255, 255, 255
L 1240, 700, 0, 1240, 760, 0, 255, 255, 255
L 1220, 700, 0, 1260, 700, 0, 255, 255, 255
L 930, 850, 0, 900, 850, 0, 0, 0, 0
L 900, 790, 0, 930, 790, 0, 0, 0, 0
L 900, 850, 0, 900, 790, 0, 0, 0, 0
L 930, 850, 0, 930, 820, 0, 0, 0, 0
L 930, 820, 0, 910, 820, 0, 0, 0, 0
L 950, 820, 0, 980, 820, 0, 0, 0, 0
L 950, 850, 0, 980, 850, 0, 0, 0, 0
L 950, 790, 0, 950, 850, 0, 0, 0, 0
L 980, 790, 0, 950, 790, 0, 0, 0, 0
L 1030, 850, 0, 1030, 790, 0, 0, 0, 0
L 1000, 790, 0, 1030, 850, 0, 0, 0, 0
L 1000, 850, 0, 1000, 790, 0, 0, 0, 0
L 1050, 820, 0, 1080, 820, 0, 0, 0, 0
L 1050, 850, 0, 1080, 850, 0, 0, 0, 0
L 1050, 790, 0, 1050, 850, 0, 0, 0, 0
L 1080, 790, 0, 1050, 790, 0, 0, 0, 0
L 1100, 790, 0, 1100, 820, 0, 0, 0, 0
L 1100, 820, 0, 1100, 850, 0, 0, 0, 0
L 1100, 820, 0, 1120, 820, 0, 0, 0, 0
L 1140, 820, 0, 1140, 790, 0, 0, 0, 0
L 1100, 790, 0, 1140, 790, 0, 0, 0, 0
L 1120, 820, 0, 1140, 820, 0, 0, 0, 0
L 1140, 850, 0, 1120, 820, 0, 0, 0, 0
L 1170, 820, 0, 1190, 820, 0, 0, 0, 0
L 1180, 790, 0, 1200, 850, 0, 0, 0, 0
L 1160, 850, 0, 1180, 790, 0, 0, 0, 0
L 1220, 790, 0, 1220, 850, 0, 0, 0, 0
L 1260, 850, 0, 1220, 850, 0, 0, 0, 0
L 930, 940, 0, 900, 940, 0, 0, 0, 255
L 900, 880, 0, 930, 880, 0, 0, 0, 255
L 900, 940, 0, 900, 880, 0, 0, 0, 255
L 930, 940, 0, 930, 910, 0, 0, 0, 255
L 930, 910, 0, 910, 910, 0, 0, 0, 255
L 950, 880, 0, 950, 910, 0, 0, 0, 255
L 950, 910, 0, 950, 940, 0, 0, 0, 255
L 950, 910, 0, 970, 910, 0, 0, 0, 255
L 990, 910, 0, 990, 880, 0, 0, 0, 255
L 950, 880, 0, 990, 880, 0, 0, 0, 255
L 970, 910, 0, 990, 910, 0, 0, 0, 255
L 990, 940, 0, 970, 910, 0, 0, 0, 255
L 1010, 880, 0, 1040, 880, 0, 0, 0, 255
L 1010, 940, 0, 1040, 940, 0, 0, 0, 255
L 1010, 880, 0, 1010, 940, 0, 0, 0, 255
L 1040, 880, 0, 1040, 940, 0, 0, 0, 255
L 1100, 880, 0, 1100, 940, 0, 0, 0, 255
L 1060, 880, 0, 1060, 940, 0, 0, 0, 255
L 1060, 940, 0, 1100, 940, 0, 0, 0, 255
L 1150, 940, 0, 1150, 880, 0, 0, 0, 255
L 1120, 880, 0, 1150, 940, 0, 0, 0, 255
L 1120, 940, 0, 1120, 880, 0, 0, 0, 255
L 1180, 940, 0, 1180, 880, 0, 0, 0, 255
L 1190, 940, 0, 1170, 940, 0, 0, 0, 255
L 1200, 910, 0, 1190, 940, 0, 0, 0, 255
L 1190, 880, 0, 1200, 910, 0, 0, 0, 255
L 1170, 880, 0, 1190, 880, 0, 0, 0, 255
L 1280, 880, 0, 1280, 910, 0, 0, 0, 255
L 1280, 940, 0, 1320, 940, 0, 0, 0, 255
L 1320, 910, 0, 1280, 910, 0, 0, 0, 255
L 1280, 880, 0, 1320, 880, 0, 0, 0, 255
L 1320, 910, 0, 1320, 940, 0, 0, 0, 255
L 1370, 910, 0, 1340, 910, 0, 0, 0, 255
L 1370, 880, 0, 1370, 910, 0, 0, 0, 255
L 1340, 880, 0, 1370, 880, 0, 0, 0, 255
L 1340, 940, 0, 1340, 880, 0, 0, 0, 255
L 1400, 910, 0, 1420, 910, 0, 0, 0, 255
L 1410, 880, 0, 1430, 940, 0, 0, 0, 255
L 1390, 940, 0, 1410, 880, 0, 0, 0, 255
L 1480, 940, 0, 1490, 880, 0, 0, 0, 255
L 1470, 910, 0, 1480, 940, 0, 0, 0, 255
L 1460, 940, 0, 1470, 910, 0, 0, 0, 255
L 1450, 880, 0, 1460, 940, 0, 0, 0, 255
L 1540, 940, 0, 1540, 880, 0, 0, 0, 255
L 1510, 880, 0, 1540, 940, 0, 0, 0, 255
L 1510, 940, 0, 1510, 880, 0, 0, 0, 255
L 930, 1030, 0, 900, 1030, 0, 128, 128, 128
L 900, 970, 0, 930, 970, 0, 128, 128, 128
L 900, 1030, 0, 900, 970, 0, 128, 128, 128
L 930, 1030, 0, 930, 1000, 0, 128, 128, 128
L 930, 1000, 0, 910, 1000, 0, 128, 128, 128
L 990, 970, 0, 990, 1030, 0, 128, 128, 128
L 950, 970, 0, 950, 1030, 0, 128, 128, 128
L 950, 1030, 0, 990, 1030, 0, 128, 128, 128
L 1010, 970, 0, 1010, 1030, 0, 128, 128, 128
L 1030, 970, 0, 1030, 1030, 0, 128, 128, 128
L 1070, 1030, 0, 1030, 1030, 0, 128, 128, 128
L 1100, 1030, 0, 1100, 970, 0, 128, 128, 128
L 1110, 1030, 0, 1090, 1030, 0, 128, 128, 128
L 1120, 1000, 0, 1110, 1030, 0, 128, 128, 128
L 1110, 970, 0, 1120, 1000, 0, 128, 128, 128
L 1090, 970, 0, 1110, 970, 0, 128, 128, 128
L 1240, 970, 0, 1240, 1030, 0, 128, 128, 128
L 1220, 1000, 0, 1240, 970, 0, 128, 128, 128
L 1200, 970, 0, 1220, 1000, 0, 128, 128, 128
L 1200, 1030, 0, 1200, 970, 0, 128, 128, 128
L 1270, 1000, 0, 1290, 1000, 0, 128, 128, 128
L 1280, 970, 0, 1300, 1030, 0, 128, 128, 128
L 1260, 1030, 0, 1280, 970, 0, 128, 128, 128
L 1320, 970, 0, 1320, 1000, 0, 128, 128, 128
L 1320, 1030, 0, 1360, 1030, 0, 128, 128, 128
L 1360, 1000, 0, 1320, 1000, 0, 128, 128, 128
L 1320, 970, 0, 1360, 970, 0, 128, 128, 128
L 1360, 1000, 0, 1360, 1030, 0, 128, 128, 128
L 1400, 970, 0, 1400, 1030, 0, 128, 128, 128
L 1380, 970, 0, 1420, 970, 0, 128, 128, 128
L 1440, 1000, 0, 1470, 1000, 0, 128, 128, 128
L 1440, 1030, 0, 1470, 1030, 0, 128, 128, 128
L 1440, 970, 0, 1440, 1030, 0, 128, 128, 128
L 1470, 970, 0, 1440, 970, 0, 128, 128, 128
L 1490, 970, 0, 1490, 1000, 0, 128, 128, 128
L 1490, 1000, 0, 1490, 1030, 0, 128, 128, 128
L 1490, 1000, 0, 1510, 1000, 0, 128, 128, 128
L 1530, 1000, 0, 1530, 970, 0, 128, 128, 128
L 1490, 970, 0, 1530, 970, 0, 128, 128, 128
L 1510, 1000, 0, 1530, 1000, 0, 128, 128, 128
L 1530, 1030, 0, 1510, 1000, 0, 128, 128, 128
L 900, 1060, 0, 900, 1090, 0, 127, 64, 0
L 940, 1120, 0, 940, 1090, 0, 127, 64, 0
L 900, 1090, 0, 900, 1120, 0, 127, 64, 0
L 940, 1090, 0, 940, 1060, 0, 127, 64, 0
L 900, 1090, 0, 940, 1090, 0, 127, 64, 0
L 1000, 1060, 0, 1000, 1120, 0, 127, 64, 0
L 960, 1060, 0, 960, 1120, 0, 127, 64, 0
L 960, 1120, 0, 1000, 1120, 0, 127, 64, 0
L 1050, 1120, 0, 1050, 1060, 0, 127, 64, 0
L 1020, 1060, 0, 1050, 1120, 0, 127, 64, 0
L 1020, 1120, 0, 1020, 1060, 0, 127, 64, 0
L 1090, 1060, 0, 1090, 1120, 0, 127, 64, 0
L 1070, 1060, 0, 1110, 1060, 0, 127, 64, 0
L 1130, 1090, 0, 1160, 1090, 0, 127, 64, 0
L 1130, 1120, 0, 1160, 1120, 0, 127, 64, 0
L 1130, 1060, 0, 1130, 1120, 0, 127, 64, 0
L 1160, 1060, 0, 1130, 1060, 0, 127, 64, 0
L 1180, 1060, 0, 1180, 1090, 0, 127, 64, 0
L 1180, 1090, 0, 1180, 1120, 0, 127, 64, 0
L 1180, 1090, 0, 1200, 1090, 0, 127, 64, 0
L 1220, 1090, 0, 1220, 1060, 0, 127, 64, 0
L 1180, 1060, 0, 1220, 1060, 0, 127, 64, 0
L 1200, 1090, 0, 1220, 1090, 0, 127, 64, 0
L 1220, 1120, 0, 1200, 1090, 0, 127, 64, 0
L 940, 1150, 0, 940, 1210, 0, 0, 127, 0
L 920, 1180, 0, 940, 1150, 0, 0, 127, 0
L 900, 1150, 0, 920, 1180, 0, 0, 127, 0
L 900, 1210, 0, 900, 1150, 0, 0, 127, 0
L 960, 1180, 0, 990, 1180, 0, 0, 127, 0
L 960, 1210, 0, 990, 1210, 0, 0, 127, 0
L 960, 1150, 0, 960, 1210, 0, 0, 127, 0
L 990, 1150, 0, 960, 1150, 0, 0, 127, 0
L 1010, 1150, 0, 1010, 1180, 0, 0, 127, 0
L 1010, 1180, 0, 1010, 1210, 0, 0, 127, 0
L 1010, 1180, 0, 1030, 1180, 0, 0, 127, 0
L 1050, 1180, 0, 1050, 1150, 0, 0, 127, 0
L 1010, 1150, 0, 1050, 1150, 0, 0, 127, 0
L 1030, 1180, 0, 1050, 1180, 0, 0, 127, 0
L 1050, 1210, 0, 1030, 1180, 0, 0, 127, 0
L 1100, 1210, 0, 1070, 1210, 0, 0, 127, 0
L 1070, 1150, 0, 1100, 1150, 0, 0, 127, 0
L 1070, 1210, 0, 1070, 1150, 0, 0, 127, 0
L 1120, 1150, 0, 1120, 1180, 0, 0, 127, 0
L 1160, 1210, 0, 1160, 1180, 0, 0, 127, 0
L 1120, 1180, 0, 1120, 1210, 0, 0, 127, 0
L 1160, 1180, 0, 1160, 1150, 0, 0, 127, 0
L 1120, 1180, 0, 1160, 1180, 0, 0, 127, 0
L 1190, 1180, 0, 1210, 1180, 0, 0, 127, 0
L 1200, 1150, 0, 1220, 1210, 0, 0, 127, 0
L 1180, 1210, 0, 1200, 1150, 0, 0, 127, 0
L 1270, 1210, 0, 1270, 1150, 0, 0, 127, 0
L 1240, 1150, 0, 1270, 1210, 0, 0, 127, 0
L 1240, 1210, 0, 1240, 1150, 0, 0, 127, 0
L 1310, 1150, 0, 1310, 1210, 0, 0, 127, 0
L 1290, 1150, 0, 1330, 1150, 0, 0, 127, 0
L 940, 1240, 0, 940, 1300, 0, 0, 127, 127
L 920, 1270, 0, 940, 1240, 0, 0, 127, 127
L 900, 1240, 0, 920, 1270, 0, 0, 127, 127
L 900, 1300, 0, 900, 1240, 0, 0, 127, 127
L 960, 1240, 0, 960, 1300, 0, 0, 127, 127
L 980, 1240, 0, 980, 1270, 0, 0, 127, 127
L 980, 1300, 0, 1020, 1300, 0, 0, 127, 127
L 1020, 1270, 0, 980, 1270, 0, 0, 127, 127
L 980, 1240, 0, 1020, 1240, 0, 0, 127, 127
L 1020, 1270, 0, 1020, 1300, 0, 0, 127, 127
L 1040, 1240, 0, 1040, 1270, 0, 0, 127, 127
L 1040, 1300, 0, 1080, 1300, 0, 0, 127, 127
L 1080, 1270, 0, 1040, 1270, 0, 0, 127, 127
L 1040, 1240, 0, 1080, 1240, 0, 0, 127, 127
L 1080, 1270, 0, 1080, 1300, 0, 0, 127, 127
L 1100, 1240, 0, 1100, 1300, 0, 0, 127, 127
L 1120, 1240, 0, 1150, 1240, 0, 0, 127, 127
L 1120, 1300, 0, 1150, 1300, 0, 0, 127, 127
L 1120, 1240, 0, 1120, 1300, 0, 0, 127, 127
L 1150, 1240, 0, 1150, 1300, 0, 0, 127, 127
L 1200, 1300, 0, 1200, 1240, 0, 0, 127, 127
L 1170, 1240, 0, 1200, 1300, 0, 0, 127, 127
L 1170, 1300, 0, 1170, 1240, 0, 0, 127, 127
L 930, 1390, 0, 930, 1330, 0, 127, 64, 0
L 900, 1330, 0, 930, 1390, 0, 127, 64, 0
L 900, 1390, 0, 900, 1330, 0, 127, 64, 0
L 960, 1360, 0, 980, 1360, 0, 127, 64, 0
L 970, 1330, 0, 990, 1390, 0, 127, 64, 0
L 950, 1390, 0, 970, 1330, 0, 127, 64, 0
L 1050, 1330, 0, 1050, 1390, 0, 127, 64, 0
L 1030, 1360, 0, 1050, 1330, 0, 127, 64, 0
L 1010, 1330, 0, 1030, 1360, 0, 127, 64, 0
L 1010, 1390, 0, 1010, 1330, 0, 127, 64, 0
L 1070, 1360, 0, 1100, 1360, 0, 127, 64, 0
L 1070, 1390, 0, 1100, 1390, 0, 127, 64, 0
L 1070, 1330, 0, 1070, 1390, 0, 127, 64, 0
L 1100, 1330, 0, 1070, 1330, 0, 127, 64, 0
L 1130, 1390, 0, 1130, 1330, 0, 127, 64, 0
L 1140, 1390, 0, 1120, 1390, 0, 127, 64, 0
L 1150, 1360, 0, 1140, 1390, 0, 127, 64, 0
L 1140, 1330, 0, 1150, 1360, 0, 127, 64, 0
L 1120, 1330, 0, 1140, 1330, 0, 127, 64, 0
L 930, 1450, 0, 900, 1450, 0, 0, 255, 0
L 930, 1420, 0, 930, 1450, 0, 0, 255, 0
L 900, 1420, 0, 930, 1420, 0, 0, 255, 0
L 900, 1480, 0, 900, 1420, 0, 0, 255, 0
L 960, 1450, 0, 980, 1450, 0, 0, 255, 0
L 970, 1420, 0, 990, 1480, 0, 0, 255, 0
L 950, 1480, 0, 970, 1420, 0, 0, 255, 0
L 1010, 1420, 0, 1010, 1450, 0, 0, 255, 0
L 1010, 1450, 0, 1010, 1480, 0, 0, 255, 0
L 1010, 1450, 0, 1030, 1450, 0, 0, 255, 0
L 1050, 1450, 0, 1050, 1420, 0, 0, 255, 0
L 1010, 1420, 0, 1050, 1420, 0, 0, 255, 0
L 1030, 1450, 0, 1050, 1450, 0, 0, 255, 0
L 1050, 1480, 0, 1030, 1450, 0, 0, 255, 0
L 1100, 1480, 0, 1070, 1480, 0, 0, 255, 0
L 1070, 1420, 0, 1100, 1420, 0, 0, 255, 0
L 1070, 1480, 0, 1070, 1420, 0, 0, 255, 0
L 1120, 1450, 0, 1150, 1450, 0, 0, 255, 0
L 1120, 1480, 0, 1150, 1480, 0, 0, 255, 0
L 1120, 1420, 0, 1120, 1480, 0, 0, 255, 0
L 1150, 1420, 0, 1120, 1420, 0, 0, 255, 0
L 1170, 1420, 0, 1170, 1480, 0, 0, 255, 0
L 1210, 1480, 0, 1170, 1480, 0, 0, 255, 0
L 1230, 1420, 0, 1230, 1450, 0, 0, 255, 0
L 1230, 1480, 0, 1270, 1480, 0, 0, 255, 0
L 1270, 1450, 0, 1230, 1450, 0, 0, 255, 0
L 1230, 1420, 0, 1270, 1420, 0, 0, 255, 0
L 1270, 1450, 0, 1270, 1480, 0, 0, 255, 0
L 900, 1510, 0, 900, 1540, 0, 0, 240, 240
L 900, 1540, 0, 900, 1570, 0, 0, 240, 240
L 900, 1540, 0, 920, 1540, 0, 0, 240, 240
L 940, 1540, 0, 940, 1510, 0, 0, 240, 240
L 900, 1510, 0, 940, 1510, 0, 0, 240, 240
L 920, 1540, 0, 940, 1540, 0, 0, 240, 240
L 940, 1570, 0, 920, 1540, 0, 0, 240, 240
L 970, 1540, 0, 990, 1540, 0, 0, 240, 240
L 980, 1510, 0, 1000, 1570, 0, 0, 240, 240
L 960, 1570, 0, 980, 1510, 0, 0, 240, 240
L 1020, 1510, 0, 1020, 1570, 0, 0, 240, 240
L 1050, 1570, 0, 1050, 1510, 0, 0, 240, 240
L 1060, 1570, 0, 1040, 1570, 0, 0, 240, 240
L 1070, 1540, 0, 1060, 1570, 0, 0, 240, 240
L 1060, 1510, 0, 1070, 1540, 0, 0, 240, 240
L 1040, 1510, 0, 1060, 1510, 0, 0, 240, 240
L 900, 1600, 0, 900, 1630, 0, 0, 255, 0
L 900, 1660, 0, 940, 1660, 0, 0, 255, 0
L 940, 1630, 0, 900, 1630, 0, 0, 255, 0
L 900, 1600, 0, 940, 1600, 0, 0, 255, 0
L 940, 1630, 0, 940, 1660, 0, 0, 255, 0
L 990, 1630, 0, 960, 1630, 0, 0, 255, 0
L 990, 1600, 0, 990, 1630, 0, 0, 255, 0
L 960, 1600, 0, 990, 1600, 0, 0, 255, 0
L 960, 1660, 0, 960, 1600, 0, 0, 255, 0
L 1010, 1630, 0, 1040, 1630, 0, 0, 255, 0
L 1010, 1660, 0, 1040, 1660, 0, 0, 255, 0
L 1010, 1600, 0, 1010, 1660, 0, 0, 255, 0
L 1040, 1600, 0, 1010, 1600, 0, 0, 255, 0
L 1090, 1660, 0, 1060, 1660, 0, 0, 255, 0
L 1060, 1600, 0, 1090, 1600, 0, 0, 255, 0
L 1060, 1660, 0, 1060, 1600, 0, 0, 255, 0
L 1110, 1600, 0, 1110, 1660, 0, 0, 255, 0
L 1140, 1630, 0, 1160, 1630, 0, 0, 255, 0
L 1150, 1600, 0, 1170, 1660, 0, 0, 255, 0
L 1130, 1660, 0, 1150, 1600, 0, 0, 255, 0
L 1190, 1600, 0, 1190, 1660, 0, 0, 255, 0
L 1230, 1660, 0, 1190, 1660, 0, 0, 255, 0
L 1340, 1660, 0, 1310, 1660, 0, 0, 255, 0
L 1310, 1600, 0, 1340, 1600, 0, 0, 255, 0
L 1310, 1660, 0, 1310, 1600, 0, 0, 255, 0
L 1400, 1600, 0, 1400, 1660, 0, 0, 255, 0
L 1360, 1600, 0, 1360, 1660, 0, 0, 255, 0
L 1360, 1660, 0, 1400, 1660, 0, 0, 255, 0
L 1420, 1600, 0, 1420, 1630, 0, 0, 255, 0
L 1420, 1630, 0, 1420, 1660, 0, 0, 255, 0
L 1420, 1630, 0, 1440, 1630, 0, 0, 255, 0
L 1460, 1630, 0, 1460, 1600, 0, 0, 255, 0
L 1420, 1600, 0, 1460, 1600, 0, 0, 255, 0
L 1440, 1630, 0, 1460, 1630, 0, 0, 255, 0
L 1460, 1660, 0, 1440, 1630, 0, 0, 255, 0
L 1480, 1600, 0, 1480, 1630, 0, 0, 255, 0
L 1480, 1630, 0, 1480, 1660, 0, 0, 255, 0
L 1480, 1630, 0, 1500, 1630, 0, 0, 255, 0
L 1520, 1630, 0, 1520, 1600, 0, 0, 255, 0
L 1480, 1600, 0, 1520, 1600, 0, 0, 255, 0
L 1500, 1630, 0, 1520, 1630, 0, 0, 255, 0
L 1520, 1660, 0, 1500, 1630, 0, 0, 255, 0
L 1540, 1630, 0, 1570, 1630, 0, 0, 255, 0
L 1540, 1660, 0, 1570, 1660, 0, 0, 255, 0
L 1540, 1600, 0, 1540, 1660, 0, 0, 255, 0
L 1570, 1600, 0, 1540, 1600, 0, 0, 255, 0
L 1620, 1660, 0, 1620, 1600, 0, 0, 255, 0
L 1590, 1600, 0, 1620, 1660, 0, 0, 255, 0
L 1590, 1660, 0, 1590, 1600, 0, 0, 255, 0
L 1670, 1660, 0, 1640, 1660, 0, 0, 255, 0
L 1640, 1600, 0, 1670, 1600, 0, 0, 255, 0
L 1640, 1660, 0, 1640, 1600, 0, 0, 255, 0
L 1710, 1630, 0, 1710, 1660, 0, 0, 255, 0
L 1710, 1630, 0, 1730, 1600, 0, 0, 255, 0
L 1690, 1600, 0, 1710, 1630, 0, 0, 255, 0
L 900, 1690, 0, 900, 1720, 0, 255, 0, 0
L 900, 1750, 0, 940, 1750, 0, 255, 0, 0
L 940, 1720, 0, 900, 1720, 0, 255, 0, 0
L 900, 1690, 0, 940, 1690, 0, 255, 0, 0
L 940, 1720, 0, 940, 1750, 0, 255, 0, 0
L 1000, 1690, 0, 1000, 1750, 0, 255, 0, 0
L 960, 1690, 0, 960, 1750, 0, 255, 0, 0
L 960, 1750, 0, 1000, 1750, 0, 255, 0, 0
L 1050, 1750, 0, 1020, 1750, 0, 255, 0, 0
L 1020, 1690, 0, 1050, 1690, 0, 255, 0, 0
L 1020, 1750, 0, 1020, 1690, 0, 255, 0, 0
L 1100, 1750, 0, 1070, 1750, 0, 255, 0, 0
L 1070, 1690, 0, 1100, 1690, 0, 255, 0, 0
L 1070, 1750, 0, 1070, 1690, 0, 255, 0, 0
L 1120, 1690, 0, 1150, 1690, 0, 255, 0, 0
L 1120, 1750, 0, 1150, 1750, 0, 255, 0, 0
L 1120, 1690, 0, 1120, 1750, 0, 255, 0, 0
L 1150, 1690, 0, 1150, 1750, 0, 255, 0, 0
L 1170, 1690, 0, 1170, 1720, 0, 255, 0, 0
L 1170, 1720, 0, 1170, 1750, 0, 255, 0, 0
L 1170, 1720, 0, 1190, 1720, 0, 255, 0, 0
L 1210, 1720, 0, 1210, 1690, 0, 255, 0, 0
L 1170, 1690, 0, 1210, 1690, 0, 255, 0, 0
L 1190, 1720, 0, 1210, 1720, 0, 255, 0, 0
L 1210, 1750, 0, 1190, 1720, 0, 255, 0, 0
L 920, 1780, 0, 920, 1840, 0, 255, 255, 0
L 900, 1780, 0, 940, 1780, 0, 255, 255, 0
L 960, 1810, 0, 990, 1810, 0, 255, 255, 0
L 960, 1840, 0, 990, 1840, 0, 255, 255, 0
L 960, 1780, 0, 960, 1840, 0, 255, 255, 0
L 990, 1780, 0, 960, 1780, 0, 255, 255, 0
L 1010, 1780, 0, 1010, 1840, 0, 255, 255, 0
L 1050, 1840, 0, 1010, 1840, 0, 255, 255, 0
L 1070, 1810, 0, 1100, 1810, 0, 255, 255, 0
L 1070, 1840, 0, 1100, 1840, 0, 255, 255, 0
L 1070, 1780, 0, 1070, 1840, 0, 255, 255, 0
L 1100, 1780, 0, 1070, 1780, 0, 255, 255, 0
L 1150, 1810, 0, 1120, 1810, 0, 255, 255, 0
L 1150, 1780, 0, 1150, 1810, 0, 255, 255, 0
L 1120, 1780, 0, 1150, 1780, 0, 255, 255, 0
L 1120, 1840, 0, 1120, 1780, 0, 255, 255, 0
L 1170, 1780, 0, 1200, 1780, 0, 255, 255, 0
L 1170, 1840, 0, 1200, 1840, 0, 255, 255, 0
L 1170, 1780, 0, 1170, 1840, 0, 255, 255, 0
L 1200, 1780, 0, 1200, 1840, 0, 255, 255, 0
L 1220, 1780, 0, 1220, 1810, 0, 255, 255, 0
L 1220, 1810, 0, 1220, 1840, 0, 255, 255, 0
L 1220, 1810, 0, 1240, 1810, 0, 255, 255, 0
L 1260, 1810, 0, 1260, 1780, 0, 255, 255, 0
L 1220, 1780, 0, 1260, 1780, 0, 255, 255, 0
L 1240, 1810, 0, 1260, 1810, 0, 255, 255, 0
L 1260, 1840, 0, 1240, 1810, 0, 255, 255, 0
L 1300, 1780, 0, 1300, 1840, 0, 255, 255, 0
L 1280, 1780, 0, 1320, 1780, 0, 255, 255, 0
L 920, 1870, 0, 920, 1930, 0, 128, 0, 128
L 900, 1870, 0, 940, 1870, 0, 128, 0, 128
L 960, 1870, 0, 960, 1900, 0, 128, 0, 128
L 960, 1900, 0, 960, 1930, 0, 128, 0, 128
L 960, 1900, 0, 980, 1900, 0, 128, 0, 128
L 1000, 1900, 0, 1000, 1870, 0, 128, 0, 128
L 960, 1870, 0, 1000, 1870, 0, 128, 0, 128
L 980, 1900, 0, 1000, 1900, 0, 128, 0, 128
L 1000, 1930, 0, 980, 1900, 0, 128, 0, 128
L 1030, 1900, 0, 1050, 1900, 0, 128, 0, 128
L 1040, 1870, 0, 1060, 1930, 0, 128, 0, 128
L 1020, 1930, 0, 1040, 1870, 0, 128, 0, 128
L 1090, 1930, 0, 1090, 1870, 0, 128, 0, 128
L 1100, 1930, 0, 1080, 1930, 0, 128, 0, 128
L 1110, 1900, 0, 1100, 1930, 0, 128, 0, 128
L 1100, 1870, 0, 1110, 1900, 0, 128, 0, 128
L 1080, 1870, 0, 1100, 1870, 0, 128, 0, 128
L 1130, 1900, 0, 1160, 1900, 0, 128, 0, 128
L 1130, 1930, 0, 1160, 1930, 0, 128, 0, 128
L 1130, 1870, 0, 1130, 1930, 0, 128, 0, 128
L 1160, 1870, 0, 1130, 1870, 0, 128, 0, 128
L 1180, 1870, 0, 1180, 1900, 0, 128, 0, 128
L 1180, 1930, 0, 1220, 1930, 0, 128, 0, 128
L 1220, 1900, 0, 1180, 1900, 0, 128, 0, 128
L 1180, 1870, 0, 1220, 1870, 0, 128, 0, 128
L 1220, 1900, 0, 1220, 1930, 0, 128, 0, 128
L 1240, 1870, 0, 1240, 1900, 0, 128, 0, 128
L 1240, 1900, 0, 1240, 1930, 0, 128, 0, 128
L 1240, 1900, 0, 1280, 1930, 0, 128, 0, 128
L 1240, 1900, 0, 1280, 1870, 0, 128, 0, 128
L 1300, 1870, 0, 1300, 1930, 0, 128, 0, 128
L 1320, 1870, 0, 1320, 1930, 0, 128, 0, 128
L 1360, 1930, 0, 1320, 1930, 0, 128, 0, 128
L 1380, 1870, 0, 1380, 1930, 0, 128, 0, 128
L 1420, 1930, 0, 1380, 1930, 0, 128, 0, 128
L 1530, 1930, 0, 1500, 1930, 0, 128, 0, 128
L 1500, 1870, 0, 1530, 1870, 0, 128, 0, 128
L 1500, 1930, 0, 1500, 1870, 0, 128, 0, 128
L 1550, 1870, 0, 1580, 1870, 0, 128, 0, 128
L 1550, 1930, 0, 1580, 1930, 0, 128, 0, 128
L 1550, 1870, 0, 1550, 1930, 0, 128, 0, 128
L 1580, 1870, 0, 1580, 1930, 0, 128, 0, 128
L 1630, 1930, 0, 1630, 1870, 0, 128, 0, 128
L 1600, 1870, 0, 1630, 1930, 0, 128, 0, 128
L 1600, 1930, 0, 1600, 1870, 0, 128, 0, 128
L 1670, 1870, 0, 1670, 1930, 0, 128, 0, 128
L 1650, 1870, 0, 1690, 1870, 0, 128, 0, 128
L 1720, 1900, 0, 1740, 1900, 0, 128, 0, 128
L 1730, 1870, 0, 1750, 1930, 0, 128, 0, 128
L 1710, 1930, 0, 1730, 1870, 0, 128, 0, 128
L 1770, 1870, 0, 1770, 1930, 0, 128, 0, 128
L 1820, 1930, 0, 1820, 1870, 0, 128, 0, 128
L 1790, 1870, 0, 1820, 1930, 0, 128, 0, 128
L 1790, 1930, 0, 1790, 1870, 0, 128, 0, 128
L 1840, 1900, 0, 1870, 1900, 0, 128, 0, 128
L 1840, 1930, 0, 1870, 1930, 0, 128, 0, 128
L 1840, 1870, 0, 1840, 1930, 0, 128, 0, 128
L 1870, 1870, 0, 1840, 1870, 0, 128, 0, 128
L 1890, 1870, 0, 1890, 1900, 0, 128, 0, 128
L 1890, 1900, 0, 1890, 1930, 0, 128, 0, 128
L 1890, 1900, 0, 1910, 1900, 0, 128, 0, 128
L 1930, 1900, 0, 1930, 1870, 0, 128, 0, 128
L 1890, 1870, 0, 1930, 1870, 0, 128, 0, 128
L 1910, 1900, 0, 1930, 1900, 0, 128, 0, 128
L 1930, 1930, 0, 1910, 1900, 0, 128, 0, 128
L 920, 1960, 0, 920, 2020, 0, 255, 255, 0
L 900, 1960, 0, 940, 1960, 0, 255, 255, 0
L 960, 1960, 0, 960, 1990, 0, 255, 255, 0
L 960, 1990, 0, 960, 2020, 0, 255, 255, 0
L 960, 1990, 0, 980, 1990, 0, 255, 255, 0
L 1000, 1990, 0, 1000, 1960, 0, 255, 255, 0
L 960, 1960, 0, 1000, 1960, 0, 255, 255, 0
L 980, 1990, 0, 1000, 1990, 0, 255, 255, 0
L 1000, 2020, 0, 980, 1990, 0, 255, 255, 0
L 1030, 1990, 0, 1050, 1990, 0, 255, 255, 0
L 1040, 1960, 0, 1060, 2020, 0, 255, 255, 0
L 1020, 2020, 0, 1040, 1960, 0, 255, 255, 0
L 1110, 1990, 0, 1080, 1990, 0, 255, 255, 0
L 1110, 1960, 0, 1110, 1990, 0, 255, 255, 0
L 1080, 1960, 0, 1110, 1960, 0, 255, 255, 0
L 1080, 2020, 0, 1080, 1960, 0, 255, 255, 0
L 930, 2050, 0, 900, 2050, 0, 255, 0, 0
L 900, 2110, 0, 930, 2050, 0, 255, 0, 0
L 900, 2110, 0, 930, 2110, 0, 255, 0, 0
L 950, 2050, 0, 980, 2050, 0, 255, 0, 0
L 950, 2110, 0, 980, 2110, 0, 255, 0, 0
L 950, 2050, 0, 950, 2110, 0, 255, 0, 0
L 980, 2050, 0, 980, 2110, 0, 255, 0, 0
L 1030, 2110, 0, 1030, 2050, 0, 255, 0, 0
L 1000, 2050, 0, 1030, 2110, 0, 255, 0, 0
L 1000, 2110, 0, 1000, 2050, 0, 255, 0, 0
L 1050, 2080, 0, 1080, 2080, 0, 255, 0, 0
L 1050, 2110, 0, 1080, 2110, 0, 255, 0, 0
L 1050, 2050, 0, 1050, 2110, 0, 255, 0, 0
L 1080, 2050, 0, 1050, 2050, 0, 255, 0, 0
P -100, 400, 0, 0, 0, 0, 2, Revised_Map:_Brewall_Rainsiger_(Cazic-Thule)
P -100, 600, 0, 0, 0, 0, 2, http://www.eqmaps.info
P -100, 800, 0, 0, 0, 0, 2, Return_of_the_Exiled_(www.roteguild.org)
P -100, 1000, 0, 127, 64, 0, 2, a_barbed_scale_piranha
P -100, 1200, 0, 127, 64, 0, 2, a_blood_claw_raptor
P -100, 1400, 0, 127, 64, 0, 2, a_blood_fin_piranha
P -100, 1600, 0, 127, 64, 0, 2, a_crystaline_mass
P -100, 1800, 0, 127, 64, 0, 2, a_diamond_scale_piranha
P -100, 2000, 0, 127, 64, 0, 2, a_disciple_of_Thule
P -100, 2200, 0, 127, 64, 0, 2, a_diseased_mosquito
P -100, 2400, 0, 127, 64, 0, 2, Dismay
P -100, 2600, 0, 127, 64, 0, 2, Dreadfang
P -100, 2800, 0, 127, 64, 0, 2, an_enraged_Amygdalan
P -100, 3000, 0, 127, 64, 0, 2, an_enraged_disciple
P -100, 3200, 0, 127, 64, 0, 2, an_enraged_jungle_raptor
P -100, 3400, 0, 127, 64, 0, 2, an_enraged_tiger_raptor
P -100, 3600, 0, 127, 64, 0, 2, an_envenomed_hunter
P -100, 3800, 0, 127, 64, 0, 2, a_frenzied_shiverback
P -100, 4000, 0, 127, 64, 0, 2, Frightchaser
P -100, 4200, 0, 127, 64, 0, 2, a_gelatious_mass
P -100, 4400, 0, 127, 64, 0, 2, a_graystriped_mosquito
P -100, 4600, 0, 127, 64, 0, 2, a_gyrating_mass
P -100, 4800, 0, 127, 64, 0, 2, a_noxious_jungle_spider
P -100, 5000, 0, 127, 64, 0, 2, an_ooze_covered_ritualist
P -100, 5200, 0, 127, 64, 0, 2, a_poisonstrand_hunter
P -100, 5400, 0, 127, 64, 0, 2, a_quivering_mass
P -100, 5600, 0, 127, 64, 0, 2, a_razor_fin_piranha
P -100, 5800, 0, 127, 64, 0, 2, a_razor_tooth_piranha
P -100, 6000, 0, 127, 64, 0, 2, a_rotting_horror
P -100, 6200, 0, 127, 64, 0, 2, a_rotting_shiverback
P -100, 6400, 0, 127, 64, 0, 2, Silverfang
P -100, 6600, 0, 127, 64, 0, 2, a_silverflank_shiverback
P -100, 6800, 0, 127, 64, 0, 2, Soul_Siphon
P -100, 7000, 0, 127, 64, 0, 2, a_swirling_black_mass
P -100, 7200, 0, 127, 64, 0, 2, a_swirling_green_mass
P -100, 7400, 0, 127, 64, 0, 2, a_swirling_red_mass
P -100, 7600, 0, 127, 64, 0, 2, a_Tae_Ew_aggressor
P -100, 7800, 0, 127, 64, 0, 2, a_Tae_Ew_bloodfiend
P -100, 8000, 0, 127, 64, 0, 2, a_Tae_Ew_convert
P -100, 8200, 0, 127, 64, 0, 2, a_Tae_Ew_hunter
P -100, 8400, 0, 127, 64, 0, 2, a_Tae_Ew_prophet
P -100, 8600, 0, 127, 64, 0, 2, a_Tae_Ew_spear_fisher
P -100, 8800, 0, 127, 64, 0, 2, a_Tae_Ew_trapper
P -100, 9000, 0, 127, 64, 0, 2, a_Tae_Ew_warlord
P -100, 9200, 0, 127, 64, 0, 2, a_Tae_Ew_warmaster
P -100, 9400, 0, 127, 64, 0, 2, Terrorclaw
P -100, 9600, 0, 127, 64, 0, 2, a_Thul_Tae_Ew_adept
P -100, 9800, 0, 127, 64, 0, 2, a_Thul_Tae_Ew_crusader
P -100, 10000, 0, 127, 64, 0, 2, a_Thul_Tae_Ew_despoiler
P -100, 10200, 0, 127, 64, 0, 2, a_Thul_Tae_Ew_ritualist
P -100, 10400, 0, 127, 64, 0, 2, a_Thul_Tae_Ew_spiritcaller
P -100, 10600, 0, 127, 64, 0, 2, a_Thul_Tae_Ew_torturer
P -100, 10800, 0, 127, 64, 0, 2, a_toxic_jungle_hunter
P -100, 11000, 0, 127, 64, 0, 2, Toxiferious
P -100, 11200, 0, 127, 64, 0, 2, a_virulent_mosquito
