L 1000.0, 0.0, 0.0, 1000.0, -50.0, 0.0, 255, 0, 0
L -20.0, 50.0, 0.0, -50.0, 20.0, 0.0, 255, 0, 0
L 50.0, 20.0, 0.0, 20.0, 50.0, 0.0, 255, 0, 0
L 20.0, -50.0, 0.0, 50.0, -20.0, 0.0, 255, 0, 0
L -50.0, -20.0, 0.0, -20.0, -50.0, 0.0, 255, 0, 0
L -50.0, 20.0, 0.0, -50.0, -20.0, 0.0, 255, 0, 0
L 20.0, 50.0, 0.0, -20.0, 50.0, 0.0, 255, 0, 0
L 50.0, -20.0, 0.0, 50.0, 20.0, 0.0, 255, 0, 0
L -20.0, -50.0, 0.0, 20.0, -50.0, 0.0, 255, 0, 0
L 580.0, -20.0, 0.0, 540.0, -20.0, 0.0, 255, 0, 0
L 580.0, -90.0, 0.0, 580.0, -20.0, 0.0, 255, 0, 0
L 540.0, -90.0, 0.0, 580.0, -90.0, 0.0, 255, 0, 0
L 540.0, -20.0, 0.0, 540.0, -90.0, 0.0, 255, 0, 0
L 520.0, -20.0, 0.0, 480.0, -20.0, 0.0, 255, 0, 0
L 520.0, -90.0, 0.0, 520.0, -20.0, 0.0, 255, 0, 0
L 480.0, -90.0, 0.0, 520.0, -90.0, 0.0, 255, 0, 0
L 480.0, -20.0, 0.0, 480.0, -90.0, 0.0, 255, 0, 0
L 460.0, -90.0, 0.0, 450.0, -80.0, 0.0, 255, 0, 0
L 460.0, -20.0, 0.0, 460.0, -90.0, 0.0, 255, 0, 0
L 0.0, -250.0, 0.0, 0.0, 250.0, 0.0, 255, 0, 0
L -250.0, 0.0, 0.0, 1000.0, 0.0, 0.0, 255, 0, 0
L -120.0, -80.0, 0.0, -120.0, -60.0, 0.0, 255, 0, 0
L -120.0, -60.0, 0.0, -120.0, -40.0, 0.0, 255, 0, 0
L -100.0, -60.0, 0.0, -120.0, -60.0, 0.0, 255, 0, 0
L -120.0, -60.0, 0.0, -140.0, -60.0, 0.0, 255, 0, 0
L -90.0, -50.0, 0.0, -100.0, -30.0, 0.0, 255, 0, 0
L -60.0, -80.0, 0.0, -60.0, -60.0, 0.0, 255, 0, 0
L -60.0, -60.0, 0.0, -60.0, -40.0, 0.0, 255, 0, 0
L -40.0, -60.0, 0.0, -60.0, -60.0, 0.0, 255, 0, 0
L -60.0, -60.0, 0.0, -80.0, -60.0, 0.0, 255, 0, 0
L 100.0, 60.0, 0.0, 120.0, 60.0, 0.0, 255, 0, 0
L 120.0, 60.0, 0.0, 140.0, 60.0, 0.0, 255, 0, 0
L 90.0, 70.0, 0.0, 80.0, 90.0, 0.0, 255, 0, 0
L 40.0, 60.0, 0.0, 60.0, 60.0, 0.0, 255, 0, 0
L 60.0, 60.0, 0.0, 80.0, 60.0, 0.0, 255, 0, 0
L -100.0, 60.0, 0.0, -120.0, 60.0, 0.0, 255, 0, 0
L -120.0, 60.0, 0.0, -140.0, 60.0, 0.0, 255, 0, 0
L -90.0, 70.0, 0.0, -100.0, 90.0, 0.0, 255, 0, 0
L -60.0, 80.0, 0.0, -60.0, 60.0, 0.0, 255, 0, 0
L -60.0, 60.0, 0.0, -60.0, 40.0, 0.0, 255, 0, 0
L -40.0, 60.0, 0.0, -60.0, 60.0, 0.0, 255, 0, 0
L -60.0, 60.0, 0.0, -80.0, 60.0, 0.0, 255, 0, 0
L 100.0, -60.0, 0.0, 120.0, -60.0, 0.0, 255, 0, 0
L 120.0, -60.0, 0.0, 140.0, -60.0, 0.0, 255, 0, 0
L 90.0, -50.0, 0.0, 80.0, -30.0, 0.0, 255, 0, 0
L 60.0, -80.0, 0.0, 60.0, -60.0, 0.0, 255, 0, 0
L 60.0, -60.0, 0.0, 60.0, -40.0, 0.0, 255, 0, 0
L 40.0, -60.0, 0.0, 60.0, -60.0, 0.0, 255, 0, 0
L 60.0, -60.0, 0.0, 80.0, -60.0, 0.0, 255, 0, 0
L 599.0, -90.0, 0.0, 637.3, -90.0, 0.0, 255, 0, 0
L 599.0, -20.0, 0.0, 637.3, -20.0, 0.0, 255, 0, 0
L 599.0, -90.0, 0.0, 599.0, -20.0, 0.0, 255, 0, 0
L 637.3, -90.0, 0.0, 637.3, -20.0, 0.0, 255, 0, 0
L 1800, 1600, 0, 1800, 1660, 0, 0, 0, 0
L 1840, 1660, 0, 1800, 1660, 0, 0, 0, 0
L 1860, 1630, 0, 1890, 1630, 0, 0, 0, 0
L 1860, 1660, 0, 1890, 1660, 0, 0, 0, 0
L 1860, 1600, 0, 1860, 1660, 0, 0, 0, 0
L 1890, 1600, 0, 1860, 1600, 0, 0, 0, 0
L 1940, 1660, 0, 1910, 1660, 0, 0, 0, 0
L 1910, 1600, 0, 1940, 1600, 0, 0, 0, 0
L 1910, 1660, 0, 1910, 1600, 0, 0, 0, 0
L 1940, 1660, 0, 1940, 1630, 0, 0, 0, 0
L 1940, 1630, 0, 1920, 1630, 0, 0, 0, 0
L 1960, 1630, 0, 1990, 1630, 0, 0, 0, 0
L 1960, 1660, 0, 1990, 1660, 0, 0, 0, 0
L 1960, 1600, 0, 1960, 1660, 0, 0, 0, 0
L 1990, 1600, 0, 1960, 1600, 0, 0, 0, 0
L 2040, 1660, 0, 2040, 1600, 0, 0, 0, 0
L 2010, 1600, 0, 2040, 1660, 0, 0, 0, 0
L 2010, 1660, 0, 2010, 1600, 0, 0, 0, 0
L 2070, 1660, 0, 2070, 1600, 0, 0, 0, 0
L 2080, 1660, 0, 2060, 1660, 0, 0, 0, 0
L 2090, 1630, 0, 2080, 1660, 0, 0, 0, 0
L 2080, 1600, 0, 2090, 1630, 0, 0, 0, 0
L 2060, 1600, 0, 2080, 1600, 0, 0, 0, 0
L 1880, 1810, 0, 1920, 1770, 0, 255, 255, 0
L 1800, 1770, 0, 1840, 1730, 0, 255, 255, 0
L 1800, 1810, 0, 1880, 1730, 0, 255, 255, 0
L 1840, 1810, 0, 1920, 1730, 0, 255, 255, 0
L 1800, 1810, 0, 1800, 1730, 0, 0, 0, 0
L 1920, 1810, 0, 1800, 1810, 0, 0, 0, 0
L 1920, 1730, 0, 1920, 1810, 0, 0, 0, 0
L 1800, 1730, 0, 1920, 1730, 0, 0, 0, 0
L 1960, 1770, 0, 1990, 1770, 0, 0, 0, 0
L 1960, 1740, 0, 1960, 1800, 0, 0, 0, 0
L 1990, 1740, 0, 1960, 1740, 0, 0, 0, 0
L 2020, 1770, 0, 2040, 1770, 0, 0, 0, 0
L 2030, 1740, 0, 2050, 1800, 0, 0, 0, 0
L 2010, 1800, 0, 2030, 1740, 0, 0, 0, 0
L 2070, 1740, 0, 2070, 1770, 0, 0, 0, 0
L 2070, 1770, 0, 2070, 1800, 0, 0, 0, 0
L 2070, 1770, 0, 2110, 1800, 0, 0, 0, 0
L 2070, 1770, 0, 2110, 1740, 0, 0, 0, 0
L 2130, 1770, 0, 2160, 1770, 0, 0, 0, 0
L 2130, 1800, 0, 2160, 1800, 0, 0, 0, 0
L 2130, 1740, 0, 2130, 1800, 0, 0, 0, 0
L 2160, 1740, 0, 2130, 1740, 0, 0, 0, 0
L 2240, 1770, 0, 2270, 1770, 0, 0, 0, 0
L 2240, 1740, 0, 2240, 1800, 0, 0, 0, 0
L 2270, 1740, 0, 2240, 1740, 0, 0, 0, 0
L 2290, 1740, 0, 2290, 1800, 0, 0, 0, 0
L 2330, 1800, 0, 2290, 1800, 0, 0, 0, 0
L 2350, 1740, 0, 2380, 1740, 0, 0, 0, 0
L 2350, 1800, 0, 2380, 1800, 0, 0, 0, 0
L 2350, 1740, 0, 2350, 1800, 0, 0, 0, 0
L 2380, 1740, 0, 2380, 1800, 0, 0, 0, 0
L 2400, 1740, 0, 2430, 1740, 0, 0, 0, 0
L 2400, 1800, 0, 2430, 1800, 0, 0, 0, 0
L 2400, 1740, 0, 2400, 1800, 0, 0, 0, 0
L 2430, 1740, 0, 2430, 1800, 0, 0, 0, 0
L 2450, 1740, 0, 2450, 1770, 0, 0, 0, 0
L 2450, 1770, 0, 2450, 1800, 0, 0, 0, 0
L 2450, 1770, 0, 2470, 1770, 0, 0, 0, 0
L 2490, 1770, 0, 2490, 1740, 0, 0, 0, 0
L 2450, 1740, 0, 2490, 1740, 0, 0, 0, 0
L 2470, 1770, 0, 2490, 1770, 0, 0, 0, 0
L 2490, 1800, 0, 2470, 1770, 0, 0, 0, 0
L 1800, 1850, 0, 1860, 1850, 0, 0, 0, 0
L 1800, 1930, 0, 1860, 1930, 0, 0, 0, 0
L 1860, 1850, 0, 1890, 1850, 0, 0, 0, 0
L 1860, 1930, 0, 1890, 1930, 0, 0, 0, 0
L 1860, 1850, 0, 1860, 1930, 0, 255, 255, 0
L 1890, 1850, 0, 1920, 1850, 0, 0, 0, 0
L 1890, 1930, 0, 1920, 1930, 0, 0, 0, 0
L 1890, 1850, 0, 1890, 1930, 0, 255, 255, 0
L 1960, 1890, 0, 1990, 1890, 0, 0, 0, 0
L 1960, 1860, 0, 1960, 1920, 0, 0, 0, 0
L 1990, 1860, 0, 1960, 1860, 0, 0, 0, 0
L 2020, 1890, 0, 2040, 1890, 0, 0, 0, 0
L 2030, 1860, 0, 2050, 1920, 0, 0, 0, 0
L 2010, 1920, 0, 2030, 1860, 0, 0, 0, 0
L 2070, 1860, 0, 2070, 1890, 0, 0, 0, 0
L 2070, 1890, 0, 2070, 1920, 0, 0, 0, 0
L 2070, 1890, 0, 2110, 1920, 0, 0, 0, 0
L 2070, 1890, 0, 2110, 1860, 0, 0, 0, 0
L 2130, 1890, 0, 2160, 1890, 0, 0, 0, 0
L 2130, 1920, 0, 2160, 1920, 0, 0, 0, 0
L 2130, 1860, 0, 2130, 1920, 0, 0, 0, 0
L 2160, 1860, 0, 2130, 1860, 0, 0, 0, 0
L 2270, 1920, 0, 2280, 1860, 0, 0, 0, 0
L 2260, 1890, 0, 2270, 1920, 0, 0, 0, 0
L 2250, 1920, 0, 2260, 1890, 0, 0, 0, 0
L 2240, 1860, 0, 2250, 1920, 0, 0, 0, 0
L 2310, 1890, 0, 2330, 1890, 0, 0, 0, 0
L 2320, 1860, 0, 2340, 1920, 0, 0, 0, 0
L 2300, 1920, 0, 2320, 1860, 0, 0, 0, 0
L 2360, 1860, 0, 2360, 1920, 0, 0, 0, 0
L 2400, 1920, 0, 2360, 1920, 0, 0, 0, 0
L 2420, 1860, 0, 2420, 1920, 0, 0, 0, 0
L 2460, 1920, 0, 2420, 1920, 0, 0, 0, 0
L 1800, 2050, 0, 1860, 2050, 0, 0, 0, 0
L 1800, 1970, 0, 1860, 1970, 0, 0, 0, 0
L 1830, 2023, 0, 1830, 1997, 0, 205, 133, 63
L 1860, 2050, 0, 1920, 2050, 0, 0, 0, 0
L 1860, 2050, 0, 1860, 2023, 0, 205, 133, 63
L 1830, 2023, 0, 1890, 2023, 0, 205, 133, 63
L 1830, 1997, 0, 1860, 1997, 0, 205, 133, 63
L 1860, 1997, 0, 1890, 1997, 0, 205, 133, 63
L 1860, 1970, 0, 1920, 1970, 0, 0, 0, 0
L 1860, 1997, 0, 1860, 1970, 0, 205, 133, 63
L 1890, 2023, 0, 1890, 1997, 0, 205, 133, 63
L 1970, 2040, 0, 1970, 1980, 0, 0, 0, 0
L 1980, 2040, 0, 1960, 2040, 0, 0, 0, 0
L 1990, 2010, 0, 1980, 2040, 0, 0, 0, 0
L 1980, 1980, 0, 1990, 2010, 0, 0, 0, 0
L 1960, 1980, 0, 1980, 1980, 0, 0, 0, 0
L 2010, 1980, 0, 2040, 1980, 0, 0, 0, 0
L 2010, 2040, 0, 2040, 2040, 0, 0, 0, 0
L 2010, 1980, 0, 2010, 2040, 0, 0, 0, 0
L 2040, 1980, 0, 2040, 2040, 0, 0, 0, 0
L 2060, 1980, 0, 2090, 1980, 0, 0, 0, 0
L 2060, 2040, 0, 2090, 2040, 0, 0, 0, 0
L 2060, 1980, 0, 2060, 2040, 0, 0, 0, 0
L 2090, 1980, 0, 2090, 2040, 0, 0, 0, 0
L 2110, 1980, 0, 2110, 2010, 0, 0, 0, 0
L 2110, 2010, 0, 2110, 2040, 0, 0, 0, 0
L 2110, 2010, 0, 2130, 2010, 0, 0, 0, 0
L 2150, 2010, 0, 2150, 1980, 0, 0, 0, 0
L 2110, 1980, 0, 2150, 1980, 0, 0, 0, 0
L 2130, 2010, 0, 2150, 2010, 0, 0, 0, 0
L 2150, 2040, 0, 2130, 2010, 0, 0, 0, 0
L 1800, 2090, 0, 1800, 2120, 0, 255, 210, 0
L 1800, 2090, 0, 1820, 2090, 0, 255, 210, 0
L 1820, 2150, 0, 1800, 2150, 0, 255, 210, 0
L 1800, 2120, 0, 1800, 2150, 0, 255, 210, 0
L 1820, 2120, 0, 1800, 2120, 0, 255, 210, 0
L 1820, 2120, 0, 1840, 2105, 0, 255, 210, 0
L 1820, 2090, 0, 1840, 2105, 0, 255, 210, 0
L 1820, 2120, 0, 1840, 2135, 0, 255, 210, 0
L 1840, 2135, 0, 1820, 2150, 0, 255, 210, 0
L 1870, 2120, 0, 1890, 2120, 0, 255, 210, 0
L 1880, 2090, 0, 1900, 2150, 0, 255, 210, 0
L 1860, 2150, 0, 1880, 2090, 0, 255, 210, 0
L 1950, 2150, 0, 1950, 2090, 0, 255, 210, 0
L 1920, 2090, 0, 1950, 2150, 0, 255, 210, 0
L 1920, 2150, 0, 1920, 2090, 0, 255, 210, 0
L 1970, 2090, 0, 1970, 2120, 0, 255, 210, 0
L 1970, 2120, 0, 1970, 2150, 0, 255, 210, 0
L 1970, 2120, 0, 2010, 2150, 0, 255, 210, 0
L 1970, 2120, 0, 2010, 2090, 0, 255, 210, 0
L 2030, 2120, 0, 2060, 2120, 0, 255, 210, 0
L 2030, 2150, 0, 2060, 2150, 0, 255, 210, 0
L 2030, 2090, 0, 2030, 2150, 0, 255, 210, 0
L 2060, 2090, 0, 2030, 2090, 0, 255, 210, 0
L 2080, 2090, 0, 2080, 2120, 0, 255, 210, 0
L 2080, 2120, 0, 2080, 2150, 0, 255, 210, 0
L 2080, 2120, 0, 2100, 2120, 0, 255, 210, 0
L 2120, 2120, 0, 2120, 2090, 0, 255, 210, 0
L 2080, 2090, 0, 2120, 2090, 0, 255, 210, 0
L 2100, 2120, 0, 2120, 2120, 0, 255, 210, 0
L 2120, 2150, 0, 2100, 2120, 0, 255, 210, 0
L 1830, 2240, 0, 1800, 2240, 0, 255, 255, 255
L 1800, 2180, 0, 1830, 2180, 0, 255, 255, 255
L 1800, 2240, 0, 1800, 2180, 0, 255, 255, 255
L 1850, 2180, 0, 1880, 2180, 0, 255, 255, 255
L 1850, 2240, 0, 1880, 2240, 0, 255, 255, 255
L 1850, 2180, 0, 1850, 2240, 0, 255, 255, 255
L 1880, 2180, 0, 1880, 2240, 0, 255, 255, 255
L 1940, 2180, 0, 1940, 2240, 0, 255, 255, 255
L 1920, 2210, 0, 1940, 2180, 0, 255, 255, 255
L 1900, 2180, 0, 1920, 2210, 0, 255, 255, 255
L 1900, 2240, 0, 1900, 2180, 0, 255, 255, 255
L 2000, 2180, 0, 2000, 2240, 0, 255, 255, 255
L 1980, 2210, 0, 2000, 2180, 0, 255, 255, 255
L 1960, 2180, 0, 1980, 2210, 0, 255, 255, 255
L 1960, 2240, 0, 1960, 2180, 0, 255, 255, 255
L 2020, 2210, 0, 2050, 2210, 0, 255, 255, 255
L 2020, 2240, 0, 2050, 2240, 0, 255, 255, 255
L 2020, 2180, 0, 2020, 2240, 0, 255, 255, 255
L 2050, 2180, 0, 2020, 2180, 0, 255, 255, 255
L 2100, 2240, 0, 2100, 2180, 0, 255, 255, 255
L 2070, 2180, 0, 2100, 2240, 0, 255, 255, 255
L 2070, 2240, 0, 2070, 2180, 0, 255, 255, 255
L 2140, 2180, 0, 2140, 2240, 0, 255, 255, 255
L 2120, 2180, 0, 2160, 2180, 0, 255, 255, 255
L 1830, 2330, 0, 1800, 2330, 0, 0, 0, 0
L 1800, 2270, 0, 1830, 2270, 0, 0, 0, 0
L 1800, 2330, 0, 1800, 2270, 0, 0, 0, 0
L 1830, 2330, 0, 1830, 2300, 0, 0, 0, 0
L 1830, 2300, 0, 1810, 2300, 0, 0, 0, 0
L 1850, 2300, 0, 1880, 2300, 0, 0, 0, 0
L 1850, 2330, 0, 1880, 2330, 0, 0, 0, 0
L 1850, 2270, 0, 1850, 2330, 0, 0, 0, 0
L 1880, 2270, 0, 1850, 2270, 0, 0, 0, 0
L 1930, 2330, 0, 1930, 2270, 0, 0, 0, 0
L 1900, 2270, 0, 1930, 2330, 0, 0, 0, 0
L 1900, 2330, 0, 1900, 2270, 0, 0, 0, 0
L 1950, 2300, 0, 1980, 2300, 0, 0, 0, 0
L 1950, 2330, 0, 1980, 2330, 0, 0, 0, 0
L 1950, 2270, 0, 1950, 2330, 0, 0, 0, 0
L 1980, 2270, 0, 1950, 2270, 0, 0, 0, 0
L 2000, 2270, 0, 2000, 2300, 0, 0, 0, 0
L 2000, 2300, 0, 2000, 2330, 0, 0, 0, 0
L 2000, 2300, 0, 2020, 2300, 0, 0, 0, 0
L 2040, 2300, 0, 2040, 2270, 0, 0, 0, 0
L 2000, 2270, 0, 2040, 2270, 0, 0, 0, 0
L 2020, 2300, 0, 2040, 2300, 0, 0, 0, 0
L 2040, 2330, 0, 2020, 2300, 0, 0, 0, 0
L 2070, 2300, 0, 2090, 2300, 0, 0, 0, 0
L 2080, 2270, 0, 2100, 2330, 0, 0, 0, 0
L 2060, 2330, 0, 2080, 2270, 0, 0, 0, 0
L 2120, 2270, 0, 2120, 2330, 0, 0, 0, 0
L 2160, 2330, 0, 2120, 2330, 0, 0, 0, 0
L 1830, 2420, 0, 1800, 2420, 0, 0, 0, 255
L 1800, 2360, 0, 1830, 2360, 0, 0, 0, 255
L 1800, 2420, 0, 1800, 2360, 0, 0, 0, 255
L 1830, 2420, 0, 1830, 2390, 0, 0, 0, 255
L 1830, 2390, 0, 1810, 2390, 0, 0, 0, 255
L 1850, 2360, 0, 1850, 2390, 0, 0, 0, 255
L 1850, 2390, 0, 1850, 2420, 0, 0, 0, 255
L 1850, 2390, 0, 1870, 2390, 0, 0, 0, 255
L 1890, 2390, 0, 1890, 2360, 0, 0, 0, 255
L 1850, 2360, 0, 1890, 2360, 0, 0, 0, 255
L 1870, 2390, 0, 1890, 2390, 0, 0, 0, 255
L 1890, 2420, 0, 1870, 2390, 0, 0, 0, 255
L 1910, 2360, 0, 1940, 2360, 0, 0, 0, 255
L 1910, 2420, 0, 1940, 2420, 0, 0, 0, 255
L 1910, 2360, 0, 1910, 2420, 0, 0, 0, 255
L 1940, 2360, 0, 1940, 2420, 0, 0, 0, 255
L 2000, 2360, 0, 2000, 2420, 0, 0, 0, 255
L 1960, 2360, 0, 1960, 2420, 0, 0, 0, 255
L 1960, 2420, 0, 2000, 2420, 0, 0, 0, 255
L 2050, 2420, 0, 2050, 2360, 0, 0, 0, 255
L 2020, 2360, 0, 2050, 2420, 0, 0, 0, 255
L 2020, 2420, 0, 2020, 2360, 0, 0, 0, 255
L 2080, 2420, 0, 2080, 2360, 0, 0, 0, 255
L 2090, 2420, 0, 2070, 2420, 0, 0, 0, 255
L 2100, 2390, 0, 2090, 2420, 0, 0, 0, 255
L 2090, 2360, 0, 2100, 2390, 0, 0, 0, 255
L 2070, 2360, 0, 2090, 2360, 0, 0, 0, 255
L 2180, 2360, 0, 2180, 2390, 0, 0, 0, 255
L 2180, 2420, 0, 2220, 2420, 0, 0, 0, 255
L 2220, 2390, 0, 2180, 2390, 0, 0, 0, 255
L 2180, 2360, 0, 2220, 2360, 0, 0, 0, 255
L 2220, 2390, 0, 2220, 2420, 0, 0, 0, 255
L 2270, 2390, 0, 2240, 2390, 0, 0, 0, 255
L 2270, 2360, 0, 2270, 2390, 0, 0, 0, 255
L 2240, 2360, 0, 2270, 2360, 0, 0, 0, 255
L 2240, 2420, 0, 2240, 2360, 0, 0, 0, 255
L 2300, 2390, 0, 2320, 2390, 0, 0, 0, 255
L 2310, 2360, 0, 2330, 2420, 0, 0, 0, 255
L 2290, 2420, 0, 2310, 2360, 0, 0, 0, 255
L 2380, 2420, 0, 2390, 2360, 0, 0, 0, 255
L 2370, 2390, 0, 2380, 2420, 0, 0, 0, 255
L 2360, 2420, 0, 2370, 2390, 0, 0, 0, 255
L 2350, 2360, 0, 2360, 2420, 0, 0, 0, 255
L 2440, 2420, 0, 2440, 2360, 0, 0, 0, 255
L 2410, 2360, 0, 2440, 2420, 0, 0, 0, 255
L 2410, 2420, 0, 2410, 2360, 0, 0, 0, 255
L 1830, 2510, 0, 1800, 2510, 0, 128, 128, 128
L 1800, 2450, 0, 1830, 2450, 0, 128, 128, 128
L 1800, 2510, 0, 1800, 2450, 0, 128, 128, 128
L 1830, 2510, 0, 1830, 2480, 0, 128, 128, 128
L 1830, 2480, 0, 1810, 2480, 0, 128, 128, 128
L 1890, 2450, 0, 1890, 2510, 0, 128, 128, 128
L 1850, 2450, 0, 1850, 2510, 0, 128, 128, 128
L 1850, 2510, 0, 1890, 2510, 0, 128, 128, 128
L 1910, 2450, 0, 1910, 2510, 0, 128, 128, 128
L 1930, 2450, 0, 1930, 2510, 0, 128, 128, 128
L 1970, 2510, 0, 1930, 2510, 0, 128, 128, 128
L 2000, 2510, 0, 2000, 2450, 0, 128, 128, 128
L 2010, 2510, 0, 1990, 2510, 0, 128, 128, 128
L 2020, 2480, 0, 2010, 2510, 0, 128, 128, 128
L 2010, 2450, 0, 2020, 2480, 0, 128, 128, 128
L 1990, 2450, 0, 2010, 2450, 0, 128, 128, 128
L 2140, 2450, 0, 2140, 2510, 0, 128, 128, 128
L 2120, 2480, 0, 2140, 2450, 0, 128, 128, 128
L 2100, 2450, 0, 2120, 2480, 0, 128, 128, 128
L 2100, 2510, 0, 2100, 2450, 0, 128, 128, 128
L 2170, 2480, 0, 2190, 2480, 0, 128, 128, 128
L 2180, 2450, 0, 2200, 2510, 0, 128, 128, 128
L 2160, 2510, 0, 2180, 2450, 0, 128, 128, 128
L 2220, 2450, 0, 2220, 2480, 0, 128, 128, 128
L 2220, 2510, 0, 2260, 2510, 0, 128, 128, 128
L 2260, 2480, 0, 2220, 2480, 0, 128, 128, 128
L 2220, 2450, 0, 2260, 2450, 0, 128, 128, 128
L 2260, 2480, 0, 2260, 2510, 0, 128, 128, 128
L 2300, 2450, 0, 2300, 2510, 0, 128, 128, 128
L 2280, 2450, 0, 2320, 2450, 0, 128, 128, 128
L 2340, 2480, 0, 2370, 2480, 0, 128, 128, 128
L 2340, 2510, 0, 2370, 2510, 0, 128, 128, 128
L 2340, 2450, 0, 2340, 2510, 0, 128, 128, 128
L 2370, 2450, 0, 2340, 2450, 0, 128, 128, 128
L 2390, 2450, 0, 2390, 2480, 0, 128, 128, 128
L 2390, 2480, 0, 2390, 2510, 0, 128, 128, 128
L 2390, 2480, 0, 2410, 2480, 0, 128, 128, 128
L 2430, 2480, 0, 2430, 2450, 0, 128, 128, 128
L 2390, 2450, 0, 2430, 2450, 0, 128, 128, 128
L 2410, 2480, 0, 2430, 2480, 0, 128, 128, 128
L 2430, 2510, 0, 2410, 2480, 0, 128, 128, 128
L 1800, 2540, 0, 1800, 2570, 0, 127, 64, 0
L 1840, 2600, 0, 1840, 2570, 0, 127, 64, 0
L 1800, 2570, 0, 1800, 2600, 0, 127, 64, 0
L 1840, 2570, 0, 1840, 2540, 0, 127, 64, 0
L 1800, 2570, 0, 1840, 2570, 0, 127, 64, 0
L 1900, 2540, 0, 1900, 2600, 0, 127, 64, 0
L 1860, 2540, 0, 1860, 2600, 0, 127, 64, 0
L 1860, 2600, 0, 1900, 2600, 0, 127, 64, 0
L 1950, 2600, 0, 1950, 2540, 0, 127, 64, 0
L 1920, 2540, 0, 1950, 2600, 0, 127, 64, 0
L 1920, 2600, 0, 1920, 2540, 0, 127, 64, 0
L 1990, 2540, 0, 1990, 2600, 0, 127, 64, 0
L 1970, 2540, 0, 2010, 2540, 0, 127, 64, 0
L 2030, 2570, 0, 2060, 2570, 0, 127, 64, 0
L 2030, 2600, 0, 2060, 2600, 0, 127, 64, 0
L 2030, 2540, 0, 2030, 2600, 0, 127, 64, 0
L 2060, 2540, 0, 2030, 2540, 0, 127, 64, 0
L 2080, 2540, 0, 2080, 2570, 0, 127, 64, 0
L 2080, 2570, 0, 2080, 2600, 0, 127, 64, 0
L 2080, 2570, 0, 2100, 2570, 0, 127, 64, 0
L 2120, 2570, 0, 2120, 2540, 0, 127, 64, 0
L 2080, 2540, 0, 2120, 2540, 0, 127, 64, 0
L 2100, 2570, 0, 2120, 2570, 0, 127, 64, 0
L 2120, 2600, 0, 2100, 2570, 0, 127, 64, 0
L 1840, 2630, 0, 1840, 2690, 0, 0, 127, 0
L 1820, 2660, 0, 1840, 2630, 0, 0, 127, 0
L 1800, 2630, 0, 1820, 2660, 0, 0, 127, 0
L 1800, 2690, 0, 1800, 2630, 0, 0, 127, 0
L 1860, 2660, 0, 1890, 2660, 0, 0, 127, 0
L 1860, 2690, 0, 1890, 2690, 0, 0, 127, 0
L 1860, 2630, 0, 1860, 2690, 0, 0, 127, 0
L 1890, 2630, 0, 1860, 2630, 0, 0, 127, 0
L 1910, 2630, 0, 1910, 2660, 0, 0, 127, 0
L 1910, 2660, 0, 1910, 2690, 0, 0, 127, 0
L 1910, 2660, 0, 1930, 2660, 0, 0, 127, 0
L 1950, 2660, 0, 1950, 2630, 0, 0, 127, 0
L 1910, 2630, 0, 1950, 2630, 0, 0, 127, 0
L 1930, 2660, 0, 1950, 2660, 0, 0, 127, 0
L 1950, 2690, 0, 1930, 2660, 0, 0, 127, 0
L 2000, 2690, 0, 1970, 2690, 0, 0, 127, 0
L 1970, 2630, 0, 2000, 2630, 0, 0, 127, 0
L 1970, 2690, 0, 1970, 2630, 0, 0, 127, 0
L 2020, 2630, 0, 2020, 2660, 0, 0, 127, 0
L 2060, 2690, 0, 2060, 2660, 0, 0, 127, 0
L 2020, 2660, 0, 2020, 2690, 0, 0, 127, 0
L 2060, 2660, 0, 2060, 2630, 0, 0, 127, 0
L 2020, 2660, 0, 2060, 2660, 0, 0, 127, 0
L 2090, 2660, 0, 2110, 2660, 0, 0, 127, 0
L 2100, 2630, 0, 2120, 2690, 0, 0, 127, 0
L 2080, 2690, 0, 2100, 2630, 0, 0, 127, 0
L 2170, 2690, 0, 2170, 2630, 0, 0, 127, 0
L 2140, 2630, 0, 2170, 2690, 0, 0, 127, 0
L 2140, 2690, 0, 2140, 2630, 0, 0, 127, 0
L 2210, 2630, 0, 2210, 2690, 0, 0, 127, 0
L 2190, 2630, 0, 2230, 2630, 0, 0, 127, 0
L 1840, 2720, 0, 1840, 2780, 0, 0, 127, 127
L 1820, 2750, 0, 1840, 2720, 0, 0, 127, 127
L 1800, 2720, 0, 1820, 2750, 0, 0, 127, 127
L 1800, 2780, 0, 1800, 2720, 0, 0, 127, 127
L 1860, 2720, 0, 1860, 2780, 0, 0, 127, 127
L 1880, 2720, 0, 1880, 2750, 0, 0, 127, 127
L 1880, 2780, 0, 1920, 2780, 0, 0, 127, 127
L 1920, 2750, 0, 1880, 2750, 0, 0, 127, 127
L 1880, 2720, 0, 1920, 2720, 0, 0, 127, 127
L 1920, 2750, 0, 1920, 2780, 0, 0, 127, 127
L 1940, 2720, 0, 1940, 2750, 0, 0, 127, 127
L 1940, 2780, 0, 1980, 2780, 0, 0, 127, 127
L 1980, 2750, 0, 1940, 2750, 0, 0, 127, 127
L 1940, 2720, 0, 1980, 2720, 0, 0, 127, 127
L 1980, 2750, 0, 1980, 2780, 0, 0, 127, 127
L 2000, 2720, 0, 2000, 2780, 0, 0, 127, 127
L 2020, 2720, 0, 2050, 2720, 0, 0, 127, 127
L 2020, 2780, 0, 2050, 2780, 0, 0, 127, 127
L 2020, 2720, 0, 2020, 2780, 0, 0, 127, 127
L 2050, 2720, 0, 2050, 2780, 0, 0, 127, 127
L 2100, 2780, 0, 2100, 2720, 0, 0, 127, 127
L 2070, 2720, 0, 2100, 2780, 0, 0, 127, 127
L 2070, 2780, 0, 2070, 2720, 0, 0, 127, 127
L 1830, 2870, 0, 1830, 2810, 0, 127, 64, 0
L 1800, 2810, 0, 1830, 2870, 0, 127, 64, 0
L 1800, 2870, 0, 1800, 2810, 0, 127, 64, 0
L 1860, 2840, 0, 1880, 2840, 0, 127, 64, 0
L 1870, 2810, 0, 1890, 2870, 0, 127, 64, 0
L 1850, 2870, 0, 1870, 2810, 0, 127, 64, 0
L 1950, 2810, 0, 1950, 2870, 0, 127, 64, 0
L 1930, 2840, 0, 1950, 2810, 0, 127, 64, 0
L 1910, 2810, 0, 1930, 2840, 0, 127, 64, 0
L 1910, 2870, 0, 1910, 2810, 0, 127, 64, 0
L 1970, 2840, 0, 2000, 2840, 0, 127, 64, 0
L 1970, 2870, 0, 2000, 2870, 0, 127, 64, 0
L 1970, 2810, 0, 1970, 2870, 0, 127, 64, 0
L 2000, 2810, 0, 1970, 2810, 0, 127, 64, 0
L 2030, 2870, 0, 2030, 2810, 0, 127, 64, 0
L 2040, 2870, 0, 2020, 2870, 0, 127, 64, 0
L 2050, 2840, 0, 2040, 2870, 0, 127, 64, 0
L 2040, 2810, 0, 2050, 2840, 0, 127, 64, 0
L 2020, 2810, 0, 2040, 2810, 0, 127, 64, 0
L 1830, 2930, 0, 1800, 2930, 0, 0, 255, 0
L 1830, 2900, 0, 1830, 2930, 0, 0, 255, 0
L 1800, 2900, 0, 1830, 2900, 0, 0, 255, 0
L 1800, 2960, 0, 1800, 2900, 0, 0, 255, 0
L 1860, 2930, 0, 1880, 2930, 0, 0, 255, 0
L 1870, 2900, 0, 1890, 2960, 0, 0, 255, 0
L 1850, 2960, 0, 1870, 2900, 0, 0, 255, 0
L 1910, 2900, 0, 1910, 2930, 0, 0, 255, 0
L 1910, 2930, 0, 1910, 2960, 0, 0, 255, 0
L 1910, 2930, 0, 1930, 2930, 0, 0, 255, 0
L 1950, 2930, 0, 1950, 2900, 0, 0, 255, 0
L 1910, 2900, 0, 1950, 2900, 0, 0, 255, 0
L 1930, 2930, 0, 1950, 2930, 0, 0, 255, 0
L 1950, 2960, 0, 1930, 2930, 0, 0, 255, 0
L 2000, 2960, 0, 1970, 2960, 0, 0, 255, 0
L 1970, 2900, 0, 2000, 2900, 0, 0, 255, 0
L 1970, 2960, 0, 1970, 2900, 0, 0, 255, 0
L 2020, 2930, 0, 2050, 2930, 0, 0, 255, 0
L 2020, 2960, 0, 2050, 2960, 0, 0, 255, 0
L 2020, 2900, 0, 2020, 2960, 0, 0, 255, 0
L 2050, 2900, 0, 2020, 2900, 0, 0, 255, 0
L 2070, 2900, 0, 2070, 2960, 0, 0, 255, 0
L 2110, 2960, 0, 2070, 2960, 0, 0, 255, 0
L 2130, 2900, 0, 2130, 2930, 0, 0, 255, 0
L 2130, 2960, 0, 2170, 2960, 0, 0, 255, 0
L 2170, 2930, 0, 2130, 2930, 0, 0, 255, 0
L 2130, 2900, 0, 2170, 2900, 0, 0, 255, 0
L 2170, 2930, 0, 2170, 2960, 0, 0, 255, 0
L 1800, 2990, 0, 1800, 3020, 0, 0, 240, 240
L 1800, 3020, 0, 1800, 3050, 0, 0, 240, 240
L 1800, 3020, 0, 1820, 3020, 0, 0, 240, 240
L 1840, 3020, 0, 1840, 2990, 0, 0, 240, 240
L 1800, 2990, 0, 1840, 2990, 0, 0, 240, 240
L 1820, 3020, 0, 1840, 3020, 0, 0, 240, 240
L 1840, 3050, 0, 1820, 3020, 0, 0, 240, 240
L 1870, 3020, 0, 1890, 3020, 0, 0, 240, 240
L 1880, 2990, 0, 1900, 3050, 0, 0, 240, 240
L 1860, 3050, 0, 1880, 2990, 0, 0, 240, 240
L 1920, 2990, 0, 1920, 3050, 0, 0, 240, 240
L 1950, 3050, 0, 1950, 2990, 0, 0, 240, 240
L 1960, 3050, 0, 1940, 3050, 0, 0, 240, 240
L 1970, 3020, 0, 1960, 3050, 0, 0, 240, 240
L 1960, 2990, 0, 1970, 3020, 0, 0, 240, 240
L 1940, 2990, 0, 1960, 2990, 0, 0, 240, 240
L 1800, 3080, 0, 1800, 3110, 0, 0, 255, 0
L 1800, 3140, 0, 1840, 3140, 0, 0, 255, 0
L 1840, 3110, 0, 1800, 3110, 0, 0, 255, 0
L 1800, 3080, 0, 1840, 3080, 0, 0, 255, 0
L 1840, 3110, 0, 1840, 3140, 0, 0, 255, 0
L 1890, 3110, 0, 1860, 3110, 0, 0, 255, 0
L 1890, 3080, 0, 1890, 3110, 0, 0, 255, 0
L 1860, 3080, 0, 1890, 3080, 0, 0, 255, 0
L 1860, 3140, 0, 1860, 3080, 0, 0, 255, 0
L 1910, 3110, 0, 1940, 3110, 0, 0, 255, 0
L 1910, 3140, 0, 1940, 3140, 0, 0, 255, 0
L 1910, 3080, 0, 1910, 3140, 0, 0, 255, 0
L 1940, 3080, 0, 1910, 3080, 0, 0, 255, 0
L 1990, 3140, 0, 1960, 3140, 0, 0, 255, 0
L 1960, 3080, 0, 1990, 3080, 0, 0, 255, 0
L 1960, 3140, 0, 1960, 3080, 0, 0, 255, 0
L 2010, 3080, 0, 2010, 3140, 0, 0, 255, 0
L 2040, 3110, 0, 2060, 3110, 0, 0, 255, 0
L 2050, 3080, 0, 2070, 3140, 0, 0, 255, 0
L 2030, 3140, 0, 2050, 3080, 0, 0, 255, 0
L 2090, 3080, 0, 2090, 3140, 0, 0, 255, 0
L 2130, 3140, 0, 2090, 3140, 0, 0, 255, 0
L 2240, 3140, 0, 2210, 3140, 0, 0, 255, 0
L 2210, 3080, 0, 2240, 3080, 0, 0, 255, 0
L 2210, 3140, 0, 2210, 3080, 0, 0, 255, 0
L 2300, 3080, 0, 2300, 3140, 0, 0, 255, 0
L 2260, 3080, 0, 2260, 3140, 0, 0, 255, 0
L 2260, 3140, 0, 2300, 3140, 0, 0, 255, 0
L 2320, 3080, 0, 2320, 3110, 0, 0, 255, 0
L 2320, 3110, 0, 2320, 3140, 0, 0, 255, 0
L 2320, 3110, 0, 2340, 3110, 0, 0, 255, 0
L 2360, 3110, 0, 2360, 3080, 0, 0, 255, 0
L 2320, 3080, 0, 2360, 3080, 0, 0, 255, 0
L 2340, 3110, 0, 2360, 3110, 0, 0, 255, 0
L 2360, 3140, 0, 2340, 3110, 0, 0, 255, 0
L 2380, 3080, 0, 2380, 3110, 0, 0, 255, 0
L 2380, 3110, 0, 2380, 3140, 0, 0, 255, 0
L 2380, 3110, 0, 2400, 3110, 0, 0, 255, 0
L 2420, 3110, 0, 2420, 3080, 0, 0, 255, 0
L 2380, 3080, 0, 2420, 3080, 0, 0, 255, 0
L 2400, 3110, 0, 2420, 3110, 0, 0, 255, 0
L 2420, 3140, 0, 2400, 3110, 0, 0, 255, 0
L 2440, 3110, 0, 2470, 3110, 0, 0, 255, 0
L 2440, 3140, 0, 2470, 3140, 0, 0, 255, 0
L 2440, 3080, 0, 2440, 3140, 0, 0, 255, 0
L 2470, 3080, 0, 2440, 3080, 0, 0, 255, 0
L 2520, 3140, 0, 2520, 3080, 0, 0, 255, 0
L 2490, 3080, 0, 2520, 3140, 0, 0, 255, 0
L 2490, 3140, 0, 2490, 3080, 0, 0, 255, 0
L 2570, 3140, 0, 2540, 3140, 0, 0, 255, 0
L 2540, 3080, 0, 2570, 3080, 0, 0, 255, 0
L 2540, 3140, 0, 2540, 3080, 0, 0, 255, 0
L 2610, 3110, 0, 2610, 3140, 0, 0, 255, 0
L 2610, 3110, 0, 2630, 3080, 0, 0, 255, 0
L 2590, 3080, 0, 2610, 3110, 0, 0, 255, 0
L 1800, 3170, 0, 1800, 3200, 0, 255, 0, 0
L 1800, 3230, 0, 1840, 3230, 0, 255, 0, 0
L 1840, 3200, 0, 1800, 3200, 0, 255, 0, 0
L 1800, 3170, 0, 1840, 3170, 0, 255, 0, 0
L 1840, 3200, 0, 1840, 3230, 0, 255, 0, 0
L 1900, 3170, 0, 1900, 3230, 0, 255, 0, 0
L 1860, 3170, 0, 1860, 3230, 0, 255, 0, 0
L 1860, 3230, 0, 1900, 3230, 0, 255, 0, 0
L 1950, 3230, 0, 1920, 3230, 0, 255, 0, 0
L 1920, 3170, 0, 1950, 3170, 0, 255, 0, 0
L 1920, 3230, 0, 1920, 3170, 0, 255, 0, 0
L 2000, 3230, 0, 1970, 3230, 0, 255, 0, 0
L 1970, 3170, 0, 2000, 3170, 0, 255, 0, 0
L 1970, 3230, 0, 1970, 3170, 0, 255, 0, 0
L 2020, 3170, 0, 2050, 3170, 0, 255, 0, 0
L 2020, 3230, 0, 2050, 3230, 0, 255, 0, 0
L 2020, 3170, 0, 2020, 3230, 0, 255, 0, 0
L 2050, 3170, 0, 2050, 3230, 0, 255, 0, 0
L 2070, 3170, 0, 2070, 3200, 0, 255, 0, 0
L 2070, 3200, 0, 2070, 3230, 0, 255, 0, 0
L 2070, 3200, 0, 2090, 3200, 0, 255, 0, 0
L 2110, 3200, 0, 2110, 3170, 0, 255, 0, 0
L 2070, 3170, 0, 2110, 3170, 0, 255, 0, 0
L 2090, 3200, 0, 2110, 3200, 0, 255, 0, 0
L 2110, 3230, 0, 2090, 3200, 0, 255, 0, 0
L 1820, 3260, 0, 1820, 3320, 0, 255, 255, 0
L 1800, 3260, 0, 1840, 3260, 0, 255, 255, 0
L 1860, 3290, 0, 1890, 3290, 0, 255, 255, 0
L 1860, 3320, 0, 1890, 3320, 0, 255, 255, 0
L 1860, 3260, 0, 1860, 3320, 0, 255, 255, 0
L 1890, 3260, 0, 1860, 3260, 0, 255, 255, 0
L 1910, 3260, 0, 1910, 3320, 0, 255, 255, 0
L 1950, 3320, 0, 1910, 3320, 0, 255, 255, 0
L 1970, 3290, 0, 2000, 3290, 0, 255, 255, 0
L 1970, 3320, 0, 2000, 3320, 0, 255, 255, 0
L 1970, 3260, 0, 1970, 3320, 0, 255, 255, 0
L 2000, 3260, 0, 1970, 3260, 0, 255, 255, 0
L 2050, 3290, 0, 2020, 3290, 0, 255, 255, 0
L 2050, 3260, 0, 2050, 3290, 0, 255, 255, 0
L 2020, 3260, 0, 2050, 3260, 0, 255, 255, 0
L 2020, 3320, 0, 2020, 3260, 0, 255, 255, 0
L 2070, 3260, 0, 2100, 3260, 0, 255, 255, 0
L 2070, 3320, 0, 2100, 3320, 0, 255, 255, 0
L 2070, 3260, 0, 2070, 3320, 0, 255, 255, 0
L 2100, 3260, 0, 2100, 3320, 0, 255, 255, 0
L 2120, 3260, 0, 2120, 3290, 0, 255, 255, 0
L 2120, 3290, 0, 2120, 3320, 0, 255, 255, 0
L 2120, 3290, 0, 2140, 3290, 0, 255, 255, 0
L 2160, 3290, 0, 2160, 3260, 0, 255, 255, 0
L 2120, 3260, 0, 2160, 3260, 0, 255, 255, 0
L 2140, 3290, 0, 2160, 3290, 0, 255, 255, 0
L 2160, 3320, 0, 2140, 3290, 0, 255, 255, 0
L 2200, 3260, 0, 2200, 3320, 0, 255, 255, 0
L 2180, 3260, 0, 2220, 3260, 0, 255, 255, 0
L 1820, 3350, 0, 1820, 3410, 0, 128, 0, 128
L 1800, 3350, 0, 1840, 3350, 0, 128, 0, 128
L 1860, 3350, 0, 1860, 3380, 0, 128, 0, 128
L 1860, 3380, 0, 1860, 3410, 0, 128, 0, 128
L 1860, 3380, 0, 1880, 3380, 0, 128, 0, 128
L 1900, 3380, 0, 1900, 3350, 0, 128, 0, 128
L 1860, 3350, 0, 1900, 3350, 0, 128, 0, 128
L 1880, 3380, 0, 1900, 3380, 0, 128, 0, 128
L 1900, 3410, 0, 1880, 3380, 0, 128, 0, 128
L 1930, 3380, 0, 1950, 3380, 0, 128, 0, 128
L 1940, 3350, 0, 1960, 3410, 0, 128, 0, 128
L 1920, 3410, 0, 1940, 3350, 0, 128, 0, 128
L 1990, 3410, 0, 1990, 3350, 0, 128, 0, 128
L 2000, 3410, 0, 1980, 3410, 0, 128, 0, 128
L 2010, 3380, 0, 2000, 3410, 0, 128, 0, 128
L 2000, 3350, 0, 2010, 3380, 0, 128, 0, 128
L 1980, 3350, 0, 2000, 3350, 0, 128, 0, 128
L 2030, 3380, 0, 2060, 3380, 0, 128, 0, 128
L 2030, 3410, 0, 2060, 3410, 0, 128, 0, 128
L 2030, 3350, 0, 2030, 3410, 0, 128, 0, 128
L 2060, 3350, 0, 2030, 3350, 0, 128, 0, 128
L 2080, 3350, 0, 2080, 3380, 0, 128, 0, 128
L 2080, 3410, 0, 2120, 3410, 0, 128, 0, 128
L 2120, 3380, 0, 2080, 3380, 0, 128, 0, 128
L 2080, 3350, 0, 2120, 3350, 0, 128, 0, 128
L 2120, 3380, 0, 2120, 3410, 0, 128, 0, 128
L 2140, 3350, 0, 2140, 3380, 0, 128, 0, 128
L 2140, 3380, 0, 2140, 3410, 0, 128, 0, 128
L 2140, 3380, 0, 2180, 3410, 0, 128, 0, 128
L 2140, 3380, 0, 2180, 3350, 0, 128, 0, 128
L 2200, 3350, 0, 2200, 3410, 0, 128, 0, 128
L 2220, 3350, 0, 2220, 3410, 0, 128, 0, 128
L 2260, 3410, 0, 2220, 3410, 0, 128, 0, 128
L 2280, 3350, 0, 2280, 3410, 0, 128, 0, 128
L 2320, 3410, 0, 2280, 3410, 0, 128, 0, 128
L 2430, 3410, 0, 2400, 3410, 0, 128, 0, 128
L 2400, 3350, 0, 2430, 3350, 0, 128, 0, 128
L 2400, 3410, 0, 2400, 3350, 0, 128, 0, 128
L 2450, 3350, 0, 2480, 3350, 0, 128, 0, 128
L 2450, 3410, 0, 2480, 3410, 0, 128, 0, 128
L 2450, 3350, 0, 2450, 3410, 0, 128, 0, 128
L 2480, 3350, 0, 2480, 3410, 0, 128, 0, 128
L 2530, 3410, 0, 2530, 3350, 0, 128, 0, 128
L 2500, 3350, 0, 2530, 3410, 0, 128, 0, 128
L 2500, 3410, 0, 2500, 3350, 0, 128, 0, 128
L 2570, 3350, 0, 2570, 3410, 0, 128, 0, 128
L 2550, 3350, 0, 2590, 3350, 0, 128, 0, 128
L 2620, 3380, 0, 2640, 3380, 0, 128, 0, 128
L 2630, 3350, 0, 2650, 3410, 0, 128, 0, 128
L 2610, 3410, 0, 2630, 3350, 0, 128, 0, 128
L 2670, 3350, 0, 2670, 3410, 0, 128, 0, 128
L 2720, 3410, 0, 2720, 3350, 0, 128, 0, 128
L 2690, 3350, 0, 2720, 3410, 0, 128, 0, 128
L 2690, 3410, 0, 2690, 3350, 0, 128, 0, 128
L 2740, 3380, 0, 2770, 3380, 0, 128, 0, 128
L 2740, 3410, 0, 2770, 3410, 0, 128, 0, 128
L 2740, 3350, 0, 2740, 3410, 0, 128, 0, 128
L 2770, 3350, 0, 2740, 3350, 0, 128, 0, 128
L 2790, 3350, 0, 2790, 3380, 0, 128, 0, 128
L 2790, 3380, 0, 2790, 3410, 0, 128, 0, 128
L 2790, 3380, 0, 2810, 3380, 0, 128, 0, 128
L 2830, 3380, 0, 2830, 3350, 0, 128, 0, 128
L 2790, 3350, 0, 2830, 3350, 0, 128, 0, 128
L 2810, 3380, 0, 2830, 3380, 0, 128, 0, 128
L 2830, 3410, 0, 2810, 3380, 0, 128, 0, 128
L 1820, 3440, 0, 1820, 3500, 0, 255, 255, 0
L 1800, 3440, 0, 1840, 3440, 0, 255, 255, 0
L 1860, 3440, 0, 1860, 3470, 0, 255, 255, 0
L 1860, 3470, 0, 1860, 3500, 0, 255, 255, 0
L 1860, 3470, 0, 1880, 3470, 0, 255, 255, 0
L 1900, 3470, 0, 1900, 3440, 0, 255, 255, 0
L 1860, 3440, 0, 1900, 3440, 0, 255, 255, 0
L 1880, 3470, 0, 1900, 3470, 0, 255, 255, 0
L 1900, 3500, 0, 1880, 3470, 0, 255, 255, 0
L 1930, 3470, 0, 1950, 3470, 0, 255, 255, 0
L 1940, 3440, 0, 1960, 3500, 0, 255, 255, 0
L 1920, 3500, 0, 1940, 3440, 0, 255, 255, 0
L 2010, 3470, 0, 1980, 3470, 0, 255, 255, 0
L 2010, 3440, 0, 2010, 3470, 0, 255, 255, 0
L 1980, 3440, 0, 2010, 3440, 0, 255, 255, 0
L 1980, 3500, 0, 1980, 3440, 0, 255, 255, 0
L 1830, 3530, 0, 1800, 3530, 0, 255, 0, 0
L 1800, 3590, 0, 1830, 3530, 0, 255, 0, 0
L 1800, 3590, 0, 1830, 3590, 0, 255, 0, 0
L 1850, 3530, 0, 1880, 3530, 0, 255, 0, 0
L 1850, 3590, 0, 1880, 3590, 0, 255, 0, 0
L 1850, 3530, 0, 1850, 3590, 0, 255, 0, 0
L 1880, 3530, 0, 1880, 3590, 0, 255, 0, 0
L 1930, 3590, 0, 1930, 3530, 0, 255, 0, 0
L 1900, 3530, 0, 1930, 3590, 0, 255, 0, 0
L 1900, 3590, 0, 1900, 3530, 0, 255, 0, 0
L 1950, 3560, 0, 1980, 3560, 0, 255, 0, 0
L 1950, 3590, 0, 1980, 3590, 0, 255, 0, 0
L 1950, 3530, 0, 1950, 3590, 0, 255, 0, 0
L 1980, 3530, 0, 1950, 3530, 0, 255, 0, 0
P 800, 1600, 0, 0, 0, 0, 2, Original_Map:_Brewall_Rainsinger_(Cazic-Thule)
P 800, 1800, 0, 0, 0, 0, 2, http://www.eqmaps.info
P 800, 2000, 0, 0, 0, 0, 2, Return_of_the_Exiled_(www.roteguild.org)
P 800, 2200, 0, 240, 240, 0, 2, A._Jailor's_Halls_Ground_Spawn
P 800, 2400, 0, 240, 240, 240, 2, B._Brutal_Accolates_Ground_Spawn
P 800, 2600, 0, 0, 0, 0, 2, C._Torturer's_Tools_Mob_Drop:_mushrooms
P 800, 2800, 0, 0, 0, 0, 2, D._Alchemist's_Reagents_Mob_Drop:_only_in_HA's
P 800, 3000, 0, 127, 64, 0, 2, Battle_Master_Ska`tu_PH=a_reanimated_berserker
P 800, 3200, 0, 127, 64, 0, 2, The_Bridge_Keeper_PH=a_bridge_guardian
P 800, 3400, 0, 127, 64, 0, 2, Crackjaw_PH=a_starving_beetle
P 800, 3600, 0, 127, 64, 0, 2, Deathfang_PH=a_chokidai_bonecrusher
P 800, 3800, 0, 127, 64, 0, 2, Dread_Overseer_Akalod_PH=a_weary_overseer_(Others`_Things_HA)
P 800, 4000, 0, 127, 64, 0, 2, Dry_Rot_PH=a_moldering_fungusman
P 800, 4200, 0, 127, 64, 0, 2, Flight_Master_Hak`ouz_PH=a_flight_coordinator
P 800, 4400, 0, 127, 64, 0, 2, Factured_Shard_PH=a_magic_tear
P 800, 4600, 0, 127, 64, 0, 2, Grand_Advisor_Zum`uul_PH=a_Shai`din_scribe
P 800, 4800, 0, 127, 64, 0, 2, Grand_Herbalist_Mak`ha_PH=a_Di`zok_herb_gardener/a_chokidai_herbdigger
P 800, 5000, 0, 127, 64, 0, 2, Kennel_Master_Al`ele_PH=a_kennel_mucker
P 800, 5200, 0, 127, 64, 0, 2, Observer_Aq`touz_PH=a_Di`zok_watcher
P 800, 5400, 0, 127, 64, 0, 2, Observer_Dal`guur_PH=a_Di`zok_foreman/a_Di`zok_slavemaster
P 800, 5600, 0, 127, 64, 0, 2, Queen_Velazul's_Aide_PH=royal_escort
P 800, 5800, 0, 127, 64, 0, 2, Royal_Guard_Kakator_PH=a_weary_royal_guard_(On_Behest_of_the_Emperor_HA_after_step_3)
P 800, 6000, 0, 127, 64, 0, 2, Selrach's_Regent_PH=royal_guard
P 800, 6200, 0, 127, 64, 0, 2, Shai`din_Warmaster_Roh`ki_PH=a_Di`zok_strategist
P 800, 6400, 0, 127, 64, 0, 2, The_Sokotar_Matron_PH=a_sokokar_consort/a_sokokar_welpling
P 800, 6600, 0, 127, 64, 0, 2, Watch_Captain_Hir`roul_PH=a_Di`zok_watchman
