L 248.0, -129.0, -262.0, 248.0, -140.0, -261.0, 178, 102, 255
L 270.0, -129.0, -262.0, 248.0, -129.0, -262.0, 178, 102, 255
L 270.0, -140.0, -261.0, 270.0, -129.0, -262.0, 178, 102, 255
L 288.0, -140.0, -261.0, 270.0, -140.0, -261.0, 178, 102, 255
L 289.0, -129.0, -262.0, 288.0, -140.0, -261.0, 178, 102, 255
L 310.0, -129.0, -262.0, 289.0, -129.0, -262.0, 178, 102, 255
L 310.0, -190.0, -262.0, 310.0, -129.0, -262.0, 178, 102, 255
L 288.0, -191.0, -262.0, 310.0, -190.0, -262.0, 178, 102, 255
L 288.0, -180.0, -261.0, 288.0, -191.0, -262.0, 178, 102, 255
L 270.0, -180.0, -261.0, 288.0, -180.0, -261.0, 178, 102, 255
L 269.0, -191.0, -262.0, 270.0, -180.0, -261.0, 178, 102, 255
L 248.0, -191.0, -262.0, 269.0, -191.0, -262.0, 178, 102, 255
L 248.0, -180.0, -261.0, 248.0, -191.0, -262.0, 178, 102, 255
L 230.0, -180.0, -261.0, 248.0, -180.0, -261.0, 178, 102, 255
L 229.0, -191.0, -262.0, 230.0, -180.0, -261.0, 178, 102, 255
L 208.0, -190.0, -262.0, 229.0, -191.0, -262.0, 178, 102, 255
L 209.0, -129.0, -262.0, 208.0, -190.0, -262.0, 178, 102, 255
L 230.0, -129.0, -262.0, 209.0, -129.0, -262.0, 178, 102, 255
L 230.0, -140.0, -261.0, 230.0, -129.0, -262.0, 178, 102, 255
L 248.0, -140.0, -261.0, 230.0, -140.0, -261.0, 178, 102, 255
L 249.0, -111.0, -262.0, 248.0, -100.0, -261.0, 178, 102, 255
L 270.0, -111.0, -262.0, 249.0, -111.0, -262.0, 178, 102, 255
L 270.0, -100.0, -261.0, 270.0, -111.0, -262.0, 178, 102, 255
L 288.0, -100.0, -261.0, 270.0, -100.0, -261.0, 178, 102, 255
L 288.0, -111.0, -262.0, 288.0, -100.0, -261.0, 178, 102, 255
L 310.0, -111.0, -262.0, 288.0, -111.0, -262.0, 178, 102, 255
L 310.0, -29.0, -262.0, 310.0, -111.0, -262.0, 178, 102, 255
L 248.0, -29.0, -277.0, 310.0, -29.0, -262.0, 178, 102, 255
L 228.0, -29.0, -277.0, 248.0, -29.0, -277.0, 178, 102, 255
L 208.0, -50.0, -276.0, 228.0, -29.0, -277.0, 178, 102, 255
L 208.0, -85.0, -263.0, 208.0, -50.0, -276.0, 178, 102, 255
L 208.0, -110.0, -262.0, 208.0, -85.0, -263.0, 178, 102, 255
L 230.0, -111.0, -262.0, 208.0, -110.0, -262.0, 178, 102, 255
L 230.0, -100.0, -261.0, 230.0, -111.0, -262.0, 178, 102, 255
L 248.0, -100.0, -261.0, 230.0, -100.0, -261.0, 178, 102, 255
L 230.0, 99.0, -261.0, 248.0, 99.0, -261.0, 178, 102, 255
L 230.0, 110.0, -262.0, 230.0, 99.0, -261.0, 178, 102, 255
L 208.0, 110.0, -262.0, 230.0, 110.0, -262.0, 178, 102, 255
L 208.0, 89.0, -262.0, 208.0, 110.0, -262.0, 178, 102, 255
L 208.0, 48.0, -277.0, 208.0, 89.0, -262.0, 178, 102, 255
L 229.0, 28.0, -277.0, 208.0, 48.0, -277.0, 178, 102, 255
L 249.0, 28.0, -276.0, 229.0, 28.0, -277.0, 178, 102, 255
L 310.0, 28.0, -262.0, 249.0, 28.0, -276.0, 178, 102, 255
L 309.0, 110.0, -262.0, 310.0, 28.0, -262.0, 178, 102, 255
L 288.0, 109.0, -262.0, 309.0, 110.0, -262.0, 178, 102, 255
L 288.0, 99.0, -261.0, 288.0, 109.0, -262.0, 178, 102, 255
L 270.0, 99.0, -261.0, 288.0, 99.0, -261.0, 178, 102, 255
L 270.0, 110.0, -262.0, 270.0, 99.0, -261.0, 178, 102, 255
L 248.0, 110.0, -262.0, 270.0, 110.0, -262.0, 178, 102, 255
L 248.0, 99.0, -262.0, 248.0, 110.0, -262.0, 178, 102, 255
L 230.0, 139.0, -261.0, 230.0, 128.0, -262.0, 178, 102, 255
L 248.0, 139.0, -261.0, 230.0, 139.0, -261.0, 178, 102, 255
L 248.0, 128.0, -262.0, 248.0, 139.0, -261.0, 178, 102, 255
L 270.0, 129.0, -262.0, 248.0, 128.0, -262.0, 178, 102, 255
L 270.0, 139.0, -261.0, 270.0, 129.0, -262.0, 178, 102, 255
L 288.0, 139.0, -261.0, 270.0, 139.0, -261.0, 178, 102, 255
L 287.0, 128.0, -262.0, 288.0, 139.0, -261.0, 178, 102, 255
L 310.0, 127.0, -262.0, 287.0, 128.0, -262.0, 178, 102, 255
L 310.0, 190.0, -262.0, 310.0, 127.0, -262.0, 178, 102, 255
L 288.0, 190.0, -262.0, 310.0, 190.0, -262.0, 178, 102, 255
L 288.0, 179.0, -261.0, 288.0, 190.0, -262.0, 178, 102, 255
L 270.0, 179.0, -261.0, 288.0, 179.0, -261.0, 178, 102, 255
L 270.0, 190.0, -262.0, 270.0, 179.0, -261.0, 178, 102, 255
L 248.0, 190.0, -262.0, 270.0, 190.0, -262.0, 178, 102, 255
L 248.0, 179.0, -261.0, 248.0, 190.0, -262.0, 178, 102, 255
L 230.0, 179.0, -261.0, 248.0, 179.0, -261.0, 178, 102, 255
L 230.0, 190.0, -262.0, 230.0, 179.0, -261.0, 178, 102, 255
L 209.0, 190.0, -262.0, 230.0, 190.0, -262.0, 178, 102, 255
L 209.0, 128.0, -262.0, 209.0, 190.0, -262.0, 178, 102, 255
L 230.0, 128.0, -262.0, 209.0, 128.0, -262.0, 178, 102, 255
L -231.0, 128.0, -262.0, -231.0, 139.0, -261.0, 178, 102, 255
L -212.0, 128.0, -262.0, -231.0, 128.0, -262.0, 178, 102, 255
L -209.0, 131.0, -262.0, -212.0, 128.0, -262.0, 178, 102, 255
L -209.0, 190.0, -262.0, -209.0, 131.0, -262.0, 178, 102, 255
L -230.0, 190.0, -262.0, -209.0, 190.0, -262.0, 178, 102, 255
L -231.0, 179.0, -261.0, -230.0, 190.0, -262.0, 178, 102, 255
L -249.0, 179.0, -261.0, -231.0, 179.0, -261.0, 178, 102, 255
L -249.0, 189.0, -262.0, -249.0, 179.0, -261.0, 178, 102, 255
L -270.0, 190.0, -262.0, -249.0, 189.0, -262.0, 178, 102, 255
L -271.0, 179.0, -261.0, -270.0, 190.0, -262.0, 178, 102, 255
L -289.0, 179.0, -261.0, -271.0, 179.0, -261.0, 178, 102, 255
L -289.0, 190.0, -262.0, -289.0, 179.0, -261.0, 178, 102, 255
L -308.0, 190.0, -262.0, -289.0, 190.0, -262.0, 178, 102, 255
L -311.0, 186.0, -262.0, -308.0, 190.0, -262.0, 178, 102, 255
L -311.0, 131.0, -262.0, -311.0, 186.0, -262.0, 178, 102, 255
L -308.0, 128.0, -262.0, -311.0, 131.0, -262.0, 178, 102, 255
L -289.0, 129.0, -262.0, -308.0, 128.0, -262.0, 178, 102, 255
L -289.0, 139.0, -261.0, -289.0, 129.0, -262.0, 178, 102, 255
L -271.0, 139.0, -261.0, -289.0, 139.0, -261.0, 178, 102, 255
L -271.0, 128.0, -262.0, -271.0, 139.0, -261.0, 178, 102, 255
L -249.0, 128.0, -262.0, -271.0, 128.0, -262.0, 178, 102, 255
L -249.0, 139.0, -261.0, -249.0, 128.0, -262.0, 178, 102, 255
L -231.0, 139.0, -261.0, -249.0, 139.0, -261.0, 178, 102, 255
L -230.0, 110.0, -262.0, -231.0, 99.0, -261.0, 178, 102, 255
L -212.0, 110.0, -262.0, -230.0, 110.0, -262.0, 178, 102, 255
L -209.0, 107.0, -262.0, -212.0, 110.0, -262.0, 178, 102, 255
L -209.0, 91.0, -262.0, -209.0, 107.0, -262.0, 178, 102, 255
L -209.0, 48.0, -277.0, -209.0, 91.0, -262.0, 178, 102, 255
L -229.0, 28.0, -277.0, -209.0, 48.0, -277.0, 178, 102, 255
L -250.0, 28.0, -276.0, -229.0, 28.0, -277.0, 178, 102, 255
L -311.0, 28.0, -262.0, -250.0, 28.0, -276.0, 178, 102, 255
L -311.0, 107.0, -262.0, -311.0, 28.0, -262.0, 178, 102, 255
L -307.0, 110.0, -262.0, -311.0, 107.0, -262.0, 178, 102, 255
L -289.0, 110.0, -262.0, -307.0, 110.0, -262.0, 178, 102, 255
L -289.0, 99.0, -261.0, -289.0, 110.0, -262.0, 178, 102, 255
L -271.0, 99.0, -261.0, -289.0, 99.0, -261.0, 178, 102, 255
L -270.0, 110.0, -262.0, -271.0, 99.0, -261.0, 178, 102, 255
L -249.0, 110.0, -262.0, -270.0, 110.0, -262.0, 178, 102, 255
L -249.0, 99.0, -261.0, -249.0, 110.0, -262.0, 178, 102, 255
L -231.0, 99.0, -261.0, -249.0, 99.0, -261.0, 178, 102, 255
L -231.0, -129.0, -262.0, -231.0, -140.0, -261.0, 178, 102, 255
L -212.0, -129.0, -262.0, -231.0, -129.0, -262.0, 178, 102, 255
L -209.0, -132.0, -262.0, -212.0, -129.0, -262.0, 178, 102, 255
L -209.0, -188.0, -262.0, -209.0, -132.0, -262.0, 178, 102, 255
L -212.0, -191.0, -262.0, -209.0, -188.0, -262.0, 178, 102, 255
L -235.0, -194.0, -262.0, -212.0, -191.0, -262.0, 178, 102, 255
L -231.0, -180.0, -261.0, -235.0, -194.0, -262.0, 178, 102, 255
L -249.0, -180.0, -261.0, -231.0, -180.0, -261.0, 178, 102, 255
L -249.0, -191.0, -262.0, -249.0, -180.0, -261.0, 178, 102, 255
L -271.0, -190.0, -262.0, -249.0, -191.0, -262.0, 178, 102, 255
L -271.0, -180.0, -261.0, -271.0, -190.0, -262.0, 178, 102, 255
L -289.0, -180.0, -261.0, -271.0, -180.0, -261.0, 178, 102, 255
L -289.0, -191.0, -262.0, -289.0, -180.0, -261.0, 178, 102, 255
L -308.0, -191.0, -262.0, -289.0, -191.0, -262.0, 178, 102, 255
L -311.0, -188.0, -262.0, -308.0, -191.0, -262.0, 178, 102, 255
L -311.0, -132.0, -262.0, -311.0, -188.0, -262.0, 178, 102, 255
L -307.0, -129.0, -262.0, -311.0, -132.0, -262.0, 178, 102, 255
L -289.0, -129.0, -262.0, -307.0, -129.0, -262.0, 178, 102, 255
L -289.0, -140.0, -261.0, -289.0, -129.0, -262.0, 178, 102, 255
L -271.0, -140.0, -261.0, -289.0, -140.0, -261.0, 178, 102, 255
L -271.0, -129.0, -262.0, -271.0, -140.0, -261.0, 178, 102, 255
L -249.0, -130.0, -262.0, -271.0, -129.0, -262.0, 178, 102, 255
L -249.0, -140.0, -261.0, -249.0, -130.0, -262.0, 178, 102, 255
L -231.0, -140.0, -261.0, -249.0, -140.0, -261.0, 178, 102, 255
L -249.0, -100.0, -261.0, -231.0, -100.0, -261.0, 178, 102, 255
L -250.0, -111.0, -262.0, -249.0, -100.0, -261.0, 178, 102, 255
L -271.0, -111.0, -262.0, -250.0, -111.0, -262.0, 178, 102, 255
L -271.0, -100.0, -261.0, -271.0, -111.0, -262.0, 178, 102, 255
L -289.0, -100.0, -261.0, -271.0, -100.0, -261.0, 178, 102, 255
L -290.0, -111.0, -262.0, -289.0, -100.0, -261.0, 178, 102, 255
L -308.0, -111.0, -262.0, -290.0, -111.0, -262.0, 178, 102, 255
L -311.0, -108.0, -262.0, -308.0, -111.0, -262.0, 178, 102, 255
L -310.0, -29.0, -262.0, -311.0, -108.0, -262.0, 178, 102, 255
L -248.0, -29.0, -277.0, -310.0, -29.0, -262.0, 178, 102, 255
L -230.0, -29.0, -277.0, -248.0, -29.0, -277.0, 178, 102, 255
L -209.0, -50.0, -277.0, -230.0, -29.0, -277.0, 178, 102, 255
L -209.0, -84.0, -264.0, -209.0, -50.0, -277.0, 178, 102, 255
L -209.0, -107.0, -262.0, -209.0, -84.0, -264.0, 178, 102, 255
L -212.0, -111.0, -262.0, -209.0, -107.0, -262.0, 178, 102, 255
L -231.0, -110.0, -262.0, -212.0, -111.0, -262.0, 178, 102, 255
L -231.0, -100.0, -261.0, -231.0, -110.0, -262.0, 178, 102, 255
L -89.0, -149.0, -262.0, -71.0, -149.0, -262.0, 178, 102, 255
L -90.0, -129.0, -262.0, -89.0, -149.0, -262.0, 178, 102, 255
L -111.0, -129.0, -262.0, -90.0, -129.0, -262.0, 178, 102, 255
L -111.0, -140.0, -261.0, -111.0, -129.0, -262.0, 178, 102, 255
L -129.0, -140.0, -261.0, -111.0, -140.0, -261.0, 178, 102, 255
L -130.0, -129.0, -262.0, -129.0, -140.0, -261.0, 178, 102, 255
L -150.0, -129.0, -262.0, -130.0, -129.0, -262.0, 178, 102, 255
L -151.0, -140.0, -261.0, -150.0, -129.0, -262.0, 178, 102, 255
L -169.0, -140.0, -261.0, -151.0, -140.0, -261.0, 178, 102, 255
L -169.0, -129.0, -262.0, -169.0, -140.0, -261.0, 178, 102, 255
L -186.0, -129.0, -262.0, -169.0, -129.0, -262.0, 178, 102, 255
L -191.0, -132.0, -262.0, -186.0, -129.0, -262.0, 178, 102, 255
L -191.0, -231.0, -262.0, -191.0, -132.0, -262.0, 178, 102, 255
L -171.0, -250.0, -262.0, -191.0, -231.0, -262.0, 178, 102, 255
L -171.0, -269.0, -261.0, -171.0, -250.0, -262.0, 178, 102, 255
L -229.0, -269.0, -262.0, -171.0, -269.0, -261.0, 178, 102, 255
L -229.0, -250.0, -262.0, -229.0, -269.0, -262.0, 178, 102, 255
L -209.0, -231.0, -262.0, -229.0, -250.0, -262.0, 178, 102, 255
L -210.0, -209.0, -262.0, -209.0, -231.0, -262.0, 178, 102, 255
L -231.0, -210.0, -262.0, -210.0, -209.0, -262.0, 178, 102, 255
L -231.0, -220.0, -261.0, -231.0, -210.0, -262.0, 178, 102, 255
L -249.0, -220.0, -261.0, -231.0, -220.0, -261.0, 178, 102, 255
L -249.0, -209.0, -262.0, -249.0, -220.0, -261.0, 178, 102, 255
L -270.0, -209.0, -262.0, -249.0, -209.0, -262.0, 178, 102, 255
L -271.0, -220.0, -261.0, -270.0, -209.0, -262.0, 178, 102, 255
L -289.0, -220.0, -261.0, -271.0, -220.0, -261.0, 178, 102, 255
L -289.0, -209.0, -262.0, -289.0, -220.0, -261.0, 178, 102, 255
L -351.0, -209.0, -262.0, -289.0, -209.0, -262.0, 178, 102, 255
L -370.0, -229.0, -262.0, -351.0, -209.0, -262.0, 178, 102, 255
L -389.0, -229.0, -262.0, -370.0, -229.0, -262.0, 178, 102, 255
L -389.0, -171.0, -262.0, -389.0, -229.0, -262.0, 178, 102, 255
L -370.0, -171.0, -262.0, -389.0, -171.0, -262.0, 178, 102, 255
L -351.0, -191.0, -262.0, -370.0, -171.0, -262.0, 178, 102, 255
L -329.0, -191.0, -262.0, -351.0, -191.0, -262.0, 178, 102, 255
L -329.0, -69.0, -262.0, -329.0, -191.0, -262.0, 178, 102, 255
L -351.0, -69.0, -262.0, -329.0, -69.0, -262.0, 178, 102, 255
L -371.0, -89.0, -262.0, -351.0, -69.0, -262.0, 178, 102, 255
L -389.0, -89.0, -262.0, -371.0, -89.0, -262.0, 178, 102, 255
L -389.0, -31.0, -262.0, -389.0, -89.0, -262.0, 178, 102, 255
L -370.0, -31.0, -262.0, -389.0, -31.0, -262.0, 178, 102, 255
L -351.0, -51.0, -262.0, -370.0, -31.0, -262.0, 178, 102, 255
L -333.0, -51.0, -262.0, -351.0, -51.0, -262.0, 178, 102, 255
L -329.0, -11.0, -262.0, -333.0, -51.0, -262.0, 178, 102, 255
L -309.0, -11.0, -262.0, -329.0, -11.0, -262.0, 178, 102, 255
L -249.0, -11.0, -277.0, -309.0, -11.0, -262.0, 178, 102, 255
L -251.0, 10.0, -276.0, -249.0, -11.0, -277.0, 178, 102, 255
L -309.0, 10.0, -262.0, -251.0, 10.0, -276.0, 178, 102, 255
L -329.0, 10.0, -262.0, -309.0, 10.0, -262.0, 178, 102, 255
L -329.0, 50.0, -262.0, -329.0, 10.0, -262.0, 178, 102, 255
L -351.0, 50.0, -262.0, -329.0, 50.0, -262.0, 178, 102, 255
L -370.0, 30.0, -262.0, -351.0, 50.0, -262.0, 178, 102, 255
L -389.0, 30.0, -262.0, -370.0, 30.0, -262.0, 178, 102, 255
L -389.0, 88.0, -262.0, -389.0, 30.0, -262.0, 178, 102, 255
L -370.0, 88.0, -262.0, -389.0, 88.0, -262.0, 178, 102, 255
L -351.0, 68.0, -262.0, -370.0, 88.0, -262.0, 178, 102, 255
L -329.0, 68.0, -262.0, -351.0, 68.0, -262.0, 178, 102, 255
L -329.0, 190.0, -262.0, -329.0, 68.0, -262.0, 178, 102, 255
L -351.0, 190.0, -262.0, -329.0, 190.0, -262.0, 178, 102, 255
L -370.0, 170.0, -262.0, -351.0, 190.0, -262.0, 178, 102, 255
L -389.0, 170.0, -262.0, -370.0, 170.0, -262.0, 178, 102, 255
L -389.0, 228.0, -262.0, -389.0, 170.0, -262.0, 178, 102, 255
L -370.0, 228.0, -262.0, -389.0, 228.0, -262.0, 178, 102, 255
L -350.0, 208.0, -262.0, -370.0, 228.0, -262.0, 178, 102, 255
L -318.0, 208.0, -262.0, -350.0, 208.0, -262.0, 178, 102, 255
L -289.0, 209.0, -262.0, -318.0, 208.0, -262.0, 178, 102, 255
L -289.0, 219.0, -261.0, -289.0, 209.0, -262.0, 178, 102, 255
L -271.0, 219.0, -261.0, -289.0, 219.0, -261.0, 178, 102, 255
L -270.0, 208.0, -262.0, -271.0, 219.0, -261.0, 178, 102, 255
L -249.0, 208.0, -262.0, -270.0, 208.0, -262.0, 178, 102, 255
L -249.0, 219.0, -261.0, -249.0, 208.0, -262.0, 178, 102, 255
L -231.0, 219.0, -261.0, -249.0, 219.0, -261.0, 178, 102, 255
L -231.0, 208.0, -262.0, -231.0, 219.0, -261.0, 178, 102, 255
L -209.0, 209.0, -262.0, -231.0, 208.0, -262.0, 178, 102, 255
L -209.0, 230.0, -262.0, -209.0, 209.0, -262.0, 178, 102, 255
L -229.0, 249.0, -262.0, -209.0, 230.0, -262.0, 178, 102, 255
L -229.0, 268.0, -262.0, -229.0, 249.0, -262.0, 178, 102, 255
L -171.0, 268.0, -262.0, -229.0, 268.0, -262.0, 178, 102, 255
L -171.0, 249.0, -262.0, -171.0, 268.0, -262.0, 178, 102, 255
L -191.0, 229.0, -262.0, -171.0, 249.0, -262.0, 178, 102, 255
L -191.0, 131.0, -262.0, -191.0, 229.0, -262.0, 178, 102, 255
L -188.0, 128.0, -262.0, -191.0, 131.0, -262.0, 178, 102, 255
L -169.0, 128.0, -262.0, -188.0, 128.0, -262.0, 178, 102, 255
L -169.0, 139.0, -261.0, -169.0, 128.0, -262.0, 178, 102, 255
L -151.0, 139.0, -261.0, -169.0, 139.0, -261.0, 178, 102, 255
L -151.0, 129.0, -262.0, -151.0, 139.0, -261.0, 178, 102, 255
L -129.0, 129.0, -262.0, -151.0, 129.0, -262.0, 178, 102, 255
L -129.0, 139.0, -261.0, -129.0, 129.0, -262.0, 178, 102, 255
L -111.0, 139.0, -261.0, -129.0, 139.0, -261.0, 178, 102, 255
L -111.0, 128.0, -262.0, -111.0, 139.0, -261.0, 178, 102, 255
L -89.0, 128.0, -262.0, -111.0, 128.0, -262.0, 178, 102, 255
L -89.0, 139.0, -261.0, -89.0, 128.0, -262.0, 178, 102, 255
L -71.0, 139.0, -261.0, -89.0, 139.0, -261.0, 178, 102, 255
L -71.0, 128.0, -262.0, -71.0, 139.0, -261.0, 178, 102, 255
L -32.0, 128.0, -276.0, -71.0, 128.0, -262.0, 178, 102, 255
L -29.0, 131.0, -276.0, -32.0, 128.0, -276.0, 178, 102, 255
L -29.0, 170.0, -262.0, -29.0, 131.0, -276.0, 178, 102, 255
L -29.0, 187.0, -262.0, -29.0, 170.0, -262.0, 178, 102, 255
L -32.0, 190.0, -262.0, -29.0, 187.0, -262.0, 178, 102, 255
L -71.0, 190.0, -262.0, -32.0, 190.0, -262.0, 178, 102, 255
L -71.0, 179.0, -261.0, -71.0, 190.0, -262.0, 178, 102, 255
L -89.0, 179.0, -261.0, -71.0, 179.0, -261.0, 178, 102, 255
L -90.0, 190.0, -262.0, -89.0, 179.0, -261.0, 178, 102, 255
L -108.0, 190.0, -262.0, -90.0, 190.0, -262.0, 178, 102, 255
L -111.0, 187.0, -262.0, -108.0, 190.0, -262.0, 178, 102, 255
L -111.0, 170.0, -262.0, -111.0, 187.0, -262.0, 178, 102, 255
L -129.0, 170.0, -262.0, -111.0, 170.0, -262.0, 178, 102, 255
L -129.0, 187.0, -262.0, -129.0, 170.0, -262.0, 178, 102, 255
L -132.0, 190.0, -262.0, -129.0, 187.0, -262.0, 178, 102, 255
L -151.0, 190.0, -262.0, -132.0, 190.0, -262.0, 178, 102, 255
L -151.0, 179.0, -261.0, -151.0, 190.0, -262.0, 178, 102, 255
L -169.0, 179.0, -261.0, -151.0, 179.0, -261.0, 178, 102, 255
L -169.0, 219.0, -261.0, -169.0, 179.0, -261.0, 178, 102, 255
L -151.0, 219.0, -261.0, -169.0, 219.0, -261.0, 178, 102, 255
L -150.0, 208.0, -262.0, -151.0, 219.0, -261.0, 178, 102, 255
L -132.0, 208.0, -262.0, -150.0, 208.0, -262.0, 178, 102, 255
L -129.0, 212.0, -262.0, -132.0, 208.0, -262.0, 178, 102, 255
L -129.0, 288.0, -262.0, -129.0, 212.0, -262.0, 178, 102, 255
L -112.0, 288.0, -262.0, -129.0, 288.0, -262.0, 178, 102, 255
L -69.0, 288.0, -247.0, -112.0, 288.0, -262.0, 178, 102, 255
L -69.0, 308.0, -247.0, -69.0, 288.0, -247.0, 178, 102, 255
L -50.0, 308.0, -247.0, -69.0, 308.0, -247.0, 178, 102, 255
L -30.0, 328.0, -247.0, -50.0, 308.0, -247.0, 178, 102, 255
L 29.0, 328.0, -247.0, -30.0, 328.0, -247.0, 178, 102, 255
L 49.0, 308.0, -247.0, 29.0, 328.0, -247.0, 178, 102, 255
L 68.0, 308.0, -247.0, 49.0, 308.0, -247.0, 178, 102, 255
L 68.0, 288.0, -247.0, 68.0, 308.0, -247.0, 178, 102, 255
L 110.0, 288.0, -262.0, 68.0, 288.0, -247.0, 178, 102, 255
L 128.0, 288.0, -262.0, 110.0, 288.0, -262.0, 178, 102, 255
L 128.0, 211.0, -262.0, 128.0, 288.0, -262.0, 178, 102, 255
L 131.0, 208.0, -262.0, 128.0, 211.0, -262.0, 178, 102, 255
L 150.0, 208.0, -262.0, 131.0, 208.0, -262.0, 178, 102, 255
L 150.0, 219.0, -261.0, 150.0, 208.0, -262.0, 178, 102, 255
L 168.0, 219.0, -261.0, 150.0, 219.0, -261.0, 178, 102, 255
L 168.0, 179.0, -261.0, 168.0, 219.0, -261.0, 178, 102, 255
L 150.0, 179.0, -261.0, 168.0, 179.0, -261.0, 178, 102, 255
L 150.0, 190.0, -262.0, 150.0, 179.0, -261.0, 178, 102, 255
L 131.0, 190.0, -262.0, 150.0, 190.0, -262.0, 178, 102, 255
L 128.0, 187.0, -262.0, 131.0, 190.0, -262.0, 178, 102, 255
L 128.0, 170.0, -262.0, 128.0, 187.0, -262.0, 178, 102, 255
L 110.0, 170.0, -262.0, 128.0, 170.0, -262.0, 178, 102, 255
L 110.0, 187.0, -262.0, 110.0, 170.0, -262.0, 178, 102, 255
L 107.0, 190.0, -262.0, 110.0, 187.0, -262.0, 178, 102, 255
L 88.0, 190.0, -262.0, 107.0, 190.0, -262.0, 178, 102, 255
L 88.0, 179.0, -261.0, 88.0, 190.0, -262.0, 178, 102, 255
L 70.0, 179.0, -261.0, 88.0, 179.0, -261.0, 178, 102, 255
L 70.0, 190.0, -262.0, 70.0, 179.0, -261.0, 178, 102, 255
L 29.0, 190.0, -262.0, 70.0, 190.0, -262.0, 178, 102, 255
L 28.0, 171.0, -262.0, 29.0, 190.0, -262.0, 178, 102, 255
L 28.0, 131.0, -276.0, 28.0, 171.0, -262.0, 178, 102, 255
L 31.0, 128.0, -276.0, 28.0, 131.0, -276.0, 178, 102, 255
L 70.0, 128.0, -262.0, 31.0, 128.0, -276.0, 178, 102, 255
L 70.0, 139.0, -261.0, 70.0, 128.0, -262.0, 178, 102, 255
L 88.0, 139.0, -261.0, 70.0, 139.0, -261.0, 178, 102, 255
L 88.0, 128.0, -262.0, 88.0, 139.0, -261.0, 178, 102, 255
L 110.0, 128.0, -262.0, 88.0, 128.0, -262.0, 178, 102, 255
L 110.0, 139.0, -261.0, 110.0, 128.0, -262.0, 178, 102, 255
L 128.0, 139.0, -261.0, 110.0, 139.0, -261.0, 178, 102, 255
L 128.0, 128.0, -262.0, 128.0, 139.0, -261.0, 178, 102, 255
L 150.0, 128.0, -262.0, 128.0, 128.0, -262.0, 178, 102, 255
L 150.0, 139.0, -261.0, 150.0, 128.0, -262.0, 178, 102, 255
L 168.0, 139.0, -261.0, 150.0, 139.0, -261.0, 178, 102, 255
L 168.0, 128.0, -262.0, 168.0, 139.0, -261.0, 178, 102, 255
L 190.0, 129.0, -262.0, 168.0, 128.0, -262.0, 178, 102, 255
L 190.0, 229.0, -262.0, 190.0, 129.0, -262.0, 178, 102, 255
L 170.0, 249.0, -262.0, 190.0, 229.0, -262.0, 178, 102, 255
L 170.0, 268.0, -262.0, 170.0, 249.0, -262.0, 178, 102, 255
L 228.0, 268.0, -262.0, 170.0, 268.0, -262.0, 178, 102, 255
L 228.0, 249.0, -262.0, 228.0, 268.0, -262.0, 178, 102, 255
L 208.0, 230.0, -262.0, 228.0, 249.0, -262.0, 178, 102, 255
L 208.0, 208.0, -262.0, 208.0, 230.0, -262.0, 178, 102, 255
L 230.0, 208.0, -262.0, 208.0, 208.0, -262.0, 178, 102, 255
L 230.0, 219.0, -261.0, 230.0, 208.0, -262.0, 178, 102, 255
L 248.0, 219.0, -261.0, 230.0, 219.0, -261.0, 178, 102, 255
L 248.0, 209.0, -262.0, 248.0, 219.0, -261.0, 178, 102, 255
L 270.0, 208.0, -262.0, 248.0, 209.0, -262.0, 178, 102, 255
L 270.0, 219.0, -261.0, 270.0, 208.0, -262.0, 178, 102, 255
L 288.0, 219.0, -261.0, 270.0, 219.0, -261.0, 178, 102, 255
L 289.0, 208.0, -262.0, 288.0, 219.0, -261.0, 178, 102, 255
L 350.0, 208.0, -262.0, 289.0, 208.0, -262.0, 178, 102, 255
L 369.0, 228.0, -262.0, 350.0, 208.0, -262.0, 178, 102, 255
L 388.0, 228.0, -262.0, 369.0, 228.0, -262.0, 178, 102, 255
L 388.0, 170.0, -262.0, 388.0, 228.0, -262.0, 178, 102, 255
L 369.0, 170.0, -262.0, 388.0, 170.0, -262.0, 178, 102, 255
L 349.0, 190.0, -262.0, 369.0, 170.0, -262.0, 178, 102, 255
L 328.0, 189.0, -262.0, 349.0, 190.0, -262.0, 178, 102, 255
L 329.0, 68.0, -262.0, 328.0, 189.0, -262.0, 178, 102, 255
L 350.0, 68.0, -262.0, 329.0, 68.0, -262.0, 178, 102, 255
L 370.0, 88.0, -262.0, 350.0, 68.0, -262.0, 178, 102, 255
L 388.0, 88.0, -262.0, 370.0, 88.0, -262.0, 178, 102, 255
L 388.0, 30.0, -262.0, 388.0, 88.0, -262.0, 178, 102, 255
L 369.0, 30.0, -262.0, 388.0, 30.0, -262.0, 178, 102, 255
L 349.0, 50.0, -262.0, 369.0, 30.0, -262.0, 178, 102, 255
L 328.0, 49.0, -262.0, 349.0, 50.0, -262.0, 178, 102, 255
L 328.0, 10.0, -262.0, 328.0, 49.0, -262.0, 178, 102, 255
L 308.0, 10.0, -262.0, 328.0, 10.0, -262.0, 178, 102, 255
L 249.0, 10.0, -277.0, 308.0, 10.0, -262.0, 178, 102, 255
L 249.0, -11.0, -277.0, 249.0, 10.0, -277.0, 178, 102, 255
L 310.0, -11.0, -262.0, 249.0, -11.0, -277.0, 178, 102, 255
L 328.0, -11.0, -262.0, 310.0, -11.0, -262.0, 178, 102, 255
L 328.0, -51.0, -262.0, 328.0, -11.0, -262.0, 178, 102, 255
L 350.0, -51.0, -262.0, 328.0, -51.0, -262.0, 178, 102, 255
L 369.0, -31.0, -262.0, 350.0, -51.0, -262.0, 178, 102, 255
L 388.0, -31.0, -262.0, 369.0, -31.0, -262.0, 178, 102, 255
L 388.0, -89.0, -262.0, 388.0, -31.0, -262.0, 178, 102, 255
L 369.0, -89.0, -262.0, 388.0, -89.0, -262.0, 178, 102, 255
L 349.0, -69.0, -262.0, 369.0, -89.0, -262.0, 178, 102, 255
L 328.0, -70.0, -262.0, 349.0, -69.0, -262.0, 178, 102, 255
L 328.0, -191.0, -262.0, 328.0, -70.0, -262.0, 178, 102, 255
L 349.0, -191.0, -262.0, 328.0, -191.0, -262.0, 178, 102, 255
L 369.0, -171.0, -262.0, 349.0, -191.0, -262.0, 178, 102, 255
L 388.0, -171.0, -262.0, 369.0, -171.0, -262.0, 178, 102, 255
L 388.0, -215.0, -261.0, 388.0, -171.0, -262.0, 178, 102, 255
L 388.0, -229.0, -262.0, 388.0, -215.0, -261.0, 178, 102, 255
L 369.0, -229.0, -262.0, 388.0, -229.0, -262.0, 178, 102, 255
L 349.0, -209.0, -262.0, 369.0, -229.0, -262.0, 178, 102, 255
L 288.0, -209.0, -262.0, 349.0, -209.0, -262.0, 178, 102, 255
L 288.0, -220.0, -261.0, 288.0, -209.0, -262.0, 178, 102, 255
L 270.0, -220.0, -261.0, 288.0, -220.0, -261.0, 178, 102, 255
L 269.0, -209.0, -262.0, 270.0, -220.0, -261.0, 178, 102, 255
L 248.0, -210.0, -262.0, 269.0, -209.0, -262.0, 178, 102, 255
L 248.0, -220.0, -261.0, 248.0, -210.0, -262.0, 178, 102, 255
L 230.0, -220.0, -261.0, 248.0, -220.0, -261.0, 178, 102, 255
L 230.0, -209.0, -262.0, 230.0, -220.0, -261.0, 178, 102, 255
L 208.0, -209.0, -262.0, 230.0, -209.0, -262.0, 178, 102, 255
L 208.0, -231.0, -262.0, 208.0, -209.0, -262.0, 178, 102, 255
L 228.0, -250.0, -262.0, 208.0, -231.0, -262.0, 178, 102, 255
L 228.0, -269.0, -262.0, 228.0, -250.0, -262.0, 178, 102, 255
L 190.0, -269.0, -261.0, 228.0, -269.0, -262.0, 178, 102, 255
L 170.0, -269.0, -262.0, 190.0, -269.0, -261.0, 178, 102, 255
L 170.0, -250.0, -262.0, 170.0, -269.0, -262.0, 178, 102, 255
L 190.0, -231.0, -262.0, 170.0, -250.0, -262.0, 178, 102, 255
L 191.0, -216.0, -262.0, 190.0, -231.0, -262.0, 178, 102, 255
L 189.0, -129.0, -262.0, 191.0, -216.0, -262.0, 178, 102, 255
L 169.0, -129.0, -262.0, 189.0, -129.0, -262.0, 178, 102, 255
L 168.0, -140.0, -261.0, 169.0, -129.0, -262.0, 178, 102, 255
L 150.0, -140.0, -261.0, 168.0, -140.0, -261.0, 178, 102, 255
L 150.0, -129.0, -262.0, 150.0, -140.0, -261.0, 178, 102, 255
L 128.0, -130.0, -262.0, 150.0, -129.0, -262.0, 178, 102, 255
L 128.0, -140.0, -261.0, 128.0, -130.0, -262.0, 178, 102, 255
L 110.0, -140.0, -261.0, 128.0, -140.0, -261.0, 178, 102, 255
L 110.0, -129.0, -262.0, 110.0, -140.0, -261.0, 178, 102, 255
L 88.0, -129.0, -262.0, 110.0, -129.0, -262.0, 178, 102, 255
L 88.0, -140.0, -261.0, 88.0, -129.0, -262.0, 178, 102, 255
L 70.0, -140.0, -261.0, 88.0, -140.0, -261.0, 178, 102, 255
L 70.0, -129.0, -262.0, 70.0, -140.0, -261.0, 178, 102, 255
L 31.0, -129.0, -276.0, 70.0, -129.0, -262.0, 178, 102, 255
L 28.0, -132.0, -276.0, 31.0, -129.0, -276.0, 178, 102, 255
L 28.0, -170.0, -262.0, 28.0, -132.0, -276.0, 178, 102, 255
L 28.0, -191.0, -262.0, 28.0, -170.0, -262.0, 178, 102, 255
L 70.0, -191.0, -262.0, 28.0, -191.0, -262.0, 178, 102, 255
L 70.0, -180.0, -261.0, 70.0, -191.0, -262.0, 178, 102, 255
L 88.0, -180.0, -261.0, 70.0, -180.0, -261.0, 178, 102, 255
L 89.0, -191.0, -262.0, 88.0, -180.0, -261.0, 178, 102, 255
L 107.0, -191.0, -262.0, 89.0, -191.0, -262.0, 178, 102, 255
L 110.0, -188.0, -262.0, 107.0, -191.0, -262.0, 178, 102, 255
L 110.0, -171.0, -262.0, 110.0, -188.0, -262.0, 178, 102, 255
L 128.0, -171.0, -262.0, 110.0, -171.0, -262.0, 178, 102, 255
L 128.0, -188.0, -262.0, 128.0, -171.0, -262.0, 178, 102, 255
L 131.0, -191.0, -262.0, 128.0, -188.0, -262.0, 178, 102, 255
L 150.0, -191.0, -262.0, 131.0, -191.0, -262.0, 178, 102, 255
L 150.0, -180.0, -261.0, 150.0, -191.0, -262.0, 178, 102, 255
L 168.0, -180.0, -261.0, 150.0, -180.0, -261.0, 178, 102, 255
L 168.0, -220.0, -261.0, 168.0, -180.0, -261.0, 178, 102, 255
L 150.0, -220.0, -261.0, 168.0, -220.0, -261.0, 178, 102, 255
L 150.0, -209.0, -262.0, 150.0, -220.0, -261.0, 178, 102, 255
L 131.0, -209.0, -262.0, 150.0, -209.0, -262.0, 178, 102, 255
L 128.0, -213.0, -262.0, 131.0, -209.0, -262.0, 178, 102, 255
L 128.0, -289.0, -262.0, 128.0, -213.0, -262.0, 178, 102, 255
L 112.0, -289.0, -262.0, 128.0, -289.0, -262.0, 178, 102, 255
L 69.0, -289.0, -247.0, 112.0, -289.0, -262.0, 178, 102, 255
L 68.0, -309.0, -247.0, 69.0, -289.0, -247.0, 178, 102, 255
L 48.0, -309.0, -247.0, 68.0, -309.0, -247.0, 178, 102, 255
L 29.0, -329.0, -247.0, 48.0, -309.0, -247.0, 178, 102, 255
L -30.0, -329.0, -247.0, 29.0, -329.0, -247.0, 178, 102, 255
L -50.0, -309.0, -247.0, -30.0, -329.0, -247.0, 178, 102, 255
L -69.0, -309.0, -247.0, -50.0, -309.0, -247.0, 178, 102, 255
L -69.0, -289.0, -247.0, -69.0, -309.0, -247.0, 178, 102, 255
L -104.0, -289.0, -259.0, -69.0, -289.0, -247.0, 178, 102, 255
L -129.0, -289.0, -262.0, -104.0, -289.0, -259.0, 178, 102, 255
L -129.0, -212.0, -262.0, -129.0, -289.0, -262.0, 178, 102, 255
L -132.0, -209.0, -262.0, -129.0, -212.0, -262.0, 178, 102, 255
L -150.0, -209.0, -262.0, -132.0, -209.0, -262.0, 178, 102, 255
L -151.0, -220.0, -261.0, -150.0, -209.0, -262.0, 178, 102, 255
L -169.0, -220.0, -261.0, -151.0, -220.0, -261.0, 178, 102, 255
L -169.0, -180.0, -261.0, -169.0, -220.0, -261.0, 178, 102, 255
L -151.0, -180.0, -261.0, -169.0, -180.0, -261.0, 178, 102, 255
L -151.0, -191.0, -262.0, -151.0, -180.0, -261.0, 178, 102, 255
L -132.0, -191.0, -262.0, -151.0, -191.0, -262.0, 178, 102, 255
L -129.0, -187.0, -262.0, -132.0, -191.0, -262.0, 178, 102, 255
L -129.0, -171.0, -262.0, -129.0, -187.0, -262.0, 178, 102, 255
L -111.0, -171.0, -262.0, -129.0, -171.0, -262.0, 178, 102, 255
L -111.0, -188.0, -262.0, -111.0, -171.0, -262.0, 178, 102, 255
L -108.0, -191.0, -262.0, -111.0, -188.0, -262.0, 178, 102, 255
L -89.0, -191.0, -262.0, -108.0, -191.0, -262.0, 178, 102, 255
L -89.0, -180.0, -261.0, -89.0, -191.0, -262.0, 178, 102, 255
L -71.0, -180.0, -261.0, -89.0, -180.0, -261.0, 178, 102, 255
L -71.0, -191.0, -262.0, -71.0, -180.0, -261.0, 178, 102, 255
L -29.0, -191.0, -262.0, -71.0, -191.0, -262.0, 178, 102, 255
L -29.0, -169.0, -262.0, -29.0, -191.0, -262.0, 178, 102, 255
L -29.0, -132.0, -276.0, -29.0, -169.0, -262.0, 178, 102, 255
L -32.0, -129.0, -276.0, -29.0, -132.0, -276.0, 178, 102, 255
L -71.0, -129.0, -262.0, -32.0, -129.0, -276.0, 178, 102, 255
L -71.0, -149.0, -262.0, -71.0, -129.0, -262.0, 178, 102, 255
L -150.0, -9.0, -277.0, -90.0, -9.0, -292.0, 178, 102, 255
L -152.0, -26.0, -277.0, -150.0, -9.0, -277.0, 178, 102, 255
L -151.0, -29.0, -277.0, -152.0, -26.0, -277.0, 178, 102, 255
L -168.0, -29.0, -277.0, -151.0, -29.0, -277.0, 178, 102, 255
L -191.0, -49.0, -277.0, -168.0, -29.0, -277.0, 178, 102, 255
L -191.0, -90.0, -262.0, -191.0, -49.0, -277.0, 178, 102, 255
L -191.0, -108.0, -262.0, -191.0, -90.0, -262.0, 178, 102, 255
L -188.0, -111.0, -262.0, -191.0, -108.0, -262.0, 178, 102, 255
L -169.0, -111.0, -262.0, -188.0, -111.0, -262.0, 178, 102, 255
L -169.0, -100.0, -261.0, -169.0, -111.0, -262.0, 178, 102, 255
L -151.0, -100.0, -261.0, -169.0, -100.0, -261.0, 178, 102, 255
L -151.0, -111.0, -262.0, -151.0, -100.0, -261.0, 178, 102, 255
L -129.0, -111.0, -262.0, -151.0, -111.0, -262.0, 178, 102, 255
L -129.0, -100.0, -261.0, -129.0, -111.0, -262.0, 178, 102, 255
L -111.0, -100.0, -261.0, -129.0, -100.0, -261.0, 178, 102, 255
L -111.0, -110.0, -262.0, -111.0, -100.0, -261.0, 178, 102, 255
L -89.0, -110.0, -262.0, -111.0, -110.0, -262.0, 178, 102, 255
L -89.0, -91.0, -262.0, -89.0, -110.0, -262.0, 178, 102, 255
L -71.0, -91.0, -262.0, -89.0, -91.0, -262.0, 178, 102, 255
L -71.0, -110.0, -262.0, -71.0, -91.0, -262.0, 178, 102, 255
L -32.0, -111.0, -276.0, -71.0, -110.0, -262.0, 178, 102, 255
L -29.0, -108.0, -277.0, -32.0, -111.0, -276.0, 178, 102, 255
L -29.0, -70.0, -292.0, -29.0, -108.0, -277.0, 178, 102, 255
L -11.0, -113.0, -277.0, -11.0, -70.0, -292.0, 178, 102, 255
L -11.0, -133.0, -275.0, -11.0, -113.0, -277.0, 178, 102, 255
L -11.0, -163.0, -264.0, -11.0, -133.0, -275.0, 178, 102, 255
L -11.0, -209.0, -262.0, -11.0, -163.0, -264.0, 178, 102, 255
L -71.0, -209.0, -262.0, -11.0, -209.0, -262.0, 178, 102, 255
L -71.0, -220.0, -261.0, -71.0, -209.0, -262.0, 178, 102, 255
L -89.0, -220.0, -261.0, -71.0, -220.0, -261.0, 178, 102, 255
L -89.0, -209.0, -262.0, -89.0, -220.0, -261.0, 178, 102, 255
L -108.0, -209.0, -262.0, -89.0, -209.0, -262.0, 178, 102, 255
L -111.0, -212.0, -262.0, -108.0, -209.0, -262.0, 178, 102, 255
L -111.0, -271.0, -262.0, -111.0, -212.0, -262.0, 178, 102, 255
L -70.0, -271.0, -247.0, -111.0, -271.0, -262.0, 178, 102, 255
L -69.0, -251.0, -247.0, -70.0, -271.0, -247.0, 178, 102, 255
L -51.0, -252.0, -247.0, -69.0, -251.0, -247.0, 178, 102, 255
L -30.0, -231.0, -247.0, -51.0, -252.0, -247.0, 178, 102, 255
L 29.0, -231.0, -247.0, -30.0, -231.0, -247.0, 178, 102, 255
L 48.0, -250.0, -247.0, 29.0, -231.0, -247.0, 178, 102, 255
L 68.0, -251.0, -247.0, 48.0, -250.0, -247.0, 178, 102, 255
L 69.0, -271.0, -247.0, 68.0, -251.0, -247.0, 178, 102, 255
L 110.0, -270.0, -262.0, 69.0, -271.0, -247.0, 178, 102, 255
L 110.0, -212.0, -262.0, 110.0, -270.0, -262.0, 178, 102, 255
L 105.0, -209.0, -262.0, 110.0, -212.0, -262.0, 178, 102, 255
L 88.0, -209.0, -262.0, 105.0, -209.0, -262.0, 178, 102, 255
L 88.0, -220.0, -261.0, 88.0, -209.0, -262.0, 178, 102, 255
L 70.0, -220.0, -261.0, 88.0, -220.0, -261.0, 178, 102, 255
L 70.0, -209.0, -262.0, 70.0, -220.0, -261.0, 178, 102, 255
L 10.0, -209.0, -262.0, 70.0, -209.0, -262.0, 178, 102, 255
L 10.0, -171.0, -262.0, 10.0, -209.0, -262.0, 178, 102, 255
L 10.0, -132.0, -276.0, 10.0, -171.0, -262.0, 178, 102, 255
L 10.0, -108.0, -277.0, 10.0, -132.0, -276.0, 178, 102, 255
L 10.0, -70.0, -292.0, 10.0, -108.0, -277.0, 178, 102, 255
L 28.0, -108.0, -277.0, 28.0, -69.0, -292.0, 178, 102, 255
L 31.0, -111.0, -276.0, 28.0, -108.0, -277.0, 178, 102, 255
L 70.0, -111.0, -262.0, 31.0, -111.0, -276.0, 178, 102, 255
L 70.0, -100.0, -261.0, 70.0, -111.0, -262.0, 178, 102, 255
L 88.0, -100.0, -261.0, 70.0, -100.0, -261.0, 178, 102, 255
L 88.0, -110.0, -262.0, 88.0, -100.0, -261.0, 178, 102, 255
L 110.0, -111.0, -262.0, 88.0, -110.0, -262.0, 178, 102, 255
L 110.0, -100.0, -261.0, 110.0, -111.0, -262.0, 178, 102, 255
L 128.0, -100.0, -261.0, 110.0, -100.0, -261.0, 178, 102, 255
L 128.0, -111.0, -262.0, 128.0, -100.0, -261.0, 178, 102, 255
L 148.0, -111.0, -262.0, 128.0, -111.0, -262.0, 178, 102, 255
L 150.0, -100.0, -261.0, 148.0, -111.0, -262.0, 178, 102, 255
L 168.0, -100.0, -261.0, 150.0, -100.0, -261.0, 178, 102, 255
L 168.0, -111.0, -262.0, 168.0, -100.0, -261.0, 178, 102, 255
L 190.0, -111.0, -262.0, 168.0, -111.0, -262.0, 178, 102, 255
L 190.0, -91.0, -262.0, 190.0, -111.0, -262.0, 178, 102, 255
L 190.0, -50.0, -277.0, 190.0, -91.0, -262.0, 178, 102, 255
L 169.0, -29.0, -277.0, 190.0, -50.0, -277.0, 178, 102, 255
L 150.0, -29.0, -277.0, 169.0, -29.0, -277.0, 178, 102, 255
L 149.0, -9.0, -277.0, 150.0, -29.0, -277.0, 178, 102, 255
L 89.0, -9.0, -292.0, 149.0, -9.0, -277.0, 178, 102, 255
L 149.0, 8.0, -277.0, 89.0, 8.0, -292.0, 178, 102, 255
L 150.0, 28.0, -277.0, 149.0, 8.0, -277.0, 178, 102, 255
L 169.0, 28.0, -277.0, 150.0, 28.0, -277.0, 178, 102, 255
L 190.0, 49.0, -277.0, 169.0, 28.0, -277.0, 178, 102, 255
L 190.0, 89.0, -262.0, 190.0, 49.0, -277.0, 178, 102, 255
L 189.0, 110.0, -262.0, 190.0, 89.0, -262.0, 178, 102, 255
L 168.0, 110.0, -262.0, 189.0, 110.0, -262.0, 178, 102, 255
L 168.0, 99.0, -261.0, 168.0, 110.0, -262.0, 178, 102, 255
L 150.0, 99.0, -261.0, 168.0, 99.0, -261.0, 178, 102, 255
L 150.0, 110.0, -262.0, 150.0, 99.0, -261.0, 178, 102, 255
L 128.0, 110.0, -262.0, 150.0, 110.0, -262.0, 178, 102, 255
L 128.0, 99.0, -261.0, 128.0, 110.0, -262.0, 178, 102, 255
L 110.0, 99.0, -261.0, 128.0, 99.0, -261.0, 178, 102, 255
L 110.0, 110.0, -262.0, 110.0, 99.0, -261.0, 178, 102, 255
L 88.0, 110.0, -262.0, 110.0, 110.0, -262.0, 178, 102, 255
L 88.0, 99.0, -261.0, 88.0, 110.0, -262.0, 178, 102, 255
L 70.0, 99.0, -261.0, 88.0, 99.0, -261.0, 178, 102, 255
L 70.0, 110.0, -262.0, 70.0, 99.0, -261.0, 178, 102, 255
L 31.0, 110.0, -276.0, 70.0, 110.0, -262.0, 178, 102, 255
L 28.0, 107.0, -277.0, 31.0, 110.0, -276.0, 178, 102, 255
L 28.0, 69.0, -292.0, 28.0, 107.0, -277.0, 178, 102, 255
L 10.0, 111.0, -277.0, 10.0, 69.0, -292.0, 178, 102, 255
L 10.0, 131.0, -276.0, 10.0, 111.0, -277.0, 178, 102, 255
L 10.0, 168.0, -262.0, 10.0, 131.0, -276.0, 178, 102, 255
L 10.0, 208.0, -262.0, 10.0, 168.0, -262.0, 178, 102, 255
L 70.0, 208.0, -262.0, 10.0, 208.0, -262.0, 178, 102, 255
L 70.0, 219.0, -261.0, 70.0, 208.0, -262.0, 178, 102, 255
L 88.0, 219.0, -261.0, 70.0, 219.0, -261.0, 178, 102, 255
L 88.0, 208.0, -262.0, 88.0, 219.0, -261.0, 178, 102, 255
L 107.0, 208.0, -262.0, 88.0, 208.0, -262.0, 178, 102, 255
L 110.0, 211.0, -262.0, 107.0, 208.0, -262.0, 178, 102, 255
L 110.0, 270.0, -262.0, 110.0, 211.0, -262.0, 178, 102, 255
L 69.0, 270.0, -247.0, 110.0, 270.0, -262.0, 178, 102, 255
L 68.0, 263.0, -247.0, 69.0, 270.0, -247.0, 178, 102, 255
L 68.0, 250.0, -247.0, 68.0, 263.0, -247.0, 178, 102, 255
L 49.0, 250.0, -247.0, 68.0, 250.0, -247.0, 178, 102, 255
L 29.0, 230.0, -247.0, 49.0, 250.0, -247.0, 178, 102, 255
L -30.0, 230.0, -247.0, 29.0, 230.0, -247.0, 178, 102, 255
L -50.0, 250.0, -247.0, -30.0, 230.0, -247.0, 178, 102, 255
L -69.0, 250.0, -247.0, -50.0, 250.0, -247.0, 178, 102, 255
L -70.0, 270.0, -247.0, -69.0, 250.0, -247.0, 178, 102, 255
L -111.0, 269.0, -262.0, -70.0, 270.0, -247.0, 178, 102, 255
L -111.0, 211.0, -262.0, -111.0, 269.0, -262.0, 178, 102, 255
L -108.0, 208.0, -262.0, -111.0, 211.0, -262.0, 178, 102, 255
L -89.0, 209.0, -262.0, -108.0, 208.0, -262.0, 178, 102, 255
L -89.0, 219.0, -261.0, -89.0, 209.0, -262.0, 178, 102, 255
L -71.0, 219.0, -261.0, -89.0, 219.0, -261.0, 178, 102, 255
L -70.0, 208.0, -262.0, -71.0, 219.0, -261.0, 178, 102, 255
L -11.0, 208.0, -262.0, -70.0, 208.0, -262.0, 178, 102, 255
L -11.0, 170.0, -262.0, -11.0, 208.0, -262.0, 178, 102, 255
L -11.0, 131.0, -276.0, -11.0, 170.0, -262.0, 178, 102, 255
L -11.0, 127.0, -277.0, -11.0, 131.0, -276.0, 178, 102, 255
L -11.0, 111.0, -277.0, -11.0, 127.0, -277.0, 178, 102, 255
L -15.0, 106.0, -278.0, -11.0, 111.0, -277.0, 178, 102, 255
L -11.0, 69.0, -292.0, -15.0, 106.0, -278.0, 178, 102, 255
L -29.0, 107.0, -277.0, -29.0, 68.0, -291.0, 178, 102, 255
L -32.0, 110.0, -276.0, -29.0, 107.0, -277.0, 178, 102, 255
L -70.0, 110.0, -262.0, -32.0, 110.0, -276.0, 178, 102, 255
L -71.0, 99.0, -261.0, -70.0, 110.0, -262.0, 178, 102, 255
L -89.0, 99.0, -261.0, -71.0, 99.0, -261.0, 178, 102, 255
L -89.0, 110.0, -262.0, -89.0, 99.0, -261.0, 178, 102, 255
L -111.0, 110.0, -262.0, -89.0, 110.0, -262.0, 178, 102, 255
L -111.0, 99.0, -261.0, -111.0, 110.0, -262.0, 178, 102, 255
L -129.0, 99.0, -261.0, -111.0, 99.0, -261.0, 178, 102, 255
L -129.0, 110.0, -262.0, -129.0, 99.0, -261.0, 178, 102, 255
L -150.0, 110.0, -262.0, -129.0, 110.0, -262.0, 178, 102, 255
L -151.0, 99.0, -261.0, -150.0, 110.0, -262.0, 178, 102, 255
L -169.0, 99.0, -261.0, -151.0, 99.0, -261.0, 178, 102, 255
L -169.0, 109.0, -262.0, -169.0, 99.0, -261.0, 178, 102, 255
L -188.0, 110.0, -262.0, -169.0, 109.0, -262.0, 178, 102, 255
L -191.0, 107.0, -262.0, -188.0, 110.0, -262.0, 178, 102, 255
L -191.0, 87.0, -262.0, -191.0, 107.0, -262.0, 178, 102, 255
L -191.0, 49.0, -277.0, -191.0, 87.0, -262.0, 178, 102, 255
L -171.0, 28.0, -277.0, -191.0, 49.0, -277.0, 178, 102, 255
L -160.0, 21.0, -277.0, -171.0, 28.0, -277.0, 178, 102, 255
L -150.0, 8.0, -277.0, -160.0, 21.0, -277.0, 178, 102, 255
L -90.0, 8.0, -292.0, -150.0, 8.0, -277.0, 178, 102, 255
L 10.0, 69.0, -292.0, -11.0, 69.0, -292.0, 178, 102, 255
L 88.0, 68.0, -292.0, 28.0, 69.0, -292.0, 178, 102, 255
L 89.0, 8.0, -292.0, 88.0, 68.0, -292.0, 178, 102, 255
L 88.0, -69.0, -292.0, 89.0, -9.0, -292.0, 178, 102, 255
L 28.0, -69.0, -292.0, 88.0, -69.0, -292.0, 178, 102, 255
L -11.0, -70.0, -292.0, 10.0, -70.0, -292.0, 178, 102, 255
L -89.0, -69.0, -292.0, -29.0, -70.0, -292.0, 178, 102, 255
L -90.0, -9.0, -292.0, -89.0, -69.0, -292.0, 178, 102, 255
L -89.0, 68.0, -291.0, -90.0, 8.0, -292.0, 178, 102, 255
L -29.0, 68.0, -291.0, -89.0, 68.0, -291.0, 178, 102, 255
L -2.0, 292.0, -66.0, -4.0, 283.0, -73.0, 0, 0, 0
L -1.0, 301.0, -66.0, -2.0, 292.0, -66.0, 0, 0, 0
L -2.0, 311.0, -71.0, -1.0, 301.0, -66.0, 0, 0, 0
L -2.0, 326.0, -69.0, -2.0, 311.0, -71.0, 0, 0, 0
L -4.0, 356.0, -69.0, -2.0, 326.0, -69.0, 0, 0, 0
L -5.0, 361.0, -69.0, -4.0, 356.0, -69.0, 0, 0, 0
L -6.0, 377.0, -68.0, -5.0, 361.0, -69.0, 0, 0, 0
L -6.0, 390.0, -69.0, -6.0, 377.0, -68.0, 0, 0, 0
L -5.0, 398.0, -69.0, -6.0, 390.0, -69.0, 0, 0, 0
L -8.0, 405.0, -69.0, -5.0, 398.0, -69.0, 0, 0, 0
L -18.0, 418.0, -69.0, -8.0, 405.0, -69.0, 0, 0, 0
L -20.0, 421.0, -69.0, -18.0, 418.0, -69.0, 0, 0, 0
L -41.0, 422.0, -69.0, -20.0, 421.0, -69.0, 0, 0, 0
L -50.0, 421.0, -69.0, -41.0, 422.0, -69.0, 0, 0, 0
L -73.0, 421.0, -61.0, -50.0, 421.0, -69.0, 0, 0, 0
L -93.0, 421.0, -59.0, -73.0, 421.0, -61.0, 0, 0, 0
L -100.0, 422.0, -61.0, -93.0, 421.0, -59.0, 0, 0, 0
L -101.0, 423.0, -60.0, -100.0, 422.0, -61.0, 0, 0, 0
L -103.0, 429.0, -61.0, -101.0, 423.0, -60.0, 0, 0, 0
L -103.0, 432.0, -60.0, -103.0, 429.0, -61.0, 0, 0, 0
L -106.0, 433.0, -60.0, -103.0, 432.0, -60.0, 0, 0, 0
L -105.0, 443.0, -59.0, -106.0, 433.0, -60.0, 0, 0, 0
L -106.0, 453.0, -59.0, -105.0, 443.0, -59.0, 0, 0, 0
L -105.0, 461.0, -60.0, -106.0, 453.0, -59.0, 0, 0, 0
L -105.0, 465.0, -59.0, -105.0, 461.0, -60.0, 0, 0, 0
L -105.0, 467.0, -60.0, -105.0, 465.0, -59.0, 0, 0, 0
L -113.0, 468.0, -61.0, -105.0, 467.0, -60.0, 0, 0, 0
L -133.0, 470.0, -58.0, -113.0, 468.0, -61.0, 0, 0, 0
L -139.0, 468.0, -61.0, -133.0, 470.0, -58.0, 0, 0, 0
L -161.0, 460.0, -61.0, -139.0, 468.0, -61.0, 0, 0, 0
L -174.0, 459.0, -60.0, -161.0, 460.0, -61.0, 0, 0, 0
L -178.0, 459.0, -60.0, -174.0, 459.0, -60.0, 0, 0, 0
L -178.0, 448.0, -61.0, -178.0, 459.0, -60.0, 0, 0, 0
L -178.0, 436.0, -61.0, -178.0, 448.0, -61.0, 0, 0, 0
L -166.0, 404.0, -59.0, -178.0, 436.0, -61.0, 0, 0, 0
L -166.0, 394.0, -57.0, -166.0, 404.0, -59.0, 0, 0, 0
L -161.0, 392.0, -60.0, -166.0, 394.0, -57.0, 0, 0, 0
L -149.0, 392.0, -61.0, -161.0, 392.0, -60.0, 0, 0, 0
L -129.0, 395.0, -62.0, -149.0, 392.0, -61.0, 0, 0, 0
L -114.0, 398.0, -59.0, -129.0, 395.0, -62.0, 0, 0, 0
L -106.0, 402.0, -59.0, -114.0, 398.0, -59.0, 0, 0, 0
L -103.0, 404.0, -59.0, -106.0, 402.0, -59.0, 0, 0, 0
L -95.0, 405.0, -61.0, -103.0, 404.0, -59.0, 0, 0, 0
L -83.0, 405.0, -61.0, -95.0, 405.0, -61.0, 0, 0, 0
L -64.0, 405.0, -67.0, -83.0, 405.0, -61.0, 0, 0, 0
L -59.0, 403.0, -69.0, -64.0, 405.0, -67.0, 0, 0, 0
L -59.0, 379.0, -69.0, -59.0, 403.0, -69.0, 0, 0, 0
L -59.0, 367.0, -67.0, -59.0, 379.0, -69.0, 0, 0, 0
L -58.0, 362.0, -68.0, -59.0, 367.0, -67.0, 0, 0, 0
L -52.0, 345.0, -68.0, -58.0, 362.0, -68.0, 0, 0, 0
L -51.0, 344.0, -69.0, -52.0, 345.0, -68.0, 0, 0, 0
L -32.0, 344.0, -69.0, -51.0, 344.0, -69.0, 0, 0, 0
L -20.0, 325.0, -69.0, -32.0, 344.0, -69.0, 0, 0, 0
L -19.0, 320.0, -69.0, -20.0, 325.0, -69.0, 0, 0, 0
L -18.0, 315.0, -70.0, -19.0, 320.0, -69.0, 0, 0, 0
L -18.0, 311.0, -71.0, -18.0, 315.0, -70.0, 0, 0, 0
L -18.0, 300.0, -73.0, -18.0, 311.0, -71.0, 0, 0, 0
L 0.0, 129.0, -96.0, 0.0, 131.0, -96.0, 0, 0, 0
L 0.0, 131.0, -96.0, 0.0, 132.0, -96.0, 0, 0, 0
L -1.0, 141.0, -91.0, 0.0, 131.0, -96.0, 0, 0, 0
L -3.0, 146.0, -88.0, -1.0, 141.0, -91.0, 0, 0, 0
L -6.0, 155.0, -84.0, -3.0, 146.0, -88.0, 0, 0, 0
L -8.0, 165.0, -79.0, -6.0, 155.0, -84.0, 0, 0, 0
L -11.0, 171.0, -76.0, -8.0, 165.0, -79.0, 0, 0, 0
L -16.0, 176.0, -74.0, -11.0, 171.0, -76.0, 0, 0, 0
L -18.0, 181.0, -73.0, -16.0, 176.0, -74.0, 0, 0, 0
L -18.0, 190.0, -73.0, -18.0, 181.0, -73.0, 0, 0, 0
L -19.0, 203.0, -73.0, -18.0, 190.0, -73.0, 0, 0, 0
L -39.0, 223.0, -73.0, -19.0, 203.0, -73.0, 0, 0, 0
L -39.0, 248.0, -73.0, -39.0, 223.0, -73.0, 0, 0, 0
L -38.0, 255.0, -72.0, -39.0, 248.0, -73.0, 0, 0, 0
L -33.0, 266.0, -73.0, -38.0, 255.0, -72.0, 0, 0, 0
L -29.0, 272.0, -73.0, -33.0, 266.0, -73.0, 0, 0, 0
L -23.0, 278.0, -73.0, -29.0, 272.0, -73.0, 0, 0, 0
L 0.0, 281.0, -73.0, -4.0, 283.0, -73.0, 0, 0, 0
L 4.0, 276.0, -73.0, 0.0, 281.0, -73.0, 0, 0, 0
L 11.0, 268.0, -73.0, 4.0, 276.0, -73.0, 0, 0, 0
L 16.0, 259.0, -73.0, 11.0, 268.0, -73.0, 0, 0, 0
L 18.0, 250.0, -73.0, 16.0, 259.0, -73.0, 0, 0, 0
L 18.0, 223.0, -73.0, 18.0, 250.0, -73.0, 0, 0, 0
L -1.0, 203.0, -73.0, 18.0, 223.0, -73.0, 0, 0, 0
L -1.0, 182.0, -73.0, -1.0, 203.0, -73.0, 0, 0, 0
L 0.0, 177.0, -73.0, -1.0, 182.0, -73.0, 0, 0, 0
L 3.0, 173.0, -75.0, 0.0, 177.0, -73.0, 0, 0, 0
L 7.0, 169.0, -77.0, 3.0, 173.0, -75.0, 0, 0, 0
L 9.0, 163.0, -80.0, 7.0, 169.0, -77.0, 0, 0, 0
L 11.0, 153.0, -85.0, 9.0, 163.0, -80.0, 0, 0, 0
L 16.0, 141.0, -91.0, 11.0, 153.0, -85.0, 0, 0, 0
L -299.0, 62.0, -62.0, -293.0, 54.0, -62.0, 0, 204, 0
L -299.0, 94.0, -62.0, -299.0, 62.0, -62.0, 0, 204, 0
L -321.0, 94.0, -62.0, -299.0, 94.0, -62.0, 0, 204, 0
L -321.0, 32.0, -62.0, -321.0, 94.0, -62.0, 0, 204, 0
L -279.0, 32.0, -62.0, -321.0, 32.0, -62.0, 0, 204, 0
L -279.0, 54.0, -62.0, -279.0, 32.0, -62.0, 0, 204, 0
L -181.0, 72.0, -85.0, -181.0, 14.0, -85.0, 255, 0, 0
L -208.0, 72.0, -85.0, -181.0, 72.0, -85.0, 255, 0, 0
L -210.0, 94.0, -87.0, -208.0, 72.0, -85.0, 255, 0, 0
L -181.0, 94.0, -85.0, -210.0, 94.0, -87.0, 255, 0, 0
L -181.0, 112.0, -85.0, -181.0, 94.0, -85.0, 255, 0, 0
L -201.0, 112.0, -86.0, -181.0, 112.0, -85.0, 255, 0, 0
L -220.0, 131.0, -84.0, -201.0, 112.0, -86.0, 255, 0, 0
L -239.0, 113.0, -85.0, -220.0, 131.0, -84.0, 255, 0, 0
L -239.0, 73.0, -86.0, -239.0, 113.0, -85.0, 255, 0, 0
L -257.0, 72.0, -85.0, -239.0, 73.0, -86.0, 255, 0, 0
L -257.0, 56.0, -85.0, -257.0, 72.0, -85.0, 255, 0, 0
L -224.0, 53.0, -85.0, -257.0, 56.0, -85.0, 255, 0, 0
L -224.0, 33.0, -85.0, -224.0, 53.0, -85.0, 255, 0, 0
L -221.0, 25.0, -85.0, -224.0, 33.0, -85.0, 255, 0, 0
L -221.0, 20.0, -85.0, -221.0, 25.0, -85.0, 255, 0, 0
L -225.0, 12.0, -86.0, -221.0, 20.0, -85.0, 255, 0, 0
L -237.0, 12.0, -85.0, -225.0, 12.0, -86.0, 255, 0, 0
L -220.0, -4.0, -85.0, -237.0, 12.0, -85.0, 255, 0, 0
L -203.0, 12.0, -85.0, -220.0, -4.0, -85.0, 255, 0, 0
L -211.0, 13.0, -85.0, -203.0, 12.0, -85.0, 255, 0, 0
L -209.0, 18.0, -85.0, -211.0, 13.0, -85.0, 255, 0, 0
L -208.0, 22.0, -85.0, -209.0, 18.0, -85.0, 255, 0, 0
L -209.0, 28.0, -85.0, -208.0, 22.0, -85.0, 255, 0, 0
L -213.0, 28.0, -85.0, -209.0, 28.0, -85.0, 255, 0, 0
L -209.0, 35.0, -85.0, -213.0, 28.0, -85.0, 255, 0, 0
L -202.0, 37.0, -85.0, -209.0, 35.0, -85.0, 255, 0, 0
L -197.0, 37.0, -85.0, -202.0, 37.0, -85.0, 255, 0, 0
L -194.0, 36.0, -85.0, -197.0, 37.0, -85.0, 255, 0, 0
L -191.0, 35.0, -86.0, -194.0, 36.0, -85.0, 255, 0, 0
L -189.0, 34.0, -85.0, -191.0, 35.0, -86.0, 255, 0, 0
L -189.0, 14.0, -85.0, -189.0, 34.0, -85.0, 255, 0, 0
L -261.0, -5.0, -62.0, -261.0, 33.0, -62.0, 0, 204, 0
L -299.0, -5.0, -62.0, -261.0, -5.0, -62.0, 0, 204, 0
L -299.0, 14.0, -62.0, -299.0, -5.0, -62.0, 0, 204, 0
L -339.0, 14.0, -62.0, -299.0, 14.0, -62.0, 0, 204, 0
L -359.0, 34.0, -62.0, -339.0, 14.0, -62.0, 0, 204, 0
L -359.0, 54.0, -62.0, -359.0, 34.0, -62.0, 0, 204, 0
L -367.0, 54.0, -62.0, -359.0, 54.0, -62.0, 0, 204, 0
L -374.0, 56.0, -62.0, -367.0, 54.0, -62.0, 0, 204, 0
L -381.0, 59.0, -62.0, -374.0, 56.0, -62.0, 0, 204, 0
L -391.0, 65.0, -62.0, -381.0, 59.0, -62.0, 0, 204, 0
L -399.0, 73.0, -62.0, -391.0, 65.0, -62.0, 0, 204, 0
L -398.0, 94.0, -62.0, -399.0, 73.0, -62.0, 0, 204, 0
L -421.0, 94.0, -57.0, -398.0, 94.0, -62.0, 0, 204, 0
L -427.0, 94.0, -57.0, -421.0, 94.0, -57.0, 0, 204, 0
L -436.0, 92.0, -57.0, -427.0, 94.0, -57.0, 0, 204, 0
L -444.0, 88.0, -57.0, -436.0, 92.0, -57.0, 0, 204, 0
L -453.0, 82.0, -57.0, -444.0, 88.0, -57.0, 0, 204, 0
L -461.0, 72.0, -57.0, -453.0, 82.0, -57.0, 0, 204, 0
L -461.0, 52.0, -57.0, -461.0, 72.0, -57.0, 0, 204, 0
L -453.0, 52.0, -57.0, -461.0, 52.0, -57.0, 0, 204, 0
L -445.0, 50.0, -57.0, -453.0, 52.0, -57.0, 0, 204, 0
L -438.0, 47.0, -57.0, -445.0, 50.0, -57.0, 0, 204, 0
L -430.0, 41.0, -57.0, -438.0, 47.0, -57.0, 0, 204, 0
L -424.0, 36.0, -57.0, -430.0, 41.0, -57.0, 0, 204, 0
L -421.0, 32.0, -57.0, -424.0, 36.0, -57.0, 0, 204, 0
L -401.0, 32.0, -57.0, -421.0, 32.0, -57.0, 0, 204, 0
L -401.0, 27.0, -57.0, -401.0, 32.0, -57.0, 0, 204, 0
L -399.0, 16.0, -57.0, -401.0, 27.0, -57.0, 0, 204, 0
L -395.0, 9.0, -57.0, -399.0, 16.0, -57.0, 0, 204, 0
L -389.0, 1.0, -57.0, -395.0, 9.0, -57.0, 0, 204, 0
L -381.0, -7.0, -57.0, -389.0, 1.0, -57.0, 0, 204, 0
L -381.0, -21.0, -57.0, -381.0, -7.0, -57.0, 0, 204, 0
L -381.0, -49.0, -62.0, -381.0, -21.0, -57.0, 0, 204, 0
L -381.0, -72.0, -62.0, -381.0, -49.0, -62.0, 0, 204, 0
L -379.0, -82.0, -62.0, -381.0, -72.0, -62.0, 0, 204, 0
L -375.0, -91.0, -62.0, -379.0, -82.0, -62.0, 0, 204, 0
L -367.0, -101.0, -62.0, -375.0, -91.0, -62.0, 0, 204, 0
L -361.0, -106.0, -62.0, -367.0, -101.0, -62.0, 0, 204, 0
L -361.0, -127.0, -62.0, -361.0, -106.0, -62.0, 0, 204, 0
L -319.0, -127.0, -72.0, -361.0, -127.0, -62.0, 0, 204, 0
L -307.0, -126.0, -72.0, -319.0, -127.0, -72.0, 0, 204, 0
L -287.0, -115.0, -72.0, -307.0, -126.0, -72.0, 0, 204, 0
L -280.0, -108.0, -72.0, -287.0, -115.0, -72.0, 0, 204, 0
L -279.0, -86.0, -72.0, -280.0, -108.0, -72.0, 0, 204, 0
L -278.0, -85.0, -72.0, -279.0, -86.0, -72.0, 0, 204, 0
L -266.0, -75.0, -72.0, -278.0, -85.0, -72.0, 0, 204, 0
L -258.0, -70.0, -72.0, -266.0, -75.0, -72.0, 0, 204, 0
L -246.0, -67.0, -72.0, -258.0, -70.0, -72.0, 0, 204, 0
L -241.0, -75.0, -72.0, -246.0, -67.0, -72.0, 0, 204, 0
L -241.0, -106.0, -72.0, -241.0, -75.0, -72.0, 0, 204, 0
L -221.0, -126.0, -72.0, -241.0, -106.0, -72.0, 0, 204, 0
L -221.0, -133.0, -72.0, -221.0, -126.0, -72.0, 0, 204, 0
L -219.0, -142.0, -72.0, -221.0, -133.0, -72.0, 0, 204, 0
L -215.0, -151.0, -72.0, -219.0, -142.0, -72.0, 0, 204, 0
L -210.0, -158.0, -72.0, -215.0, -151.0, -72.0, 0, 204, 0
L -200.0, -167.0, -72.0, -210.0, -158.0, -72.0, 0, 204, 0
L -161.0, -167.0, -72.0, -200.0, -167.0, -72.0, 0, 204, 0
L -161.0, -226.0, -72.0, -161.0, -167.0, -72.0, 0, 204, 0
L -180.0, -244.0, -72.0, -161.0, -226.0, -72.0, 0, 204, 0
L -197.0, -227.0, -72.0, -180.0, -244.0, -72.0, 0, 204, 0
L -200.0, -185.0, -72.0, -197.0, -227.0, -72.0, 0, 204, 0
L -228.0, -185.0, -72.0, -200.0, -185.0, -72.0, 0, 204, 0
L -237.0, -187.0, -72.0, -228.0, -185.0, -72.0, 0, 204, 0
L -252.0, -197.0, -72.0, -237.0, -187.0, -72.0, 0, 204, 0
L -261.0, -206.0, -72.0, -252.0, -197.0, -72.0, 0, 204, 0
L -261.0, -208.0, -72.0, -261.0, -206.0, -72.0, 0, 204, 0
L -260.0, -287.0, -67.0, -261.0, -208.0, -72.0, 0, 204, 0
L -235.0, -287.0, -67.0, -260.0, -287.0, -67.0, 0, 204, 0
L -215.0, -281.0, -67.0, -235.0, -287.0, -67.0, 0, 204, 0
L -207.0, -274.0, -67.0, -215.0, -281.0, -67.0, 0, 204, 0
L -200.0, -267.0, -67.0, -207.0, -274.0, -67.0, 0, 204, 0
L -181.0, -267.0, -67.0, -200.0, -267.0, -67.0, 0, 204, 0
L -181.0, -277.0, -67.0, -181.0, -267.0, -67.0, 0, 204, 0
L -161.0, -287.0, -67.0, -181.0, -277.0, -67.0, 0, 204, 0
L -161.0, -305.0, -67.0, -161.0, -287.0, -67.0, 0, 204, 0
L -181.0, -316.0, -67.0, -161.0, -305.0, -67.0, 0, 204, 0
L -181.0, -325.0, -67.0, -181.0, -316.0, -67.0, 0, 204, 0
L -208.0, -325.0, -67.0, -181.0, -325.0, -67.0, 0, 204, 0
L -221.0, -320.0, -67.0, -208.0, -325.0, -67.0, 0, 204, 0
L -228.0, -316.0, -67.0, -221.0, -320.0, -67.0, 0, 204, 0
L -240.0, -305.0, -67.0, -228.0, -316.0, -67.0, 0, 204, 0
L -261.0, -305.0, -68.0, -240.0, -305.0, -67.0, 0, 204, 0
L -261.0, -307.0, -72.0, -261.0, -305.0, -68.0, 0, 204, 0
L -265.0, -325.0, -72.0, -261.0, -325.0, -72.0, 0, 204, 0
L -276.0, -327.0, -72.0, -265.0, -325.0, -72.0, 0, 204, 0
L -285.0, -331.0, -72.0, -276.0, -327.0, -72.0, 0, 204, 0
L -292.0, -337.0, -72.0, -285.0, -331.0, -72.0, 0, 204, 0
L -300.0, -344.0, -67.0, -292.0, -337.0, -72.0, 0, 204, 0
L -320.0, -344.0, -71.0, -300.0, -344.0, -67.0, 0, 204, 0
L -326.0, -338.0, -72.0, -320.0, -344.0, -71.0, 0, 204, 0
L -331.0, -334.0, -72.0, -326.0, -338.0, -72.0, 0, 204, 0
L -337.0, -330.0, -72.0, -331.0, -334.0, -72.0, 0, 204, 0
L -352.0, -325.0, -72.0, -337.0, -330.0, -72.0, 0, 204, 0
L -380.0, -325.0, -72.0, -352.0, -325.0, -72.0, 0, 204, 0
L -399.0, -305.0, -72.0, -380.0, -325.0, -72.0, 0, 204, 0
L -426.0, -305.0, -79.0, -399.0, -305.0, -72.0, 0, 204, 0
L -435.0, -303.0, -80.0, -426.0, -305.0, -79.0, 0, 204, 0
L -442.0, -300.0, -81.0, -435.0, -303.0, -80.0, 0, 204, 0
L -450.0, -294.0, -82.0, -442.0, -300.0, -81.0, 0, 204, 0
L -461.0, -283.0, -82.0, -450.0, -294.0, -82.0, 0, 204, 0
L -466.0, -279.0, -82.0, -461.0, -283.0, -82.0, 0, 204, 0
L -472.0, -273.0, -82.0, -466.0, -279.0, -82.0, 0, 204, 0
L -483.0, -267.0, -82.0, -472.0, -273.0, -82.0, 0, 204, 0
L -492.0, -265.0, -82.0, -483.0, -267.0, -82.0, 0, 204, 0
L -519.0, -265.0, -82.0, -492.0, -265.0, -82.0, 0, 204, 0
L -538.0, -246.0, -82.0, -519.0, -265.0, -82.0, 0, 204, 0
L -513.0, -220.0, -82.0, -538.0, -246.0, -82.0, 0, 204, 0
L -504.0, -213.0, -82.0, -513.0, -220.0, -82.0, 0, 204, 0
L -498.0, -210.0, -82.0, -504.0, -213.0, -82.0, 0, 204, 0
L -489.0, -207.0, -82.0, -498.0, -210.0, -82.0, 0, 204, 0
L -481.0, -207.0, -82.0, -489.0, -207.0, -82.0, 0, 204, 0
L -474.0, -214.0, -82.0, -481.0, -207.0, -82.0, 0, 204, 0
L -467.0, -219.0, -82.0, -474.0, -214.0, -82.0, 0, 204, 0
L -459.0, -224.0, -82.0, -467.0, -219.0, -82.0, 0, 204, 0
L -453.0, -226.0, -82.0, -459.0, -224.0, -82.0, 0, 204, 0
L -447.0, -227.0, -82.0, -453.0, -226.0, -82.0, 0, 204, 0
L -441.0, -227.0, -82.0, -447.0, -227.0, -82.0, 0, 204, 0
L -441.0, -234.0, -82.0, -441.0, -227.0, -82.0, 0, 204, 0
L -439.0, -242.0, -82.0, -441.0, -234.0, -82.0, 0, 204, 0
L -437.0, -247.0, -82.0, -439.0, -242.0, -82.0, 0, 204, 0
L -428.0, -260.0, -82.0, -437.0, -247.0, -82.0, 0, 204, 0
L -422.0, -266.0, -82.0, -428.0, -260.0, -82.0, 0, 204, 0
L -420.0, -287.0, -77.0, -422.0, -266.0, -82.0, 0, 204, 0
L -400.0, -287.0, -72.0, -420.0, -287.0, -77.0, 0, 204, 0
L -399.0, -267.0, -72.0, -400.0, -287.0, -72.0, 0, 204, 0
L -372.0, -267.0, -72.0, -399.0, -267.0, -72.0, 0, 204, 0
L -364.0, -265.0, -72.0, -372.0, -267.0, -72.0, 0, 204, 0
L -357.0, -262.0, -72.0, -364.0, -265.0, -72.0, 0, 204, 0
L -350.0, -257.0, -72.0, -357.0, -262.0, -72.0, 0, 204, 0
L -339.0, -246.0, -72.0, -350.0, -257.0, -72.0, 0, 204, 0
L -337.0, -230.0, -72.0, -339.0, -246.0, -72.0, 0, 204, 0
L -334.0, -225.0, -72.0, -337.0, -230.0, -72.0, 0, 204, 0
L -326.0, -214.0, -72.0, -334.0, -225.0, -72.0, 0, 204, 0
L -319.0, -206.0, -72.0, -326.0, -214.0, -72.0, 0, 204, 0
L -319.0, -165.0, -72.0, -319.0, -206.0, -72.0, 0, 204, 0
L -340.0, -145.0, -67.0, -319.0, -165.0, -72.0, 0, 204, 0
L -361.0, -145.0, -62.0, -340.0, -145.0, -67.0, 0, 204, 0
L -362.0, -166.0, -62.0, -361.0, -145.0, -62.0, 0, 204, 0
L -374.0, -177.0, -62.0, -362.0, -166.0, -62.0, 0, 204, 0
L -382.0, -182.0, -62.0, -374.0, -177.0, -62.0, 0, 204, 0
L -392.0, -185.0, -62.0, -382.0, -182.0, -62.0, 0, 204, 0
L -403.0, -185.0, -62.0, -392.0, -185.0, -62.0, 0, 204, 0
L -415.0, -183.0, -62.0, -403.0, -185.0, -62.0, 0, 204, 0
L -423.0, -179.0, -62.0, -415.0, -183.0, -62.0, 0, 204, 0
L -430.0, -174.0, -62.0, -423.0, -179.0, -62.0, 0, 204, 0
L -446.0, -158.0, -62.0, -430.0, -174.0, -62.0, 0, 204, 0
L -453.0, -149.0, -62.0, -446.0, -158.0, -62.0, 0, 204, 0
L -456.0, -143.0, -62.0, -453.0, -149.0, -62.0, 0, 204, 0
L -459.0, -134.0, -62.0, -456.0, -143.0, -62.0, 0, 204, 0
L -459.0, -106.0, -62.0, -459.0, -134.0, -62.0, 0, 204, 0
L -451.0, -98.0, -62.0, -459.0, -106.0, -62.0, 0, 204, 0
L -446.0, -92.0, -62.0, -451.0, -98.0, -62.0, 0, 204, 0
L -442.0, -85.0, -62.0, -446.0, -92.0, -62.0, 0, 204, 0
L -439.0, -67.0, -62.0, -442.0, -85.0, -62.0, 0, 204, 0
L -420.0, -67.0, -62.0, -439.0, -67.0, -62.0, 0, 204, 0
L -399.0, -48.0, -62.0, -420.0, -67.0, -62.0, 0, 204, 0
L -399.0, -25.0, -57.0, -399.0, -48.0, -62.0, 0, 204, 0
L -480.0, -24.0, -57.0, -399.0, -25.0, -57.0, 0, 204, 0
L -487.0, -17.0, -57.0, -480.0, -24.0, -57.0, 0, 204, 0
L -493.0, -10.0, -57.0, -487.0, -17.0, -57.0, 0, 204, 0
L -497.0, -1.0, -57.0, -493.0, -10.0, -57.0, 0, 204, 0
L -499.0, 7.0, -57.0, -497.0, -1.0, -57.0, 0, 204, 0
L -498.0, 33.0, -57.0, -499.0, 7.0, -57.0, 0, 204, 0
L -491.0, 41.0, -57.0, -498.0, 33.0, -57.0, 0, 204, 0
L -485.0, 49.0, -57.0, -491.0, 41.0, -57.0, 0, 204, 0
L -481.0, 56.0, -57.0, -485.0, 49.0, -57.0, 0, 204, 0
L -479.0, 65.0, -57.0, -481.0, 56.0, -57.0, 0, 204, 0
L -479.0, 80.0, -57.0, -479.0, 65.0, -57.0, 0, 204, 0
L -481.0, 90.0, -57.0, -479.0, 80.0, -57.0, 0, 204, 0
L -486.0, 99.0, -57.0, -481.0, 90.0, -57.0, 0, 204, 0
L -491.0, 105.0, -57.0, -486.0, 99.0, -57.0, 0, 204, 0
L -499.0, 113.0, -57.0, -491.0, 105.0, -57.0, 0, 204, 0
L -499.0, 152.0, -57.0, -499.0, 113.0, -57.0, 0, 204, 0
L -493.0, 152.0, -57.0, -499.0, 152.0, -57.0, 0, 204, 0
L -485.0, 154.0, -57.0, -493.0, 152.0, -57.0, 0, 204, 0
L -475.0, 159.0, -57.0, -485.0, 154.0, -57.0, 0, 204, 0
L -467.0, 164.0, -57.0, -475.0, 159.0, -57.0, 0, 204, 0
L -460.0, 172.0, -57.0, -467.0, 164.0, -57.0, 0, 204, 0
L -455.0, 172.0, -56.0, -460.0, 172.0, -57.0, 0, 204, 0
L -444.0, 172.0, -56.0, -455.0, 172.0, -56.0, 0, 204, 0
L -440.0, 172.0, -57.0, -444.0, 172.0, -56.0, 0, 204, 0
L -434.0, 165.0, -57.0, -440.0, 172.0, -57.0, 0, 204, 0
L -428.0, 157.0, -57.0, -434.0, 165.0, -57.0, 0, 204, 0
L -423.0, 149.0, -57.0, -428.0, 157.0, -57.0, 0, 204, 0
L -421.0, 140.0, -57.0, -423.0, 149.0, -57.0, 0, 204, 0
L -420.0, 132.0, -57.0, -421.0, 140.0, -57.0, 0, 204, 0
L -400.0, 132.0, -62.0, -420.0, 132.0, -57.0, 0, 204, 0
L -399.0, 152.0, -62.0, -400.0, 132.0, -62.0, 0, 204, 0
L -392.0, 152.0, -62.0, -399.0, 152.0, -62.0, 0, 204, 0
L -384.0, 154.0, -62.0, -392.0, 152.0, -62.0, 0, 204, 0
L -376.0, 158.0, -62.0, -384.0, 154.0, -62.0, 0, 204, 0
L -367.0, 164.0, -62.0, -376.0, 158.0, -62.0, 0, 204, 0
L -360.0, 172.0, -62.0, -367.0, 164.0, -62.0, 0, 204, 0
L -340.0, 172.0, -62.0, -360.0, 172.0, -62.0, 0, 204, 0
L -332.0, 163.0, -62.0, -340.0, 172.0, -62.0, 0, 204, 0
L -324.0, 158.0, -62.0, -332.0, 163.0, -62.0, 0, 204, 0
L -315.0, 152.0, -60.0, -324.0, 158.0, -62.0, 0, 204, 0
L -301.0, 146.0, -62.0, -315.0, 152.0, -60.0, 0, 204, 0
L -301.0, 132.0, -62.0, -301.0, 146.0, -62.0, 0, 204, 0
L -293.0, 124.0, -62.0, -301.0, 132.0, -62.0, 0, 204, 0
L -284.0, 118.0, -62.0, -293.0, 124.0, -62.0, 0, 204, 0
L -277.0, 114.0, -62.0, -284.0, 118.0, -62.0, 0, 204, 0
L -261.0, 112.0, -62.0, -277.0, 114.0, -62.0, 0, 204, 0
L -260.0, 52.0, -62.0, -261.0, 112.0, -62.0, 0, 204, 0
L -141.0, 72.0, -81.0, -181.0, 112.0, -85.0, 0, 0, 0
L -140.0, 54.0, -81.0, -181.0, 14.0, -85.0, 0, 0, 0
L 71.0, -542.0, -73.0, 71.0, -561.0, -73.0, 0, 0, 0
L 70.0, -525.0, -73.0, 71.0, -542.0, -73.0, 0, 0, 0
L 65.0, -520.0, -73.0, 70.0, -525.0, -73.0, 0, 0, 0
L 53.0, -510.0, -76.0, 65.0, -520.0, -73.0, 0, 0, 0
L 32.0, -501.0, -80.0, 53.0, -510.0, -76.0, 0, 0, 0
L 29.0, -501.0, -81.0, 32.0, -501.0, -80.0, 0, 0, 0
L 15.0, -510.0, -80.0, 29.0, -501.0, -81.0, 0, 0, 0
L 9.0, -523.0, -78.0, 15.0, -510.0, -80.0, 0, 0, 0
L 7.0, -527.0, -77.0, 9.0, -523.0, -78.0, 0, 0, 0
L 19.0, -540.0, -75.0, 7.0, -527.0, -77.0, 0, 0, 0
L 21.0, -541.0, -75.0, 19.0, -540.0, -75.0, 0, 0, 0
L 28.0, -559.0, -71.0, 21.0, -541.0, -75.0, 0, 0, 0
L 30.0, -563.0, -70.0, 28.0, -559.0, -71.0, 0, 0, 0
L 32.0, -568.0, -69.0, 30.0, -563.0, -70.0, 0, 0, 0
L 27.0, -580.0, -69.0, 32.0, -568.0, -69.0, 0, 0, 0
L 34.0, -592.0, -69.0, 27.0, -580.0, -69.0, 0, 0, 0
L 35.0, -593.0, -69.0, 34.0, -592.0, -69.0, 0, 0, 0
L 89.0, -593.0, -69.0, 35.0, -593.0, -69.0, 0, 0, 0
L 102.0, -592.0, -69.0, 89.0, -593.0, -69.0, 0, 0, 0
L 109.0, -594.0, -69.0, 102.0, -592.0, -69.0, 0, 0, 0
L 117.0, -593.0, -69.0, 109.0, -594.0, -69.0, 0, 0, 0
L 122.0, -586.0, -69.0, 117.0, -593.0, -69.0, 0, 0, 0
L 122.0, -579.0, -70.0, 122.0, -586.0, -69.0, 0, 0, 0
L 118.0, -568.0, -73.0, 122.0, -579.0, -70.0, 0, 0, 0
L 114.0, -567.0, -73.0, 118.0, -568.0, -73.0, 0, 0, 0
L 112.0, -568.0, -73.0, 114.0, -567.0, -73.0, 0, 0, 0
L 86.0, -568.0, -73.0, 112.0, -568.0, -73.0, 0, 0, 0
L 82.0, -567.0, -73.0, 86.0, -568.0, -73.0, 0, 0, 0
L 71.0, -561.0, -73.0, 82.0, -567.0, -73.0, 0, 0, 0
L 0.0, -297.0, -92.0, 0.0, -286.0, -92.0, 0, 0, 0
L 1.0, -310.0, -93.0, 0.0, -297.0, -92.0, 0, 0, 0
L 3.0, -321.0, -95.0, 1.0, -310.0, -93.0, 0, 0, 0
L 5.0, -350.0, -96.0, 3.0, -321.0, -95.0, 0, 0, 0
L 5.0, -351.0, -96.0, 5.0, -350.0, -96.0, 0, 0, 0
L 11.0, -366.0, -90.0, 5.0, -351.0, -96.0, 0, 0, 0
L 12.0, -383.0, -89.0, 11.0, -366.0, -90.0, 0, 0, 0
L 12.0, -400.0, -86.0, 12.0, -383.0, -89.0, 0, 0, 0
L 12.0, -419.0, -82.0, 12.0, -400.0, -86.0, 0, 0, 0
L 12.0, -430.0, -80.0, 12.0, -419.0, -82.0, 0, 0, 0
L 0.0, -442.0, -80.0, 12.0, -430.0, -80.0, 0, 0, 0
L -2.0, -446.0, -80.0, 0.0, -442.0, -80.0, 0, 0, 0
L -6.0, -458.0, -81.0, -2.0, -446.0, -80.0, 0, 0, 0
L -6.0, -495.0, -81.0, -6.0, -458.0, -81.0, 0, 0, 0
L -7.0, -498.0, -81.0, -6.0, -495.0, -81.0, 0, 0, 0
L -1.0, -513.0, -78.0, -7.0, -498.0, -81.0, 0, 0, 0
L -3.0, -523.0, -77.0, -1.0, -513.0, -78.0, 0, 0, 0
L -16.0, -532.0, -76.0, -3.0, -523.0, -77.0, 0, 0, 0
L -17.0, -532.0, -76.0, -16.0, -532.0, -76.0, 0, 0, 0
L -16.0, -538.0, -75.0, -17.0, -532.0, -76.0, 0, 0, 0
L -8.0, -555.0, -72.0, -16.0, -538.0, -75.0, 0, 0, 0
L -5.0, -563.0, -70.0, -8.0, -555.0, -72.0, 0, 0, 0
L -1.0, -576.0, -69.0, -5.0, -563.0, -70.0, 0, 0, 0
L 1.0, -591.0, -68.0, -1.0, -576.0, -69.0, 0, 0, 0
L 4.0, -607.0, -68.0, 1.0, -591.0, -68.0, 0, 0, 0
L 5.0, -632.0, -68.0, 4.0, -607.0, -68.0, 0, 0, 0
L 5.0, -641.0, -68.0, 5.0, -632.0, -68.0, 0, 0, 0
L 4.0, -669.0, -68.0, 5.0, -641.0, -68.0, 0, 0, 0
L -1.0, -672.0, -66.0, 4.0, -669.0, -68.0, 102, 255, 102
L -4.0, -673.0, -65.0, -1.0, -672.0, -66.0, 102, 255, 102
L -27.0, -680.0, -61.0, -4.0, -673.0, -65.0, 102, 255, 102
L -36.0, -683.0, -61.0, -27.0, -680.0, -61.0, 102, 255, 102
L -51.0, -684.0, -57.0, -36.0, -683.0, -61.0, 102, 255, 102
L -57.0, -682.0, -57.0, -51.0, -684.0, -57.0, 102, 255, 102
L -64.0, -663.0, -56.0, -57.0, -682.0, -57.0, 102, 255, 102
L -65.0, -661.0, -56.0, -64.0, -663.0, -56.0, 102, 255, 102
L -66.0, -651.0, -57.0, -65.0, -661.0, -56.0, 102, 255, 102
L -69.0, -634.0, -57.0, -66.0, -651.0, -57.0, 102, 255, 102
L -69.0, -627.0, -57.0, -69.0, -634.0, -57.0, 102, 255, 102
L -83.0, -621.0, -58.0, -69.0, -627.0, -57.0, 102, 255, 102
L -101.0, -614.0, -57.0, -83.0, -621.0, -58.0, 102, 255, 102
L -103.0, -613.0, -56.0, -101.0, -614.0, -57.0, 102, 255, 102
L -118.0, -608.0, -56.0, -103.0, -613.0, -56.0, 102, 255, 102
L -141.0, -603.0, -57.0, -118.0, -608.0, -56.0, 102, 255, 102
L -162.0, -604.0, -57.0, -141.0, -603.0, -57.0, 102, 255, 102
L -174.0, -603.0, -57.0, -162.0, -604.0, -57.0, 102, 255, 102
L -183.0, -608.0, -55.0, -174.0, -603.0, -57.0, 102, 255, 102
L -196.0, -615.0, -54.0, -183.0, -608.0, -55.0, 102, 255, 102
L -208.0, -621.0, -52.0, -196.0, -615.0, -54.0, 102, 255, 102
L -205.0, -634.0, -53.0, -208.0, -621.0, -52.0, 102, 255, 102
L -209.0, -640.0, -53.0, -205.0, -634.0, -53.0, 102, 255, 102
L -220.0, -643.0, -52.0, -209.0, -640.0, -53.0, 102, 255, 102
L -245.0, -643.0, -49.0, -220.0, -643.0, -52.0, 102, 255, 102
L -258.0, -642.0, -48.0, -245.0, -643.0, -49.0, 102, 255, 102
L -274.0, -637.0, -47.0, -258.0, -642.0, -48.0, 102, 255, 102
L -286.0, -631.0, -45.0, -274.0, -637.0, -47.0, 102, 255, 102
L -302.0, -616.0, -44.0, -286.0, -631.0, -45.0, 102, 255, 102
L -313.0, -584.0, -41.0, -302.0, -616.0, -44.0, 102, 255, 102
L -314.0, -567.0, -41.0, -313.0, -584.0, -41.0, 102, 255, 102
L -313.0, -535.0, -41.0, -314.0, -567.0, -41.0, 102, 255, 102
L -314.0, -519.0, -41.0, -313.0, -535.0, -41.0, 102, 255, 102
L -313.0, -507.0, -41.0, -314.0, -519.0, -41.0, 102, 255, 102
L -307.0, -501.0, -39.0, -313.0, -507.0, -41.0, 102, 255, 102
L -285.0, -489.0, -35.0, -307.0, -501.0, -39.0, 102, 255, 102
L -274.0, -482.0, -33.0, -285.0, -489.0, -35.0, 102, 255, 102
L -273.0, -465.0, -33.0, -274.0, -482.0, -33.0, 102, 255, 102
L -273.0, -452.0, -33.0, -273.0, -465.0, -33.0, 102, 255, 102
L -257.0, -450.0, -33.0, -273.0, -452.0, -33.0, 102, 255, 102
L -233.0, -450.0, -32.0, -257.0, -450.0, -33.0, 102, 255, 102
L -231.0, -451.0, -33.0, -233.0, -450.0, -32.0, 102, 255, 102
L -231.0, -462.0, -33.0, -231.0, -451.0, -33.0, 102, 255, 102
L -218.0, -470.0, -34.0, -231.0, -462.0, -33.0, 102, 255, 102
L -197.0, -471.0, -40.0, -218.0, -470.0, -34.0, 102, 255, 102
L -194.0, -472.0, -41.0, -197.0, -471.0, -40.0, 102, 255, 102
L -181.0, -477.0, -41.0, -194.0, -472.0, -41.0, 102, 255, 102
L -162.0, -479.0, -40.0, -181.0, -477.0, -41.0, 102, 255, 102
L -155.0, -479.0, -40.0, -162.0, -479.0, -40.0, 102, 255, 102
L -145.0, -465.0, -40.0, -155.0, -479.0, -40.0, 102, 255, 102
L -140.0, -451.0, -41.0, -145.0, -465.0, -40.0, 102, 255, 102
L -139.0, -449.0, -41.0, -140.0, -451.0, -41.0, 102, 255, 102
L -137.0, -439.0, -41.0, -139.0, -449.0, -41.0, 102, 255, 102
L -129.0, -438.0, -41.0, -137.0, -439.0, -41.0, 102, 255, 102
L -119.0, -412.0, -41.0, -129.0, -438.0, -41.0, 102, 255, 102
L -117.0, -389.0, -41.0, -119.0, -412.0, -41.0, 102, 255, 102
L -135.0, -384.0, -41.0, -117.0, -389.0, -41.0, 102, 255, 102
L -160.0, -381.0, -41.0, -135.0, -384.0, -41.0, 102, 255, 102
L -171.0, -381.0, -41.0, -160.0, -381.0, -41.0, 102, 255, 102
L -169.0, -387.0, -41.0, -171.0, -381.0, -41.0, 102, 255, 102
L -171.0, -400.0, -41.0, -169.0, -387.0, -41.0, 102, 255, 102
L -177.0, -403.0, -41.0, -171.0, -400.0, -41.0, 102, 255, 102
L -180.0, -403.0, -41.0, -177.0, -403.0, -41.0, 102, 255, 102
L -189.0, -401.0, -41.0, -180.0, -403.0, -41.0, 102, 255, 102
L -231.0, -401.0, -33.0, -189.0, -401.0, -41.0, 102, 255, 102
L -230.0, -415.0, -33.0, -231.0, -401.0, -33.0, 102, 255, 102
L -229.0, -421.0, -33.0, -230.0, -415.0, -33.0, 102, 255, 102
L -229.0, -431.0, -33.0, -229.0, -421.0, -33.0, 102, 255, 102
L -239.0, -436.0, -32.0, -229.0, -431.0, -33.0, 102, 255, 102
L -253.0, -433.0, -32.0, -239.0, -436.0, -32.0, 102, 255, 102
L -265.0, -433.0, -33.0, -253.0, -433.0, -32.0, 102, 255, 102
L -273.0, -431.0, -33.0, -265.0, -433.0, -33.0, 102, 255, 102
L -276.0, -419.0, -33.0, -273.0, -431.0, -33.0, 102, 255, 102
L -281.0, -402.0, -34.0, -276.0, -419.0, -33.0, 102, 255, 102
L -281.0, -401.0, -34.0, -281.0, -402.0, -34.0, 102, 255, 102
L -283.0, -389.0, -35.0, -281.0, -401.0, -34.0, 102, 255, 102
L -280.0, -379.0, -33.0, -283.0, -389.0, -35.0, 102, 255, 102
L -277.0, -371.0, -33.0, -280.0, -379.0, -33.0, 102, 255, 102
L -268.0, -349.0, -30.0, -277.0, -371.0, -33.0, 102, 255, 102
L -259.0, -325.0, -25.0, -268.0, -349.0, -30.0, 102, 255, 102
L -258.0, -296.0, -25.0, -259.0, -325.0, -25.0, 102, 255, 102
L -257.0, -278.0, -24.0, -258.0, -296.0, -25.0, 102, 255, 102
L -257.0, -261.0, -25.0, -257.0, -278.0, -24.0, 102, 255, 102
L -257.0, -254.0, -25.0, -257.0, -261.0, -25.0, 102, 255, 102
L -260.0, -251.0, -25.0, -257.0, -254.0, -25.0, 102, 255, 102
L -272.0, -240.0, -24.0, -260.0, -251.0, -25.0, 102, 255, 102
L -271.0, -213.0, -19.0, -272.0, -240.0, -24.0, 102, 255, 102
L -271.0, -204.0, -17.0, -271.0, -213.0, -19.0, 102, 255, 102
L -283.0, -183.0, -13.0, -271.0, -204.0, -17.0, 102, 255, 102
L -293.0, -166.0, -9.0, -283.0, -183.0, -13.0, 102, 255, 102
L -295.0, -163.0, -9.0, -293.0, -166.0, -9.0, 102, 255, 102
L -298.0, -164.0, -9.0, -295.0, -163.0, -9.0, 102, 255, 102
L -326.0, -163.0, -9.0, -298.0, -164.0, -9.0, 102, 255, 102
L -334.0, -164.0, -9.0, -326.0, -163.0, -9.0, 102, 255, 102
L -336.0, -145.0, -9.0, -334.0, -164.0, -9.0, 102, 255, 102
L -335.0, -143.0, -9.0, -336.0, -145.0, -9.0, 102, 255, 102
L -355.0, -122.0, -9.0, -335.0, -143.0, -9.0, 102, 255, 102
L -364.0, -114.0, -9.0, -355.0, -122.0, -9.0, 102, 255, 102
L -373.0, -104.0, -9.0, -364.0, -114.0, -9.0, 102, 255, 102
L -424.0, -116.0, -9.0, -373.0, -104.0, -9.0, 102, 255, 102
L -432.0, -128.0, -9.0, -424.0, -116.0, -9.0, 102, 255, 102
L -433.0, -146.0, -9.0, -432.0, -128.0, -9.0, 102, 255, 102
L -435.0, -164.0, -7.0, -433.0, -146.0, -9.0, 102, 255, 102
L -443.0, -176.0, -8.0, -435.0, -164.0, -7.0, 102, 255, 102
L -445.0, -211.0, -8.0, -443.0, -176.0, -8.0, 102, 255, 102
L -444.0, -223.0, -8.0, -445.0, -211.0, -8.0, 102, 255, 102
L -444.0, -248.0, -3.0, -444.0, -223.0, -8.0, 102, 255, 102
L -445.0, -261.0, -1.0, -444.0, -248.0, -3.0, 102, 255, 102
L -417.0, -260.0, -1.0, -445.0, -261.0, -1.0, 102, 255, 102
L -407.0, -261.0, -1.0, -417.0, -260.0, -1.0, 102, 255, 102
L -376.0, -222.0, -9.0, -407.0, -261.0, -1.0, 102, 255, 102
L -359.0, -220.0, -9.0, -376.0, -222.0, -9.0, 102, 255, 102
L -347.0, -221.0, -9.0, -359.0, -220.0, -9.0, 102, 255, 102
L -337.0, -204.0, -9.0, -347.0, -221.0, -9.0, 102, 255, 102
L -331.0, -200.0, -10.0, -337.0, -204.0, -9.0, 102, 255, 102
L -315.0, -201.0, -15.0, -331.0, -200.0, -10.0, 102, 255, 102
L -309.0, -201.0, -16.0, -315.0, -201.0, -15.0, 102, 255, 102
L -308.0, -220.0, -20.0, -309.0, -201.0, -16.0, 102, 255, 102
L -309.0, -225.0, -21.0, -308.0, -220.0, -20.0, 102, 255, 102
L -317.0, -243.0, -25.0, -309.0, -225.0, -21.0, 102, 255, 102
L -325.0, -249.0, -25.0, -317.0, -243.0, -25.0, 102, 255, 102
L -329.0, -263.0, -25.0, -325.0, -249.0, -25.0, 102, 255, 102
L -332.0, -270.0, -25.0, -329.0, -263.0, -25.0, 102, 255, 102
L -334.0, -282.0, -24.0, -332.0, -270.0, -25.0, 102, 255, 102
L -335.0, -288.0, -24.0, -334.0, -282.0, -24.0, 102, 255, 102
L -335.0, -305.0, -24.0, -335.0, -288.0, -24.0, 102, 255, 102
L -331.0, -307.0, -24.0, -335.0, -305.0, -24.0, 102, 255, 102
L -306.0, -317.0, -24.0, -331.0, -307.0, -24.0, 102, 255, 102
L -295.0, -322.0, -25.0, -306.0, -317.0, -24.0, 102, 255, 102
L -306.0, -349.0, -30.0, -295.0, -322.0, -25.0, 102, 255, 102
L -309.0, -357.0, -31.0, -306.0, -349.0, -30.0, 102, 255, 102
L -311.0, -373.0, -36.0, -309.0, -357.0, -31.0, 102, 255, 102
L -313.0, -387.0, -41.0, -311.0, -373.0, -36.0, 102, 255, 102
L -349.0, -387.0, -41.0, -313.0, -387.0, -41.0, 102, 255, 102
L -367.0, -387.0, -37.0, -349.0, -387.0, -41.0, 102, 255, 102
L -368.0, -388.0, -37.0, -367.0, -387.0, -37.0, 102, 255, 102
L -379.0, -410.0, -42.0, -368.0, -388.0, -37.0, 102, 255, 102
L -383.0, -445.0, -41.0, -379.0, -410.0, -42.0, 102, 255, 102
L -383.0, -455.0, -41.0, -383.0, -445.0, -41.0, 102, 255, 102
L -389.0, -477.0, -41.0, -383.0, -455.0, -41.0, 102, 255, 102
L -391.0, -490.0, -40.0, -389.0, -477.0, -41.0, 102, 255, 102
L -390.0, -517.0, -40.0, -391.0, -490.0, -40.0, 102, 255, 102
L -391.0, -529.0, -41.0, -390.0, -517.0, -40.0, 102, 255, 102
L -375.0, -536.0, -41.0, -391.0, -529.0, -41.0, 102, 255, 102
L -361.0, -540.0, -41.0, -375.0, -536.0, -41.0, 102, 255, 102
L -351.0, -550.0, -41.0, -361.0, -540.0, -41.0, 102, 255, 102
L -351.0, -568.0, -40.0, -351.0, -550.0, -41.0, 102, 255, 102
L -351.0, -586.0, -41.0, -351.0, -568.0, -40.0, 102, 255, 102
L -336.0, -623.0, -44.0, -351.0, -586.0, -41.0, 102, 255, 102
L -325.0, -636.0, -45.0, -336.0, -623.0, -44.0, 102, 255, 102
L -307.0, -652.0, -45.0, -325.0, -636.0, -45.0, 102, 255, 102
L -296.0, -664.0, -45.0, -307.0, -652.0, -45.0, 102, 255, 102
L -267.0, -676.0, -48.0, -296.0, -664.0, -45.0, 102, 255, 102
L -262.0, -678.0, -48.0, -267.0, -676.0, -48.0, 102, 255, 102
L -245.0, -681.0, -50.0, -262.0, -678.0, -48.0, 102, 255, 102
L -236.0, -681.0, -50.0, -245.0, -681.0, -50.0, 102, 255, 102
L -223.0, -680.0, -52.0, -236.0, -681.0, -50.0, 102, 255, 102
L -216.0, -679.0, -53.0, -223.0, -680.0, -52.0, 102, 255, 102
L -214.0, -690.0, -48.0, -216.0, -679.0, -53.0, 102, 255, 102
L -215.0, -693.0, -49.0, -214.0, -690.0, -48.0, 102, 255, 102
L -215.0, -705.0, -53.0, -215.0, -693.0, -49.0, 102, 255, 102
L -204.0, -710.0, -53.0, -215.0, -705.0, -53.0, 102, 255, 102
L -195.0, -712.0, -53.0, -204.0, -710.0, -53.0, 102, 255, 102
L -182.0, -718.0, -55.0, -195.0, -712.0, -53.0, 102, 255, 102
L -179.0, -719.0, -56.0, -182.0, -718.0, -55.0, 102, 255, 102
L -168.0, -721.0, -57.0, -179.0, -719.0, -56.0, 102, 255, 102
L -154.0, -721.0, -57.0, -168.0, -721.0, -57.0, 102, 255, 102
L -121.0, -720.0, -57.0, -154.0, -721.0, -57.0, 102, 255, 102
L -103.0, -720.0, -57.0, -121.0, -720.0, -57.0, 102, 255, 102
L -65.0, -720.0, -57.0, -103.0, -720.0, -57.0, 102, 255, 102
L -58.0, -720.0, -57.0, -65.0, -720.0, -57.0, 102, 255, 102
L -60.0, -710.0, -57.0, -58.0, -720.0, -57.0, 102, 255, 102
L -59.0, -706.0, -57.0, -60.0, -710.0, -57.0, 102, 255, 102
L -55.0, -698.0, -57.0, -59.0, -706.0, -57.0, 102, 255, 102
L -43.0, -699.0, -58.0, -55.0, -698.0, -57.0, 102, 255, 102
L -9.0, -691.0, -63.0, -43.0, -699.0, -58.0, 102, 255, 102
L 6.0, -687.0, -68.0, -9.0, -691.0, -63.0, 102, 255, 102
L 20.0, -681.0, -67.0, 6.0, -687.0, -68.0, 102, 255, 102
L 38.0, -685.0, -69.0, 20.0, -681.0, -67.0, 0, 0, 0
L 48.0, -688.0, -69.0, 38.0, -685.0, -69.0, 0, 0, 0
L 71.0, -687.0, -68.0, 48.0, -688.0, -69.0, 0, 0, 0
L 81.0, -692.0, -68.0, 71.0, -687.0, -68.0, 0, 0, 0
L 81.0, -718.0, -64.0, 81.0, -692.0, -68.0, 0, 0, 0
L 80.0, -722.0, -64.0, 81.0, -718.0, -64.0, 0, 0, 0
L 84.0, -747.0, -64.0, 80.0, -722.0, -64.0, 0, 0, 0
L 93.0, -757.0, -65.0, 84.0, -747.0, -64.0, 0, 0, 0
L 87.0, -754.0, -65.0, 93.0, -757.0, -65.0, 0, 0, 0
L 87.0, -756.0, -65.0, 87.0, -754.0, -65.0, 0, 0, 0
L 83.0, -770.0, -65.0, 87.0, -756.0, -65.0, 0, 0, 0
L 82.0, -777.0, -65.0, 83.0, -770.0, -65.0, 0, 0, 0
L 80.0, -784.0, -65.0, 82.0, -777.0, -65.0, 0, 0, 0
L 80.0, -786.0, -65.0, 80.0, -784.0, -65.0, 0, 0, 0
L 86.0, -802.0, -65.0, 80.0, -786.0, -65.0, 0, 0, 0
L 106.0, -809.0, -65.0, 86.0, -802.0, -65.0, 0, 0, 0
L 117.0, -808.0, -65.0, 106.0, -809.0, -65.0, 0, 0, 0
L 133.0, -809.0, -65.0, 117.0, -808.0, -65.0, 0, 0, 0
L 133.0, -794.0, -65.0, 133.0, -809.0, -65.0, 0, 0, 0
L 135.0, -787.0, -65.0, 133.0, -794.0, -65.0, 0, 0, 0
L 148.0, -762.0, -63.0, 135.0, -787.0, -65.0, 0, 0, 0
L 149.0, -759.0, -63.0, 148.0, -762.0, -63.0, 0, 0, 0
L 153.0, -752.0, -64.0, 149.0, -759.0, -63.0, 0, 0, 0
L 155.0, -730.0, -64.0, 153.0, -752.0, -64.0, 0, 0, 0
L 157.0, -721.0, -65.0, 155.0, -730.0, -64.0, 0, 0, 0
L 156.0, -719.0, -65.0, 157.0, -721.0, -65.0, 0, 0, 0
L 140.0, -712.0, -65.0, 156.0, -719.0, -65.0, 0, 0, 0
L 131.0, -711.0, -64.0, 140.0, -712.0, -65.0, 0, 0, 0
L 108.0, -714.0, -64.0, 131.0, -711.0, -64.0, 0, 0, 0
L 98.0, -710.0, -65.0, 108.0, -714.0, -64.0, 0, 0, 0
L 98.0, -703.0, -66.0, 98.0, -710.0, -65.0, 0, 0, 0
L 98.0, -689.0, -69.0, 98.0, -703.0, -66.0, 0, 0, 0
L 122.0, -689.0, -68.0, 98.0, -689.0, -69.0, 0, 0, 0
L 125.0, -689.0, -68.0, 122.0, -689.0, -68.0, 0, 0, 0
L 138.0, -689.0, -69.0, 125.0, -689.0, -68.0, 0, 0, 0
L 135.0, -679.0, -68.0, 138.0, -689.0, -69.0, 0, 0, 0
L 136.0, -673.0, -68.0, 135.0, -679.0, -68.0, 0, 0, 0
L 148.0, -666.0, -63.0, 136.0, -673.0, -68.0, 0, 0, 0
L 155.0, -667.0, -61.0, 148.0, -666.0, -63.0, 0, 0, 0
L 156.0, -649.0, -64.0, 155.0, -667.0, -61.0, 0, 0, 0
L 146.0, -638.0, -68.0, 156.0, -649.0, -64.0, 0, 0, 0
L 137.0, -628.0, -68.0, 146.0, -638.0, -68.0, 0, 0, 0
L 137.0, -612.0, -69.0, 137.0, -628.0, -68.0, 0, 0, 0
L 138.0, -592.0, -69.0, 137.0, -612.0, -69.0, 0, 0, 0
L 136.0, -574.0, -71.0, 138.0, -592.0, -69.0, 0, 0, 0
L 137.0, -568.0, -73.0, 136.0, -574.0, -71.0, 0, 0, 0
L 146.0, -562.0, -73.0, 137.0, -568.0, -73.0, 0, 0, 0
L 145.0, -552.0, -73.0, 146.0, -562.0, -73.0, 0, 0, 0
L 148.0, -545.0, -73.0, 145.0, -552.0, -73.0, 0, 0, 0
L 153.0, -543.0, -72.0, 148.0, -545.0, -73.0, 0, 0, 0
L 168.0, -544.0, -68.0, 153.0, -543.0, -72.0, 0, 0, 0
L 170.0, -549.0, -69.0, 168.0, -544.0, -68.0, 0, 0, 0
L 170.0, -555.0, -69.0, 170.0, -549.0, -69.0, 0, 0, 0
L 191.0, -565.0, -69.0, 170.0, -555.0, -69.0, 0, 0, 0
L 201.0, -565.0, -69.0, 191.0, -565.0, -69.0, 0, 0, 0
L 202.0, -581.0, -69.0, 201.0, -565.0, -69.0, 0, 0, 0
L 204.0, -581.0, -69.0, 202.0, -581.0, -69.0, 0, 0, 0
L 221.0, -586.0, -68.0, 204.0, -581.0, -69.0, 0, 0, 0
L 223.0, -564.0, -68.0, 221.0, -586.0, -68.0, 0, 0, 0
L 227.0, -549.0, -68.0, 223.0, -564.0, -68.0, 0, 0, 0
L 228.0, -515.0, -68.0, 227.0, -549.0, -68.0, 0, 0, 0
L 219.0, -515.0, -68.0, 228.0, -515.0, -68.0, 0, 0, 0
L 195.0, -508.0, -68.0, 219.0, -515.0, -68.0, 0, 0, 0
L 182.0, -508.0, -69.0, 195.0, -508.0, -68.0, 0, 0, 0
L 178.0, -507.0, -69.0, 182.0, -508.0, -69.0, 0, 0, 0
L 179.0, -511.0, -69.0, 178.0, -507.0, -69.0, 0, 0, 0
L 169.0, -527.0, -69.0, 179.0, -511.0, -69.0, 0, 0, 0
L 148.0, -526.0, -73.0, 169.0, -527.0, -69.0, 0, 0, 0
L 145.0, -522.0, -73.0, 148.0, -526.0, -73.0, 0, 0, 0
L 147.0, -507.0, -73.0, 145.0, -522.0, -73.0, 0, 0, 0
L 129.0, -499.0, -73.0, 147.0, -507.0, -73.0, 0, 0, 0
L 97.0, -489.0, -70.0, 129.0, -499.0, -73.0, 0, 0, 0
L 96.0, -489.0, -70.0, 97.0, -489.0, -70.0, 0, 0, 0
L 84.0, -488.0, -72.0, 96.0, -489.0, -70.0, 0, 0, 0
L 70.0, -488.0, -72.0, 84.0, -488.0, -72.0, 0, 0, 0
L 65.0, -484.0, -73.0, 70.0, -488.0, -72.0, 0, 0, 0
L 61.0, -480.0, -74.0, 65.0, -484.0, -73.0, 0, 0, 0
L 35.0, -467.0, -79.0, 61.0, -480.0, -74.0, 0, 0, 0
L 31.0, -464.0, -81.0, 35.0, -467.0, -79.0, 0, 0, 0
L 28.0, -456.0, -81.0, 31.0, -464.0, -81.0, 0, 0, 0
L 36.0, -454.0, -79.0, 28.0, -456.0, -81.0, 0, 0, 0
L 46.0, -452.0, -77.0, 36.0, -454.0, -79.0, 0, 0, 0
L 66.0, -444.0, -77.0, 46.0, -452.0, -77.0, 0, 0, 0
L 98.0, -438.0, -77.0, 66.0, -444.0, -77.0, 0, 0, 0
L 110.0, -435.0, -76.0, 98.0, -438.0, -77.0, 0, 0, 0
L 111.0, -435.0, -76.0, 110.0, -435.0, -76.0, 0, 0, 0
L 130.0, -434.0, -75.0, 111.0, -435.0, -76.0, 0, 0, 0
L 144.0, -435.0, -73.0, 130.0, -434.0, -75.0, 0, 0, 0
L 161.0, -434.0, -73.0, 144.0, -435.0, -73.0, 0, 0, 0
L 166.0, -426.0, -72.0, 161.0, -434.0, -73.0, 0, 0, 0
L 174.0, -426.0, -72.0, 166.0, -426.0, -72.0, 0, 0, 0
L 177.0, -427.0, -72.0, 174.0, -426.0, -72.0, 0, 0, 0
L 183.0, -432.0, -72.0, 177.0, -427.0, -72.0, 0, 0, 0
L 181.0, -447.0, -73.0, 183.0, -432.0, -72.0, 0, 0, 0
L 204.0, -441.0, -72.0, 181.0, -447.0, -73.0, 0, 0, 0
L 224.0, -434.0, -73.0, 204.0, -441.0, -72.0, 0, 0, 0
L 260.0, -434.0, -73.0, 224.0, -434.0, -73.0, 0, 0, 0
L 267.0, -390.0, -73.0, 260.0, -434.0, -73.0, 0, 0, 0
L 268.0, -387.0, -73.0, 267.0, -390.0, -73.0, 0, 0, 0
L 254.0, -371.0, -72.0, 268.0, -387.0, -73.0, 0, 0, 0
L 228.0, -365.0, -73.0, 254.0, -371.0, -72.0, 0, 0, 0
L 217.0, -365.0, -72.0, 228.0, -365.0, -73.0, 0, 0, 0
L 195.0, -366.0, -73.0, 217.0, -365.0, -72.0, 0, 0, 0
L 188.0, -365.0, -73.0, 195.0, -366.0, -73.0, 0, 0, 0
L 182.0, -362.0, -73.0, 188.0, -365.0, -73.0, 0, 0, 0
L 175.0, -359.0, -73.0, 182.0, -362.0, -73.0, 0, 0, 0
L 151.0, -357.0, -73.0, 175.0, -359.0, -73.0, 0, 0, 0
L 129.0, -357.0, -75.0, 151.0, -357.0, -73.0, 0, 0, 0
L 111.0, -362.0, -76.0, 129.0, -357.0, -75.0, 0, 0, 0
L 110.0, -375.0, -76.0, 111.0, -362.0, -76.0, 0, 0, 0
L 113.0, -390.0, -76.0, 110.0, -375.0, -76.0, 0, 0, 0
L 112.0, -396.0, -76.0, 113.0, -390.0, -76.0, 0, 0, 0
L 95.0, -400.0, -77.0, 112.0, -396.0, -76.0, 0, 0, 0
L 94.0, -400.0, -77.0, 95.0, -400.0, -77.0, 0, 0, 0
L 70.0, -405.0, -77.0, 94.0, -400.0, -77.0, 0, 0, 0
L 70.0, -410.0, -77.0, 70.0, -405.0, -77.0, 0, 0, 0
L 71.0, -424.0, -77.0, 70.0, -410.0, -77.0, 0, 0, 0
L 58.0, -430.0, -76.0, 71.0, -424.0, -77.0, 0, 0, 0
L 43.0, -439.0, -77.0, 58.0, -430.0, -76.0, 0, 0, 0
L 30.0, -443.0, -81.0, 43.0, -439.0, -77.0, 0, 0, 0
L 27.0, -433.0, -80.0, 30.0, -443.0, -81.0, 0, 0, 0
L 29.0, -427.0, -81.0, 27.0, -433.0, -80.0, 0, 0, 0
L 29.0, -403.0, -86.0, 29.0, -427.0, -81.0, 0, 0, 0
L 30.0, -383.0, -89.0, 29.0, -403.0, -86.0, 0, 0, 0
L 29.0, -368.0, -89.0, 30.0, -383.0, -89.0, 0, 0, 0
L 23.0, -354.0, -95.0, 29.0, -368.0, -89.0, 0, 0, 0
L 22.0, -339.0, -96.0, 23.0, -354.0, -95.0, 0, 0, 0
L 21.0, -329.0, -96.0, 22.0, -339.0, -96.0, 0, 0, 0
L 17.0, -299.0, -93.0, 21.0, -329.0, -96.0, 0, 0, 0
L 0.0, -189.0, -95.0, 0.0, -185.0, -96.0, 0, 0, 0
L 0.0, -207.0, -92.0, 0.0, -189.0, -95.0, 0, 0, 0
L -19.0, -227.0, -92.0, 0.0, -207.0, -92.0, 0, 0, 0
L -29.0, -246.0, -92.0, -19.0, -227.0, -92.0, 0, 0, 0
L -29.0, -266.0, -92.0, -29.0, -246.0, -92.0, 0, 0, 0
L -19.0, -285.0, -92.0, -29.0, -266.0, -92.0, 0, 0, 0
L 38.0, -285.0, -92.0, 19.0, -285.0, -92.0, 0, 0, 0
L 48.0, -266.0, -92.0, 38.0, -285.0, -92.0, 0, 0, 0
L 48.0, -246.0, -92.0, 48.0, -266.0, -92.0, 0, 0, 0
L 38.0, -227.0, -92.0, 48.0, -246.0, -92.0, 0, 0, 0
L 18.0, -206.0, -92.0, 38.0, -227.0, -92.0, 0, 0, 0
L 0.0, -25.0, -96.0, -10.0, -25.0, -95.0, 0, 0, 0
L 0.0, -67.0, -96.0, 0.0, -25.0, -96.0, 0, 0, 0
L -21.0, -66.0, -96.0, 0.0, -67.0, -96.0, 0, 0, 0
L -21.0, -56.0, -95.0, -21.0, -66.0, -96.0, 0, 0, 0
L -39.0, -56.0, -95.0, -21.0, -56.0, -95.0, 0, 0, 0
L -39.0, -67.0, -96.0, -39.0, -56.0, -95.0, 0, 0, 0
L -61.0, -67.0, -96.0, -39.0, -67.0, -96.0, 0, 0, 0
L -61.0, -25.0, -96.0, -61.0, -67.0, -96.0, 0, 0, 0
L -41.0, -25.0, -96.0, -61.0, -25.0, -96.0, 0, 0, 0
L -41.0, -7.0, -96.0, -41.0, -25.0, -96.0, 0, 0, 0
L -61.0, -6.0, -96.0, -41.0, -7.0, -96.0, 0, 0, 0
L -60.0, 14.0, -96.0, -61.0, -6.0, -96.0, 0, 0, 0
L -41.0, 33.0, -96.0, -60.0, 14.0, -96.0, 0, 0, 0
L -40.0, 54.0, -96.0, -41.0, 33.0, -96.0, 0, 0, 0
L 0.0, 54.0, -96.0, -40.0, 54.0, -96.0, 0, 0, 0
L 0.0, -7.0, -96.0, 0.0, 54.0, -96.0, 0, 0, 0
L -10.0, -7.0, -95.0, 0.0, -7.0, -96.0, 0, 0, 0
L -10.0, -125.0, -95.0, -10.0, -107.0, -95.0, 0, 0, 0
L 0.0, -125.0, -96.0, -10.0, -125.0, -95.0, 0, 0, 0
L 0.0, -167.0, -96.0, 0.0, -125.0, -96.0, 0, 0, 0
L -61.0, -166.0, -96.0, 0.0, -167.0, -96.0, 0, 0, 0
L -61.0, -126.0, -96.0, -61.0, -166.0, -96.0, 0, 0, 0
L -50.0, -125.0, -95.0, -61.0, -126.0, -96.0, 0, 0, 0
L -50.0, -107.0, -95.0, -50.0, -125.0, -95.0, 0, 0, 0
L -61.0, -106.0, -96.0, -50.0, -107.0, -95.0, 0, 0, 0
L -61.0, -85.0, -96.0, -61.0, -106.0, -96.0, 0, 0, 0
L -39.0, -85.0, -96.0, -61.0, -85.0, -96.0, 0, 0, 0
L -39.0, -105.0, -96.0, -39.0, -85.0, -96.0, 0, 0, 0
L -21.0, -105.0, -96.0, -39.0, -105.0, -96.0, 0, 0, 0
L -20.0, -85.0, -96.0, -21.0, -105.0, -96.0, 0, 0, 0
L 0.0, -85.0, -96.0, -20.0, -85.0, -96.0, 0, 0, 0
L 0.0, -107.0, -96.0, 0.0, -85.0, -96.0, 0, 0, 0
L 228.0, -5.0, -95.0, 228.0, 132.0, -95.0, 0, 0, 0
L 170.0, -5.0, -95.0, 228.0, -5.0, -95.0, 0, 0, 0
L 170.0, 14.0, -95.0, 170.0, -5.0, -95.0, 0, 0, 0
L 138.0, 14.0, -95.0, 170.0, 14.0, -95.0, 0, 0, 0
L 138.0, -5.0, -95.0, 138.0, 14.0, -95.0, 0, 0, 0
L 80.0, -5.0, -95.0, 138.0, -5.0, -95.0, 0, 0, 0
L 80.0, 13.0, -95.0, 80.0, -5.0, -95.0, 0, 0, 0
L 100.0, 34.0, -96.0, 80.0, 13.0, -95.0, 0, 0, 0
L 80.0, 54.0, -96.0, 100.0, 34.0, -96.0, 0, 0, 0
L 38.0, 54.0, -96.0, 80.0, 54.0, -96.0, 0, 0, 0
L 18.0, 34.0, -96.0, 38.0, 54.0, -96.0, 0, 0, 0
L 18.0, 12.0, -96.0, 18.0, 34.0, -96.0, 0, 0, 0
L 29.0, 12.0, -95.0, 18.0, 12.0, -96.0, 0, 0, 0
L 29.0, -5.0, -95.0, 29.0, 12.0, -95.0, 0, 0, 0
L 18.0, -5.0, -96.0, 29.0, -5.0, -95.0, 0, 0, 0
L 19.0, -27.0, -96.0, 18.0, -5.0, -96.0, 0, 0, 0
L 38.0, -27.0, -96.0, 19.0, -27.0, -96.0, 0, 0, 0
L 38.0, -45.0, -96.0, 38.0, -27.0, -96.0, 0, 0, 0
L 18.0, -46.0, -96.0, 38.0, -45.0, -96.0, 0, 0, 0
L 18.0, -107.0, -96.0, 18.0, -46.0, -96.0, 0, 0, 0
L 29.0, -107.0, -95.0, 18.0, -107.0, -96.0, 0, 0, 0
L 29.0, -125.0, -95.0, 29.0, -107.0, -95.0, 0, 0, 0
L 18.0, -125.0, -96.0, 29.0, -125.0, -95.0, 0, 0, 0
L -21.0, -185.0, -96.0, 0.0, -185.0, -96.0, 0, 0, 0
L -21.0, -196.0, -95.0, -21.0, -185.0, -96.0, 0, 0, 0
L -39.0, -196.0, -95.0, -21.0, -196.0, -95.0, 0, 0, 0
L -40.0, -185.0, -96.0, -39.0, -196.0, -95.0, 0, 0, 0
L -61.0, -186.0, -96.0, -40.0, -185.0, -96.0, 0, 0, 0
L -61.0, -196.0, -95.0, -61.0, -186.0, -96.0, 0, 0, 0
L -79.0, -196.0, -95.0, -61.0, -196.0, -95.0, 0, 0, 0
L -80.0, -185.0, -96.0, -79.0, -196.0, -95.0, 0, 0, 0
L -99.0, -185.0, -96.0, -80.0, -185.0, -96.0, 0, 0, 0
L -99.0, -167.0, -96.0, -99.0, -185.0, -96.0, 0, 0, 0
L -79.0, -167.0, -96.0, -99.0, -167.0, -96.0, 0, 0, 0
L -79.0, -125.0, -96.0, -79.0, -167.0, -96.0, 0, 0, 0
L -90.0, -125.0, -95.0, -79.0, -125.0, -96.0, 0, 0, 0
L -90.0, -107.0, -95.0, -90.0, -125.0, -95.0, 0, 0, 0
L -79.0, -106.0, -96.0, -90.0, -107.0, -95.0, 0, 0, 0
L -79.0, -45.0, -96.0, -79.0, -106.0, -96.0, 0, 0, 0
L -90.0, -45.0, -95.0, -79.0, -45.0, -96.0, 0, 0, 0
L -90.0, -27.0, -95.0, -90.0, -45.0, -95.0, 0, 0, 0
L -79.0, -27.0, -96.0, -90.0, -27.0, -95.0, 0, 0, 0
L -79.0, -5.0, -96.0, -79.0, -27.0, -96.0, 0, 0, 0
L -99.0, -5.0, -96.0, -79.0, -5.0, -96.0, 0, 0, 0
L -99.0, 12.0, -96.0, -99.0, -5.0, -96.0, 0, 0, 0
L -79.0, 13.0, -96.0, -99.0, 12.0, -96.0, 0, 0, 0
L -79.0, 34.0, -96.0, -79.0, 13.0, -96.0, 0, 0, 0
L -79.0, 92.0, -96.0, -99.0, 72.0, -96.0, 0, 0, 0
L -79.0, 112.0, -96.0, -79.0, 92.0, -96.0, 0, 0, 0
L -60.0, 112.0, -96.0, -79.0, 112.0, -96.0, 0, 0, 0
L -41.0, 93.0, -96.0, -60.0, 112.0, -96.0, 0, 0, 0
L -41.0, 89.0, -96.0, -41.0, 93.0, -96.0, 0, 0, 0
L -43.0, 84.0, -96.0, -41.0, 89.0, -96.0, 0, 0, 0
L -42.0, 81.0, -96.0, -43.0, 84.0, -96.0, 0, 0, 0
L -41.0, 79.0, -96.0, -42.0, 81.0, -96.0, 0, 0, 0
L -43.0, 78.0, -96.0, -41.0, 79.0, -96.0, 0, 0, 0
L -43.0, 73.0, -96.0, -43.0, 78.0, -96.0, 0, 0, 0
L -40.0, 72.0, -96.0, -43.0, 73.0, -96.0, 0, 0, 0
L 0.0, 73.0, -96.0, -40.0, 72.0, -96.0, 0, 0, 0
L 2.0, 79.0, -96.0, 0.0, 73.0, -96.0, 0, 0, 0
L 1.0, 81.0, -96.0, 2.0, 79.0, -96.0, 0, 0, 0
L 18.0, 92.0, -96.0, 18.0, 132.0, -96.0, 0, 0, 0
L 39.0, 72.0, -96.0, 18.0, 92.0, -96.0, 0, 0, 0
L 80.0, 72.0, -96.0, 39.0, 72.0, -96.0, 0, 0, 0
L 100.0, 93.0, -95.0, 80.0, 72.0, -96.0, 0, 0, 0
L 80.0, 113.0, -95.0, 100.0, 93.0, -95.0, 0, 0, 0
L 80.0, 132.0, -95.0, 80.0, 113.0, -95.0, 0, 0, 0
L 138.0, 132.0, -95.0, 80.0, 132.0, -95.0, 0, 0, 0
L 138.0, 112.0, -95.0, 138.0, 132.0, -95.0, 0, 0, 0
L 170.0, 112.0, -95.0, 138.0, 112.0, -95.0, 0, 0, 0
L 170.0, 132.0, -95.0, 170.0, 112.0, -95.0, 0, 0, 0
L 170.0, 132.0, -95.0, 228.0, 132.0, -95.0, 0, 0, 0
L -18.0, 300.0, -73.0, -23.0, 278.0, -73.0, 0, 0, 0
L 19.0, -285.0, -92.0, 17.0, -299.0, -93.0, 0, 0, 0
L -19.0, -285.0, -92.0, 0.0, -286.0, -92.0, 0, 0, 0
L 18.0, -125.0, -96.0, 18.0, -206.0, -92.0, 0, 0, 0
L 0.0, -107.0, -96.0, -10.0, -107.0, -95.0, 0, 0, 0
L -10.0, -25.0, -95.0, -10.0, -7.0, -95.0, 0, 0, 0
L 18.0, 132.0, -96.0, 16.0, 141.0, -91.0, 0, 0, 0
L 1.0, 81.0, -96.0, 0.0, 129.0, -96.0, 0, 0, 0
L -79.0, 34.0, -96.0, -89.0, 52.9, -96.0, 0, 0, 0
L -261.0, -325.0, -72.0, -261.0, -305.0, -68.0, 0, 204, 0
L -141.0, 72.0, -81.0, -99.0, 72.0, -96.0, 0, 0, 0
L -140.0, 54.0, -81.0, -99.0, 52.9, -96.0, 0, 0, 0
L -99.0, 52.9, -96.0, -89.0, 52.9, -96.0, 0, 0, 0
L -279.0, 54.0, -62.0, -293.0, 54.0, -62.0, 0, 204, 0
L -226.0, 51.0, -62.0, -239.0, 53.0, -62.0, 0, 204, 0
L -239.0, 53.0, -62.0, -260.0, 52.0, -62.0, 0, 204, 0
L -226.0, 13.3, -62.0, -226.0, 51.0, -62.0, 155, 155, 155
L -239.0, 13.0, -62.0, -226.0, 13.3, -62.0, 0, 204, 0
L -240.0, 34.0, -62.0, -239.0, 13.0, -62.0, 0, 204, 0
L -261.0, 33.0, -62.0, -240.0, 34.0, -62.0, 0, 204, 0
L -209.0, 33.0, -68.0, -213.2, 37.5, -66.5, 0, 204, 0
L -226.0, 13.3, -62.0, -221.8, 13.4, -63.5, 0, 204, 0
L -209.0, 13.6, -68.0, -191.0, 14.0, -68.0, 0, 204, 0
L -209.0, 33.0, -68.0, -209.0, 13.6, -68.0, 155, 155, 155
L -191.0, 14.0, -68.0, -191.0, 33.0, -68.0, 0, 204, 0
L -209.0, 33.0, -68.0, -191.0, 33.0, -68.0, 155, 155, 155
L -217.5, 13.4, -65.0, -213.2, 13.5, -66.5, 0, 204, 0
L -217.5, 42.0, -65.0, -221.8, 46.5, -63.5, 0, 204, 0
L -217.5, 13.4, -65.0, -217.5, 42.0, -65.0, 155, 155, 155
L -213.2, 13.5, -66.5, -209.0, 13.6, -68.0, 0, 204, 0
L -213.2, 37.5, -66.5, -217.5, 42.0, -65.0, 0, 204, 0
L -213.2, 13.5, -66.5, -213.2, 37.5, -66.5, 155, 155, 155
L -221.8, 13.4, -63.5, -217.5, 13.4, -65.0, 0, 204, 0
L -221.8, 46.5, -63.5, -226.0, 51.0, -62.0, 0, 204, 0
L -221.8, 13.4, -63.5, -221.8, 46.5, -63.5, 155, 155, 155
L -208.0, 92.0, -77.0, -208.3, 74.0, -77.0, 0, 204, 0
L -191.0, 33.0, -68.0, -191.0, 38.1, -69.1, 0, 204, 0
L -208.3, 74.0, -77.0, -208.4, 68.9, -75.9, 0, 204, 0
L -191.0, 74.0, -77.0, -208.3, 74.0, -77.0, 155, 155, 155
L -191.0, 74.0, -77.0, -191.0, 92.0, -77.0, 155, 155, 155
L -208.0, 92.0, -77.0, -191.0, 92.0, -77.0, 0, 204, 0
L -208.7, 53.5, -72.5, -208.7, 48.4, -71.4, 0, 204, 0
L -191.0, 53.5, -72.5, -191.0, 58.6, -73.6, 0, 204, 0
L -208.7, 53.5, -72.5, -191.0, 53.5, -72.5, 155, 155, 155
L -208.8, 43.2, -70.2, -208.9, 38.1, -69.1, 0, 204, 0
L -191.0, 43.2, -70.2, -191.0, 48.4, -71.4, 0, 204, 0
L -208.8, 43.2, -70.2, -191.0, 43.2, -70.2, 155, 155, 155
L -191.0, 38.1, -69.1, -191.0, 43.2, -70.2, 0, 204, 0
L -208.9, 38.1, -69.1, -209.0, 33.0, -68.0, 0, 204, 0
L -191.0, 38.1, -69.1, -208.9, 38.1, -69.1, 155, 155, 155
L -208.7, 48.4, -71.4, -208.8, 43.2, -70.2, 0, 204, 0
L -191.0, 48.4, -71.4, -191.0, 53.5, -72.5, 0, 204, 0
L -208.7, 48.4, -71.4, -191.0, 48.4, -71.4, 155, 155, 155
L -208.5, 63.8, -74.8, -208.6, 58.6, -73.6, 0, 204, 0
L -191.0, 63.8, -74.8, -191.0, 68.9, -75.9, 0, 204, 0
L -208.5, 63.8, -74.8, -191.0, 63.8, -74.8, 155, 155, 155
L -208.6, 58.6, -73.6, -208.7, 53.5, -72.5, 0, 204, 0
L -191.0, 58.6, -73.6, -191.0, 63.8, -74.8, 0, 204, 0
L -208.6, 58.6, -73.6, -191.0, 58.6, -73.6, 155, 155, 155
L -208.4, 68.9, -75.9, -208.5, 63.8, -74.8, 0, 204, 0
L -191.0, 68.9, -75.9, -191.0, 74.0, -77.0, 0, 204, 0
L -208.4, 68.9, -75.9, -191.0, 68.9, -75.9, 155, 155, 155
L -191.0, 74.0, -77.0, -188.5, 74.0, -79.0, 0, 204, 0
L -191.0, 92.0, -77.0, -188.5, 92.0, -79.0, 0, 204, 0
L -181.0, 92.0, -85.0, -181.0, 74.0, -85.0, 155, 155, 155
L -186.0, 74.0, -81.0, -183.5, 74.0, -83.0, 0, 204, 0
L -186.0, 92.0, -81.0, -183.5, 92.0, -83.0, 0, 204, 0
L -186.0, 74.0, -81.0, -186.0, 92.0, -81.0, 155, 155, 155
L -183.5, 92.0, -83.0, -181.0, 92.0, -85.0, 0, 204, 0
L -183.5, 74.0, -83.0, -181.0, 74.0, -85.0, 0, 204, 0
L -183.5, 92.0, -83.0, -183.5, 74.0, -83.0, 155, 155, 155
L -188.5, 74.0, -79.0, -186.0, 74.0, -81.0, 0, 204, 0
L -188.5, 92.0, -79.0, -186.0, 92.0, -81.0, 0, 204, 0
L -188.5, 74.0, -79.0, -188.5, 92.0, -79.0, 155, 155, 155
L -189.0, 14.0, -85.0, -181.0, 14.0, -85.0, 255, 0, 0
