P 124.5401, 105.8667, -95.4730, 240, 0, 0, 3, to_Sul_Vius:_Demi-Plane_of_Decay_(Click_Coffin)
P -381.9350, 224.8717, -263.9978, 0, 0, 240, 1, GS:_Rotting_Mold
P -119.2421, 121.5950, -263.9978, 0, 0, 240, 1, GS:_Rotting_Mold
P 79.0229, 184.4702, -263.9978, 0, 0, 240, 1, GS:_Rotting_Mold
P -118.4753, 179.5889, -263.9978, 0, 0, 240, 1, GS:_Rotting_Mold
P -20.8545, 235.9651, -248.9979, 0, 0, 240, 1, GS:_Rotting_Mold
P 11.1534, -326.1010, -248.9979, 240, 240, 0, 2, A_Portal
P 65.2468, 53.4864, -292.4196, 127, 0, 127, 2, Purple
P -70.6158, 58.9124, -292.3430, 240, 0, 0, 2, Red
P -65.4320, -46.2795, -285.4789, 0, 240, 0, 2, Green
P 69.9176, -48.0224, -292.4256, 0, 0, 0, 2, Black
P 3.2250, 16.2586, -292.4461, 240, 240, 0, 2, to_First_Floor_(Click_Center)
P 210.5742, 76.7052, -97.9980, 240, 240, 0, 2, to_Basement_(Click_Chair)
P 66.2366, -114.8819, -262.4755, 0, 0, 0, 2, Melferious_Ronn`s_Corpse
P -161.7701, -198.4402, -262.4709, 0, 0, 0, 2, Resnak`s_Corpse
P 176.3055, 104.6752, -97.5803, 0, 127, 127, 2, Jerill_the_Enraged_(Quest)
P 119.2906, -188.2606, -262.4465, 0, 127, 127, 2, Erndal_the_Forceful_(Quest)
P -26.9450, -315.3797, -247.4763, 0, 127, 127, 2, Ilsa_Granger_(Quest)
P -234.8222, 0.0353, -277.4129, 0, 0, 0, 2, Light_Estrella
P -233.1283, -111.4366, -262.4392, 0, 0, 0, 2, Seraph_Athurn
P -367.5953, 36.6057, -262.4567, 0, 0, 0, 2, Shine
P -9.4484, 326.1672, -248.5812, 0, 0, 0, 2, Captain_Korapan
P -44.0000, 305.0000, -250.0000, 127, 64, 0, 2, Abroan_Drian_(Hunter)
P -376.0000, 180.0000, -260.0000, 127, 64, 0, 2, Abroan_Drian_(Hunter)
P -218.0000, 260.0000, -260.0000, 127, 64, 0, 2, Abroan_Drian_(Hunter)
P 89.0000, -800.0000, -67.0000, 127, 64, 0, 2, Akkapan_Adan_(Hunter)
P 137.0000, -650.0000, -70.0000, 127, 64, 0, 2, Akkapan_Adan_(Hunter)
P -205.0000, -700.0000, -55.0000, 127, 64, 0, 2, Akkapan_Adan_(Hunter)
P -210.0000, -250.0000, -263.0000, 127, 64, 0, 2, Brightfire_(Hunter)
P -360.0000, -200.0000, -263.0000, 127, 64, 0, 2, Brightfire_(Hunter)
P -200.0000, -40.0000, -278.0000, 127, 64, 0, 2, Brightfire_(Hunter)
P -320.0000, 150.0000, -63.0000, 127, 64, 0, 2, Feig_Adan_(Hunter)
P -490.0000, 20.0000, -58.0000, 127, 64, 0, 2, Feig_Adan_(Hunter)
P -80.0000, 0.0000, -97.0000, 127, 64, 0, 2, Feig_Adan_(Hunter)
P 280.0000, -130.0000, -263.0000, 127, 64, 0, 2, Fountainhead_(Hunter)
P 350.0000, -200.0000, -263.0000, 127, 64, 0, 2, Fountainhead_(Hunter)
P 190.0000, -250.0000, -263.0000, 127, 64, 0, 2, Fountainhead_(Hunter)
P 217.0000, 244.0000, -261.0000, 127, 64, 0, 2, Glublus_(Hunter)
P 195.0000, -565.0000, -69.0000, 127, 64, 0, 2, Glublus_(Hunter)
P -400.0000, -298.0000, -71.0000, 127, 64, 0, 2, Glublus_(Hunter)
P 38.0000, 67.0000, -96.0000, 127, 64, 0, 2, Rusank_(Hunter,Roam)
P -49.0000, 17.0000, -292.0000, 127, 64, 0, 2, Seraphina_(Hunter,Roam)
P -530.0000, -245.0000, -83.0000, 127, 64, 0, 2, Xhut_Adam_(Hunter)
P -300.0000, -330.0000, -73.0000, 127, 64, 0, 2, Xhut_Adam_(Hunter)
P -250.0000, -80.0000, -73.0000, 127, 64, 0, 2, Xhut_Adan_(Hunter)
P 12.0648, 1.0563, -97.8417, 240, 240, 240, 1, .
P -3.3185, -457.1197, -78.3931, 240, 240, 240, 1, .
P 138.1880, -687.2897, -70.8417, 240, 240, 240, 1, .
P -301.1486, -624.4128, -36.5591, 240, 240, 240, 1, .
P -190.1712, -469.4990, -42.8417, 240, 240, 240, 1, .
P -297.8089, 65.1837, -63.8417, 240, 240, 240, 1, .
P -323.6516, -236.3568, -73.8407, 240, 240, 240, 1, .
P -496.8708, -1.0368, -58.8417, 240, 240, 240, 1, .
P -218.4465, 113.1367, -263.8416, 240, 240, 0, 1, .
P 152.4936, 29.0285, -278.8416, 240, 240, 0, 1, .
P 203.6456, -8.2361, -278.7904, 240, 240, 0, 1, .
P 133.8674, -128.0955, -263.8416, 240, 240, 0, 1, .
P 119.2787, -100.0731, -262.8558, 240, 240, 0, 1, .
P 133.8510, -128.3936, -263.8416, 240, 240, 0, 1, .
P 79.5630, -147.2325, -257.3416, 240, 240, 0, 1, .
P 33.0931, -115.0372, -277.6671, 240, 240, 240, 1, .
P -387.2164, -227.8826, -263.8416, 240, 240, 0, 1, .
P -153.1325, -28.0741, -278.8416, 240, 240, 0, 1, .
P 272.6593, 180.1087, -262.8741, 240, 240, 0, 1, .
P 70.9665, 138.2673, -263.8416, 240, 240, 0, 1, .
P -389.0344, 193.7518, -262.8416, 240, 240, 0, 1, .
P -386.8547, 72.2348, -263.8416, 240, 240, 0, 1, .
P -88.2584, -180.0035, -262.8417, 240, 240, 0, 1, .
P 27.0345, -130.5680, -278.6150, 240, 240, 0, 1, .
P -171.8405, 439.8437, -61.5265, 240, 240, 240, 1, .
P 154.9062, -663.5709, -62.2841, 240, 240, 240, 1, .
P -22.6489, -683.8674, -62.8417, 240, 240, 240, 1, .
P -292.9940, -187.7684, -14.5567, 240, 240, 240, 1, .
P -407.2177, -259.4102, -3.3561, 240, 240, 240, 1, .
P -15.1602, 276.0767, -74.8417, 240, 0, 0, 1, .
P -60.4379, 97.6793, -97.8417, 240, 0, 0, 1, .
P -494.3672, 116.4895, -58.8417, 240, 0, 0, 1, .
P -283.6611, -209.3899, -73.8417, 240, 0, 0, 1, .
P -20.5341, 240.2388, -74.8417, 240, 0, 0, 1, .
P -154.6633, 397.3692, -62.1854, 240, 0, 0, 1, .
P -167.3953, 455.7340, -61.3061, 240, 0, 0, 1, .
P -87.2135, -122.2214, -97.8417, 240, 0, 0, 1, .
P -78.5680, 2.4971, -97.8417, 240, 0, 0, 1, .
P 137.5455, -523.0764, -76.0211, 240, 0, 0, 1, .
P -98.7283, -664.1144, -59.3824, 240, 0, 0, 1, .
P -141.9132, -643.6537, -58.7081, 240, 0, 0, 1, .
P -144.8308, -619.9546, -58.8417, 240, 0, 0, 1, .
P -207.8105, -681.1490, -55.5736, 240, 0, 0, 1, .
P -316.3557, -619.2234, -46.1692, 240, 0, 0, 1, .
P -53.6963, -683.9642, -59.2930, 240, 0, 0, 1, .
P -230.4669, 48.4841, -65.8417, 240, 0, 0, 1, .
P -365.8236, 135.8369, -63.8417, 240, 0, 0, 1, .
P -468.9153, -249.8434, -83.8417, 240, 0, 0, 1, .
P -222.7706, 85.9168, -104.8417, 240, 0, 0, 1, .
P -67.9509, 101.3658, -97.8417, 240, 0, 0, 1, .
P -28.6808, 232.2793, -74.8417, 240, 0, 0, 1, .
P -47.5957, 360.4753, -70.5743, 240, 0, 0, 1, .
P 38.5138, -241.8339, -93.8417, 240, 0, 0, 1, .
P 4.6124, -450.4412, -82.0598, 240, 0, 0, 1, .
P 250.1949, -425.9232, -74.8417, 240, 0, 0, 1, .
P 5.9068, -578.9681, -70.8417, 240, 0, 0, 1, .
P -136.0843, -407.7742, -43.8173, 240, 0, 0, 1, .
P -386.7463, -166.3773, -12.0653, 240, 0, 0, 1, .
P -405.3821, -233.5945, -7.6295, 240, 0, 0, 1, .
P -290.0501, 62.9130, -63.8417, 240, 0, 0, 1, .
P -394.2710, 147.8584, -63.8417, 240, 0, 0, 1, .
P -363.1614, -146.8786, -63.8417, 240, 0, 0, 1, .
P -190.1789, -173.7923, -73.8417, 240, 0, 0, 1, .
P -250.1591, -289.3127, -68.8417, 240, 0, 0, 1, .
P -188.4978, -272.3636, -68.8417, 240, 0, 0, 1, .
P -446.2414, -227.8119, -83.8417, 240, 0, 0, 1, .
P 74.5902, -216.8665, -263.9978, 240, 240, 0, 1, .
P 157.4242, -216.5618, -263.9978, 240, 240, 0, 1, .
P -123.5098, -101.5554, -263.9978, 240, 240, 0, 1, .
P -245.2837, -217.5523, -263.9978, 240, 240, 0, 1, .
P -271.9663, 102.9302, -263.9978, 240, 240, 0, 1, .
P -112.7405, 101.0098, -263.9977, 240, 240, 0, 1, .
P -84.7684, 102.6975, -263.9978, 240, 240, 0, 1, .
P 197.4638, -254.3478, -262.1586, 240, 240, 0, 1, .
P 239.2052, -182.8023, -262.4798, 240, 240, 0, 1, .
P -41.0738, 112.5632, -274.8233, 240, 240, 0, 1, .
P -282.2672, 14.0908, -270.9205, 240, 240, 0, 1, .
P -385.4673, -61.7005, -263.9978, 240, 240, 0, 1, .
P -198.3090, 254.7552, -263.9978, 240, 240, 0, 1, .
P 126.5272, 250.9857, -263.9978, 240, 240, 0, 1, .
P 153.7877, 215.3344, -263.9978, 240, 240, 0, 1, .
P 138.7731, 116.3622, -263.9978, 240, 240, 0, 1, .