L 1000.0, 0.0, 0.0, 1000.0, -50.0, 0.0, 255, 0, 0
L -20.0, 50.0, 0.0, -50.0, 20.0, 0.0, 255, 0, 0
L 50.0, 20.0, 0.0, 20.0, 50.0, 0.0, 255, 0, 0
L 20.0, -50.0, 0.0, 50.0, -20.0, 0.0, 255, 0, 0
L -50.0, -20.0, 0.0, -20.0, -50.0, 0.0, 255, 0, 0
L -50.0, 20.0, 0.0, -50.0, -20.0, 0.0, 255, 0, 0
L 20.0, 50.0, 0.0, -20.0, 50.0, 0.0, 255, 0, 0
L 50.0, -20.0, 0.0, 50.0, 20.0, 0.0, 255, 0, 0
L -20.0, -50.0, 0.0, 20.0, -50.0, 0.0, 255, 0, 0
L 580.0, -20.0, 0.0, 540.0, -20.0, 0.0, 255, 0, 0
L 580.0, -90.0, 0.0, 580.0, -20.0, 0.0, 255, 0, 0
L 540.0, -90.0, 0.0, 580.0, -90.0, 0.0, 255, 0, 0
L 540.0, -20.0, 0.0, 540.0, -90.0, 0.0, 255, 0, 0
L 520.0, -20.0, 0.0, 480.0, -20.0, 0.0, 255, 0, 0
L 520.0, -90.0, 0.0, 520.0, -20.0, 0.0, 255, 0, 0
L 480.0, -90.0, 0.0, 520.0, -90.0, 0.0, 255, 0, 0
L 480.0, -20.0, 0.0, 480.0, -90.0, 0.0, 255, 0, 0
L 460.0, -90.0, 0.0, 450.0, -80.0, 0.0, 255, 0, 0
L 460.0, -20.0, 0.0, 460.0, -90.0, 0.0, 255, 0, 0
L 0.0, -250.0, 0.0, 0.0, 250.0, 0.0, 255, 0, 0
L -250.0, 0.0, 0.0, 1000.0, 0.0, 0.0, 255, 0, 0
L -120.0, -80.0, 0.0, -120.0, -60.0, 0.0, 255, 0, 0
L -120.0, -60.0, 0.0, -120.0, -40.0, 0.0, 255, 0, 0
L -100.0, -60.0, 0.0, -120.0, -60.0, 0.0, 255, 0, 0
L -120.0, -60.0, 0.0, -140.0, -60.0, 0.0, 255, 0, 0
L -90.0, -50.0, 0.0, -100.0, -30.0, 0.0, 255, 0, 0
L -60.0, -80.0, 0.0, -60.0, -60.0, 0.0, 255, 0, 0
L -60.0, -60.0, 0.0, -60.0, -40.0, 0.0, 255, 0, 0
L -40.0, -60.0, 0.0, -60.0, -60.0, 0.0, 255, 0, 0
L -60.0, -60.0, 0.0, -80.0, -60.0, 0.0, 255, 0, 0
L 100.0, 60.0, 0.0, 120.0, 60.0, 0.0, 255, 0, 0
L 120.0, 60.0, 0.0, 140.0, 60.0, 0.0, 255, 0, 0
L 90.0, 70.0, 0.0, 80.0, 90.0, 0.0, 255, 0, 0
L 40.0, 60.0, 0.0, 60.0, 60.0, 0.0, 255, 0, 0
L 60.0, 60.0, 0.0, 80.0, 60.0, 0.0, 255, 0, 0
L -100.0, 60.0, 0.0, -120.0, 60.0, 0.0, 255, 0, 0
L -120.0, 60.0, 0.0, -140.0, 60.0, 0.0, 255, 0, 0
L -90.0, 70.0, 0.0, -100.0, 90.0, 0.0, 255, 0, 0
L -60.0, 80.0, 0.0, -60.0, 60.0, 0.0, 255, 0, 0
L -60.0, 60.0, 0.0, -60.0, 40.0, 0.0, 255, 0, 0
L -40.0, 60.0, 0.0, -60.0, 60.0, 0.0, 255, 0, 0
L -60.0, 60.0, 0.0, -80.0, 60.0, 0.0, 255, 0, 0
L 100.0, -60.0, 0.0, 120.0, -60.0, 0.0, 255, 0, 0
L 120.0, -60.0, 0.0, 140.0, -60.0, 0.0, 255, 0, 0
L 90.0, -50.0, 0.0, 80.0, -30.0, 0.0, 255, 0, 0
L 60.0, -80.0, 0.0, 60.0, -60.0, 0.0, 255, 0, 0
L 60.0, -60.0, 0.0, 60.0, -40.0, 0.0, 255, 0, 0
L 40.0, -60.0, 0.0, 60.0, -60.0, 0.0, 255, 0, 0
L 60.0, -60.0, 0.0, 80.0, -60.0, 0.0, 255, 0, 0
L 599.0, -90.0, 0.0, 637.3, -90.0, 0.0, 255, 0, 0
L 599.0, -20.0, 0.0, 637.3, -20.0, 0.0, 255, 0, 0
L 599.0, -90.0, 0.0, 599.0, -20.0, 0.0, 255, 0, 0
L 637.3, -90.0, 0.0, 637.3, -20.0, 0.0, 255, 0, 0
L 1300, 1000, 0, 1300, 1060, 0, 0, 0, 0
L 1340, 1060, 0, 1300, 1060, 0, 0, 0, 0
L 1360, 1030, 0, 1390, 1030, 0, 0, 0, 0
L 1360, 1060, 0, 1390, 1060, 0, 0, 0, 0
L 1360, 1000, 0, 1360, 1060, 0, 0, 0, 0
L 1390, 1000, 0, 1360, 1000, 0, 0, 0, 0
L 1440, 1060, 0, 1410, 1060, 0, 0, 0, 0
L 1410, 1000, 0, 1440, 1000, 0, 0, 0, 0
L 1410, 1060, 0, 1410, 1000, 0, 0, 0, 0
L 1440, 1060, 0, 1440, 1030, 0, 0, 0, 0
L 1440, 1030, 0, 1420, 1030, 0, 0, 0, 0
L 1460, 1030, 0, 1490, 1030, 0, 0, 0, 0
L 1460, 1060, 0, 1490, 1060, 0, 0, 0, 0
L 1460, 1000, 0, 1460, 1060, 0, 0, 0, 0
L 1490, 1000, 0, 1460, 1000, 0, 0, 0, 0
L 1540, 1060, 0, 1540, 1000, 0, 0, 0, 0
L 1510, 1000, 0, 1540, 1060, 0, 0, 0, 0
L 1510, 1060, 0, 1510, 1000, 0, 0, 0, 0
L 1570, 1060, 0, 1570, 1000, 0, 0, 0, 0
L 1580, 1060, 0, 1560, 1060, 0, 0, 0, 0
L 1590, 1030, 0, 1580, 1060, 0, 0, 0, 0
L 1580, 1000, 0, 1590, 1030, 0, 0, 0, 0
L 1560, 1000, 0, 1580, 1000, 0, 0, 0, 0
L 1300, 1170, 0, 1360, 1170, 0, 0, 0, 0
L 1300, 1090, 0, 1360, 1090, 0, 0, 0, 0
L 1330, 1143, 0, 1330, 1117, 0, 205, 133, 63
L 1360, 1170, 0, 1420, 1170, 0, 0, 0, 0
L 1360, 1170, 0, 1360, 1143, 0, 205, 133, 63
L 1330, 1143, 0, 1390, 1143, 0, 205, 133, 63
L 1330, 1117, 0, 1360, 1117, 0, 205, 133, 63
L 1360, 1117, 0, 1390, 1117, 0, 205, 133, 63
L 1360, 1090, 0, 1420, 1090, 0, 0, 0, 0
L 1360, 1117, 0, 1360, 1090, 0, 205, 133, 63
L 1390, 1143, 0, 1390, 1117, 0, 205, 133, 63
L 1470, 1160, 0, 1470, 1100, 0, 0, 0, 0
L 1480, 1160, 0, 1460, 1160, 0, 0, 0, 0
L 1490, 1130, 0, 1480, 1160, 0, 0, 0, 0
L 1480, 1100, 0, 1490, 1130, 0, 0, 0, 0
L 1460, 1100, 0, 1480, 1100, 0, 0, 0, 0
L 1510, 1100, 0, 1540, 1100, 0, 0, 0, 0
L 1510, 1160, 0, 1540, 1160, 0, 0, 0, 0
L 1510, 1100, 0, 1510, 1160, 0, 0, 0, 0
L 1540, 1100, 0, 1540, 1160, 0, 0, 0, 0
L 1560, 1100, 0, 1590, 1100, 0, 0, 0, 0
L 1560, 1160, 0, 1590, 1160, 0, 0, 0, 0
L 1560, 1100, 0, 1560, 1160, 0, 0, 0, 0
L 1590, 1100, 0, 1590, 1160, 0, 0, 0, 0
L 1610, 1100, 0, 1610, 1130, 0, 0, 0, 0
L 1610, 1130, 0, 1610, 1160, 0, 0, 0, 0
L 1610, 1130, 0, 1630, 1130, 0, 0, 0, 0
L 1650, 1130, 0, 1650, 1100, 0, 0, 0, 0
L 1610, 1100, 0, 1650, 1100, 0, 0, 0, 0
L 1630, 1130, 0, 1650, 1130, 0, 0, 0, 0
L 1650, 1160, 0, 1630, 1130, 0, 0, 0, 0
L 1300, 1210, 0, 1300, 1240, 0, 255, 210, 0
L 1300, 1210, 0, 1320, 1210, 0, 255, 210, 0
L 1320, 1270, 0, 1300, 1270, 0, 255, 210, 0
L 1300, 1240, 0, 1300, 1270, 0, 255, 210, 0
L 1320, 1240, 0, 1300, 1240, 0, 255, 210, 0
L 1320, 1240, 0, 1340, 1225, 0, 255, 210, 0
L 1320, 1210, 0, 1340, 1225, 0, 255, 210, 0
L 1320, 1240, 0, 1340, 1255, 0, 255, 210, 0
L 1340, 1255, 0, 1320, 1270, 0, 255, 210, 0
L 1370, 1240, 0, 1390, 1240, 0, 255, 210, 0
L 1380, 1210, 0, 1400, 1270, 0, 255, 210, 0
L 1360, 1270, 0, 1380, 1210, 0, 255, 210, 0
L 1450, 1270, 0, 1450, 1210, 0, 255, 210, 0
L 1420, 1210, 0, 1450, 1270, 0, 255, 210, 0
L 1420, 1270, 0, 1420, 1210, 0, 255, 210, 0
L 1470, 1210, 0, 1470, 1240, 0, 255, 210, 0
L 1470, 1240, 0, 1470, 1270, 0, 255, 210, 0
L 1470, 1240, 0, 1510, 1270, 0, 255, 210, 0
L 1470, 1240, 0, 1510, 1210, 0, 255, 210, 0
L 1530, 1240, 0, 1560, 1240, 0, 255, 210, 0
L 1530, 1270, 0, 1560, 1270, 0, 255, 210, 0
L 1530, 1210, 0, 1530, 1270, 0, 255, 210, 0
L 1560, 1210, 0, 1530, 1210, 0, 255, 210, 0
L 1580, 1210, 0, 1580, 1240, 0, 255, 210, 0
L 1580, 1240, 0, 1580, 1270, 0, 255, 210, 0
L 1580, 1240, 0, 1600, 1240, 0, 255, 210, 0
L 1620, 1240, 0, 1620, 1210, 0, 255, 210, 0
L 1580, 1210, 0, 1620, 1210, 0, 255, 210, 0
L 1600, 1240, 0, 1620, 1240, 0, 255, 210, 0
L 1620, 1270, 0, 1600, 1240, 0, 255, 210, 0
L 1330, 1360, 0, 1300, 1360, 0, 255, 255, 255
L 1300, 1300, 0, 1330, 1300, 0, 255, 255, 255
L 1300, 1360, 0, 1300, 1300, 0, 255, 255, 255
L 1350, 1300, 0, 1380, 1300, 0, 255, 255, 255
L 1350, 1360, 0, 1380, 1360, 0, 255, 255, 255
L 1350, 1300, 0, 1350, 1360, 0, 255, 255, 255
L 1380, 1300, 0, 1380, 1360, 0, 255, 255, 255
L 1440, 1300, 0, 1440, 1360, 0, 255, 255, 255
L 1420, 1330, 0, 1440, 1300, 0, 255, 255, 255
L 1400, 1300, 0, 1420, 1330, 0, 255, 255, 255
L 1400, 1360, 0, 1400, 1300, 0, 255, 255, 255
L 1500, 1300, 0, 1500, 1360, 0, 255, 255, 255
L 1480, 1330, 0, 1500, 1300, 0, 255, 255, 255
L 1460, 1300, 0, 1480, 1330, 0, 255, 255, 255
L 1460, 1360, 0, 1460, 1300, 0, 255, 255, 255
L 1520, 1330, 0, 1550, 1330, 0, 255, 255, 255
L 1520, 1360, 0, 1550, 1360, 0, 255, 255, 255
L 1520, 1300, 0, 1520, 1360, 0, 255, 255, 255
L 1550, 1300, 0, 1520, 1300, 0, 255, 255, 255
L 1600, 1360, 0, 1600, 1300, 0, 255, 255, 255
L 1570, 1300, 0, 1600, 1360, 0, 255, 255, 255
L 1570, 1360, 0, 1570, 1300, 0, 255, 255, 255
L 1640, 1300, 0, 1640, 1360, 0, 255, 255, 255
L 1620, 1300, 0, 1660, 1300, 0, 255, 255, 255
L 1330, 1450, 0, 1300, 1450, 0, 0, 0, 0
L 1300, 1390, 0, 1330, 1390, 0, 0, 0, 0
L 1300, 1450, 0, 1300, 1390, 0, 0, 0, 0
L 1330, 1450, 0, 1330, 1420, 0, 0, 0, 0
L 1330, 1420, 0, 1310, 1420, 0, 0, 0, 0
L 1350, 1420, 0, 1380, 1420, 0, 0, 0, 0
L 1350, 1450, 0, 1380, 1450, 0, 0, 0, 0
L 1350, 1390, 0, 1350, 1450, 0, 0, 0, 0
L 1380, 1390, 0, 1350, 1390, 0, 0, 0, 0
L 1430, 1450, 0, 1430, 1390, 0, 0, 0, 0
L 1400, 1390, 0, 1430, 1450, 0, 0, 0, 0
L 1400, 1450, 0, 1400, 1390, 0, 0, 0, 0
L 1450, 1420, 0, 1480, 1420, 0, 0, 0, 0
L 1450, 1450, 0, 1480, 1450, 0, 0, 0, 0
L 1450, 1390, 0, 1450, 1450, 0, 0, 0, 0
L 1480, 1390, 0, 1450, 1390, 0, 0, 0, 0
L 1500, 1390, 0, 1500, 1420, 0, 0, 0, 0
L 1500, 1420, 0, 1500, 1450, 0, 0, 0, 0
L 1500, 1420, 0, 1520, 1420, 0, 0, 0, 0
L 1540, 1420, 0, 1540, 1390, 0, 0, 0, 0
L 1500, 1390, 0, 1540, 1390, 0, 0, 0, 0
L 1520, 1420, 0, 1540, 1420, 0, 0, 0, 0
L 1540, 1450, 0, 1520, 1420, 0, 0, 0, 0
L 1570, 1420, 0, 1590, 1420, 0, 0, 0, 0
L 1580, 1390, 0, 1600, 1450, 0, 0, 0, 0
L 1560, 1450, 0, 1580, 1390, 0, 0, 0, 0
L 1620, 1390, 0, 1620, 1450, 0, 0, 0, 0
L 1660, 1450, 0, 1620, 1450, 0, 0, 0, 0
L 1330, 1540, 0, 1300, 1540, 0, 0, 0, 255
L 1300, 1480, 0, 1330, 1480, 0, 0, 0, 255
L 1300, 1540, 0, 1300, 1480, 0, 0, 0, 255
L 1330, 1540, 0, 1330, 1510, 0, 0, 0, 255
L 1330, 1510, 0, 1310, 1510, 0, 0, 0, 255
L 1350, 1480, 0, 1350, 1510, 0, 0, 0, 255
L 1350, 1510, 0, 1350, 1540, 0, 0, 0, 255
L 1350, 1510, 0, 1370, 1510, 0, 0, 0, 255
L 1390, 1510, 0, 1390, 1480, 0, 0, 0, 255
L 1350, 1480, 0, 1390, 1480, 0, 0, 0, 255
L 1370, 1510, 0, 1390, 1510, 0, 0, 0, 255
L 1390, 1540, 0, 1370, 1510, 0, 0, 0, 255
L 1410, 1480, 0, 1440, 1480, 0, 0, 0, 255
L 1410, 1540, 0, 1440, 1540, 0, 0, 0, 255
L 1410, 1480, 0, 1410, 1540, 0, 0, 0, 255
L 1440, 1480, 0, 1440, 1540, 0, 0, 0, 255
L 1500, 1480, 0, 1500, 1540, 0, 0, 0, 255
L 1460, 1480, 0, 1460, 1540, 0, 0, 0, 255
L 1460, 1540, 0, 1500, 1540, 0, 0, 0, 255
L 1550, 1540, 0, 1550, 1480, 0, 0, 0, 255
L 1520, 1480, 0, 1550, 1540, 0, 0, 0, 255
L 1520, 1540, 0, 1520, 1480, 0, 0, 0, 255
L 1580, 1540, 0, 1580, 1480, 0, 0, 0, 255
L 1590, 1540, 0, 1570, 1540, 0, 0, 0, 255
L 1600, 1510, 0, 1590, 1540, 0, 0, 0, 255
L 1590, 1480, 0, 1600, 1510, 0, 0, 0, 255
L 1570, 1480, 0, 1590, 1480, 0, 0, 0, 255
L 1680, 1480, 0, 1680, 1510, 0, 0, 0, 255
L 1680, 1540, 0, 1720, 1540, 0, 0, 0, 255
L 1720, 1510, 0, 1680, 1510, 0, 0, 0, 255
L 1680, 1480, 0, 1720, 1480, 0, 0, 0, 255
L 1720, 1510, 0, 1720, 1540, 0, 0, 0, 255
L 1770, 1510, 0, 1740, 1510, 0, 0, 0, 255
L 1770, 1480, 0, 1770, 1510, 0, 0, 0, 255
L 1740, 1480, 0, 1770, 1480, 0, 0, 0, 255
L 1740, 1540, 0, 1740, 1480, 0, 0, 0, 255
L 1800, 1510, 0, 1820, 1510, 0, 0, 0, 255
L 1810, 1480, 0, 1830, 1540, 0, 0, 0, 255
L 1790, 1540, 0, 1810, 1480, 0, 0, 0, 255
L 1880, 1540, 0, 1890, 1480, 0, 0, 0, 255
L 1870, 1510, 0, 1880, 1540, 0, 0, 0, 255
L 1860, 1540, 0, 1870, 1510, 0, 0, 0, 255
L 1850, 1480, 0, 1860, 1540, 0, 0, 0, 255
L 1940, 1540, 0, 1940, 1480, 0, 0, 0, 255
L 1910, 1480, 0, 1940, 1540, 0, 0, 0, 255
L 1910, 1540, 0, 1910, 1480, 0, 0, 0, 255
L 1330, 1630, 0, 1300, 1630, 0, 128, 128, 128
L 1300, 1570, 0, 1330, 1570, 0, 128, 128, 128
L 1300, 1630, 0, 1300, 1570, 0, 128, 128, 128
L 1330, 1630, 0, 1330, 1600, 0, 128, 128, 128
L 1330, 1600, 0, 1310, 1600, 0, 128, 128, 128
L 1390, 1570, 0, 1390, 1630, 0, 128, 128, 128
L 1350, 1570, 0, 1350, 1630, 0, 128, 128, 128
L 1350, 1630, 0, 1390, 1630, 0, 128, 128, 128
L 1410, 1570, 0, 1410, 1630, 0, 128, 128, 128
L 1430, 1570, 0, 1430, 1630, 0, 128, 128, 128
L 1470, 1630, 0, 1430, 1630, 0, 128, 128, 128
L 1500, 1630, 0, 1500, 1570, 0, 128, 128, 128
L 1510, 1630, 0, 1490, 1630, 0, 128, 128, 128
L 1520, 1600, 0, 1510, 1630, 0, 128, 128, 128
L 1510, 1570, 0, 1520, 1600, 0, 128, 128, 128
L 1490, 1570, 0, 1510, 1570, 0, 128, 128, 128
L 1640, 1570, 0, 1640, 1630, 0, 128, 128, 128
L 1620, 1600, 0, 1640, 1570, 0, 128, 128, 128
L 1600, 1570, 0, 1620, 1600, 0, 128, 128, 128
L 1600, 1630, 0, 1600, 1570, 0, 128, 128, 128
L 1670, 1600, 0, 1690, 1600, 0, 128, 128, 128
L 1680, 1570, 0, 1700, 1630, 0, 128, 128, 128
L 1660, 1630, 0, 1680, 1570, 0, 128, 128, 128
L 1720, 1570, 0, 1720, 1600, 0, 128, 128, 128
L 1720, 1630, 0, 1760, 1630, 0, 128, 128, 128
L 1760, 1600, 0, 1720, 1600, 0, 128, 128, 128
L 1720, 1570, 0, 1760, 1570, 0, 128, 128, 128
L 1760, 1600, 0, 1760, 1630, 0, 128, 128, 128
L 1800, 1570, 0, 1800, 1630, 0, 128, 128, 128
L 1780, 1570, 0, 1820, 1570, 0, 128, 128, 128
L 1840, 1600, 0, 1870, 1600, 0, 128, 128, 128
L 1840, 1630, 0, 1870, 1630, 0, 128, 128, 128
L 1840, 1570, 0, 1840, 1630, 0, 128, 128, 128
L 1870, 1570, 0, 1840, 1570, 0, 128, 128, 128
L 1890, 1570, 0, 1890, 1600, 0, 128, 128, 128
L 1890, 1600, 0, 1890, 1630, 0, 128, 128, 128
L 1890, 1600, 0, 1910, 1600, 0, 128, 128, 128
L 1930, 1600, 0, 1930, 1570, 0, 128, 128, 128
L 1890, 1570, 0, 1930, 1570, 0, 128, 128, 128
L 1910, 1600, 0, 1930, 1600, 0, 128, 128, 128
L 1930, 1630, 0, 1910, 1600, 0, 128, 128, 128
L 1300, 1660, 0, 1300, 1690, 0, 127, 64, 0
L 1340, 1720, 0, 1340, 1690, 0, 127, 64, 0
L 1300, 1690, 0, 1300, 1720, 0, 127, 64, 0
L 1340, 1690, 0, 1340, 1660, 0, 127, 64, 0
L 1300, 1690, 0, 1340, 1690, 0, 127, 64, 0
L 1400, 1660, 0, 1400, 1720, 0, 127, 64, 0
L 1360, 1660, 0, 1360, 1720, 0, 127, 64, 0
L 1360, 1720, 0, 1400, 1720, 0, 127, 64, 0
L 1450, 1720, 0, 1450, 1660, 0, 127, 64, 0
L 1420, 1660, 0, 1450, 1720, 0, 127, 64, 0
L 1420, 1720, 0, 1420, 1660, 0, 127, 64, 0
L 1490, 1660, 0, 1490, 1720, 0, 127, 64, 0
L 1470, 1660, 0, 1510, 1660, 0, 127, 64, 0
L 1530, 1690, 0, 1560, 1690, 0, 127, 64, 0
L 1530, 1720, 0, 1560, 1720, 0, 127, 64, 0
L 1530, 1660, 0, 1530, 1720, 0, 127, 64, 0
L 1560, 1660, 0, 1530, 1660, 0, 127, 64, 0
L 1580, 1660, 0, 1580, 1690, 0, 127, 64, 0
L 1580, 1690, 0, 1580, 1720, 0, 127, 64, 0
L 1580, 1690, 0, 1600, 1690, 0, 127, 64, 0
L 1620, 1690, 0, 1620, 1660, 0, 127, 64, 0
L 1580, 1660, 0, 1620, 1660, 0, 127, 64, 0
L 1600, 1690, 0, 1620, 1690, 0, 127, 64, 0
L 1620, 1720, 0, 1600, 1690, 0, 127, 64, 0
L 1340, 1750, 0, 1340, 1810, 0, 0, 127, 0
L 1320, 1780, 0, 1340, 1750, 0, 0, 127, 0
L 1300, 1750, 0, 1320, 1780, 0, 0, 127, 0
L 1300, 1810, 0, 1300, 1750, 0, 0, 127, 0
L 1360, 1780, 0, 1390, 1780, 0, 0, 127, 0
L 1360, 1810, 0, 1390, 1810, 0, 0, 127, 0
L 1360, 1750, 0, 1360, 1810, 0, 0, 127, 0
L 1390, 1750, 0, 1360, 1750, 0, 0, 127, 0
L 1410, 1750, 0, 1410, 1780, 0, 0, 127, 0
L 1410, 1780, 0, 1410, 1810, 0, 0, 127, 0
L 1410, 1780, 0, 1430, 1780, 0, 0, 127, 0
L 1450, 1780, 0, 1450, 1750, 0, 0, 127, 0
L 1410, 1750, 0, 1450, 1750, 0, 0, 127, 0
L 1430, 1780, 0, 1450, 1780, 0, 0, 127, 0
L 1450, 1810, 0, 1430, 1780, 0, 0, 127, 0
L 1500, 1810, 0, 1470, 1810, 0, 0, 127, 0
L 1470, 1750, 0, 1500, 1750, 0, 0, 127, 0
L 1470, 1810, 0, 1470, 1750, 0, 0, 127, 0
L 1520, 1750, 0, 1520, 1780, 0, 0, 127, 0
L 1560, 1810, 0, 1560, 1780, 0, 0, 127, 0
L 1520, 1780, 0, 1520, 1810, 0, 0, 127, 0
L 1560, 1780, 0, 1560, 1750, 0, 0, 127, 0
L 1520, 1780, 0, 1560, 1780, 0, 0, 127, 0
L 1590, 1780, 0, 1610, 1780, 0, 0, 127, 0
L 1600, 1750, 0, 1620, 1810, 0, 0, 127, 0
L 1580, 1810, 0, 1600, 1750, 0, 0, 127, 0
L 1670, 1810, 0, 1670, 1750, 0, 0, 127, 0
L 1640, 1750, 0, 1670, 1810, 0, 0, 127, 0
L 1640, 1810, 0, 1640, 1750, 0, 0, 127, 0
L 1710, 1750, 0, 1710, 1810, 0, 0, 127, 0
L 1690, 1750, 0, 1730, 1750, 0, 0, 127, 0
L 1340, 1840, 0, 1340, 1900, 0, 0, 127, 127
L 1320, 1870, 0, 1340, 1840, 0, 0, 127, 127
L 1300, 1840, 0, 1320, 1870, 0, 0, 127, 127
L 1300, 1900, 0, 1300, 1840, 0, 0, 127, 127
L 1360, 1840, 0, 1360, 1900, 0, 0, 127, 127
L 1380, 1840, 0, 1380, 1870, 0, 0, 127, 127
L 1380, 1900, 0, 1420, 1900, 0, 0, 127, 127
L 1420, 1870, 0, 1380, 1870, 0, 0, 127, 127
L 1380, 1840, 0, 1420, 1840, 0, 0, 127, 127
L 1420, 1870, 0, 1420, 1900, 0, 0, 127, 127
L 1440, 1840, 0, 1440, 1870, 0, 0, 127, 127
L 1440, 1900, 0, 1480, 1900, 0, 0, 127, 127
L 1480, 1870, 0, 1440, 1870, 0, 0, 127, 127
L 1440, 1840, 0, 1480, 1840, 0, 0, 127, 127
L 1480, 1870, 0, 1480, 1900, 0, 0, 127, 127
L 1500, 1840, 0, 1500, 1900, 0, 0, 127, 127
L 1520, 1840, 0, 1550, 1840, 0, 0, 127, 127
L 1520, 1900, 0, 1550, 1900, 0, 0, 127, 127
L 1520, 1840, 0, 1520, 1900, 0, 0, 127, 127
L 1550, 1840, 0, 1550, 1900, 0, 0, 127, 127
L 1600, 1900, 0, 1600, 1840, 0, 0, 127, 127
L 1570, 1840, 0, 1600, 1900, 0, 0, 127, 127
L 1570, 1900, 0, 1570, 1840, 0, 0, 127, 127
L 1330, 1990, 0, 1330, 1930, 0, 127, 64, 0
L 1300, 1930, 0, 1330, 1990, 0, 127, 64, 0
L 1300, 1990, 0, 1300, 1930, 0, 127, 64, 0
L 1360, 1960, 0, 1380, 1960, 0, 127, 64, 0
L 1370, 1930, 0, 1390, 1990, 0, 127, 64, 0
L 1350, 1990, 0, 1370, 1930, 0, 127, 64, 0
L 1450, 1930, 0, 1450, 1990, 0, 127, 64, 0
L 1430, 1960, 0, 1450, 1930, 0, 127, 64, 0
L 1410, 1930, 0, 1430, 1960, 0, 127, 64, 0
L 1410, 1990, 0, 1410, 1930, 0, 127, 64, 0
L 1470, 1960, 0, 1500, 1960, 0, 127, 64, 0
L 1470, 1990, 0, 1500, 1990, 0, 127, 64, 0
L 1470, 1930, 0, 1470, 1990, 0, 127, 64, 0
L 1500, 1930, 0, 1470, 1930, 0, 127, 64, 0
L 1530, 1990, 0, 1530, 1930, 0, 127, 64, 0
L 1540, 1990, 0, 1520, 1990, 0, 127, 64, 0
L 1550, 1960, 0, 1540, 1990, 0, 127, 64, 0
L 1540, 1930, 0, 1550, 1960, 0, 127, 64, 0
L 1520, 1930, 0, 1540, 1930, 0, 127, 64, 0
L 1330, 2050, 0, 1300, 2050, 0, 0, 255, 0
L 1330, 2020, 0, 1330, 2050, 0, 0, 255, 0
L 1300, 2020, 0, 1330, 2020, 0, 0, 255, 0
L 1300, 2080, 0, 1300, 2020, 0, 0, 255, 0
L 1360, 2050, 0, 1380, 2050, 0, 0, 255, 0
L 1370, 2020, 0, 1390, 2080, 0, 0, 255, 0
L 1350, 2080, 0, 1370, 2020, 0, 0, 255, 0
L 1410, 2020, 0, 1410, 2050, 0, 0, 255, 0
L 1410, 2050, 0, 1410, 2080, 0, 0, 255, 0
L 1410, 2050, 0, 1430, 2050, 0, 0, 255, 0
L 1450, 2050, 0, 1450, 2020, 0, 0, 255, 0
L 1410, 2020, 0, 1450, 2020, 0, 0, 255, 0
L 1430, 2050, 0, 1450, 2050, 0, 0, 255, 0
L 1450, 2080, 0, 1430, 2050, 0, 0, 255, 0
L 1500, 2080, 0, 1470, 2080, 0, 0, 255, 0
L 1470, 2020, 0, 1500, 2020, 0, 0, 255, 0
L 1470, 2080, 0, 1470, 2020, 0, 0, 255, 0
L 1520, 2050, 0, 1550, 2050, 0, 0, 255, 0
L 1520, 2080, 0, 1550, 2080, 0, 0, 255, 0
L 1520, 2020, 0, 1520, 2080, 0, 0, 255, 0
L 1550, 2020, 0, 1520, 2020, 0, 0, 255, 0
L 1570, 2020, 0, 1570, 2080, 0, 0, 255, 0
L 1610, 2080, 0, 1570, 2080, 0, 0, 255, 0
L 1630, 2020, 0, 1630, 2050, 0, 0, 255, 0
L 1630, 2080, 0, 1670, 2080, 0, 0, 255, 0
L 1670, 2050, 0, 1630, 2050, 0, 0, 255, 0
L 1630, 2020, 0, 1670, 2020, 0, 0, 255, 0
L 1670, 2050, 0, 1670, 2080, 0, 0, 255, 0
L 1300, 2110, 0, 1300, 2140, 0, 0, 240, 240
L 1300, 2140, 0, 1300, 2170, 0, 0, 240, 240
L 1300, 2140, 0, 1320, 2140, 0, 0, 240, 240
L 1340, 2140, 0, 1340, 2110, 0, 0, 240, 240
L 1300, 2110, 0, 1340, 2110, 0, 0, 240, 240
L 1320, 2140, 0, 1340, 2140, 0, 0, 240, 240
L 1340, 2170, 0, 1320, 2140, 0, 0, 240, 240
L 1370, 2140, 0, 1390, 2140, 0, 0, 240, 240
L 1380, 2110, 0, 1400, 2170, 0, 0, 240, 240
L 1360, 2170, 0, 1380, 2110, 0, 0, 240, 240
L 1420, 2110, 0, 1420, 2170, 0, 0, 240, 240
L 1450, 2170, 0, 1450, 2110, 0, 0, 240, 240
L 1460, 2170, 0, 1440, 2170, 0, 0, 240, 240
L 1470, 2140, 0, 1460, 2170, 0, 0, 240, 240
L 1460, 2110, 0, 1470, 2140, 0, 0, 240, 240
L 1440, 2110, 0, 1460, 2110, 0, 0, 240, 240
L 1300, 2200, 0, 1300, 2230, 0, 0, 255, 0
L 1300, 2260, 0, 1340, 2260, 0, 0, 255, 0
L 1340, 2230, 0, 1300, 2230, 0, 0, 255, 0
L 1300, 2200, 0, 1340, 2200, 0, 0, 255, 0
L 1340, 2230, 0, 1340, 2260, 0, 0, 255, 0
L 1390, 2230, 0, 1360, 2230, 0, 0, 255, 0
L 1390, 2200, 0, 1390, 2230, 0, 0, 255, 0
L 1360, 2200, 0, 1390, 2200, 0, 0, 255, 0
L 1360, 2260, 0, 1360, 2200, 0, 0, 255, 0
L 1410, 2230, 0, 1440, 2230, 0, 0, 255, 0
L 1410, 2260, 0, 1440, 2260, 0, 0, 255, 0
L 1410, 2200, 0, 1410, 2260, 0, 0, 255, 0
L 1440, 2200, 0, 1410, 2200, 0, 0, 255, 0
L 1490, 2260, 0, 1460, 2260, 0, 0, 255, 0
L 1460, 2200, 0, 1490, 2200, 0, 0, 255, 0
L 1460, 2260, 0, 1460, 2200, 0, 0, 255, 0
L 1510, 2200, 0, 1510, 2260, 0, 0, 255, 0
L 1540, 2230, 0, 1560, 2230, 0, 0, 255, 0
L 1550, 2200, 0, 1570, 2260, 0, 0, 255, 0
L 1530, 2260, 0, 1550, 2200, 0, 0, 255, 0
L 1590, 2200, 0, 1590, 2260, 0, 0, 255, 0
L 1630, 2260, 0, 1590, 2260, 0, 0, 255, 0
L 1740, 2260, 0, 1710, 2260, 0, 0, 255, 0
L 1710, 2200, 0, 1740, 2200, 0, 0, 255, 0
L 1710, 2260, 0, 1710, 2200, 0, 0, 255, 0
L 1800, 2200, 0, 1800, 2260, 0, 0, 255, 0
L 1760, 2200, 0, 1760, 2260, 0, 0, 255, 0
L 1760, 2260, 0, 1800, 2260, 0, 0, 255, 0
L 1820, 2200, 0, 1820, 2230, 0, 0, 255, 0
L 1820, 2230, 0, 1820, 2260, 0, 0, 255, 0
L 1820, 2230, 0, 1840, 2230, 0, 0, 255, 0
L 1860, 2230, 0, 1860, 2200, 0, 0, 255, 0
L 1820, 2200, 0, 1860, 2200, 0, 0, 255, 0
L 1840, 2230, 0, 1860, 2230, 0, 0, 255, 0
L 1860, 2260, 0, 1840, 2230, 0, 0, 255, 0
L 1880, 2200, 0, 1880, 2230, 0, 0, 255, 0
L 1880, 2230, 0, 1880, 2260, 0, 0, 255, 0
L 1880, 2230, 0, 1900, 2230, 0, 0, 255, 0
L 1920, 2230, 0, 1920, 2200, 0, 0, 255, 0
L 1880, 2200, 0, 1920, 2200, 0, 0, 255, 0
L 1900, 2230, 0, 1920, 2230, 0, 0, 255, 0
L 1920, 2260, 0, 1900, 2230, 0, 0, 255, 0
L 1940, 2230, 0, 1970, 2230, 0, 0, 255, 0
L 1940, 2260, 0, 1970, 2260, 0, 0, 255, 0
L 1940, 2200, 0, 1940, 2260, 0, 0, 255, 0
L 1970, 2200, 0, 1940, 2200, 0, 0, 255, 0
L 2020, 2260, 0, 2020, 2200, 0, 0, 255, 0
L 1990, 2200, 0, 2020, 2260, 0, 0, 255, 0
L 1990, 2260, 0, 1990, 2200, 0, 0, 255, 0
L 2070, 2260, 0, 2040, 2260, 0, 0, 255, 0
L 2040, 2200, 0, 2070, 2200, 0, 0, 255, 0
L 2040, 2260, 0, 2040, 2200, 0, 0, 255, 0
L 2110, 2230, 0, 2110, 2260, 0, 0, 255, 0
L 2110, 2230, 0, 2130, 2200, 0, 0, 255, 0
L 2090, 2200, 0, 2110, 2230, 0, 0, 255, 0
L 1300, 2290, 0, 1300, 2320, 0, 255, 0, 0
L 1300, 2350, 0, 1340, 2350, 0, 255, 0, 0
L 1340, 2320, 0, 1300, 2320, 0, 255, 0, 0
L 1300, 2290, 0, 1340, 2290, 0, 255, 0, 0
L 1340, 2320, 0, 1340, 2350, 0, 255, 0, 0
L 1400, 2290, 0, 1400, 2350, 0, 255, 0, 0
L 1360, 2290, 0, 1360, 2350, 0, 255, 0, 0
L 1360, 2350, 0, 1400, 2350, 0, 255, 0, 0
L 1450, 2350, 0, 1420, 2350, 0, 255, 0, 0
L 1420, 2290, 0, 1450, 2290, 0, 255, 0, 0
L 1420, 2350, 0, 1420, 2290, 0, 255, 0, 0
L 1500, 2350, 0, 1470, 2350, 0, 255, 0, 0
L 1470, 2290, 0, 1500, 2290, 0, 255, 0, 0
L 1470, 2350, 0, 1470, 2290, 0, 255, 0, 0
L 1520, 2290, 0, 1550, 2290, 0, 255, 0, 0
L 1520, 2350, 0, 1550, 2350, 0, 255, 0, 0
L 1520, 2290, 0, 1520, 2350, 0, 255, 0, 0
L 1550, 2290, 0, 1550, 2350, 0, 255, 0, 0
L 1570, 2290, 0, 1570, 2320, 0, 255, 0, 0
L 1570, 2320, 0, 1570, 2350, 0, 255, 0, 0
L 1570, 2320, 0, 1590, 2320, 0, 255, 0, 0
L 1610, 2320, 0, 1610, 2290, 0, 255, 0, 0
L 1570, 2290, 0, 1610, 2290, 0, 255, 0, 0
L 1590, 2320, 0, 1610, 2320, 0, 255, 0, 0
L 1610, 2350, 0, 1590, 2320, 0, 255, 0, 0
L 1320, 2380, 0, 1320, 2440, 0, 255, 255, 0
L 1300, 2380, 0, 1340, 2380, 0, 255, 255, 0
L 1360, 2410, 0, 1390, 2410, 0, 255, 255, 0
L 1360, 2440, 0, 1390, 2440, 0, 255, 255, 0
L 1360, 2380, 0, 1360, 2440, 0, 255, 255, 0
L 1390, 2380, 0, 1360, 2380, 0, 255, 255, 0
L 1410, 2380, 0, 1410, 2440, 0, 255, 255, 0
L 1450, 2440, 0, 1410, 2440, 0, 255, 255, 0
L 1470, 2410, 0, 1500, 2410, 0, 255, 255, 0
L 1470, 2440, 0, 1500, 2440, 0, 255, 255, 0
L 1470, 2380, 0, 1470, 2440, 0, 255, 255, 0
L 1500, 2380, 0, 1470, 2380, 0, 255, 255, 0
L 1550, 2410, 0, 1520, 2410, 0, 255, 255, 0
L 1550, 2380, 0, 1550, 2410, 0, 255, 255, 0
L 1520, 2380, 0, 1550, 2380, 0, 255, 255, 0
L 1520, 2440, 0, 1520, 2380, 0, 255, 255, 0
L 1570, 2380, 0, 1600, 2380, 0, 255, 255, 0
L 1570, 2440, 0, 1600, 2440, 0, 255, 255, 0
L 1570, 2380, 0, 1570, 2440, 0, 255, 255, 0
L 1600, 2380, 0, 1600, 2440, 0, 255, 255, 0
L 1620, 2380, 0, 1620, 2410, 0, 255, 255, 0
L 1620, 2410, 0, 1620, 2440, 0, 255, 255, 0
L 1620, 2410, 0, 1640, 2410, 0, 255, 255, 0
L 1660, 2410, 0, 1660, 2380, 0, 255, 255, 0
L 1620, 2380, 0, 1660, 2380, 0, 255, 255, 0
L 1640, 2410, 0, 1660, 2410, 0, 255, 255, 0
L 1660, 2440, 0, 1640, 2410, 0, 255, 255, 0
L 1700, 2380, 0, 1700, 2440, 0, 255, 255, 0
L 1680, 2380, 0, 1720, 2380, 0, 255, 255, 0
L 1320, 2470, 0, 1320, 2530, 0, 128, 0, 128
L 1300, 2470, 0, 1340, 2470, 0, 128, 0, 128
L 1360, 2470, 0, 1360, 2500, 0, 128, 0, 128
L 1360, 2500, 0, 1360, 2530, 0, 128, 0, 128
L 1360, 2500, 0, 1380, 2500, 0, 128, 0, 128
L 1400, 2500, 0, 1400, 2470, 0, 128, 0, 128
L 1360, 2470, 0, 1400, 2470, 0, 128, 0, 128
L 1380, 2500, 0, 1400, 2500, 0, 128, 0, 128
L 1400, 2530, 0, 1380, 2500, 0, 128, 0, 128
L 1430, 2500, 0, 1450, 2500, 0, 128, 0, 128
L 1440, 2470, 0, 1460, 2530, 0, 128, 0, 128
L 1420, 2530, 0, 1440, 2470, 0, 128, 0, 128
L 1490, 2530, 0, 1490, 2470, 0, 128, 0, 128
L 1500, 2530, 0, 1480, 2530, 0, 128, 0, 128
L 1510, 2500, 0, 1500, 2530, 0, 128, 0, 128
L 1500, 2470, 0, 1510, 2500, 0, 128, 0, 128
L 1480, 2470, 0, 1500, 2470, 0, 128, 0, 128
L 1530, 2500, 0, 1560, 2500, 0, 128, 0, 128
L 1530, 2530, 0, 1560, 2530, 0, 128, 0, 128
L 1530, 2470, 0, 1530, 2530, 0, 128, 0, 128
L 1560, 2470, 0, 1530, 2470, 0, 128, 0, 128
L 1580, 2470, 0, 1580, 2500, 0, 128, 0, 128
L 1580, 2530, 0, 1620, 2530, 0, 128, 0, 128
L 1620, 2500, 0, 1580, 2500, 0, 128, 0, 128
L 1580, 2470, 0, 1620, 2470, 0, 128, 0, 128
L 1620, 2500, 0, 1620, 2530, 0, 128, 0, 128
L 1640, 2470, 0, 1640, 2500, 0, 128, 0, 128
L 1640, 2500, 0, 1640, 2530, 0, 128, 0, 128
L 1640, 2500, 0, 1680, 2530, 0, 128, 0, 128
L 1640, 2500, 0, 1680, 2470, 0, 128, 0, 128
L 1700, 2470, 0, 1700, 2530, 0, 128, 0, 128
L 1720, 2470, 0, 1720, 2530, 0, 128, 0, 128
L 1760, 2530, 0, 1720, 2530, 0, 128, 0, 128
L 1780, 2470, 0, 1780, 2530, 0, 128, 0, 128
L 1820, 2530, 0, 1780, 2530, 0, 128, 0, 128
L 1930, 2530, 0, 1900, 2530, 0, 128, 0, 128
L 1900, 2470, 0, 1930, 2470, 0, 128, 0, 128
L 1900, 2530, 0, 1900, 2470, 0, 128, 0, 128
L 1950, 2470, 0, 1980, 2470, 0, 128, 0, 128
L 1950, 2530, 0, 1980, 2530, 0, 128, 0, 128
L 1950, 2470, 0, 1950, 2530, 0, 128, 0, 128
L 1980, 2470, 0, 1980, 2530, 0, 128, 0, 128
L 2030, 2530, 0, 2030, 2470, 0, 128, 0, 128
L 2000, 2470, 0, 2030, 2530, 0, 128, 0, 128
L 2000, 2530, 0, 2000, 2470, 0, 128, 0, 128
L 2070, 2470, 0, 2070, 2530, 0, 128, 0, 128
L 2050, 2470, 0, 2090, 2470, 0, 128, 0, 128
L 2120, 2500, 0, 2140, 2500, 0, 128, 0, 128
L 2130, 2470, 0, 2150, 2530, 0, 128, 0, 128
L 2110, 2530, 0, 2130, 2470, 0, 128, 0, 128
L 2170, 2470, 0, 2170, 2530, 0, 128, 0, 128
L 2220, 2530, 0, 2220, 2470, 0, 128, 0, 128
L 2190, 2470, 0, 2220, 2530, 0, 128, 0, 128
L 2190, 2530, 0, 2190, 2470, 0, 128, 0, 128
L 2240, 2500, 0, 2270, 2500, 0, 128, 0, 128
L 2240, 2530, 0, 2270, 2530, 0, 128, 0, 128
L 2240, 2470, 0, 2240, 2530, 0, 128, 0, 128
L 2270, 2470, 0, 2240, 2470, 0, 128, 0, 128
L 2290, 2470, 0, 2290, 2500, 0, 128, 0, 128
L 2290, 2500, 0, 2290, 2530, 0, 128, 0, 128
L 2290, 2500, 0, 2310, 2500, 0, 128, 0, 128
L 2330, 2500, 0, 2330, 2470, 0, 128, 0, 128
L 2290, 2470, 0, 2330, 2470, 0, 128, 0, 128
L 2310, 2500, 0, 2330, 2500, 0, 128, 0, 128
L 2330, 2530, 0, 2310, 2500, 0, 128, 0, 128
L 1320, 2560, 0, 1320, 2620, 0, 255, 255, 0
L 1300, 2560, 0, 1340, 2560, 0, 255, 255, 0
L 1360, 2560, 0, 1360, 2590, 0, 255, 255, 0
L 1360, 2590, 0, 1360, 2620, 0, 255, 255, 0
L 1360, 2590, 0, 1380, 2590, 0, 255, 255, 0
L 1400, 2590, 0, 1400, 2560, 0, 255, 255, 0
L 1360, 2560, 0, 1400, 2560, 0, 255, 255, 0
L 1380, 2590, 0, 1400, 2590, 0, 255, 255, 0
L 1400, 2620, 0, 1380, 2590, 0, 255, 255, 0
L 1430, 2590, 0, 1450, 2590, 0, 255, 255, 0
L 1440, 2560, 0, 1460, 2620, 0, 255, 255, 0
L 1420, 2620, 0, 1440, 2560, 0, 255, 255, 0
L 1510, 2590, 0, 1480, 2590, 0, 255, 255, 0
L 1510, 2560, 0, 1510, 2590, 0, 255, 255, 0
L 1480, 2560, 0, 1510, 2560, 0, 255, 255, 0
L 1480, 2620, 0, 1480, 2560, 0, 255, 255, 0
L 1330, 2650, 0, 1300, 2650, 0, 255, 0, 0
L 1300, 2710, 0, 1330, 2650, 0, 255, 0, 0
L 1300, 2710, 0, 1330, 2710, 0, 255, 0, 0
L 1350, 2650, 0, 1380, 2650, 0, 255, 0, 0
L 1350, 2710, 0, 1380, 2710, 0, 255, 0, 0
L 1350, 2650, 0, 1350, 2710, 0, 255, 0, 0
L 1380, 2650, 0, 1380, 2710, 0, 255, 0, 0
L 1430, 2710, 0, 1430, 2650, 0, 255, 0, 0
L 1400, 2650, 0, 1430, 2710, 0, 255, 0, 0
L 1400, 2710, 0, 1400, 2650, 0, 255, 0, 0
L 1450, 2680, 0, 1480, 2680, 0, 255, 0, 0
L 1450, 2710, 0, 1480, 2710, 0, 255, 0, 0
L 1450, 2650, 0, 1450, 2710, 0, 255, 0, 0
L 1480, 2650, 0, 1450, 2650, 0, 255, 0, 0
P 300, 1000, 0, 0, 0, 0, 2, Revised_Map:_Brewall_Rainsiger_(Cazic-Thule)
P 300, 1200, 0, 0, 0, 0, 2, http://www.eqmaps.info
P 300, 1400, 0, 0, 0, 0, 2, Return_of_the_Exiled_(www.roteguild.org)
