L 1000.0, 0.0, 0.0, 1000.0, -50.0, 0.0, 255, 0, 0
L -20.0, 50.0, 0.0, -50.0, 20.0, 0.0, 255, 0, 0
L 50.0, 20.0, 0.0, 20.0, 50.0, 0.0, 255, 0, 0
L 20.0, -50.0, 0.0, 50.0, -20.0, 0.0, 255, 0, 0
L -50.0, -20.0, 0.0, -20.0, -50.0, 0.0, 255, 0, 0
L -50.0, 20.0, 0.0, -50.0, -20.0, 0.0, 255, 0, 0
L 20.0, 50.0, 0.0, -20.0, 50.0, 0.0, 255, 0, 0
L 50.0, -20.0, 0.0, 50.0, 20.0, 0.0, 255, 0, 0
L -20.0, -50.0, 0.0, 20.0, -50.0, 0.0, 255, 0, 0
L 580.0, -20.0, 0.0, 540.0, -20.0, 0.0, 255, 0, 0
L 580.0, -90.0, 0.0, 580.0, -20.0, 0.0, 255, 0, 0
L 540.0, -90.0, 0.0, 580.0, -90.0, 0.0, 255, 0, 0
L 540.0, -20.0, 0.0, 540.0, -90.0, 0.0, 255, 0, 0
L 520.0, -20.0, 0.0, 480.0, -20.0, 0.0, 255, 0, 0
L 520.0, -90.0, 0.0, 520.0, -20.0, 0.0, 255, 0, 0
L 480.0, -90.0, 0.0, 520.0, -90.0, 0.0, 255, 0, 0
L 480.0, -20.0, 0.0, 480.0, -90.0, 0.0, 255, 0, 0
L 460.0, -90.0, 0.0, 450.0, -80.0, 0.0, 255, 0, 0
L 460.0, -20.0, 0.0, 460.0, -90.0, 0.0, 255, 0, 0
L 0.0, -250.0, 0.0, 0.0, 250.0, 0.0, 255, 0, 0
L -250.0, 0.0, 0.0, 1000.0, 0.0, 0.0, 255, 0, 0
L -120.0, -80.0, 0.0, -120.0, -60.0, 0.0, 255, 0, 0
L -120.0, -60.0, 0.0, -120.0, -40.0, 0.0, 255, 0, 0
L -100.0, -60.0, 0.0, -120.0, -60.0, 0.0, 255, 0, 0
L -120.0, -60.0, 0.0, -140.0, -60.0, 0.0, 255, 0, 0
L -90.0, -50.0, 0.0, -100.0, -30.0, 0.0, 255, 0, 0
L -60.0, -80.0, 0.0, -60.0, -60.0, 0.0, 255, 0, 0
L -60.0, -60.0, 0.0, -60.0, -40.0, 0.0, 255, 0, 0
L -40.0, -60.0, 0.0, -60.0, -60.0, 0.0, 255, 0, 0
L -60.0, -60.0, 0.0, -80.0, -60.0, 0.0, 255, 0, 0
L 100.0, 60.0, 0.0, 120.0, 60.0, 0.0, 255, 0, 0
L 120.0, 60.0, 0.0, 140.0, 60.0, 0.0, 255, 0, 0
L 90.0, 70.0, 0.0, 80.0, 90.0, 0.0, 255, 0, 0
L 40.0, 60.0, 0.0, 60.0, 60.0, 0.0, 255, 0, 0
L 60.0, 60.0, 0.0, 80.0, 60.0, 0.0, 255, 0, 0
L -100.0, 60.0, 0.0, -120.0, 60.0, 0.0, 255, 0, 0
L -120.0, 60.0, 0.0, -140.0, 60.0, 0.0, 255, 0, 0
L -90.0, 70.0, 0.0, -100.0, 90.0, 0.0, 255, 0, 0
L -60.0, 80.0, 0.0, -60.0, 60.0, 0.0, 255, 0, 0
L -60.0, 60.0, 0.0, -60.0, 40.0, 0.0, 255, 0, 0
L -40.0, 60.0, 0.0, -60.0, 60.0, 0.0, 255, 0, 0
L -60.0, 60.0, 0.0, -80.0, 60.0, 0.0, 255, 0, 0
L 100.0, -60.0, 0.0, 120.0, -60.0, 0.0, 255, 0, 0
L 120.0, -60.0, 0.0, 140.0, -60.0, 0.0, 255, 0, 0
L 90.0, -50.0, 0.0, 80.0, -30.0, 0.0, 255, 0, 0
L 60.0, -80.0, 0.0, 60.0, -60.0, 0.0, 255, 0, 0
L 60.0, -60.0, 0.0, 60.0, -40.0, 0.0, 255, 0, 0
L 40.0, -60.0, 0.0, 60.0, -60.0, 0.0, 255, 0, 0
L 60.0, -60.0, 0.0, 80.0, -60.0, 0.0, 255, 0, 0
L 599.0, -90.0, 0.0, 637.3, -90.0, 0.0, 255, 0, 0
L 599.0, -20.0, 0.0, 637.3, -20.0, 0.0, 255, 0, 0
L 599.0, -90.0, 0.0, 599.0, -20.0, 0.0, 255, 0, 0
L 637.3, -90.0, 0.0, 637.3, -20.0, 0.0, 255, 0, 0
L 1200, 2200, 0, 1200, 2260, 0, 0, 0, 0
L 1240, 2260, 0, 1200, 2260, 0, 0, 0, 0
L 1260, 2230, 0, 1290, 2230, 0, 0, 0, 0
L 1260, 2260, 0, 1290, 2260, 0, 0, 0, 0
L 1260, 2200, 0, 1260, 2260, 0, 0, 0, 0
L 1290, 2200, 0, 1260, 2200, 0, 0, 0, 0
L 1340, 2260, 0, 1310, 2260, 0, 0, 0, 0
L 1310, 2200, 0, 1340, 2200, 0, 0, 0, 0
L 1310, 2260, 0, 1310, 2200, 0, 0, 0, 0
L 1340, 2260, 0, 1340, 2230, 0, 0, 0, 0
L 1340, 2230, 0, 1320, 2230, 0, 0, 0, 0
L 1360, 2230, 0, 1390, 2230, 0, 0, 0, 0
L 1360, 2260, 0, 1390, 2260, 0, 0, 0, 0
L 1360, 2200, 0, 1360, 2260, 0, 0, 0, 0
L 1390, 2200, 0, 1360, 2200, 0, 0, 0, 0
L 1440, 2260, 0, 1440, 2200, 0, 0, 0, 0
L 1410, 2200, 0, 1440, 2260, 0, 0, 0, 0
L 1410, 2260, 0, 1410, 2200, 0, 0, 0, 0
L 1470, 2260, 0, 1470, 2200, 0, 0, 0, 0
L 1480, 2260, 0, 1460, 2260, 0, 0, 0, 0
L 1490, 2230, 0, 1480, 2260, 0, 0, 0, 0
L 1480, 2200, 0, 1490, 2230, 0, 0, 0, 0
L 1460, 2200, 0, 1480, 2200, 0, 0, 0, 0
L 1200, 2330, 0, 1200, 2360, 0, 255, 210, 0
L 1200, 2330, 0, 1220, 2330, 0, 255, 210, 0
L 1220, 2390, 0, 1200, 2390, 0, 255, 210, 0
L 1200, 2360, 0, 1200, 2390, 0, 255, 210, 0
L 1220, 2360, 0, 1200, 2360, 0, 255, 210, 0
L 1220, 2360, 0, 1240, 2345, 0, 255, 210, 0
L 1220, 2330, 0, 1240, 2345, 0, 255, 210, 0
L 1220, 2360, 0, 1240, 2375, 0, 255, 210, 0
L 1240, 2375, 0, 1220, 2390, 0, 255, 210, 0
L 1270, 2360, 0, 1290, 2360, 0, 255, 210, 0
L 1280, 2330, 0, 1300, 2390, 0, 255, 210, 0
L 1260, 2390, 0, 1280, 2330, 0, 255, 210, 0
L 1350, 2390, 0, 1350, 2330, 0, 255, 210, 0
L 1320, 2330, 0, 1350, 2390, 0, 255, 210, 0
L 1320, 2390, 0, 1320, 2330, 0, 255, 210, 0
L 1370, 2330, 0, 1370, 2360, 0, 255, 210, 0
L 1370, 2360, 0, 1370, 2390, 0, 255, 210, 0
L 1370, 2360, 0, 1410, 2390, 0, 255, 210, 0
L 1370, 2360, 0, 1410, 2330, 0, 255, 210, 0
L 1430, 2360, 0, 1460, 2360, 0, 255, 210, 0
L 1430, 2390, 0, 1460, 2390, 0, 255, 210, 0
L 1430, 2330, 0, 1430, 2390, 0, 255, 210, 0
L 1460, 2330, 0, 1430, 2330, 0, 255, 210, 0
L 1480, 2330, 0, 1480, 2360, 0, 255, 210, 0
L 1480, 2360, 0, 1480, 2390, 0, 255, 210, 0
L 1480, 2360, 0, 1500, 2360, 0, 255, 210, 0
L 1520, 2360, 0, 1520, 2330, 0, 255, 210, 0
L 1480, 2330, 0, 1520, 2330, 0, 255, 210, 0
L 1500, 2360, 0, 1520, 2360, 0, 255, 210, 0
L 1520, 2390, 0, 1500, 2360, 0, 255, 210, 0
L 1230, 2480, 0, 1200, 2480, 0, 255, 255, 255
L 1200, 2420, 0, 1230, 2420, 0, 255, 255, 255
L 1200, 2480, 0, 1200, 2420, 0, 255, 255, 255
L 1250, 2420, 0, 1280, 2420, 0, 255, 255, 255
L 1250, 2480, 0, 1280, 2480, 0, 255, 255, 255
L 1250, 2420, 0, 1250, 2480, 0, 255, 255, 255
L 1280, 2420, 0, 1280, 2480, 0, 255, 255, 255
L 1340, 2420, 0, 1340, 2480, 0, 255, 255, 255
L 1320, 2450, 0, 1340, 2420, 0, 255, 255, 255
L 1300, 2420, 0, 1320, 2450, 0, 255, 255, 255
L 1300, 2480, 0, 1300, 2420, 0, 255, 255, 255
L 1400, 2420, 0, 1400, 2480, 0, 255, 255, 255
L 1380, 2450, 0, 1400, 2420, 0, 255, 255, 255
L 1360, 2420, 0, 1380, 2450, 0, 255, 255, 255
L 1360, 2480, 0, 1360, 2420, 0, 255, 255, 255
L 1420, 2450, 0, 1450, 2450, 0, 255, 255, 255
L 1420, 2480, 0, 1450, 2480, 0, 255, 255, 255
L 1420, 2420, 0, 1420, 2480, 0, 255, 255, 255
L 1450, 2420, 0, 1420, 2420, 0, 255, 255, 255
L 1500, 2480, 0, 1500, 2420, 0, 255, 255, 255
L 1470, 2420, 0, 1500, 2480, 0, 255, 255, 255
L 1470, 2480, 0, 1470, 2420, 0, 255, 255, 255
L 1540, 2420, 0, 1540, 2480, 0, 255, 255, 255
L 1520, 2420, 0, 1560, 2420, 0, 255, 255, 255
L 1230, 2570, 0, 1200, 2570, 0, 0, 0, 0
L 1200, 2510, 0, 1230, 2510, 0, 0, 0, 0
L 1200, 2570, 0, 1200, 2510, 0, 0, 0, 0
L 1230, 2570, 0, 1230, 2540, 0, 0, 0, 0
L 1230, 2540, 0, 1210, 2540, 0, 0, 0, 0
L 1250, 2540, 0, 1280, 2540, 0, 0, 0, 0
L 1250, 2570, 0, 1280, 2570, 0, 0, 0, 0
L 1250, 2510, 0, 1250, 2570, 0, 0, 0, 0
L 1280, 2510, 0, 1250, 2510, 0, 0, 0, 0
L 1330, 2570, 0, 1330, 2510, 0, 0, 0, 0
L 1300, 2510, 0, 1330, 2570, 0, 0, 0, 0
L 1300, 2570, 0, 1300, 2510, 0, 0, 0, 0
L 1350, 2540, 0, 1380, 2540, 0, 0, 0, 0
L 1350, 2570, 0, 1380, 2570, 0, 0, 0, 0
L 1350, 2510, 0, 1350, 2570, 0, 0, 0, 0
L 1380, 2510, 0, 1350, 2510, 0, 0, 0, 0
L 1400, 2510, 0, 1400, 2540, 0, 0, 0, 0
L 1400, 2540, 0, 1400, 2570, 0, 0, 0, 0
L 1400, 2540, 0, 1420, 2540, 0, 0, 0, 0
L 1440, 2540, 0, 1440, 2510, 0, 0, 0, 0
L 1400, 2510, 0, 1440, 2510, 0, 0, 0, 0
L 1420, 2540, 0, 1440, 2540, 0, 0, 0, 0
L 1440, 2570, 0, 1420, 2540, 0, 0, 0, 0
L 1470, 2540, 0, 1490, 2540, 0, 0, 0, 0
L 1480, 2510, 0, 1500, 2570, 0, 0, 0, 0
L 1460, 2570, 0, 1480, 2510, 0, 0, 0, 0
L 1520, 2510, 0, 1520, 2570, 0, 0, 0, 0
L 1560, 2570, 0, 1520, 2570, 0, 0, 0, 0
L 1230, 2660, 0, 1200, 2660, 0, 0, 0, 255
L 1200, 2600, 0, 1230, 2600, 0, 0, 0, 255
L 1200, 2660, 0, 1200, 2600, 0, 0, 0, 255
L 1230, 2660, 0, 1230, 2630, 0, 0, 0, 255
L 1230, 2630, 0, 1210, 2630, 0, 0, 0, 255
L 1250, 2600, 0, 1250, 2630, 0, 0, 0, 255
L 1250, 2630, 0, 1250, 2660, 0, 0, 0, 255
L 1250, 2630, 0, 1270, 2630, 0, 0, 0, 255
L 1290, 2630, 0, 1290, 2600, 0, 0, 0, 255
L 1250, 2600, 0, 1290, 2600, 0, 0, 0, 255
L 1270, 2630, 0, 1290, 2630, 0, 0, 0, 255
L 1290, 2660, 0, 1270, 2630, 0, 0, 0, 255
L 1310, 2600, 0, 1340, 2600, 0, 0, 0, 255
L 1310, 2660, 0, 1340, 2660, 0, 0, 0, 255
L 1310, 2600, 0, 1310, 2660, 0, 0, 0, 255
L 1340, 2600, 0, 1340, 2660, 0, 0, 0, 255
L 1400, 2600, 0, 1400, 2660, 0, 0, 0, 255
L 1360, 2600, 0, 1360, 2660, 0, 0, 0, 255
L 1360, 2660, 0, 1400, 2660, 0, 0, 0, 255
L 1450, 2660, 0, 1450, 2600, 0, 0, 0, 255
L 1420, 2600, 0, 1450, 2660, 0, 0, 0, 255
L 1420, 2660, 0, 1420, 2600, 0, 0, 0, 255
L 1480, 2660, 0, 1480, 2600, 0, 0, 0, 255
L 1490, 2660, 0, 1470, 2660, 0, 0, 0, 255
L 1500, 2630, 0, 1490, 2660, 0, 0, 0, 255
L 1490, 2600, 0, 1500, 2630, 0, 0, 0, 255
L 1470, 2600, 0, 1490, 2600, 0, 0, 0, 255
L 1580, 2600, 0, 1580, 2630, 0, 0, 0, 255
L 1580, 2660, 0, 1620, 2660, 0, 0, 0, 255
L 1620, 2630, 0, 1580, 2630, 0, 0, 0, 255
L 1580, 2600, 0, 1620, 2600, 0, 0, 0, 255
L 1620, 2630, 0, 1620, 2660, 0, 0, 0, 255
L 1670, 2630, 0, 1640, 2630, 0, 0, 0, 255
L 1670, 2600, 0, 1670, 2630, 0, 0, 0, 255
L 1640, 2600, 0, 1670, 2600, 0, 0, 0, 255
L 1640, 2660, 0, 1640, 2600, 0, 0, 0, 255
L 1700, 2630, 0, 1720, 2630, 0, 0, 0, 255
L 1710, 2600, 0, 1730, 2660, 0, 0, 0, 255
L 1690, 2660, 0, 1710, 2600, 0, 0, 0, 255
L 1780, 2660, 0, 1790, 2600, 0, 0, 0, 255
L 1770, 2630, 0, 1780, 2660, 0, 0, 0, 255
L 1760, 2660, 0, 1770, 2630, 0, 0, 0, 255
L 1750, 2600, 0, 1760, 2660, 0, 0, 0, 255
L 1840, 2660, 0, 1840, 2600, 0, 0, 0, 255
L 1810, 2600, 0, 1840, 2660, 0, 0, 0, 255
L 1810, 2660, 0, 1810, 2600, 0, 0, 0, 255
L 1230, 2750, 0, 1200, 2750, 0, 128, 128, 128
L 1200, 2690, 0, 1230, 2690, 0, 128, 128, 128
L 1200, 2750, 0, 1200, 2690, 0, 128, 128, 128
L 1230, 2750, 0, 1230, 2720, 0, 128, 128, 128
L 1230, 2720, 0, 1210, 2720, 0, 128, 128, 128
L 1290, 2690, 0, 1290, 2750, 0, 128, 128, 128
L 1250, 2690, 0, 1250, 2750, 0, 128, 128, 128
L 1250, 2750, 0, 1290, 2750, 0, 128, 128, 128
L 1310, 2690, 0, 1310, 2750, 0, 128, 128, 128
L 1330, 2690, 0, 1330, 2750, 0, 128, 128, 128
L 1370, 2750, 0, 1330, 2750, 0, 128, 128, 128
L 1400, 2750, 0, 1400, 2690, 0, 128, 128, 128
L 1410, 2750, 0, 1390, 2750, 0, 128, 128, 128
L 1420, 2720, 0, 1410, 2750, 0, 128, 128, 128
L 1410, 2690, 0, 1420, 2720, 0, 128, 128, 128
L 1390, 2690, 0, 1410, 2690, 0, 128, 128, 128
L 1540, 2690, 0, 1540, 2750, 0, 128, 128, 128
L 1520, 2720, 0, 1540, 2690, 0, 128, 128, 128
L 1500, 2690, 0, 1520, 2720, 0, 128, 128, 128
L 1500, 2750, 0, 1500, 2690, 0, 128, 128, 128
L 1570, 2720, 0, 1590, 2720, 0, 128, 128, 128
L 1580, 2690, 0, 1600, 2750, 0, 128, 128, 128
L 1560, 2750, 0, 1580, 2690, 0, 128, 128, 128
L 1620, 2690, 0, 1620, 2720, 0, 128, 128, 128
L 1620, 2750, 0, 1660, 2750, 0, 128, 128, 128
L 1660, 2720, 0, 1620, 2720, 0, 128, 128, 128
L 1620, 2690, 0, 1660, 2690, 0, 128, 128, 128
L 1660, 2720, 0, 1660, 2750, 0, 128, 128, 128
L 1700, 2690, 0, 1700, 2750, 0, 128, 128, 128
L 1680, 2690, 0, 1720, 2690, 0, 128, 128, 128
L 1740, 2720, 0, 1770, 2720, 0, 128, 128, 128
L 1740, 2750, 0, 1770, 2750, 0, 128, 128, 128
L 1740, 2690, 0, 1740, 2750, 0, 128, 128, 128
L 1770, 2690, 0, 1740, 2690, 0, 128, 128, 128
L 1790, 2690, 0, 1790, 2720, 0, 128, 128, 128
L 1790, 2720, 0, 1790, 2750, 0, 128, 128, 128
L 1790, 2720, 0, 1810, 2720, 0, 128, 128, 128
L 1830, 2720, 0, 1830, 2690, 0, 128, 128, 128
L 1790, 2690, 0, 1830, 2690, 0, 128, 128, 128
L 1810, 2720, 0, 1830, 2720, 0, 128, 128, 128
L 1830, 2750, 0, 1810, 2720, 0, 128, 128, 128
L 1200, 2780, 0, 1200, 2810, 0, 127, 64, 0
L 1240, 2840, 0, 1240, 2810, 0, 127, 64, 0
L 1200, 2810, 0, 1200, 2840, 0, 127, 64, 0
L 1240, 2810, 0, 1240, 2780, 0, 127, 64, 0
L 1200, 2810, 0, 1240, 2810, 0, 127, 64, 0
L 1300, 2780, 0, 1300, 2840, 0, 127, 64, 0
L 1260, 2780, 0, 1260, 2840, 0, 127, 64, 0
L 1260, 2840, 0, 1300, 2840, 0, 127, 64, 0
L 1350, 2840, 0, 1350, 2780, 0, 127, 64, 0
L 1320, 2780, 0, 1350, 2840, 0, 127, 64, 0
L 1320, 2840, 0, 1320, 2780, 0, 127, 64, 0
L 1390, 2780, 0, 1390, 2840, 0, 127, 64, 0
L 1370, 2780, 0, 1410, 2780, 0, 127, 64, 0
L 1430, 2810, 0, 1460, 2810, 0, 127, 64, 0
L 1430, 2840, 0, 1460, 2840, 0, 127, 64, 0
L 1430, 2780, 0, 1430, 2840, 0, 127, 64, 0
L 1460, 2780, 0, 1430, 2780, 0, 127, 64, 0
L 1480, 2780, 0, 1480, 2810, 0, 127, 64, 0
L 1480, 2810, 0, 1480, 2840, 0, 127, 64, 0
L 1480, 2810, 0, 1500, 2810, 0, 127, 64, 0
L 1520, 2810, 0, 1520, 2780, 0, 127, 64, 0
L 1480, 2780, 0, 1520, 2780, 0, 127, 64, 0
L 1500, 2810, 0, 1520, 2810, 0, 127, 64, 0
L 1520, 2840, 0, 1500, 2810, 0, 127, 64, 0
L 1240, 2870, 0, 1240, 2930, 0, 0, 127, 0
L 1220, 2900, 0, 1240, 2870, 0, 0, 127, 0
L 1200, 2870, 0, 1220, 2900, 0, 0, 127, 0
L 1200, 2930, 0, 1200, 2870, 0, 0, 127, 0
L 1260, 2900, 0, 1290, 2900, 0, 0, 127, 0
L 1260, 2930, 0, 1290, 2930, 0, 0, 127, 0
L 1260, 2870, 0, 1260, 2930, 0, 0, 127, 0
L 1290, 2870, 0, 1260, 2870, 0, 0, 127, 0
L 1310, 2870, 0, 1310, 2900, 0, 0, 127, 0
L 1310, 2900, 0, 1310, 2930, 0, 0, 127, 0
L 1310, 2900, 0, 1330, 2900, 0, 0, 127, 0
L 1350, 2900, 0, 1350, 2870, 0, 0, 127, 0
L 1310, 2870, 0, 1350, 2870, 0, 0, 127, 0
L 1330, 2900, 0, 1350, 2900, 0, 0, 127, 0
L 1350, 2930, 0, 1330, 2900, 0, 0, 127, 0
L 1400, 2930, 0, 1370, 2930, 0, 0, 127, 0
L 1370, 2870, 0, 1400, 2870, 0, 0, 127, 0
L 1370, 2930, 0, 1370, 2870, 0, 0, 127, 0
L 1420, 2870, 0, 1420, 2900, 0, 0, 127, 0
L 1460, 2930, 0, 1460, 2900, 0, 0, 127, 0
L 1420, 2900, 0, 1420, 2930, 0, 0, 127, 0
L 1460, 2900, 0, 1460, 2870, 0, 0, 127, 0
L 1420, 2900, 0, 1460, 2900, 0, 0, 127, 0
L 1490, 2900, 0, 1510, 2900, 0, 0, 127, 0
L 1500, 2870, 0, 1520, 2930, 0, 0, 127, 0
L 1480, 2930, 0, 1500, 2870, 0, 0, 127, 0
L 1570, 2930, 0, 1570, 2870, 0, 0, 127, 0
L 1540, 2870, 0, 1570, 2930, 0, 0, 127, 0
L 1540, 2930, 0, 1540, 2870, 0, 0, 127, 0
L 1610, 2870, 0, 1610, 2930, 0, 0, 127, 0
L 1590, 2870, 0, 1630, 2870, 0, 0, 127, 0
L 1240, 2960, 0, 1240, 3020, 0, 0, 127, 127
L 1220, 2990, 0, 1240, 2960, 0, 0, 127, 127
L 1200, 2960, 0, 1220, 2990, 0, 0, 127, 127
L 1200, 3020, 0, 1200, 2960, 0, 0, 127, 127
L 1260, 2960, 0, 1260, 3020, 0, 0, 127, 127
L 1280, 2960, 0, 1280, 2990, 0, 0, 127, 127
L 1280, 3020, 0, 1320, 3020, 0, 0, 127, 127
L 1320, 2990, 0, 1280, 2990, 0, 0, 127, 127
L 1280, 2960, 0, 1320, 2960, 0, 0, 127, 127
L 1320, 2990, 0, 1320, 3020, 0, 0, 127, 127
L 1340, 2960, 0, 1340, 2990, 0, 0, 127, 127
L 1340, 3020, 0, 1380, 3020, 0, 0, 127, 127
L 1380, 2990, 0, 1340, 2990, 0, 0, 127, 127
L 1340, 2960, 0, 1380, 2960, 0, 0, 127, 127
L 1380, 2990, 0, 1380, 3020, 0, 0, 127, 127
L 1400, 2960, 0, 1400, 3020, 0, 0, 127, 127
L 1420, 2960, 0, 1450, 2960, 0, 0, 127, 127
L 1420, 3020, 0, 1450, 3020, 0, 0, 127, 127
L 1420, 2960, 0, 1420, 3020, 0, 0, 127, 127
L 1450, 2960, 0, 1450, 3020, 0, 0, 127, 127
L 1500, 3020, 0, 1500, 2960, 0, 0, 127, 127
L 1470, 2960, 0, 1500, 3020, 0, 0, 127, 127
L 1470, 3020, 0, 1470, 2960, 0, 0, 127, 127
L 1230, 3110, 0, 1230, 3050, 0, 127, 64, 0
L 1200, 3050, 0, 1230, 3110, 0, 127, 64, 0
L 1200, 3110, 0, 1200, 3050, 0, 127, 64, 0
L 1260, 3080, 0, 1280, 3080, 0, 127, 64, 0
L 1270, 3050, 0, 1290, 3110, 0, 127, 64, 0
L 1250, 3110, 0, 1270, 3050, 0, 127, 64, 0
L 1350, 3050, 0, 1350, 3110, 0, 127, 64, 0
L 1330, 3080, 0, 1350, 3050, 0, 127, 64, 0
L 1310, 3050, 0, 1330, 3080, 0, 127, 64, 0
L 1310, 3110, 0, 1310, 3050, 0, 127, 64, 0
L 1370, 3080, 0, 1400, 3080, 0, 127, 64, 0
L 1370, 3110, 0, 1400, 3110, 0, 127, 64, 0
L 1370, 3050, 0, 1370, 3110, 0, 127, 64, 0
L 1400, 3050, 0, 1370, 3050, 0, 127, 64, 0
L 1430, 3110, 0, 1430, 3050, 0, 127, 64, 0
L 1440, 3110, 0, 1420, 3110, 0, 127, 64, 0
L 1450, 3080, 0, 1440, 3110, 0, 127, 64, 0
L 1440, 3050, 0, 1450, 3080, 0, 127, 64, 0
L 1420, 3050, 0, 1440, 3050, 0, 127, 64, 0
L 1230, 3170, 0, 1200, 3170, 0, 0, 255, 0
L 1230, 3140, 0, 1230, 3170, 0, 0, 255, 0
L 1200, 3140, 0, 1230, 3140, 0, 0, 255, 0
L 1200, 3200, 0, 1200, 3140, 0, 0, 255, 0
L 1260, 3170, 0, 1280, 3170, 0, 0, 255, 0
L 1270, 3140, 0, 1290, 3200, 0, 0, 255, 0
L 1250, 3200, 0, 1270, 3140, 0, 0, 255, 0
L 1310, 3140, 0, 1310, 3170, 0, 0, 255, 0
L 1310, 3170, 0, 1310, 3200, 0, 0, 255, 0
L 1310, 3170, 0, 1330, 3170, 0, 0, 255, 0
L 1350, 3170, 0, 1350, 3140, 0, 0, 255, 0
L 1310, 3140, 0, 1350, 3140, 0, 0, 255, 0
L 1330, 3170, 0, 1350, 3170, 0, 0, 255, 0
L 1350, 3200, 0, 1330, 3170, 0, 0, 255, 0
L 1400, 3200, 0, 1370, 3200, 0, 0, 255, 0
L 1370, 3140, 0, 1400, 3140, 0, 0, 255, 0
L 1370, 3200, 0, 1370, 3140, 0, 0, 255, 0
L 1420, 3170, 0, 1450, 3170, 0, 0, 255, 0
L 1420, 3200, 0, 1450, 3200, 0, 0, 255, 0
L 1420, 3140, 0, 1420, 3200, 0, 0, 255, 0
L 1450, 3140, 0, 1420, 3140, 0, 0, 255, 0
L 1470, 3140, 0, 1470, 3200, 0, 0, 255, 0
L 1510, 3200, 0, 1470, 3200, 0, 0, 255, 0
L 1530, 3140, 0, 1530, 3170, 0, 0, 255, 0
L 1530, 3200, 0, 1570, 3200, 0, 0, 255, 0
L 1570, 3170, 0, 1530, 3170, 0, 0, 255, 0
L 1530, 3140, 0, 1570, 3140, 0, 0, 255, 0
L 1570, 3170, 0, 1570, 3200, 0, 0, 255, 0
L 1200, 3230, 0, 1200, 3260, 0, 0, 240, 240
L 1200, 3260, 0, 1200, 3290, 0, 0, 240, 240
L 1200, 3260, 0, 1220, 3260, 0, 0, 240, 240
L 1240, 3260, 0, 1240, 3230, 0, 0, 240, 240
L 1200, 3230, 0, 1240, 3230, 0, 0, 240, 240
L 1220, 3260, 0, 1240, 3260, 0, 0, 240, 240
L 1240, 3290, 0, 1220, 3260, 0, 0, 240, 240
L 1270, 3260, 0, 1290, 3260, 0, 0, 240, 240
L 1280, 3230, 0, 1300, 3290, 0, 0, 240, 240
L 1260, 3290, 0, 1280, 3230, 0, 0, 240, 240
L 1320, 3230, 0, 1320, 3290, 0, 0, 240, 240
L 1350, 3290, 0, 1350, 3230, 0, 0, 240, 240
L 1360, 3290, 0, 1340, 3290, 0, 0, 240, 240
L 1370, 3260, 0, 1360, 3290, 0, 0, 240, 240
L 1360, 3230, 0, 1370, 3260, 0, 0, 240, 240
L 1340, 3230, 0, 1360, 3230, 0, 0, 240, 240
L 1200, 3320, 0, 1200, 3350, 0, 0, 255, 0
L 1200, 3380, 0, 1240, 3380, 0, 0, 255, 0
L 1240, 3350, 0, 1200, 3350, 0, 0, 255, 0
L 1200, 3320, 0, 1240, 3320, 0, 0, 255, 0
L 1240, 3350, 0, 1240, 3380, 0, 0, 255, 0
L 1290, 3350, 0, 1260, 3350, 0, 0, 255, 0
L 1290, 3320, 0, 1290, 3350, 0, 0, 255, 0
L 1260, 3320, 0, 1290, 3320, 0, 0, 255, 0
L 1260, 3380, 0, 1260, 3320, 0, 0, 255, 0
L 1310, 3350, 0, 1340, 3350, 0, 0, 255, 0
L 1310, 3380, 0, 1340, 3380, 0, 0, 255, 0
L 1310, 3320, 0, 1310, 3380, 0, 0, 255, 0
L 1340, 3320, 0, 1310, 3320, 0, 0, 255, 0
L 1390, 3380, 0, 1360, 3380, 0, 0, 255, 0
L 1360, 3320, 0, 1390, 3320, 0, 0, 255, 0
L 1360, 3380, 0, 1360, 3320, 0, 0, 255, 0
L 1410, 3320, 0, 1410, 3380, 0, 0, 255, 0
L 1440, 3350, 0, 1460, 3350, 0, 0, 255, 0
L 1450, 3320, 0, 1470, 3380, 0, 0, 255, 0
L 1430, 3380, 0, 1450, 3320, 0, 0, 255, 0
L 1490, 3320, 0, 1490, 3380, 0, 0, 255, 0
L 1530, 3380, 0, 1490, 3380, 0, 0, 255, 0
L 1640, 3380, 0, 1610, 3380, 0, 0, 255, 0
L 1610, 3320, 0, 1640, 3320, 0, 0, 255, 0
L 1610, 3380, 0, 1610, 3320, 0, 0, 255, 0
L 1700, 3320, 0, 1700, 3380, 0, 0, 255, 0
L 1660, 3320, 0, 1660, 3380, 0, 0, 255, 0
L 1660, 3380, 0, 1700, 3380, 0, 0, 255, 0
L 1720, 3320, 0, 1720, 3350, 0, 0, 255, 0
L 1720, 3350, 0, 1720, 3380, 0, 0, 255, 0
L 1720, 3350, 0, 1740, 3350, 0, 0, 255, 0
L 1760, 3350, 0, 1760, 3320, 0, 0, 255, 0
L 1720, 3320, 0, 1760, 3320, 0, 0, 255, 0
L 1740, 3350, 0, 1760, 3350, 0, 0, 255, 0
L 1760, 3380, 0, 1740, 3350, 0, 0, 255, 0
L 1780, 3320, 0, 1780, 3350, 0, 0, 255, 0
L 1780, 3350, 0, 1780, 3380, 0, 0, 255, 0
L 1780, 3350, 0, 1800, 3350, 0, 0, 255, 0
L 1820, 3350, 0, 1820, 3320, 0, 0, 255, 0
L 1780, 3320, 0, 1820, 3320, 0, 0, 255, 0
L 1800, 3350, 0, 1820, 3350, 0, 0, 255, 0
L 1820, 3380, 0, 1800, 3350, 0, 0, 255, 0
L 1840, 3350, 0, 1870, 3350, 0, 0, 255, 0
L 1840, 3380, 0, 1870, 3380, 0, 0, 255, 0
L 1840, 3320, 0, 1840, 3380, 0, 0, 255, 0
L 1870, 3320, 0, 1840, 3320, 0, 0, 255, 0
L 1920, 3380, 0, 1920, 3320, 0, 0, 255, 0
L 1890, 3320, 0, 1920, 3380, 0, 0, 255, 0
L 1890, 3380, 0, 1890, 3320, 0, 0, 255, 0
L 1970, 3380, 0, 1940, 3380, 0, 0, 255, 0
L 1940, 3320, 0, 1970, 3320, 0, 0, 255, 0
L 1940, 3380, 0, 1940, 3320, 0, 0, 255, 0
L 2010, 3350, 0, 2010, 3380, 0, 0, 255, 0
L 2010, 3350, 0, 2030, 3320, 0, 0, 255, 0
L 1990, 3320, 0, 2010, 3350, 0, 0, 255, 0
L 1200, 3410, 0, 1200, 3440, 0, 255, 0, 0
L 1200, 3470, 0, 1240, 3470, 0, 255, 0, 0
L 1240, 3440, 0, 1200, 3440, 0, 255, 0, 0
L 1200, 3410, 0, 1240, 3410, 0, 255, 0, 0
L 1240, 3440, 0, 1240, 3470, 0, 255, 0, 0
L 1300, 3410, 0, 1300, 3470, 0, 255, 0, 0
L 1260, 3410, 0, 1260, 3470, 0, 255, 0, 0
L 1260, 3470, 0, 1300, 3470, 0, 255, 0, 0
L 1350, 3470, 0, 1320, 3470, 0, 255, 0, 0
L 1320, 3410, 0, 1350, 3410, 0, 255, 0, 0
L 1320, 3470, 0, 1320, 3410, 0, 255, 0, 0
L 1400, 3470, 0, 1370, 3470, 0, 255, 0, 0
L 1370, 3410, 0, 1400, 3410, 0, 255, 0, 0
L 1370, 3470, 0, 1370, 3410, 0, 255, 0, 0
L 1420, 3410, 0, 1450, 3410, 0, 255, 0, 0
L 1420, 3470, 0, 1450, 3470, 0, 255, 0, 0
L 1420, 3410, 0, 1420, 3470, 0, 255, 0, 0
L 1450, 3410, 0, 1450, 3470, 0, 255, 0, 0
L 1470, 3410, 0, 1470, 3440, 0, 255, 0, 0
L 1470, 3440, 0, 1470, 3470, 0, 255, 0, 0
L 1470, 3440, 0, 1490, 3440, 0, 255, 0, 0
L 1510, 3440, 0, 1510, 3410, 0, 255, 0, 0
L 1470, 3410, 0, 1510, 3410, 0, 255, 0, 0
L 1490, 3440, 0, 1510, 3440, 0, 255, 0, 0
L 1510, 3470, 0, 1490, 3440, 0, 255, 0, 0
L 1220, 3500, 0, 1220, 3560, 0, 255, 255, 0
L 1200, 3500, 0, 1240, 3500, 0, 255, 255, 0
L 1260, 3530, 0, 1290, 3530, 0, 255, 255, 0
L 1260, 3560, 0, 1290, 3560, 0, 255, 255, 0
L 1260, 3500, 0, 1260, 3560, 0, 255, 255, 0
L 1290, 3500, 0, 1260, 3500, 0, 255, 255, 0
L 1310, 3500, 0, 1310, 3560, 0, 255, 255, 0
L 1350, 3560, 0, 1310, 3560, 0, 255, 255, 0
L 1370, 3530, 0, 1400, 3530, 0, 255, 255, 0
L 1370, 3560, 0, 1400, 3560, 0, 255, 255, 0
L 1370, 3500, 0, 1370, 3560, 0, 255, 255, 0
L 1400, 3500, 0, 1370, 3500, 0, 255, 255, 0
L 1450, 3530, 0, 1420, 3530, 0, 255, 255, 0
L 1450, 3500, 0, 1450, 3530, 0, 255, 255, 0
L 1420, 3500, 0, 1450, 3500, 0, 255, 255, 0
L 1420, 3560, 0, 1420, 3500, 0, 255, 255, 0
L 1470, 3500, 0, 1500, 3500, 0, 255, 255, 0
L 1470, 3560, 0, 1500, 3560, 0, 255, 255, 0
L 1470, 3500, 0, 1470, 3560, 0, 255, 255, 0
L 1500, 3500, 0, 1500, 3560, 0, 255, 255, 0
L 1520, 3500, 0, 1520, 3530, 0, 255, 255, 0
L 1520, 3530, 0, 1520, 3560, 0, 255, 255, 0
L 1520, 3530, 0, 1540, 3530, 0, 255, 255, 0
L 1560, 3530, 0, 1560, 3500, 0, 255, 255, 0
L 1520, 3500, 0, 1560, 3500, 0, 255, 255, 0
L 1540, 3530, 0, 1560, 3530, 0, 255, 255, 0
L 1560, 3560, 0, 1540, 3530, 0, 255, 255, 0
L 1600, 3500, 0, 1600, 3560, 0, 255, 255, 0
L 1580, 3500, 0, 1620, 3500, 0, 255, 255, 0
L 1220, 3590, 0, 1220, 3650, 0, 128, 0, 128
L 1200, 3590, 0, 1240, 3590, 0, 128, 0, 128
L 1260, 3590, 0, 1260, 3620, 0, 128, 0, 128
L 1260, 3620, 0, 1260, 3650, 0, 128, 0, 128
L 1260, 3620, 0, 1280, 3620, 0, 128, 0, 128
L 1300, 3620, 0, 1300, 3590, 0, 128, 0, 128
L 1260, 3590, 0, 1300, 3590, 0, 128, 0, 128
L 1280, 3620, 0, 1300, 3620, 0, 128, 0, 128
L 1300, 3650, 0, 1280, 3620, 0, 128, 0, 128
L 1330, 3620, 0, 1350, 3620, 0, 128, 0, 128
L 1340, 3590, 0, 1360, 3650, 0, 128, 0, 128
L 1320, 3650, 0, 1340, 3590, 0, 128, 0, 128
L 1390, 3650, 0, 1390, 3590, 0, 128, 0, 128
L 1400, 3650, 0, 1380, 3650, 0, 128, 0, 128
L 1410, 3620, 0, 1400, 3650, 0, 128, 0, 128
L 1400, 3590, 0, 1410, 3620, 0, 128, 0, 128
L 1380, 3590, 0, 1400, 3590, 0, 128, 0, 128
L 1430, 3620, 0, 1460, 3620, 0, 128, 0, 128
L 1430, 3650, 0, 1460, 3650, 0, 128, 0, 128
L 1430, 3590, 0, 1430, 3650, 0, 128, 0, 128
L 1460, 3590, 0, 1430, 3590, 0, 128, 0, 128
L 1480, 3590, 0, 1480, 3620, 0, 128, 0, 128
L 1480, 3650, 0, 1520, 3650, 0, 128, 0, 128
L 1520, 3620, 0, 1480, 3620, 0, 128, 0, 128
L 1480, 3590, 0, 1520, 3590, 0, 128, 0, 128
L 1520, 3620, 0, 1520, 3650, 0, 128, 0, 128
L 1540, 3590, 0, 1540, 3620, 0, 128, 0, 128
L 1540, 3620, 0, 1540, 3650, 0, 128, 0, 128
L 1540, 3620, 0, 1580, 3650, 0, 128, 0, 128
L 1540, 3620, 0, 1580, 3590, 0, 128, 0, 128
L 1600, 3590, 0, 1600, 3650, 0, 128, 0, 128
L 1620, 3590, 0, 1620, 3650, 0, 128, 0, 128
L 1660, 3650, 0, 1620, 3650, 0, 128, 0, 128
L 1680, 3590, 0, 1680, 3650, 0, 128, 0, 128
L 1720, 3650, 0, 1680, 3650, 0, 128, 0, 128
L 1830, 3650, 0, 1800, 3650, 0, 128, 0, 128
L 1800, 3590, 0, 1830, 3590, 0, 128, 0, 128
L 1800, 3650, 0, 1800, 3590, 0, 128, 0, 128
L 1850, 3590, 0, 1880, 3590, 0, 128, 0, 128
L 1850, 3650, 0, 1880, 3650, 0, 128, 0, 128
L 1850, 3590, 0, 1850, 3650, 0, 128, 0, 128
L 1880, 3590, 0, 1880, 3650, 0, 128, 0, 128
L 1930, 3650, 0, 1930, 3590, 0, 128, 0, 128
L 1900, 3590, 0, 1930, 3650, 0, 128, 0, 128
L 1900, 3650, 0, 1900, 3590, 0, 128, 0, 128
L 1970, 3590, 0, 1970, 3650, 0, 128, 0, 128
L 1950, 3590, 0, 1990, 3590, 0, 128, 0, 128
L 2020, 3620, 0, 2040, 3620, 0, 128, 0, 128
L 2030, 3590, 0, 2050, 3650, 0, 128, 0, 128
L 2010, 3650, 0, 2030, 3590, 0, 128, 0, 128
L 2070, 3590, 0, 2070, 3650, 0, 128, 0, 128
L 2120, 3650, 0, 2120, 3590, 0, 128, 0, 128
L 2090, 3590, 0, 2120, 3650, 0, 128, 0, 128
L 2090, 3650, 0, 2090, 3590, 0, 128, 0, 128
L 2140, 3620, 0, 2170, 3620, 0, 128, 0, 128
L 2140, 3650, 0, 2170, 3650, 0, 128, 0, 128
L 2140, 3590, 0, 2140, 3650, 0, 128, 0, 128
L 2170, 3590, 0, 2140, 3590, 0, 128, 0, 128
L 2190, 3590, 0, 2190, 3620, 0, 128, 0, 128
L 2190, 3620, 0, 2190, 3650, 0, 128, 0, 128
L 2190, 3620, 0, 2210, 3620, 0, 128, 0, 128
L 2230, 3620, 0, 2230, 3590, 0, 128, 0, 128
L 2190, 3590, 0, 2230, 3590, 0, 128, 0, 128
L 2210, 3620, 0, 2230, 3620, 0, 128, 0, 128
L 2230, 3650, 0, 2210, 3620, 0, 128, 0, 128
L 1220, 3680, 0, 1220, 3740, 0, 255, 255, 0
L 1200, 3680, 0, 1240, 3680, 0, 255, 255, 0
L 1260, 3680, 0, 1260, 3710, 0, 255, 255, 0
L 1260, 3710, 0, 1260, 3740, 0, 255, 255, 0
L 1260, 3710, 0, 1280, 3710, 0, 255, 255, 0
L 1300, 3710, 0, 1300, 3680, 0, 255, 255, 0
L 1260, 3680, 0, 1300, 3680, 0, 255, 255, 0
L 1280, 3710, 0, 1300, 3710, 0, 255, 255, 0
L 1300, 3740, 0, 1280, 3710, 0, 255, 255, 0
L 1330, 3710, 0, 1350, 3710, 0, 255, 255, 0
L 1340, 3680, 0, 1360, 3740, 0, 255, 255, 0
L 1320, 3740, 0, 1340, 3680, 0, 255, 255, 0
L 1410, 3710, 0, 1380, 3710, 0, 255, 255, 0
L 1410, 3680, 0, 1410, 3710, 0, 255, 255, 0
L 1380, 3680, 0, 1410, 3680, 0, 255, 255, 0
L 1380, 3740, 0, 1380, 3680, 0, 255, 255, 0
L 1230, 3770, 0, 1200, 3770, 0, 255, 0, 0
L 1200, 3830, 0, 1230, 3770, 0, 255, 0, 0
L 1200, 3830, 0, 1230, 3830, 0, 255, 0, 0
L 1250, 3770, 0, 1280, 3770, 0, 255, 0, 0
L 1250, 3830, 0, 1280, 3830, 0, 255, 0, 0
L 1250, 3770, 0, 1250, 3830, 0, 255, 0, 0
L 1280, 3770, 0, 1280, 3830, 0, 255, 0, 0
L 1330, 3830, 0, 1330, 3770, 0, 255, 0, 0
L 1300, 3770, 0, 1330, 3830, 0, 255, 0, 0
L 1300, 3830, 0, 1300, 3770, 0, 255, 0, 0
L 1350, 3800, 0, 1380, 3800, 0, 255, 0, 0
L 1350, 3830, 0, 1380, 3830, 0, 255, 0, 0
L 1350, 3770, 0, 1350, 3830, 0, 255, 0, 0
L 1380, 3770, 0, 1350, 3770, 0, 255, 0, 0
P 200, 2200, 0, 0, 0, 0, 2, Original_Map:_Brewall_Rainsinger
P 200, 2400, 0, 0, 0, 0, 2, http://www.eqmaps.info
P 200, 2600, 0, 0, 0, 0, 2, Return_of_the_Exiled_(www.roteguild.org)
P 200, 2800, 0, 127, 0, 127, 2, Prop_Hunt_Mob_Drop:_elementals_with_actor_names
P 200, 3000, 0, 0, 0, 0, 2, A_Bunch_of_Wild_and_Fungis_Mob_Drop:_mushrooms
P 200, 3200, 0, 240, 240, 240, 2, Color_Theory_Ground_Spawn:_top_level
P 200, 3400, 0, 240, 240, 0, 2, Places,_People!_Places!_Ground_Spawn:_bottom_level
P 200, 3600, 0, 127, 64, 0, 2, Agaricusus_PH=a_hearty_saprophyte
P 200, 3800, 0, 127, 64, 0, 2, Ayoaenae_PH=an_apathetic_thespian
P 200, 4000, 0, 127, 64, 0, 2, Bavajam_PH=a_spectral_grizzly
P 200, 4200, 0, 127, 64, 0, 2, Drinil_PH=a_rowdy_stand_in
P 200, 4400, 0, 127, 64, 0, 2, Faceted_Windra_PH=a_crystal_medusa
P 200, 4600, 0, 127, 64, 0, 2, Psylopsybl_PH=a_truffle_shambler
P 200, 4800, 0, 127, 64, 0, 2, Sejtab_Mahinee_PH=a_disgrunted_stagehand
