P -1387.0000, -296.0000, 52.1290, 255, 0, 0, 3, from_The_Plane_of_Knowledge
P -2470.9231, -2035.5240, 40.5330, 255, 0, 0, 3, to_Sverag,_Stronghold_of_Rage_(Attack_Door)
P -1390.0000, -216.0000, 49.4982, 240, 0, 0, 2, Succor
P -576.6614, -705.1555, 52.1717, 255, 255, 0, 2, Instance_(Seething_Wall)
P -2077.4497, -2993.6589, 40.6366, 0, 0, 240, 1, GS:_Pitaya
P -2111.6201, -2937.6909, 40.6786, 0, 0, 240, 1, GS:_Psilocybe_of_Rage
P -2277.5449, -284.3670, 45.3690, 255, 255, 255, 2, Catapult
P -2461.7549, -2522.8159, 39.9960, 255, 255, 255, 2, Catapult
P -1544.8390, -2532.7429, 39.9440, 255, 255, 255, 2, Ballista
P -3649.5081, -2599.7820, -20.1680, 255, 255, 255, 2, Catapult
P -903.0920, -3008.4199, -40.1060, 255, 255, 255, 2, Catapult
P -837.1360, -1661.6830, 25.3060, 255, 255, 255, 2, Catapult
P -3563.8840, -2292.4629, -18.7186, 240, 240, 240, 2, Ballista
P -2236.7939, -3089.5410, 83.1012, 240, 240, 0, 2, Flag
P -2738.9978, -3397.7339, 46.7528, 240, 240, 0, 2, Flag
P -3638.4521, -2074.4180, -13.2297, 240, 240, 0, 2, Flag
P -1882.1827, -925.2277, 8.7587, 240, 240, 0, 1, Flag
P -1153.0547, -1039.5117, 13.9564, 240, 240, 0, 2, Flag
P -438.4046, -2843.0818, 30.7565, 240, 240, 0, 2, Flag
P -1074.8972, -2816.6536, -18.3816, 240, 240, 0, 2, Flag
P -1635.4663, -2883.1921, 40.7634, 240, 240, 0, 2, Flag
P -2529.0771, -1132.9701, 41.5926, 240, 240, 240, 2, Balista
P -3517.7563, -1614.6844, 4.4481, 240, 240, 240, 2, Ballista
P -2747.9104, -3056.0376, 89.5507, 240, 240, 240, 2, Ballista
P -2796.2556, -3110.2947, 87.0718, 240, 240, 240, 2, Catapult
P -2371.3550, -3748.2434, 81.9532, 240, 240, 240, 2, Catapult
P -2234.1033, -3517.5945, 80.7836, 240, 240, 240, 2, Catapult
P -667.0831, -1603.0073, 39.6798, 240, 240, 240, 2, Ballista
P -1531.7271, -271.2560, 49.1680, 0, 240, 240, 2, Oathmir_the_Outcast_(Raid,Group)
P -2852.3689, -2646.4529, 39.1070, 0, 0, 0, 2, Ragewind
P -2365.5100, -2672.4441, 22.9340, 0, 0, 0, 2, Ragewind
P -1173.6798, -2650.5029, -19.2344, 0, 0, 0, 2, Titanothon_(Roam)
P -687.6580, -2370.3479, -15.5800, 0, 0, 0, 2, Savage_Fury_Gribfiend_(Troll)
P -643.1500, -1619.3669, 29.9890, 0, 0, 0, 2, Trolgar_the_Tremendous_(Orc)
P -1782.4750, -676.8020, 1.4420, 0, 0, 0, 2, Commander_Iszdulor_(Illsalin)
P -1565.7200, -860.7360, 3.1210, 0, 0, 0, 2, Savage_Fury_Lars_Hanagar_(Barbarian)
P -1125.7310, -1331.1219, 10.3730, 0, 0, 0, 2, Nydiran_the_Unrelenting_(Dragon)
P -2130.1001, -1564.6080, 39.3630, 0, 0, 0, 2, Dren_the_Outcast