L 1000.0, 0.0, 0.0, 1000.0, -50.0, 0.0, 255, 0, 0
L -20.0, 50.0, 0.0, -50.0, 20.0, 0.0, 255, 0, 0
L 50.0, 20.0, 0.0, 20.0, 50.0, 0.0, 255, 0, 0
L 20.0, -50.0, 0.0, 50.0, -20.0, 0.0, 255, 0, 0
L -50.0, -20.0, 0.0, -20.0, -50.0, 0.0, 255, 0, 0
L -50.0, 20.0, 0.0, -50.0, -20.0, 0.0, 255, 0, 0
L 20.0, 50.0, 0.0, -20.0, 50.0, 0.0, 255, 0, 0
L 50.0, -20.0, 0.0, 50.0, 20.0, 0.0, 255, 0, 0
L -20.0, -50.0, 0.0, 20.0, -50.0, 0.0, 255, 0, 0
L 580.0, -20.0, 0.0, 540.0, -20.0, 0.0, 255, 0, 0
L 580.0, -90.0, 0.0, 580.0, -20.0, 0.0, 255, 0, 0
L 540.0, -90.0, 0.0, 580.0, -90.0, 0.0, 255, 0, 0
L 540.0, -20.0, 0.0, 540.0, -90.0, 0.0, 255, 0, 0
L 520.0, -20.0, 0.0, 480.0, -20.0, 0.0, 255, 0, 0
L 520.0, -90.0, 0.0, 520.0, -20.0, 0.0, 255, 0, 0
L 480.0, -90.0, 0.0, 520.0, -90.0, 0.0, 255, 0, 0
L 480.0, -20.0, 0.0, 480.0, -90.0, 0.0, 255, 0, 0
L 460.0, -90.0, 0.0, 450.0, -80.0, 0.0, 255, 0, 0
L 460.0, -20.0, 0.0, 460.0, -90.0, 0.0, 255, 0, 0
L 0.0, -250.0, 0.0, 0.0, 250.0, 0.0, 255, 0, 0
L -250.0, 0.0, 0.0, 1000.0, 0.0, 0.0, 255, 0, 0
L -120.0, -80.0, 0.0, -120.0, -60.0, 0.0, 255, 0, 0
L -120.0, -60.0, 0.0, -120.0, -40.0, 0.0, 255, 0, 0
L -100.0, -60.0, 0.0, -120.0, -60.0, 0.0, 255, 0, 0
L -120.0, -60.0, 0.0, -140.0, -60.0, 0.0, 255, 0, 0
L -90.0, -50.0, 0.0, -100.0, -30.0, 0.0, 255, 0, 0
L -60.0, -80.0, 0.0, -60.0, -60.0, 0.0, 255, 0, 0
L -60.0, -60.0, 0.0, -60.0, -40.0, 0.0, 255, 0, 0
L -40.0, -60.0, 0.0, -60.0, -60.0, 0.0, 255, 0, 0
L -60.0, -60.0, 0.0, -80.0, -60.0, 0.0, 255, 0, 0
L 100.0, 60.0, 0.0, 120.0, 60.0, 0.0, 255, 0, 0
L 120.0, 60.0, 0.0, 140.0, 60.0, 0.0, 255, 0, 0
L 90.0, 70.0, 0.0, 80.0, 90.0, 0.0, 255, 0, 0
L 40.0, 60.0, 0.0, 60.0, 60.0, 0.0, 255, 0, 0
L 60.0, 60.0, 0.0, 80.0, 60.0, 0.0, 255, 0, 0
L -100.0, 60.0, 0.0, -120.0, 60.0, 0.0, 255, 0, 0
L -120.0, 60.0, 0.0, -140.0, 60.0, 0.0, 255, 0, 0
L -90.0, 70.0, 0.0, -100.0, 90.0, 0.0, 255, 0, 0
L -60.0, 80.0, 0.0, -60.0, 60.0, 0.0, 255, 0, 0
L -60.0, 60.0, 0.0, -60.0, 40.0, 0.0, 255, 0, 0
L -40.0, 60.0, 0.0, -60.0, 60.0, 0.0, 255, 0, 0
L -60.0, 60.0, 0.0, -80.0, 60.0, 0.0, 255, 0, 0
L 100.0, -60.0, 0.0, 120.0, -60.0, 0.0, 255, 0, 0
L 120.0, -60.0, 0.0, 140.0, -60.0, 0.0, 255, 0, 0
L 90.0, -50.0, 0.0, 80.0, -30.0, 0.0, 255, 0, 0
L 60.0, -80.0, 0.0, 60.0, -60.0, 0.0, 255, 0, 0
L 60.0, -60.0, 0.0, 60.0, -40.0, 0.0, 255, 0, 0
L 40.0, -60.0, 0.0, 60.0, -60.0, 0.0, 255, 0, 0
L 60.0, -60.0, 0.0, 80.0, -60.0, 0.0, 255, 0, 0
L 599.0, -90.0, 0.0, 637.3, -90.0, 0.0, 255, 0, 0
L 599.0, -20.0, 0.0, 637.3, -20.0, 0.0, 255, 0, 0
L 599.0, -90.0, 0.0, 599.0, -20.0, 0.0, 255, 0, 0
L 637.3, -90.0, 0.0, 637.3, -20.0, 0.0, 255, 0, 0
L 700, 1600, 0, 700, 1660, 0, 0, 0, 0
L 740, 1660, 0, 700, 1660, 0, 0, 0, 0
L 760, 1630, 0, 790, 1630, 0, 0, 0, 0
L 760, 1660, 0, 790, 1660, 0, 0, 0, 0
L 760, 1600, 0, 760, 1660, 0, 0, 0, 0
L 790, 1600, 0, 760, 1600, 0, 0, 0, 0
L 840, 1660, 0, 810, 1660, 0, 0, 0, 0
L 810, 1600, 0, 840, 1600, 0, 0, 0, 0
L 810, 1660, 0, 810, 1600, 0, 0, 0, 0
L 840, 1660, 0, 840, 1630, 0, 0, 0, 0
L 840, 1630, 0, 820, 1630, 0, 0, 0, 0
L 860, 1630, 0, 890, 1630, 0, 0, 0, 0
L 860, 1660, 0, 890, 1660, 0, 0, 0, 0
L 860, 1600, 0, 860, 1660, 0, 0, 0, 0
L 890, 1600, 0, 860, 1600, 0, 0, 0, 0
L 940, 1660, 0, 940, 1600, 0, 0, 0, 0
L 910, 1600, 0, 940, 1660, 0, 0, 0, 0
L 910, 1660, 0, 910, 1600, 0, 0, 0, 0
L 970, 1660, 0, 970, 1600, 0, 0, 0, 0
L 980, 1660, 0, 960, 1660, 0, 0, 0, 0
L 990, 1630, 0, 980, 1660, 0, 0, 0, 0
L 980, 1600, 0, 990, 1630, 0, 0, 0, 0
L 960, 1600, 0, 980, 1600, 0, 0, 0, 0
L 700, 1730, 0, 820, 1730, 0, 255, 255, 0
L 700, 1810, 0, 820, 1810, 0, 255, 255, 0
L 820, 1730, 0, 820, 1810, 0, 255, 255, 0
L 700, 1810, 0, 700, 1730, 0, 255, 255, 0
L 820, 1810, 0, 760, 1770, 0, 255, 255, 0
L 820, 1730, 0, 760, 1770, 0, 255, 255, 0
L 760, 1770, 0, 700, 1730, 0, 255, 255, 0
L 760, 1770, 0, 700, 1810, 0, 255, 255, 0
L 880, 1740, 0, 880, 1800, 0, 0, 0, 0
L 860, 1740, 0, 900, 1740, 0, 0, 0, 0
L 920, 1770, 0, 950, 1770, 0, 0, 0, 0
L 920, 1800, 0, 950, 1800, 0, 0, 0, 0
L 920, 1740, 0, 920, 1800, 0, 0, 0, 0
L 950, 1740, 0, 920, 1740, 0, 0, 0, 0
L 970, 1740, 0, 970, 1800, 0, 0, 0, 0
L 1010, 1800, 0, 970, 1800, 0, 0, 0, 0
L 1030, 1770, 0, 1060, 1770, 0, 0, 0, 0
L 1030, 1800, 0, 1060, 1800, 0, 0, 0, 0
L 1030, 1740, 0, 1030, 1800, 0, 0, 0, 0
L 1060, 1740, 0, 1030, 1740, 0, 0, 0, 0
L 1110, 1770, 0, 1080, 1770, 0, 0, 0, 0
L 1110, 1740, 0, 1110, 1770, 0, 0, 0, 0
L 1080, 1740, 0, 1110, 1740, 0, 0, 0, 0
L 1080, 1800, 0, 1080, 1740, 0, 0, 0, 0
L 1130, 1740, 0, 1160, 1740, 0, 0, 0, 0
L 1130, 1800, 0, 1160, 1800, 0, 0, 0, 0
L 1130, 1740, 0, 1130, 1800, 0, 0, 0, 0
L 1160, 1740, 0, 1160, 1800, 0, 0, 0, 0
L 1180, 1740, 0, 1180, 1770, 0, 0, 0, 0
L 1180, 1770, 0, 1180, 1800, 0, 0, 0, 0
L 1180, 1770, 0, 1200, 1770, 0, 0, 0, 0
L 1220, 1770, 0, 1220, 1740, 0, 0, 0, 0
L 1180, 1740, 0, 1220, 1740, 0, 0, 0, 0
L 1200, 1770, 0, 1220, 1770, 0, 0, 0, 0
L 1220, 1800, 0, 1200, 1770, 0, 0, 0, 0
L 1260, 1740, 0, 1260, 1800, 0, 0, 0, 0
L 1240, 1740, 0, 1280, 1740, 0, 0, 0, 0
L 700, 1930, 0, 760, 1930, 0, 0, 0, 0
L 700, 1850, 0, 760, 1850, 0, 0, 0, 0
L 730, 1903, 0, 730, 1877, 0, 205, 133, 63
L 760, 1930, 0, 820, 1930, 0, 0, 0, 0
L 760, 1930, 0, 760, 1903, 0, 205, 133, 63
L 730, 1903, 0, 790, 1903, 0, 205, 133, 63
L 730, 1877, 0, 760, 1877, 0, 205, 133, 63
L 760, 1877, 0, 790, 1877, 0, 205, 133, 63
L 760, 1850, 0, 820, 1850, 0, 0, 0, 0
L 760, 1877, 0, 760, 1850, 0, 205, 133, 63
L 790, 1903, 0, 790, 1877, 0, 205, 133, 63
L 870, 1920, 0, 870, 1860, 0, 0, 0, 0
L 880, 1920, 0, 860, 1920, 0, 0, 0, 0
L 890, 1890, 0, 880, 1920, 0, 0, 0, 0
L 880, 1860, 0, 890, 1890, 0, 0, 0, 0
L 860, 1860, 0, 880, 1860, 0, 0, 0, 0
L 910, 1860, 0, 940, 1860, 0, 0, 0, 0
L 910, 1920, 0, 940, 1920, 0, 0, 0, 0
L 910, 1860, 0, 910, 1920, 0, 0, 0, 0
L 940, 1860, 0, 940, 1920, 0, 0, 0, 0
L 960, 1860, 0, 990, 1860, 0, 0, 0, 0
L 960, 1920, 0, 990, 1920, 0, 0, 0, 0
L 960, 1860, 0, 960, 1920, 0, 0, 0, 0
L 990, 1860, 0, 990, 1920, 0, 0, 0, 0
L 1010, 1860, 0, 1010, 1890, 0, 0, 0, 0
L 1010, 1890, 0, 1010, 1920, 0, 0, 0, 0
L 1010, 1890, 0, 1030, 1890, 0, 0, 0, 0
L 1050, 1890, 0, 1050, 1860, 0, 0, 0, 0
L 1010, 1860, 0, 1050, 1860, 0, 0, 0, 0
L 1030, 1890, 0, 1050, 1890, 0, 0, 0, 0
L 1050, 1920, 0, 1030, 1890, 0, 0, 0, 0
L 700, 1970, 0, 700, 2000, 0, 255, 210, 0
L 700, 1970, 0, 720, 1970, 0, 255, 210, 0
L 720, 2030, 0, 700, 2030, 0, 255, 210, 0
L 700, 2000, 0, 700, 2030, 0, 255, 210, 0
L 720, 2000, 0, 700, 2000, 0, 255, 210, 0
L 720, 2000, 0, 740, 1985, 0, 255, 210, 0
L 720, 1970, 0, 740, 1985, 0, 255, 210, 0
L 720, 2000, 0, 740, 2015, 0, 255, 210, 0
L 740, 2015, 0, 720, 2030, 0, 255, 210, 0
L 770, 2000, 0, 790, 2000, 0, 255, 210, 0
L 780, 1970, 0, 800, 2030, 0, 255, 210, 0
L 760, 2030, 0, 780, 1970, 0, 255, 210, 0
L 850, 2030, 0, 850, 1970, 0, 255, 210, 0
L 820, 1970, 0, 850, 2030, 0, 255, 210, 0
L 820, 2030, 0, 820, 1970, 0, 255, 210, 0
L 870, 1970, 0, 870, 2000, 0, 255, 210, 0
L 870, 2000, 0, 870, 2030, 0, 255, 210, 0
L 870, 2000, 0, 910, 2030, 0, 255, 210, 0
L 870, 2000, 0, 910, 1970, 0, 255, 210, 0
L 930, 2000, 0, 960, 2000, 0, 255, 210, 0
L 930, 2030, 0, 960, 2030, 0, 255, 210, 0
L 930, 1970, 0, 930, 2030, 0, 255, 210, 0
L 960, 1970, 0, 930, 1970, 0, 255, 210, 0
L 980, 1970, 0, 980, 2000, 0, 255, 210, 0
L 980, 2000, 0, 980, 2030, 0, 255, 210, 0
L 980, 2000, 0, 1000, 2000, 0, 255, 210, 0
L 1020, 2000, 0, 1020, 1970, 0, 255, 210, 0
L 980, 1970, 0, 1020, 1970, 0, 255, 210, 0
L 1000, 2000, 0, 1020, 2000, 0, 255, 210, 0
L 1020, 2030, 0, 1000, 2000, 0, 255, 210, 0
L 730, 2120, 0, 700, 2120, 0, 255, 255, 255
L 700, 2060, 0, 730, 2060, 0, 255, 255, 255
L 700, 2120, 0, 700, 2060, 0, 255, 255, 255
L 750, 2060, 0, 780, 2060, 0, 255, 255, 255
L 750, 2120, 0, 780, 2120, 0, 255, 255, 255
L 750, 2060, 0, 750, 2120, 0, 255, 255, 255
L 780, 2060, 0, 780, 2120, 0, 255, 255, 255
L 840, 2060, 0, 840, 2120, 0, 255, 255, 255
L 820, 2090, 0, 840, 2060, 0, 255, 255, 255
L 800, 2060, 0, 820, 2090, 0, 255, 255, 255
L 800, 2120, 0, 800, 2060, 0, 255, 255, 255
L 900, 2060, 0, 900, 2120, 0, 255, 255, 255
L 880, 2090, 0, 900, 2060, 0, 255, 255, 255
L 860, 2060, 0, 880, 2090, 0, 255, 255, 255
L 860, 2120, 0, 860, 2060, 0, 255, 255, 255
L 920, 2090, 0, 950, 2090, 0, 255, 255, 255
L 920, 2120, 0, 950, 2120, 0, 255, 255, 255
L 920, 2060, 0, 920, 2120, 0, 255, 255, 255
L 950, 2060, 0, 920, 2060, 0, 255, 255, 255
L 1000, 2120, 0, 1000, 2060, 0, 255, 255, 255
L 970, 2060, 0, 1000, 2120, 0, 255, 255, 255
L 970, 2120, 0, 970, 2060, 0, 255, 255, 255
L 1040, 2060, 0, 1040, 2120, 0, 255, 255, 255
L 1020, 2060, 0, 1060, 2060, 0, 255, 255, 255
L 730, 2210, 0, 700, 2210, 0, 0, 0, 0
L 700, 2150, 0, 730, 2150, 0, 0, 0, 0
L 700, 2210, 0, 700, 2150, 0, 0, 0, 0
L 730, 2210, 0, 730, 2180, 0, 0, 0, 0
L 730, 2180, 0, 710, 2180, 0, 0, 0, 0
L 750, 2180, 0, 780, 2180, 0, 0, 0, 0
L 750, 2210, 0, 780, 2210, 0, 0, 0, 0
L 750, 2150, 0, 750, 2210, 0, 0, 0, 0
L 780, 2150, 0, 750, 2150, 0, 0, 0, 0
L 830, 2210, 0, 830, 2150, 0, 0, 0, 0
L 800, 2150, 0, 830, 2210, 0, 0, 0, 0
L 800, 2210, 0, 800, 2150, 0, 0, 0, 0
L 850, 2180, 0, 880, 2180, 0, 0, 0, 0
L 850, 2210, 0, 880, 2210, 0, 0, 0, 0
L 850, 2150, 0, 850, 2210, 0, 0, 0, 0
L 880, 2150, 0, 850, 2150, 0, 0, 0, 0
L 900, 2150, 0, 900, 2180, 0, 0, 0, 0
L 900, 2180, 0, 900, 2210, 0, 0, 0, 0
L 900, 2180, 0, 920, 2180, 0, 0, 0, 0
L 940, 2180, 0, 940, 2150, 0, 0, 0, 0
L 900, 2150, 0, 940, 2150, 0, 0, 0, 0
L 920, 2180, 0, 940, 2180, 0, 0, 0, 0
L 940, 2210, 0, 920, 2180, 0, 0, 0, 0
L 970, 2180, 0, 990, 2180, 0, 0, 0, 0
L 980, 2150, 0, 1000, 2210, 0, 0, 0, 0
L 960, 2210, 0, 980, 2150, 0, 0, 0, 0
L 1020, 2150, 0, 1020, 2210, 0, 0, 0, 0
L 1060, 2210, 0, 1020, 2210, 0, 0, 0, 0
L 730, 2300, 0, 700, 2300, 0, 0, 0, 255
L 700, 2240, 0, 730, 2240, 0, 0, 0, 255
L 700, 2300, 0, 700, 2240, 0, 0, 0, 255
L 730, 2300, 0, 730, 2270, 0, 0, 0, 255
L 730, 2270, 0, 710, 2270, 0, 0, 0, 255
L 750, 2240, 0, 750, 2270, 0, 0, 0, 255
L 750, 2270, 0, 750, 2300, 0, 0, 0, 255
L 750, 2270, 0, 770, 2270, 0, 0, 0, 255
L 790, 2270, 0, 790, 2240, 0, 0, 0, 255
L 750, 2240, 0, 790, 2240, 0, 0, 0, 255
L 770, 2270, 0, 790, 2270, 0, 0, 0, 255
L 790, 2300, 0, 770, 2270, 0, 0, 0, 255
L 810, 2240, 0, 840, 2240, 0, 0, 0, 255
L 810, 2300, 0, 840, 2300, 0, 0, 0, 255
L 810, 2240, 0, 810, 2300, 0, 0, 0, 255
L 840, 2240, 0, 840, 2300, 0, 0, 0, 255
L 900, 2240, 0, 900, 2300, 0, 0, 0, 255
L 860, 2240, 0, 860, 2300, 0, 0, 0, 255
L 860, 2300, 0, 900, 2300, 0, 0, 0, 255
L 950, 2300, 0, 950, 2240, 0, 0, 0, 255
L 920, 2240, 0, 950, 2300, 0, 0, 0, 255
L 920, 2300, 0, 920, 2240, 0, 0, 0, 255
L 980, 2300, 0, 980, 2240, 0, 0, 0, 255
L 990, 2300, 0, 970, 2300, 0, 0, 0, 255
L 1000, 2270, 0, 990, 2300, 0, 0, 0, 255
L 990, 2240, 0, 1000, 2270, 0, 0, 0, 255
L 970, 2240, 0, 990, 2240, 0, 0, 0, 255
L 1080, 2240, 0, 1080, 2270, 0, 0, 0, 255
L 1080, 2300, 0, 1120, 2300, 0, 0, 0, 255
L 1120, 2270, 0, 1080, 2270, 0, 0, 0, 255
L 1080, 2240, 0, 1120, 2240, 0, 0, 0, 255
L 1120, 2270, 0, 1120, 2300, 0, 0, 0, 255
L 1170, 2270, 0, 1140, 2270, 0, 0, 0, 255
L 1170, 2240, 0, 1170, 2270, 0, 0, 0, 255
L 1140, 2240, 0, 1170, 2240, 0, 0, 0, 255
L 1140, 2300, 0, 1140, 2240, 0, 0, 0, 255
L 1200, 2270, 0, 1220, 2270, 0, 0, 0, 255
L 1210, 2240, 0, 1230, 2300, 0, 0, 0, 255
L 1190, 2300, 0, 1210, 2240, 0, 0, 0, 255
L 1280, 2300, 0, 1290, 2240, 0, 0, 0, 255
L 1270, 2270, 0, 1280, 2300, 0, 0, 0, 255
L 1260, 2300, 0, 1270, 2270, 0, 0, 0, 255
L 1250, 2240, 0, 1260, 2300, 0, 0, 0, 255
L 1340, 2300, 0, 1340, 2240, 0, 0, 0, 255
L 1310, 2240, 0, 1340, 2300, 0, 0, 0, 255
L 1310, 2300, 0, 1310, 2240, 0, 0, 0, 255
L 730, 2390, 0, 700, 2390, 0, 128, 128, 128
L 700, 2330, 0, 730, 2330, 0, 128, 128, 128
L 700, 2390, 0, 700, 2330, 0, 128, 128, 128
L 730, 2390, 0, 730, 2360, 0, 128, 128, 128
L 730, 2360, 0, 710, 2360, 0, 128, 128, 128
L 790, 2330, 0, 790, 2390, 0, 128, 128, 128
L 750, 2330, 0, 750, 2390, 0, 128, 128, 128
L 750, 2390, 0, 790, 2390, 0, 128, 128, 128
L 810, 2330, 0, 810, 2390, 0, 128, 128, 128
L 830, 2330, 0, 830, 2390, 0, 128, 128, 128
L 870, 2390, 0, 830, 2390, 0, 128, 128, 128
L 900, 2390, 0, 900, 2330, 0, 128, 128, 128
L 910, 2390, 0, 890, 2390, 0, 128, 128, 128
L 920, 2360, 0, 910, 2390, 0, 128, 128, 128
L 910, 2330, 0, 920, 2360, 0, 128, 128, 128
L 890, 2330, 0, 910, 2330, 0, 128, 128, 128
L 1040, 2330, 0, 1040, 2390, 0, 128, 128, 128
L 1020, 2360, 0, 1040, 2330, 0, 128, 128, 128
L 1000, 2330, 0, 1020, 2360, 0, 128, 128, 128
L 1000, 2390, 0, 1000, 2330, 0, 128, 128, 128
L 1070, 2360, 0, 1090, 2360, 0, 128, 128, 128
L 1080, 2330, 0, 1100, 2390, 0, 128, 128, 128
L 1060, 2390, 0, 1080, 2330, 0, 128, 128, 128
L 1120, 2330, 0, 1120, 2360, 0, 128, 128, 128
L 1120, 2390, 0, 1160, 2390, 0, 128, 128, 128
L 1160, 2360, 0, 1120, 2360, 0, 128, 128, 128
L 1120, 2330, 0, 1160, 2330, 0, 128, 128, 128
L 1160, 2360, 0, 1160, 2390, 0, 128, 128, 128
L 1200, 2330, 0, 1200, 2390, 0, 128, 128, 128
L 1180, 2330, 0, 1220, 2330, 0, 128, 128, 128
L 1240, 2360, 0, 1270, 2360, 0, 128, 128, 128
L 1240, 2390, 0, 1270, 2390, 0, 128, 128, 128
L 1240, 2330, 0, 1240, 2390, 0, 128, 128, 128
L 1270, 2330, 0, 1240, 2330, 0, 128, 128, 128
L 1290, 2330, 0, 1290, 2360, 0, 128, 128, 128
L 1290, 2360, 0, 1290, 2390, 0, 128, 128, 128
L 1290, 2360, 0, 1310, 2360, 0, 128, 128, 128
L 1330, 2360, 0, 1330, 2330, 0, 128, 128, 128
L 1290, 2330, 0, 1330, 2330, 0, 128, 128, 128
L 1310, 2360, 0, 1330, 2360, 0, 128, 128, 128
L 1330, 2390, 0, 1310, 2360, 0, 128, 128, 128
L 700, 2420, 0, 700, 2450, 0, 127, 64, 0
L 740, 2480, 0, 740, 2450, 0, 127, 64, 0
L 700, 2450, 0, 700, 2480, 0, 127, 64, 0
L 740, 2450, 0, 740, 2420, 0, 127, 64, 0
L 700, 2450, 0, 740, 2450, 0, 127, 64, 0
L 800, 2420, 0, 800, 2480, 0, 127, 64, 0
L 760, 2420, 0, 760, 2480, 0, 127, 64, 0
L 760, 2480, 0, 800, 2480, 0, 127, 64, 0
L 850, 2480, 0, 850, 2420, 0, 127, 64, 0
L 820, 2420, 0, 850, 2480, 0, 127, 64, 0
L 820, 2480, 0, 820, 2420, 0, 127, 64, 0
L 890, 2420, 0, 890, 2480, 0, 127, 64, 0
L 870, 2420, 0, 910, 2420, 0, 127, 64, 0
L 930, 2450, 0, 960, 2450, 0, 127, 64, 0
L 930, 2480, 0, 960, 2480, 0, 127, 64, 0
L 930, 2420, 0, 930, 2480, 0, 127, 64, 0
L 960, 2420, 0, 930, 2420, 0, 127, 64, 0
L 980, 2420, 0, 980, 2450, 0, 127, 64, 0
L 980, 2450, 0, 980, 2480, 0, 127, 64, 0
L 980, 2450, 0, 1000, 2450, 0, 127, 64, 0
L 1020, 2450, 0, 1020, 2420, 0, 127, 64, 0
L 980, 2420, 0, 1020, 2420, 0, 127, 64, 0
L 1000, 2450, 0, 1020, 2450, 0, 127, 64, 0
L 1020, 2480, 0, 1000, 2450, 0, 127, 64, 0
L 740, 2510, 0, 740, 2570, 0, 0, 127, 0
L 720, 2540, 0, 740, 2510, 0, 0, 127, 0
L 700, 2510, 0, 720, 2540, 0, 0, 127, 0
L 700, 2570, 0, 700, 2510, 0, 0, 127, 0
L 760, 2540, 0, 790, 2540, 0, 0, 127, 0
L 760, 2570, 0, 790, 2570, 0, 0, 127, 0
L 760, 2510, 0, 760, 2570, 0, 0, 127, 0
L 790, 2510, 0, 760, 2510, 0, 0, 127, 0
L 810, 2510, 0, 810, 2540, 0, 0, 127, 0
L 810, 2540, 0, 810, 2570, 0, 0, 127, 0
L 810, 2540, 0, 830, 2540, 0, 0, 127, 0
L 850, 2540, 0, 850, 2510, 0, 0, 127, 0
L 810, 2510, 0, 850, 2510, 0, 0, 127, 0
L 830, 2540, 0, 850, 2540, 0, 0, 127, 0
L 850, 2570, 0, 830, 2540, 0, 0, 127, 0
L 900, 2570, 0, 870, 2570, 0, 0, 127, 0
L 870, 2510, 0, 900, 2510, 0, 0, 127, 0
L 870, 2570, 0, 870, 2510, 0, 0, 127, 0
L 920, 2510, 0, 920, 2540, 0, 0, 127, 0
L 960, 2570, 0, 960, 2540, 0, 0, 127, 0
L 920, 2540, 0, 920, 2570, 0, 0, 127, 0
L 960, 2540, 0, 960, 2510, 0, 0, 127, 0
L 920, 2540, 0, 960, 2540, 0, 0, 127, 0
L 990, 2540, 0, 1010, 2540, 0, 0, 127, 0
L 1000, 2510, 0, 1020, 2570, 0, 0, 127, 0
L 980, 2570, 0, 1000, 2510, 0, 0, 127, 0
L 1070, 2570, 0, 1070, 2510, 0, 0, 127, 0
L 1040, 2510, 0, 1070, 2570, 0, 0, 127, 0
L 1040, 2570, 0, 1040, 2510, 0, 0, 127, 0
L 1110, 2510, 0, 1110, 2570, 0, 0, 127, 0
L 1090, 2510, 0, 1130, 2510, 0, 0, 127, 0
L 740, 2600, 0, 740, 2660, 0, 0, 127, 127
L 720, 2630, 0, 740, 2600, 0, 0, 127, 127
L 700, 2600, 0, 720, 2630, 0, 0, 127, 127
L 700, 2660, 0, 700, 2600, 0, 0, 127, 127
L 760, 2600, 0, 760, 2660, 0, 0, 127, 127
L 780, 2600, 0, 780, 2630, 0, 0, 127, 127
L 780, 2660, 0, 820, 2660, 0, 0, 127, 127
L 820, 2630, 0, 780, 2630, 0, 0, 127, 127
L 780, 2600, 0, 820, 2600, 0, 0, 127, 127
L 820, 2630, 0, 820, 2660, 0, 0, 127, 127
L 840, 2600, 0, 840, 2630, 0, 0, 127, 127
L 840, 2660, 0, 880, 2660, 0, 0, 127, 127
L 880, 2630, 0, 840, 2630, 0, 0, 127, 127
L 840, 2600, 0, 880, 2600, 0, 0, 127, 127
L 880, 2630, 0, 880, 2660, 0, 0, 127, 127
L 900, 2600, 0, 900, 2660, 0, 0, 127, 127
L 920, 2600, 0, 950, 2600, 0, 0, 127, 127
L 920, 2660, 0, 950, 2660, 0, 0, 127, 127
L 920, 2600, 0, 920, 2660, 0, 0, 127, 127
L 950, 2600, 0, 950, 2660, 0, 0, 127, 127
L 1000, 2660, 0, 1000, 2600, 0, 0, 127, 127
L 970, 2600, 0, 1000, 2660, 0, 0, 127, 127
L 970, 2660, 0, 970, 2600, 0, 0, 127, 127
L 730, 2750, 0, 730, 2690, 0, 127, 64, 0
L 700, 2690, 0, 730, 2750, 0, 127, 64, 0
L 700, 2750, 0, 700, 2690, 0, 127, 64, 0
L 760, 2720, 0, 780, 2720, 0, 127, 64, 0
L 770, 2690, 0, 790, 2750, 0, 127, 64, 0
L 750, 2750, 0, 770, 2690, 0, 127, 64, 0
L 850, 2690, 0, 850, 2750, 0, 127, 64, 0
L 830, 2720, 0, 850, 2690, 0, 127, 64, 0
L 810, 2690, 0, 830, 2720, 0, 127, 64, 0
L 810, 2750, 0, 810, 2690, 0, 127, 64, 0
L 870, 2720, 0, 900, 2720, 0, 127, 64, 0
L 870, 2750, 0, 900, 2750, 0, 127, 64, 0
L 870, 2690, 0, 870, 2750, 0, 127, 64, 0
L 900, 2690, 0, 870, 2690, 0, 127, 64, 0
L 930, 2750, 0, 930, 2690, 0, 127, 64, 0
L 940, 2750, 0, 920, 2750, 0, 127, 64, 0
L 950, 2720, 0, 940, 2750, 0, 127, 64, 0
L 940, 2690, 0, 950, 2720, 0, 127, 64, 0
L 920, 2690, 0, 940, 2690, 0, 127, 64, 0
L 730, 2810, 0, 700, 2810, 0, 0, 255, 0
L 730, 2780, 0, 730, 2810, 0, 0, 255, 0
L 700, 2780, 0, 730, 2780, 0, 0, 255, 0
L 700, 2840, 0, 700, 2780, 0, 0, 255, 0
L 760, 2810, 0, 780, 2810, 0, 0, 255, 0
L 770, 2780, 0, 790, 2840, 0, 0, 255, 0
L 750, 2840, 0, 770, 2780, 0, 0, 255, 0
L 810, 2780, 0, 810, 2810, 0, 0, 255, 0
L 810, 2810, 0, 810, 2840, 0, 0, 255, 0
L 810, 2810, 0, 830, 2810, 0, 0, 255, 0
L 850, 2810, 0, 850, 2780, 0, 0, 255, 0
L 810, 2780, 0, 850, 2780, 0, 0, 255, 0
L 830, 2810, 0, 850, 2810, 0, 0, 255, 0
L 850, 2840, 0, 830, 2810, 0, 0, 255, 0
L 900, 2840, 0, 870, 2840, 0, 0, 255, 0
L 870, 2780, 0, 900, 2780, 0, 0, 255, 0
L 870, 2840, 0, 870, 2780, 0, 0, 255, 0
L 920, 2810, 0, 950, 2810, 0, 0, 255, 0
L 920, 2840, 0, 950, 2840, 0, 0, 255, 0
L 920, 2780, 0, 920, 2840, 0, 0, 255, 0
L 950, 2780, 0, 920, 2780, 0, 0, 255, 0
L 970, 2780, 0, 970, 2840, 0, 0, 255, 0
L 1010, 2840, 0, 970, 2840, 0, 0, 255, 0
L 1030, 2780, 0, 1030, 2810, 0, 0, 255, 0
L 1030, 2840, 0, 1070, 2840, 0, 0, 255, 0
L 1070, 2810, 0, 1030, 2810, 0, 0, 255, 0
L 1030, 2780, 0, 1070, 2780, 0, 0, 255, 0
L 1070, 2810, 0, 1070, 2840, 0, 0, 255, 0
L 700, 2870, 0, 700, 2900, 0, 0, 240, 240
L 700, 2900, 0, 700, 2930, 0, 0, 240, 240
L 700, 2900, 0, 720, 2900, 0, 0, 240, 240
L 740, 2900, 0, 740, 2870, 0, 0, 240, 240
L 700, 2870, 0, 740, 2870, 0, 0, 240, 240
L 720, 2900, 0, 740, 2900, 0, 0, 240, 240
L 740, 2930, 0, 720, 2900, 0, 0, 240, 240
L 770, 2900, 0, 790, 2900, 0, 0, 240, 240
L 780, 2870, 0, 800, 2930, 0, 0, 240, 240
L 760, 2930, 0, 780, 2870, 0, 0, 240, 240
L 820, 2870, 0, 820, 2930, 0, 0, 240, 240
L 850, 2930, 0, 850, 2870, 0, 0, 240, 240
L 860, 2930, 0, 840, 2930, 0, 0, 240, 240
L 870, 2900, 0, 860, 2930, 0, 0, 240, 240
L 860, 2870, 0, 870, 2900, 0, 0, 240, 240
L 840, 2870, 0, 860, 2870, 0, 0, 240, 240
L 700, 2960, 0, 700, 2990, 0, 0, 255, 0
L 700, 3020, 0, 740, 3020, 0, 0, 255, 0
L 740, 2990, 0, 700, 2990, 0, 0, 255, 0
L 700, 2960, 0, 740, 2960, 0, 0, 255, 0
L 740, 2990, 0, 740, 3020, 0, 0, 255, 0
L 790, 2990, 0, 760, 2990, 0, 0, 255, 0
L 790, 2960, 0, 790, 2990, 0, 0, 255, 0
L 760, 2960, 0, 790, 2960, 0, 0, 255, 0
L 760, 3020, 0, 760, 2960, 0, 0, 255, 0
L 810, 2990, 0, 840, 2990, 0, 0, 255, 0
L 810, 3020, 0, 840, 3020, 0, 0, 255, 0
L 810, 2960, 0, 810, 3020, 0, 0, 255, 0
L 840, 2960, 0, 810, 2960, 0, 0, 255, 0
L 890, 3020, 0, 860, 3020, 0, 0, 255, 0
L 860, 2960, 0, 890, 2960, 0, 0, 255, 0
L 860, 3020, 0, 860, 2960, 0, 0, 255, 0
L 910, 2960, 0, 910, 3020, 0, 0, 255, 0
L 940, 2990, 0, 960, 2990, 0, 0, 255, 0
L 950, 2960, 0, 970, 3020, 0, 0, 255, 0
L 930, 3020, 0, 950, 2960, 0, 0, 255, 0
L 990, 2960, 0, 990, 3020, 0, 0, 255, 0
L 1030, 3020, 0, 990, 3020, 0, 0, 255, 0
L 1140, 3020, 0, 1110, 3020, 0, 0, 255, 0
L 1110, 2960, 0, 1140, 2960, 0, 0, 255, 0
L 1110, 3020, 0, 1110, 2960, 0, 0, 255, 0
L 1200, 2960, 0, 1200, 3020, 0, 0, 255, 0
L 1160, 2960, 0, 1160, 3020, 0, 0, 255, 0
L 1160, 3020, 0, 1200, 3020, 0, 0, 255, 0
L 1220, 2960, 0, 1220, 2990, 0, 0, 255, 0
L 1220, 2990, 0, 1220, 3020, 0, 0, 255, 0
L 1220, 2990, 0, 1240, 2990, 0, 0, 255, 0
L 1260, 2990, 0, 1260, 2960, 0, 0, 255, 0
L 1220, 2960, 0, 1260, 2960, 0, 0, 255, 0
L 1240, 2990, 0, 1260, 2990, 0, 0, 255, 0
L 1260, 3020, 0, 1240, 2990, 0, 0, 255, 0
L 1280, 2960, 0, 1280, 2990, 0, 0, 255, 0
L 1280, 2990, 0, 1280, 3020, 0, 0, 255, 0
L 1280, 2990, 0, 1300, 2990, 0, 0, 255, 0
L 1320, 2990, 0, 1320, 2960, 0, 0, 255, 0
L 1280, 2960, 0, 1320, 2960, 0, 0, 255, 0
L 1300, 2990, 0, 1320, 2990, 0, 0, 255, 0
L 1320, 3020, 0, 1300, 2990, 0, 0, 255, 0
L 1340, 2990, 0, 1370, 2990, 0, 0, 255, 0
L 1340, 3020, 0, 1370, 3020, 0, 0, 255, 0
L 1340, 2960, 0, 1340, 3020, 0, 0, 255, 0
L 1370, 2960, 0, 1340, 2960, 0, 0, 255, 0
L 1420, 3020, 0, 1420, 2960, 0, 0, 255, 0
L 1390, 2960, 0, 1420, 3020, 0, 0, 255, 0
L 1390, 3020, 0, 1390, 2960, 0, 0, 255, 0
L 1470, 3020, 0, 1440, 3020, 0, 0, 255, 0
L 1440, 2960, 0, 1470, 2960, 0, 0, 255, 0
L 1440, 3020, 0, 1440, 2960, 0, 0, 255, 0
L 1510, 2990, 0, 1510, 3020, 0, 0, 255, 0
L 1510, 2990, 0, 1530, 2960, 0, 0, 255, 0
L 1490, 2960, 0, 1510, 2990, 0, 0, 255, 0
L 700, 3050, 0, 700, 3080, 0, 255, 0, 0
L 700, 3110, 0, 740, 3110, 0, 255, 0, 0
L 740, 3080, 0, 700, 3080, 0, 255, 0, 0
L 700, 3050, 0, 740, 3050, 0, 255, 0, 0
L 740, 3080, 0, 740, 3110, 0, 255, 0, 0
L 800, 3050, 0, 800, 3110, 0, 255, 0, 0
L 760, 3050, 0, 760, 3110, 0, 255, 0, 0
L 760, 3110, 0, 800, 3110, 0, 255, 0, 0
L 850, 3110, 0, 820, 3110, 0, 255, 0, 0
L 820, 3050, 0, 850, 3050, 0, 255, 0, 0
L 820, 3110, 0, 820, 3050, 0, 255, 0, 0
L 900, 3110, 0, 870, 3110, 0, 255, 0, 0
L 870, 3050, 0, 900, 3050, 0, 255, 0, 0
L 870, 3110, 0, 870, 3050, 0, 255, 0, 0
L 920, 3050, 0, 950, 3050, 0, 255, 0, 0
L 920, 3110, 0, 950, 3110, 0, 255, 0, 0
L 920, 3050, 0, 920, 3110, 0, 255, 0, 0
L 950, 3050, 0, 950, 3110, 0, 255, 0, 0
L 970, 3050, 0, 970, 3080, 0, 255, 0, 0
L 970, 3080, 0, 970, 3110, 0, 255, 0, 0
L 970, 3080, 0, 990, 3080, 0, 255, 0, 0
L 1010, 3080, 0, 1010, 3050, 0, 255, 0, 0
L 970, 3050, 0, 1010, 3050, 0, 255, 0, 0
L 990, 3080, 0, 1010, 3080, 0, 255, 0, 0
L 1010, 3110, 0, 990, 3080, 0, 255, 0, 0
L 720, 3140, 0, 720, 3200, 0, 255, 255, 0
L 700, 3140, 0, 740, 3140, 0, 255, 255, 0
L 760, 3170, 0, 790, 3170, 0, 255, 255, 0
L 760, 3200, 0, 790, 3200, 0, 255, 255, 0
L 760, 3140, 0, 760, 3200, 0, 255, 255, 0
L 790, 3140, 0, 760, 3140, 0, 255, 255, 0
L 810, 3140, 0, 810, 3200, 0, 255, 255, 0
L 850, 3200, 0, 810, 3200, 0, 255, 255, 0
L 870, 3170, 0, 900, 3170, 0, 255, 255, 0
L 870, 3200, 0, 900, 3200, 0, 255, 255, 0
L 870, 3140, 0, 870, 3200, 0, 255, 255, 0
L 900, 3140, 0, 870, 3140, 0, 255, 255, 0
L 950, 3170, 0, 920, 3170, 0, 255, 255, 0
L 950, 3140, 0, 950, 3170, 0, 255, 255, 0
L 920, 3140, 0, 950, 3140, 0, 255, 255, 0
L 920, 3200, 0, 920, 3140, 0, 255, 255, 0
L 970, 3140, 0, 1000, 3140, 0, 255, 255, 0
L 970, 3200, 0, 1000, 3200, 0, 255, 255, 0
L 970, 3140, 0, 970, 3200, 0, 255, 255, 0
L 1000, 3140, 0, 1000, 3200, 0, 255, 255, 0
L 1020, 3140, 0, 1020, 3170, 0, 255, 255, 0
L 1020, 3170, 0, 1020, 3200, 0, 255, 255, 0
L 1020, 3170, 0, 1040, 3170, 0, 255, 255, 0
L 1060, 3170, 0, 1060, 3140, 0, 255, 255, 0
L 1020, 3140, 0, 1060, 3140, 0, 255, 255, 0
L 1040, 3170, 0, 1060, 3170, 0, 255, 255, 0
L 1060, 3200, 0, 1040, 3170, 0, 255, 255, 0
L 1100, 3140, 0, 1100, 3200, 0, 255, 255, 0
L 1080, 3140, 0, 1120, 3140, 0, 255, 255, 0
L 720, 3230, 0, 720, 3290, 0, 128, 0, 128
L 700, 3230, 0, 740, 3230, 0, 128, 0, 128
L 760, 3230, 0, 760, 3260, 0, 128, 0, 128
L 760, 3260, 0, 760, 3290, 0, 128, 0, 128
L 760, 3260, 0, 780, 3260, 0, 128, 0, 128
L 800, 3260, 0, 800, 3230, 0, 128, 0, 128
L 760, 3230, 0, 800, 3230, 0, 128, 0, 128
L 780, 3260, 0, 800, 3260, 0, 128, 0, 128
L 800, 3290, 0, 780, 3260, 0, 128, 0, 128
L 830, 3260, 0, 850, 3260, 0, 128, 0, 128
L 840, 3230, 0, 860, 3290, 0, 128, 0, 128
L 820, 3290, 0, 840, 3230, 0, 128, 0, 128
L 890, 3290, 0, 890, 3230, 0, 128, 0, 128
L 900, 3290, 0, 880, 3290, 0, 128, 0, 128
L 910, 3260, 0, 900, 3290, 0, 128, 0, 128
L 900, 3230, 0, 910, 3260, 0, 128, 0, 128
L 880, 3230, 0, 900, 3230, 0, 128, 0, 128
L 930, 3260, 0, 960, 3260, 0, 128, 0, 128
L 930, 3290, 0, 960, 3290, 0, 128, 0, 128
L 930, 3230, 0, 930, 3290, 0, 128, 0, 128
L 960, 3230, 0, 930, 3230, 0, 128, 0, 128
L 980, 3230, 0, 980, 3260, 0, 128, 0, 128
L 980, 3290, 0, 1020, 3290, 0, 128, 0, 128
L 1020, 3260, 0, 980, 3260, 0, 128, 0, 128
L 980, 3230, 0, 1020, 3230, 0, 128, 0, 128
L 1020, 3260, 0, 1020, 3290, 0, 128, 0, 128
L 1040, 3230, 0, 1040, 3260, 0, 128, 0, 128
L 1040, 3260, 0, 1040, 3290, 0, 128, 0, 128
L 1040, 3260, 0, 1080, 3290, 0, 128, 0, 128
L 1040, 3260, 0, 1080, 3230, 0, 128, 0, 128
L 1100, 3230, 0, 1100, 3290, 0, 128, 0, 128
L 1120, 3230, 0, 1120, 3290, 0, 128, 0, 128
L 1160, 3290, 0, 1120, 3290, 0, 128, 0, 128
L 1180, 3230, 0, 1180, 3290, 0, 128, 0, 128
L 1220, 3290, 0, 1180, 3290, 0, 128, 0, 128
L 1330, 3290, 0, 1300, 3290, 0, 128, 0, 128
L 1300, 3230, 0, 1330, 3230, 0, 128, 0, 128
L 1300, 3290, 0, 1300, 3230, 0, 128, 0, 128
L 1350, 3230, 0, 1380, 3230, 0, 128, 0, 128
L 1350, 3290, 0, 1380, 3290, 0, 128, 0, 128
L 1350, 3230, 0, 1350, 3290, 0, 128, 0, 128
L 1380, 3230, 0, 1380, 3290, 0, 128, 0, 128
L 1430, 3290, 0, 1430, 3230, 0, 128, 0, 128
L 1400, 3230, 0, 1430, 3290, 0, 128, 0, 128
L 1400, 3290, 0, 1400, 3230, 0, 128, 0, 128
L 1470, 3230, 0, 1470, 3290, 0, 128, 0, 128
L 1450, 3230, 0, 1490, 3230, 0, 128, 0, 128
L 1520, 3260, 0, 1540, 3260, 0, 128, 0, 128
L 1530, 3230, 0, 1550, 3290, 0, 128, 0, 128
L 1510, 3290, 0, 1530, 3230, 0, 128, 0, 128
L 1570, 3230, 0, 1570, 3290, 0, 128, 0, 128
L 1620, 3290, 0, 1620, 3230, 0, 128, 0, 128
L 1590, 3230, 0, 1620, 3290, 0, 128, 0, 128
L 1590, 3290, 0, 1590, 3230, 0, 128, 0, 128
L 1640, 3260, 0, 1670, 3260, 0, 128, 0, 128
L 1640, 3290, 0, 1670, 3290, 0, 128, 0, 128
L 1640, 3230, 0, 1640, 3290, 0, 128, 0, 128
L 1670, 3230, 0, 1640, 3230, 0, 128, 0, 128
L 1690, 3230, 0, 1690, 3260, 0, 128, 0, 128
L 1690, 3260, 0, 1690, 3290, 0, 128, 0, 128
L 1690, 3260, 0, 1710, 3260, 0, 128, 0, 128
L 1730, 3260, 0, 1730, 3230, 0, 128, 0, 128
L 1690, 3230, 0, 1730, 3230, 0, 128, 0, 128
L 1710, 3260, 0, 1730, 3260, 0, 128, 0, 128
L 1730, 3290, 0, 1710, 3260, 0, 128, 0, 128
L 720, 3320, 0, 720, 3380, 0, 255, 255, 0
L 700, 3320, 0, 740, 3320, 0, 255, 255, 0
L 760, 3320, 0, 760, 3350, 0, 255, 255, 0
L 760, 3350, 0, 760, 3380, 0, 255, 255, 0
L 760, 3350, 0, 780, 3350, 0, 255, 255, 0
L 800, 3350, 0, 800, 3320, 0, 255, 255, 0
L 760, 3320, 0, 800, 3320, 0, 255, 255, 0
L 780, 3350, 0, 800, 3350, 0, 255, 255, 0
L 800, 3380, 0, 780, 3350, 0, 255, 255, 0
L 830, 3350, 0, 850, 3350, 0, 255, 255, 0
L 840, 3320, 0, 860, 3380, 0, 255, 255, 0
L 820, 3380, 0, 840, 3320, 0, 255, 255, 0
L 910, 3350, 0, 880, 3350, 0, 255, 255, 0
L 910, 3320, 0, 910, 3350, 0, 255, 255, 0
L 880, 3320, 0, 910, 3320, 0, 255, 255, 0
L 880, 3380, 0, 880, 3320, 0, 255, 255, 0
L 730, 3410, 0, 700, 3410, 0, 255, 0, 0
L 700, 3470, 0, 730, 3410, 0, 255, 0, 0
L 700, 3470, 0, 730, 3470, 0, 255, 0, 0
L 750, 3410, 0, 780, 3410, 0, 255, 0, 0
L 750, 3470, 0, 780, 3470, 0, 255, 0, 0
L 750, 3410, 0, 750, 3470, 0, 255, 0, 0
L 780, 3410, 0, 780, 3470, 0, 255, 0, 0
L 830, 3470, 0, 830, 3410, 0, 255, 0, 0
L 800, 3410, 0, 830, 3470, 0, 255, 0, 0
L 800, 3470, 0, 800, 3410, 0, 255, 0, 0
L 850, 3440, 0, 880, 3440, 0, 255, 0, 0
L 850, 3470, 0, 880, 3470, 0, 255, 0, 0
L 850, 3410, 0, 850, 3470, 0, 255, 0, 0
L 880, 3410, 0, 850, 3410, 0, 255, 0, 0
P -300, 1600, 0, 0, 0, 0, 2, Original_Map:_Goodurden_<RoI>
P -300, 1800, 0, 0, 0, 0, 2, Revised_Map:_Brewall_Rainsinger_(Cazic-Thule)
P -300, 2000, 0, 0, 0, 0, 2, http://www.eqmaps.info
P -300, 2200, 0, 0, 0, 0, 2, Return_of_the_Exiled_(www.roteguild.org)
P -300, 2400, 0, 0, 0, 0, 2, Height_Filter:_50/50
P -300, 2600, 0, 127, 64, 0, 2, Alex_Hutchinson
P -300, 2800, 0, 127, 64, 0, 2, Aliattis_the_Drinker
P -300, 3000, 0, 127, 64, 0, 2, Arylon
P -300, 3200, 0, 127, 64, 0, 2, Chattering_Bonewalker
P -300, 3400, 0, 127, 64, 0, 2, Chef_Ioan
P -300, 3600, 0, 127, 64, 0, 2, Darion_the_Blade
P -300, 3800, 0, 127, 64, 0, 2, Exhausted_Guest
P -300, 4000, 0, 127, 64, 0, 2, Grotesque_Gargoyle
P -300, 4200, 0, 127, 64, 0, 2, Grmblebum
P -300, 4400, 0, 127, 64, 0, 2, Maximillion
P -300, 4600, 0, 127, 64, 0, 2, Melinda_Baleheart
P -300, 4800, 0, 127, 64, 0, 2, Old_Lady_Smotts
P -300, 5000, 0, 127, 64, 0, 2, One-Hundred_Eyes
P -300, 5200, 0, 127, 64, 0, 2, Sebastian
P -300, 5400, 0, 127, 64, 0, 2, Shadowy_Student
P -300, 5600, 0, 127, 64, 0, 2, Sleepy_Guest
P -300, 5800, 0, 127, 64, 0, 2, The_Restless_One
P -300, 6000, 0, 127, 64, 0, 2, The_Revenant
P -300, 6200, 0, 127, 64, 0, 2, Vivisector
P -300, 6400, 0, 127, 64, 0, 2, Wyrexxis_the_Devourer
