P 583.8602, -27.0308, -0.5669, 240, 0, 0, 3, to_Sepulcher_West
P 93.8872, -1577.9237, 44.3544, 240, 0, 0, 3, to_Sepulcher_West
P 764.8710, -90.9481, -0.5611, 240, 0, 0, 3, to_Sepulcher_of_Order
P 905.0729, -533.9814, 4.3896, 240, 0, 0, 3, to_Sepulcher_of_Order
P 644.7018, -1374.3052, 4.4531, 240, 0, 0, 3, to_Sepulcher_of_Order
P 904.2899, -891.6611, 5.0419, 240, 0, 0, 3, to_Sepulcher_of_Order
P 753.1250, 140.5000, -0.9137, 240, 0, 0, 2, Succor
P -1750.0000, 2200.0000, 27.0000, 0, 0, 0, 2, Tube_colors_match_the_level_they_lead_to,_not_the_level_they`re_on
P -2500.0000, 1000.0000, 27.0000, 0, 0, 0, 2, Maze_Legend
P -2500.0000, 1200.0000, 27.0000, 0, 0, 0, 2, Entry_Level_Color
P -2500.0000, 1400.0000, 27.0000, 100, 0, 255, 2, First_Level_Color
P -2500.0000, 1600.0000, 27.0000, 150, 0, 150, 2, Second_Level_Color
P -2500.0000, 1800.0000, 27.0000, 0, 0, 240, 2, Third_Level_Color
P -2500.0000, 2000.0000, 27.0000, 127, 0, 0, 2, Fourth_Level_Color
P -2500.0000, 0.0000, 27.0000, 0, 0, 0, 2, Path_to_Relic:_1A,_4A,_2A,_3B,_1B,_2B
P -2500.0000, 150.0000, 27.0000, 0, 0, 0, 2, 3C,_1C,_3D,_2C,_4B,_2D,_3E,_1E,_4D
P 893.5581, -108.9064, -0.5611, 0, 128, 128, 2, a_thelasa_ereth_of_Lunanyn_(Quest)
P 1284.5736, -261.8685, 3.8374, 0, 128, 128, 2, a_thelasa_ereth_of_Illdaera_(Quest)
P 737.8446, -1569.3687, 4.3089, 0, 128, 128, 2, a_thelasa_ereth_of_Illdaera_(Quest)
P 1014.8055, -784.1111, 4.4054, 0, 128, 128, 2, a_thelasa_ereth_of_Lunanyn_(Quest)
P 184.1913, -1897.9596, 349.7047, 0, 0, 0, 2, The_Relic_of_Ryken
P 1166.3091, 489.9768, -42.1764, 0, 0, 0, 2, Relic_of_Fertility
P 873.2004, 19.0583, -0.7054, 0, 0, 0, 2, Sentry_Stone_of_Lunanyn
P 1211.6180, -366.5638, 4.1259, 0, 0, 0, 2, Sentry_Stone_of_Kolos
P 646.0013, -1535.5228, 4.7416, 0, 0, 0, 2, Sentry_Stone_of_Ryken
P 1090.3678, -892.7468, 4.8381, 0, 0, 0, 2, Sentry_Stone_of_Alra
P 1592.1831, -459.5849, -69.3099, 0, 0, 0, 2, Rayneth
P 1766.5906, -227.1513, -8.5796, 0, 0, 0, 2, The_Relic_of_Kolos
P 2032.4214, -885.0885, -18.7706, 0, 0, 0, 2, The_Relic_of_Alra
P 409.1340, -1788.2460, 27.0000, 0, 0, 0, 2, from_4D
P 409.1340, -1788.2460, 352.0000, 0, 0, 0, 2, to_1A_(Entrance)
P 369.4630, -1743.7040, 27.0000, 0, 0, 0, 2, from_4C
P 369.4630, -1743.7040, 352.0000, 0, 0, 0, 2, to_1A_(Entrance)
P 325.1750, -1882.6121, 27.0000, 100, 0, 255, 2, from_3B
P 325.1750, -1882.6121, 243.0000, 100, 0, 255, 2, to_1B
P 369.6550, -1788.1780, 27.0000, 0, 0, 0, 2, from_4D
P 369.6550, -1788.1780, 352.0000, 0, 0, 0, 2, to_1A_(Entrance)
P 263.9180, -1830.0120, 27.0000, 127, 0, 0, 2, to_4D
P 263.9180, -1830.0120, 352.0000, 127, 0, 0, 2, from_1E
P 357.6833, -1851.0977, 352.0000, 0, 0, 0, 2, to_1A_(Entrance)
P 214.8545, -1724.5637, 352.0000, 255, 255, 255, 2, Room_4C
P 165.1550, -1922.8477, 27.0000, 255, 255, 255, 2, Room_1E
P 431.2543, -1921.8856, 27.0000, 255, 255, 255, 2, Room_1A
P 409.9874, -1829.0645, 135.0000, 255, 255, 255, 2, Room_2A
P 429.3312, -1960.3044, 352.0000, 255, 255, 255, 2, Room_4A
P 389.5612, -1780.5802, 243.0000, 255, 255, 255, 2, Room_3A
P 326.2885, -1854.9219, 27.0000, 255, 255, 255, 2, Room_1B
P 322.0449, -1826.5688, 243.0000, 255, 255, 255, 2, Room_3B
P 258.3178, -1865.9781, 135.0000, 255, 255, 255, 2, Room_2B
P 217.3051, -1928.2288, 243.0000, 255, 255, 255, 2, Room_3C
P 346.6611, -1994.4828, 243.0000, 255, 255, 255, 2, Room_3D
P 222.1316, -2018.5685, 135.0000, 255, 255, 255, 2, Room_2C
P 312.7520, -1943.2368, 27.0000, 255, 255, 255, 2, Room_1C
P 253.7174, -2001.7678, 352.0000, 255, 255, 255, 2, Room_4B
P 314.4304, -1936.2450, 243.0000, 255, 255, 255, 2, Room_3E
P 178.2982, -1736.4681, 135.0000, 255, 255, 255, 2, Room_2E
P 317.6878, -1948.5360, 135.0000, 255, 255, 255, 2, Room_2D
P 230.7431, -1720.6511, 27.0000, 255, 255, 255, 2, Room_1D
P 279.9979, -1876.5225, 352.0000, 255, 255, 255, 2, Room_4D
P 232.8300, -1742.1000, 243.0000, 0, 0, 240, 2, from_2E
P 232.8300, -1742.1000, 135.0000, 0, 0, 240, 2, to_3E
P 281.2000, -1745.9100, 27.0000, 150, 0, 150, 2, to_2E
P 281.2000, -1745.9100, 135.0000, 150, 0, 150, 2, from_1D
P 323.2820, -1743.7220, 27.0000, 100, 0, 255, 2, from_3E
P 323.2820, -1743.7220, 243.0000, 100, 0, 255, 2, to_1D
P 219.1200, -2055.5300, 135.0000, 127, 0, 0, 2, to_4B
P 219.1200, -2055.5300, 352.0000, 127, 0, 0, 2, from_2C
P 321.1000, -2011.4000, 243.0000, 0, 0, 240, 2, from_1C
P 321.1000, -2011.4000, 27.0000, 0, 0, 240, 2, to_3D
P 233.5900, -1967.4800, 27.0000, 100, 0, 255, 2, from_3C
P 233.5900, -1967.4800, 243.0000, 100, 0, 255, 2, to_1C
P 277.8900, -1789.6700, 135.0000, 0, 0, 240, 2, to_3B
P 277.8900, -1789.6700, 243.0000, 0, 0, 240, 2, from_2A
P 372.4550, -2004.3040, 352.0000, 127, 0, 0, 2, from_1A
P 372.4550, -2004.3040, 27.0000, 127, 0, 0, 2, to_4A
P 423.4270, -1879.8030, 135.0000, 150, 0, 150, 2, from_4A
P 423.4270, -1879.8030, 352.0000, 150, 0, 150, 2, to_2A
P 369.7900, -1831.1500, 352.0000, 0, 0, 240, 2, to_3A
P 369.7900, -1831.1500, 243.0000, 0, 0, 240, 2, from_4A
P 369.7900, -1831.1500, 243.0000, 0, 0, 0, 2, to_1A_(Entrance)
P 369.7900, -1831.1500, 27.0000, 0, 0, 0, 2, from_3A
P 325.1600, -1832.8199, 135.0000, 150, 0, 150, 2, from_1B
P 325.1600, -1832.8199, 27.0000, 150, 0, 150, 2, to_2B
P 183.5800, -1874.5200, 243.0000, 0, 0, 240, 2, from_2B
P 183.5800, -1874.5200, 135.0000, 0, 0, 240, 2, to_3C
P 190.9000, -1788.0500, 243.0000, 0, 0, 0, 2, to_1A_(Entrance)
P 190.9000, -1788.0500, 27.0000, 0, 0, 0, 2, from_3C
P 280.6800, -2010.2200, 243.0000, 150, 0, 150, 2, to_2C
P 280.6800, -2010.2200, 135.0000, 150, 0, 150, 2, from_3D
P 182.5100, -1969.3600, 243.0000, 0, 0, 240, 2, from_2C
P 182.5100, -1969.3600, 135.0000, 0, 0, 240, 2, to_3C
P 365.5600, -1918.1700, 135.0000, 150, 0, 150, 2, from_4B
P 365.5600, -1918.1700, 352.0000, 150, 0, 150, 2, to_2D
P 276.9400, -1960.5800, 243.0000, 0, 0, 240, 2, from_2D
P 276.9400, -1960.5800, 135.0000, 0, 0, 240, 2, to_3E
P 143.0490, -1743.6240, 27.0000, 100, 0, 255, 2, from_3E
P 143.0490, -1743.6240, 243.0000, 100, 0, 255, 2, to_1E
P 143.0690, -1822.3621, 27.0000, 127, 0, 0, 2, to_4C
P 143.0690, -1822.3621, 352.0000, 127, 0, 0, 2, from_1E
P 1283.3892, 369.8625, -41.9787, 127, 64, 0, 2, The_Vine_Tender_(Hunter,Roam)
P 1602.2074, -909.7122, -36.0256, 127, 64, 0, 2, Master_Illum_(Hunter)
P 1628.6268, -107.7092, -58.8722, 127, 64, 0, 2, Shadow_of_the_Domain_(Hunter,Roam)
P 403.7593, -1967.6389, 243.0000, 127, 64, 0, 2, Word_Lord_(Hunter)
P 246.6802, -1740.5228, 24.7035, 127, 64, 0, 2, Ryken`s_Boast_(Hunter)
P 1802.1685, -912.3423, -38.7286, 127, 64, 0, 2, Master_Arcania_(Hunter)
P 1799.3400, -237.5194, -7.5326, 127, 64, 0, 2, Kelkos_the_Berzerk_(Hunter)