L 1000.0, 0.0, 0.0, 1000.0, -50.0, 0.0, 255, 0, 0
L -20.0, 50.0, 0.0, -50.0, 20.0, 0.0, 255, 0, 0
L 50.0, 20.0, 0.0, 20.0, 50.0, 0.0, 255, 0, 0
L 20.0, -50.0, 0.0, 50.0, -20.0, 0.0, 255, 0, 0
L -50.0, -20.0, 0.0, -20.0, -50.0, 0.0, 255, 0, 0
L -50.0, 20.0, 0.0, -50.0, -20.0, 0.0, 255, 0, 0
L 20.0, 50.0, 0.0, -20.0, 50.0, 0.0, 255, 0, 0
L 50.0, -20.0, 0.0, 50.0, 20.0, 0.0, 255, 0, 0
L -20.0, -50.0, 0.0, 20.0, -50.0, 0.0, 255, 0, 0
L 580.0, -20.0, 0.0, 540.0, -20.0, 0.0, 255, 0, 0
L 580.0, -90.0, 0.0, 580.0, -20.0, 0.0, 255, 0, 0
L 540.0, -90.0, 0.0, 580.0, -90.0, 0.0, 255, 0, 0
L 540.0, -20.0, 0.0, 540.0, -90.0, 0.0, 255, 0, 0
L 520.0, -20.0, 0.0, 480.0, -20.0, 0.0, 255, 0, 0
L 520.0, -90.0, 0.0, 520.0, -20.0, 0.0, 255, 0, 0
L 480.0, -90.0, 0.0, 520.0, -90.0, 0.0, 255, 0, 0
L 480.0, -20.0, 0.0, 480.0, -90.0, 0.0, 255, 0, 0
L 460.0, -90.0, 0.0, 450.0, -80.0, 0.0, 255, 0, 0
L 460.0, -20.0, 0.0, 460.0, -90.0, 0.0, 255, 0, 0
L 0.0, -250.0, 0.0, 0.0, 250.0, 0.0, 255, 0, 0
L -250.0, 0.0, 0.0, 1000.0, 0.0, 0.0, 255, 0, 0
L -120.0, -80.0, 0.0, -120.0, -60.0, 0.0, 255, 0, 0
L -120.0, -60.0, 0.0, -120.0, -40.0, 0.0, 255, 0, 0
L -100.0, -60.0, 0.0, -120.0, -60.0, 0.0, 255, 0, 0
L -120.0, -60.0, 0.0, -140.0, -60.0, 0.0, 255, 0, 0
L -90.0, -50.0, 0.0, -100.0, -30.0, 0.0, 255, 0, 0
L -60.0, -80.0, 0.0, -60.0, -60.0, 0.0, 255, 0, 0
L -60.0, -60.0, 0.0, -60.0, -40.0, 0.0, 255, 0, 0
L -40.0, -60.0, 0.0, -60.0, -60.0, 0.0, 255, 0, 0
L -60.0, -60.0, 0.0, -80.0, -60.0, 0.0, 255, 0, 0
L 100.0, 60.0, 0.0, 120.0, 60.0, 0.0, 255, 0, 0
L 120.0, 60.0, 0.0, 140.0, 60.0, 0.0, 255, 0, 0
L 90.0, 70.0, 0.0, 80.0, 90.0, 0.0, 255, 0, 0
L 40.0, 60.0, 0.0, 60.0, 60.0, 0.0, 255, 0, 0
L 60.0, 60.0, 0.0, 80.0, 60.0, 0.0, 255, 0, 0
L -100.0, 60.0, 0.0, -120.0, 60.0, 0.0, 255, 0, 0
L -120.0, 60.0, 0.0, -140.0, 60.0, 0.0, 255, 0, 0
L -90.0, 70.0, 0.0, -100.0, 90.0, 0.0, 255, 0, 0
L -60.0, 80.0, 0.0, -60.0, 60.0, 0.0, 255, 0, 0
L -60.0, 60.0, 0.0, -60.0, 40.0, 0.0, 255, 0, 0
L -40.0, 60.0, 0.0, -60.0, 60.0, 0.0, 255, 0, 0
L -60.0, 60.0, 0.0, -80.0, 60.0, 0.0, 255, 0, 0
L 100.0, -60.0, 0.0, 120.0, -60.0, 0.0, 255, 0, 0
L 120.0, -60.0, 0.0, 140.0, -60.0, 0.0, 255, 0, 0
L 90.0, -50.0, 0.0, 80.0, -30.0, 0.0, 255, 0, 0
L 60.0, -80.0, 0.0, 60.0, -60.0, 0.0, 255, 0, 0
L 60.0, -60.0, 0.0, 60.0, -40.0, 0.0, 255, 0, 0
L 40.0, -60.0, 0.0, 60.0, -60.0, 0.0, 255, 0, 0
L 60.0, -60.0, 0.0, 80.0, -60.0, 0.0, 255, 0, 0
L 599.0, -90.0, 0.0, 637.3, -90.0, 0.0, 255, 0, 0
L 599.0, -20.0, 0.0, 637.3, -20.0, 0.0, 255, 0, 0
L 599.0, -90.0, 0.0, 599.0, -20.0, 0.0, 255, 0, 0
L 637.3, -90.0, 0.0, 637.3, -20.0, 0.0, 255, 0, 0
L 600, 200, 0, 600, 260, 0, 0, 0, 0
L 640, 260, 0, 600, 260, 0, 0, 0, 0
L 660, 230, 0, 690, 230, 0, 0, 0, 0
L 660, 260, 0, 690, 260, 0, 0, 0, 0
L 660, 200, 0, 660, 260, 0, 0, 0, 0
L 690, 200, 0, 660, 200, 0, 0, 0, 0
L 740, 260, 0, 710, 260, 0, 0, 0, 0
L 710, 200, 0, 740, 200, 0, 0, 0, 0
L 710, 260, 0, 710, 200, 0, 0, 0, 0
L 740, 260, 0, 740, 230, 0, 0, 0, 0
L 740, 230, 0, 720, 230, 0, 0, 0, 0
L 760, 230, 0, 790, 230, 0, 0, 0, 0
L 760, 260, 0, 790, 260, 0, 0, 0, 0
L 760, 200, 0, 760, 260, 0, 0, 0, 0
L 790, 200, 0, 760, 200, 0, 0, 0, 0
L 840, 260, 0, 840, 200, 0, 0, 0, 0
L 810, 200, 0, 840, 260, 0, 0, 0, 0
L 810, 260, 0, 810, 200, 0, 0, 0, 0
L 870, 260, 0, 870, 200, 0, 0, 0, 0
L 880, 260, 0, 860, 260, 0, 0, 0, 0
L 890, 230, 0, 880, 260, 0, 0, 0, 0
L 880, 200, 0, 890, 230, 0, 0, 0, 0
L 860, 200, 0, 880, 200, 0, 0, 0, 0
L 600, 410, 0, 660, 410, 0, 0, 0, 0
L 600, 330, 0, 660, 330, 0, 0, 0, 0
L 630, 383, 0, 630, 357, 0, 205, 133, 63
L 660, 410, 0, 720, 410, 0, 0, 0, 0
L 660, 410, 0, 660, 383, 0, 205, 133, 63
L 630, 383, 0, 690, 383, 0, 205, 133, 63
L 630, 357, 0, 660, 357, 0, 205, 133, 63
L 660, 357, 0, 690, 357, 0, 205, 133, 63
L 660, 330, 0, 720, 330, 0, 0, 0, 0
L 660, 357, 0, 660, 330, 0, 205, 133, 63
L 690, 383, 0, 690, 357, 0, 205, 133, 63
L 770, 400, 0, 770, 340, 0, 0, 0, 0
L 780, 400, 0, 760, 400, 0, 0, 0, 0
L 790, 370, 0, 780, 400, 0, 0, 0, 0
L 780, 340, 0, 790, 370, 0, 0, 0, 0
L 760, 340, 0, 780, 340, 0, 0, 0, 0
L 810, 340, 0, 840, 340, 0, 0, 0, 0
L 810, 400, 0, 840, 400, 0, 0, 0, 0
L 810, 340, 0, 810, 400, 0, 0, 0, 0
L 840, 340, 0, 840, 400, 0, 0, 0, 0
L 860, 340, 0, 890, 340, 0, 0, 0, 0
L 860, 400, 0, 890, 400, 0, 0, 0, 0
L 860, 340, 0, 860, 400, 0, 0, 0, 0
L 890, 340, 0, 890, 400, 0, 0, 0, 0
L 910, 340, 0, 910, 370, 0, 0, 0, 0
L 910, 370, 0, 910, 400, 0, 0, 0, 0
L 910, 370, 0, 930, 370, 0, 0, 0, 0
L 950, 370, 0, 950, 340, 0, 0, 0, 0
L 910, 340, 0, 950, 340, 0, 0, 0, 0
L 930, 370, 0, 950, 370, 0, 0, 0, 0
L 950, 400, 0, 930, 370, 0, 0, 0, 0
L 600, 450, 0, 600, 480, 0, 255, 210, 0
L 600, 450, 0, 620, 450, 0, 255, 210, 0
L 620, 510, 0, 600, 510, 0, 255, 210, 0
L 600, 480, 0, 600, 510, 0, 255, 210, 0
L 620, 480, 0, 600, 480, 0, 255, 210, 0
L 620, 480, 0, 640, 465, 0, 255, 210, 0
L 620, 450, 0, 640, 465, 0, 255, 210, 0
L 620, 480, 0, 640, 495, 0, 255, 210, 0
L 640, 495, 0, 620, 510, 0, 255, 210, 0
L 670, 480, 0, 690, 480, 0, 255, 210, 0
L 680, 450, 0, 700, 510, 0, 255, 210, 0
L 660, 510, 0, 680, 450, 0, 255, 210, 0
L 750, 510, 0, 750, 450, 0, 255, 210, 0
L 720, 450, 0, 750, 510, 0, 255, 210, 0
L 720, 510, 0, 720, 450, 0, 255, 210, 0
L 770, 450, 0, 770, 480, 0, 255, 210, 0
L 770, 480, 0, 770, 510, 0, 255, 210, 0
L 770, 480, 0, 810, 510, 0, 255, 210, 0
L 770, 480, 0, 810, 450, 0, 255, 210, 0
L 830, 480, 0, 860, 480, 0, 255, 210, 0
L 830, 510, 0, 860, 510, 0, 255, 210, 0
L 830, 450, 0, 830, 510, 0, 255, 210, 0
L 860, 450, 0, 830, 450, 0, 255, 210, 0
L 880, 450, 0, 880, 480, 0, 255, 210, 0
L 880, 480, 0, 880, 510, 0, 255, 210, 0
L 880, 480, 0, 900, 480, 0, 255, 210, 0
L 920, 480, 0, 920, 450, 0, 255, 210, 0
L 880, 450, 0, 920, 450, 0, 255, 210, 0
L 900, 480, 0, 920, 480, 0, 255, 210, 0
L 920, 510, 0, 900, 480, 0, 255, 210, 0
L 630, 600, 0, 600, 600, 0, 255, 255, 255
L 600, 540, 0, 630, 540, 0, 255, 255, 255
L 600, 600, 0, 600, 540, 0, 255, 255, 255
L 650, 540, 0, 680, 540, 0, 255, 255, 255
L 650, 600, 0, 680, 600, 0, 255, 255, 255
L 650, 540, 0, 650, 600, 0, 255, 255, 255
L 680, 540, 0, 680, 600, 0, 255, 255, 255
L 740, 540, 0, 740, 600, 0, 255, 255, 255
L 720, 570, 0, 740, 540, 0, 255, 255, 255
L 700, 540, 0, 720, 570, 0, 255, 255, 255
L 700, 600, 0, 700, 540, 0, 255, 255, 255
L 800, 540, 0, 800, 600, 0, 255, 255, 255
L 780, 570, 0, 800, 540, 0, 255, 255, 255
L 760, 540, 0, 780, 570, 0, 255, 255, 255
L 760, 600, 0, 760, 540, 0, 255, 255, 255
L 820, 570, 0, 850, 570, 0, 255, 255, 255
L 820, 600, 0, 850, 600, 0, 255, 255, 255
L 820, 540, 0, 820, 600, 0, 255, 255, 255
L 850, 540, 0, 820, 540, 0, 255, 255, 255
L 900, 600, 0, 900, 540, 0, 255, 255, 255
L 870, 540, 0, 900, 600, 0, 255, 255, 255
L 870, 600, 0, 870, 540, 0, 255, 255, 255
L 940, 540, 0, 940, 600, 0, 255, 255, 255
L 920, 540, 0, 960, 540, 0, 255, 255, 255
L 630, 690, 0, 600, 690, 0, 0, 0, 0
L 600, 630, 0, 630, 630, 0, 0, 0, 0
L 600, 690, 0, 600, 630, 0, 0, 0, 0
L 630, 690, 0, 630, 660, 0, 0, 0, 0
L 630, 660, 0, 610, 660, 0, 0, 0, 0
L 650, 660, 0, 680, 660, 0, 0, 0, 0
L 650, 690, 0, 680, 690, 0, 0, 0, 0
L 650, 630, 0, 650, 690, 0, 0, 0, 0
L 680, 630, 0, 650, 630, 0, 0, 0, 0
L 730, 690, 0, 730, 630, 0, 0, 0, 0
L 700, 630, 0, 730, 690, 0, 0, 0, 0
L 700, 690, 0, 700, 630, 0, 0, 0, 0
L 750, 660, 0, 780, 660, 0, 0, 0, 0
L 750, 690, 0, 780, 690, 0, 0, 0, 0
L 750, 630, 0, 750, 690, 0, 0, 0, 0
L 780, 630, 0, 750, 630, 0, 0, 0, 0
L 800, 630, 0, 800, 660, 0, 0, 0, 0
L 800, 660, 0, 800, 690, 0, 0, 0, 0
L 800, 660, 0, 820, 660, 0, 0, 0, 0
L 840, 660, 0, 840, 630, 0, 0, 0, 0
L 800, 630, 0, 840, 630, 0, 0, 0, 0
L 820, 660, 0, 840, 660, 0, 0, 0, 0
L 840, 690, 0, 820, 660, 0, 0, 0, 0
L 870, 660, 0, 890, 660, 0, 0, 0, 0
L 880, 630, 0, 900, 690, 0, 0, 0, 0
L 860, 690, 0, 880, 630, 0, 0, 0, 0
L 920, 630, 0, 920, 690, 0, 0, 0, 0
L 960, 690, 0, 920, 690, 0, 0, 0, 0
L 630, 780, 0, 600, 780, 0, 0, 0, 255
L 600, 720, 0, 630, 720, 0, 0, 0, 255
L 600, 780, 0, 600, 720, 0, 0, 0, 255
L 630, 780, 0, 630, 750, 0, 0, 0, 255
L 630, 750, 0, 610, 750, 0, 0, 0, 255
L 650, 720, 0, 650, 750, 0, 0, 0, 255
L 650, 750, 0, 650, 780, 0, 0, 0, 255
L 650, 750, 0, 670, 750, 0, 0, 0, 255
L 690, 750, 0, 690, 720, 0, 0, 0, 255
L 650, 720, 0, 690, 720, 0, 0, 0, 255
L 670, 750, 0, 690, 750, 0, 0, 0, 255
L 690, 780, 0, 670, 750, 0, 0, 0, 255
L 710, 720, 0, 740, 720, 0, 0, 0, 255
L 710, 780, 0, 740, 780, 0, 0, 0, 255
L 710, 720, 0, 710, 780, 0, 0, 0, 255
L 740, 720, 0, 740, 780, 0, 0, 0, 255
L 800, 720, 0, 800, 780, 0, 0, 0, 255
L 760, 720, 0, 760, 780, 0, 0, 0, 255
L 760, 780, 0, 800, 780, 0, 0, 0, 255
L 850, 780, 0, 850, 720, 0, 0, 0, 255
L 820, 720, 0, 850, 780, 0, 0, 0, 255
L 820, 780, 0, 820, 720, 0, 0, 0, 255
L 880, 780, 0, 880, 720, 0, 0, 0, 255
L 890, 780, 0, 870, 780, 0, 0, 0, 255
L 900, 750, 0, 890, 780, 0, 0, 0, 255
L 890, 720, 0, 900, 750, 0, 0, 0, 255
L 870, 720, 0, 890, 720, 0, 0, 0, 255
L 980, 720, 0, 980, 750, 0, 0, 0, 255
L 980, 780, 0, 1020, 780, 0, 0, 0, 255
L 1020, 750, 0, 980, 750, 0, 0, 0, 255
L 980, 720, 0, 1020, 720, 0, 0, 0, 255
L 1020, 750, 0, 1020, 780, 0, 0, 0, 255
L 1070, 750, 0, 1040, 750, 0, 0, 0, 255
L 1070, 720, 0, 1070, 750, 0, 0, 0, 255
L 1040, 720, 0, 1070, 720, 0, 0, 0, 255
L 1040, 780, 0, 1040, 720, 0, 0, 0, 255
L 1100, 750, 0, 1120, 750, 0, 0, 0, 255
L 1110, 720, 0, 1130, 780, 0, 0, 0, 255
L 1090, 780, 0, 1110, 720, 0, 0, 0, 255
L 1180, 780, 0, 1190, 720, 0, 0, 0, 255
L 1170, 750, 0, 1180, 780, 0, 0, 0, 255
L 1160, 780, 0, 1170, 750, 0, 0, 0, 255
L 1150, 720, 0, 1160, 780, 0, 0, 0, 255
L 1240, 780, 0, 1240, 720, 0, 0, 0, 255
L 1210, 720, 0, 1240, 780, 0, 0, 0, 255
L 1210, 780, 0, 1210, 720, 0, 0, 0, 255
L 630, 870, 0, 600, 870, 0, 128, 128, 128
L 600, 810, 0, 630, 810, 0, 128, 128, 128
L 600, 870, 0, 600, 810, 0, 128, 128, 128
L 630, 870, 0, 630, 840, 0, 128, 128, 128
L 630, 840, 0, 610, 840, 0, 128, 128, 128
L 690, 810, 0, 690, 870, 0, 128, 128, 128
L 650, 810, 0, 650, 870, 0, 128, 128, 128
L 650, 870, 0, 690, 870, 0, 128, 128, 128
L 710, 810, 0, 710, 870, 0, 128, 128, 128
L 730, 810, 0, 730, 870, 0, 128, 128, 128
L 770, 870, 0, 730, 870, 0, 128, 128, 128
L 800, 870, 0, 800, 810, 0, 128, 128, 128
L 810, 870, 0, 790, 870, 0, 128, 128, 128
L 820, 840, 0, 810, 870, 0, 128, 128, 128
L 810, 810, 0, 820, 840, 0, 128, 128, 128
L 790, 810, 0, 810, 810, 0, 128, 128, 128
L 940, 810, 0, 940, 870, 0, 128, 128, 128
L 920, 840, 0, 940, 810, 0, 128, 128, 128
L 900, 810, 0, 920, 840, 0, 128, 128, 128
L 900, 870, 0, 900, 810, 0, 128, 128, 128
L 970, 840, 0, 990, 840, 0, 128, 128, 128
L 980, 810, 0, 1000, 870, 0, 128, 128, 128
L 960, 870, 0, 980, 810, 0, 128, 128, 128
L 1020, 810, 0, 1020, 840, 0, 128, 128, 128
L 1020, 870, 0, 1060, 870, 0, 128, 128, 128
L 1060, 840, 0, 1020, 840, 0, 128, 128, 128
L 1020, 810, 0, 1060, 810, 0, 128, 128, 128
L 1060, 840, 0, 1060, 870, 0, 128, 128, 128
L 1100, 810, 0, 1100, 870, 0, 128, 128, 128
L 1080, 810, 0, 1120, 810, 0, 128, 128, 128
L 1140, 840, 0, 1170, 840, 0, 128, 128, 128
L 1140, 870, 0, 1170, 870, 0, 128, 128, 128
L 1140, 810, 0, 1140, 870, 0, 128, 128, 128
L 1170, 810, 0, 1140, 810, 0, 128, 128, 128
L 1190, 810, 0, 1190, 840, 0, 128, 128, 128
L 1190, 840, 0, 1190, 870, 0, 128, 128, 128
L 1190, 840, 0, 1210, 840, 0, 128, 128, 128
L 1230, 840, 0, 1230, 810, 0, 128, 128, 128
L 1190, 810, 0, 1230, 810, 0, 128, 128, 128
L 1210, 840, 0, 1230, 840, 0, 128, 128, 128
L 1230, 870, 0, 1210, 840, 0, 128, 128, 128
L 600, 900, 0, 600, 930, 0, 127, 64, 0
L 640, 960, 0, 640, 930, 0, 127, 64, 0
L 600, 930, 0, 600, 960, 0, 127, 64, 0
L 640, 930, 0, 640, 900, 0, 127, 64, 0
L 600, 930, 0, 640, 930, 0, 127, 64, 0
L 700, 900, 0, 700, 960, 0, 127, 64, 0
L 660, 900, 0, 660, 960, 0, 127, 64, 0
L 660, 960, 0, 700, 960, 0, 127, 64, 0
L 750, 960, 0, 750, 900, 0, 127, 64, 0
L 720, 900, 0, 750, 960, 0, 127, 64, 0
L 720, 960, 0, 720, 900, 0, 127, 64, 0
L 790, 900, 0, 790, 960, 0, 127, 64, 0
L 770, 900, 0, 810, 900, 0, 127, 64, 0
L 830, 930, 0, 860, 930, 0, 127, 64, 0
L 830, 960, 0, 860, 960, 0, 127, 64, 0
L 830, 900, 0, 830, 960, 0, 127, 64, 0
L 860, 900, 0, 830, 900, 0, 127, 64, 0
L 880, 900, 0, 880, 930, 0, 127, 64, 0
L 880, 930, 0, 880, 960, 0, 127, 64, 0
L 880, 930, 0, 900, 930, 0, 127, 64, 0
L 920, 930, 0, 920, 900, 0, 127, 64, 0
L 880, 900, 0, 920, 900, 0, 127, 64, 0
L 900, 930, 0, 920, 930, 0, 127, 64, 0
L 920, 960, 0, 900, 930, 0, 127, 64, 0
L 640, 990, 0, 640, 1050, 0, 0, 127, 0
L 620, 1020, 0, 640, 990, 0, 0, 127, 0
L 600, 990, 0, 620, 1020, 0, 0, 127, 0
L 600, 1050, 0, 600, 990, 0, 0, 127, 0
L 660, 1020, 0, 690, 1020, 0, 0, 127, 0
L 660, 1050, 0, 690, 1050, 0, 0, 127, 0
L 660, 990, 0, 660, 1050, 0, 0, 127, 0
L 690, 990, 0, 660, 990, 0, 0, 127, 0
L 710, 990, 0, 710, 1020, 0, 0, 127, 0
L 710, 1020, 0, 710, 1050, 0, 0, 127, 0
L 710, 1020, 0, 730, 1020, 0, 0, 127, 0
L 750, 1020, 0, 750, 990, 0, 0, 127, 0
L 710, 990, 0, 750, 990, 0, 0, 127, 0
L 730, 1020, 0, 750, 1020, 0, 0, 127, 0
L 750, 1050, 0, 730, 1020, 0, 0, 127, 0
L 800, 1050, 0, 770, 1050, 0, 0, 127, 0
L 770, 990, 0, 800, 990, 0, 0, 127, 0
L 770, 1050, 0, 770, 990, 0, 0, 127, 0
L 820, 990, 0, 820, 1020, 0, 0, 127, 0
L 860, 1050, 0, 860, 1020, 0, 0, 127, 0
L 820, 1020, 0, 820, 1050, 0, 0, 127, 0
L 860, 1020, 0, 860, 990, 0, 0, 127, 0
L 820, 1020, 0, 860, 1020, 0, 0, 127, 0
L 890, 1020, 0, 910, 1020, 0, 0, 127, 0
L 900, 990, 0, 920, 1050, 0, 0, 127, 0
L 880, 1050, 0, 900, 990, 0, 0, 127, 0
L 970, 1050, 0, 970, 990, 0, 0, 127, 0
L 940, 990, 0, 970, 1050, 0, 0, 127, 0
L 940, 1050, 0, 940, 990, 0, 0, 127, 0
L 1010, 990, 0, 1010, 1050, 0, 0, 127, 0
L 990, 990, 0, 1030, 990, 0, 0, 127, 0
L 640, 1080, 0, 640, 1140, 0, 0, 127, 127
L 620, 1110, 0, 640, 1080, 0, 0, 127, 127
L 600, 1080, 0, 620, 1110, 0, 0, 127, 127
L 600, 1140, 0, 600, 1080, 0, 0, 127, 127
L 660, 1080, 0, 660, 1140, 0, 0, 127, 127
L 680, 1080, 0, 680, 1110, 0, 0, 127, 127
L 680, 1140, 0, 720, 1140, 0, 0, 127, 127
L 720, 1110, 0, 680, 1110, 0, 0, 127, 127
L 680, 1080, 0, 720, 1080, 0, 0, 127, 127
L 720, 1110, 0, 720, 1140, 0, 0, 127, 127
L 740, 1080, 0, 740, 1110, 0, 0, 127, 127
L 740, 1140, 0, 780, 1140, 0, 0, 127, 127
L 780, 1110, 0, 740, 1110, 0, 0, 127, 127
L 740, 1080, 0, 780, 1080, 0, 0, 127, 127
L 780, 1110, 0, 780, 1140, 0, 0, 127, 127
L 800, 1080, 0, 800, 1140, 0, 0, 127, 127
L 820, 1080, 0, 850, 1080, 0, 0, 127, 127
L 820, 1140, 0, 850, 1140, 0, 0, 127, 127
L 820, 1080, 0, 820, 1140, 0, 0, 127, 127
L 850, 1080, 0, 850, 1140, 0, 0, 127, 127
L 900, 1140, 0, 900, 1080, 0, 0, 127, 127
L 870, 1080, 0, 900, 1140, 0, 0, 127, 127
L 870, 1140, 0, 870, 1080, 0, 0, 127, 127
L 630, 1230, 0, 630, 1170, 0, 127, 64, 0
L 600, 1170, 0, 630, 1230, 0, 127, 64, 0
L 600, 1230, 0, 600, 1170, 0, 127, 64, 0
L 660, 1200, 0, 680, 1200, 0, 127, 64, 0
L 670, 1170, 0, 690, 1230, 0, 127, 64, 0
L 650, 1230, 0, 670, 1170, 0, 127, 64, 0
L 750, 1170, 0, 750, 1230, 0, 127, 64, 0
L 730, 1200, 0, 750, 1170, 0, 127, 64, 0
L 710, 1170, 0, 730, 1200, 0, 127, 64, 0
L 710, 1230, 0, 710, 1170, 0, 127, 64, 0
L 770, 1200, 0, 800, 1200, 0, 127, 64, 0
L 770, 1230, 0, 800, 1230, 0, 127, 64, 0
L 770, 1170, 0, 770, 1230, 0, 127, 64, 0
L 800, 1170, 0, 770, 1170, 0, 127, 64, 0
L 830, 1230, 0, 830, 1170, 0, 127, 64, 0
L 840, 1230, 0, 820, 1230, 0, 127, 64, 0
L 850, 1200, 0, 840, 1230, 0, 127, 64, 0
L 840, 1170, 0, 850, 1200, 0, 127, 64, 0
L 820, 1170, 0, 840, 1170, 0, 127, 64, 0
L 630, 1290, 0, 600, 1290, 0, 0, 255, 0
L 630, 1260, 0, 630, 1290, 0, 0, 255, 0
L 600, 1260, 0, 630, 1260, 0, 0, 255, 0
L 600, 1320, 0, 600, 1260, 0, 0, 255, 0
L 660, 1290, 0, 680, 1290, 0, 0, 255, 0
L 670, 1260, 0, 690, 1320, 0, 0, 255, 0
L 650, 1320, 0, 670, 1260, 0, 0, 255, 0
L 710, 1260, 0, 710, 1290, 0, 0, 255, 0
L 710, 1290, 0, 710, 1320, 0, 0, 255, 0
L 710, 1290, 0, 730, 1290, 0, 0, 255, 0
L 750, 1290, 0, 750, 1260, 0, 0, 255, 0
L 710, 1260, 0, 750, 1260, 0, 0, 255, 0
L 730, 1290, 0, 750, 1290, 0, 0, 255, 0
L 750, 1320, 0, 730, 1290, 0, 0, 255, 0
L 800, 1320, 0, 770, 1320, 0, 0, 255, 0
L 770, 1260, 0, 800, 1260, 0, 0, 255, 0
L 770, 1320, 0, 770, 1260, 0, 0, 255, 0
L 820, 1290, 0, 850, 1290, 0, 0, 255, 0
L 820, 1320, 0, 850, 1320, 0, 0, 255, 0
L 820, 1260, 0, 820, 1320, 0, 0, 255, 0
L 850, 1260, 0, 820, 1260, 0, 0, 255, 0
L 870, 1260, 0, 870, 1320, 0, 0, 255, 0
L 910, 1320, 0, 870, 1320, 0, 0, 255, 0
L 930, 1260, 0, 930, 1290, 0, 0, 255, 0
L 930, 1320, 0, 970, 1320, 0, 0, 255, 0
L 970, 1290, 0, 930, 1290, 0, 0, 255, 0
L 930, 1260, 0, 970, 1260, 0, 0, 255, 0
L 970, 1290, 0, 970, 1320, 0, 0, 255, 0
L 600, 1350, 0, 600, 1380, 0, 0, 240, 240
L 600, 1380, 0, 600, 1410, 0, 0, 240, 240
L 600, 1380, 0, 620, 1380, 0, 0, 240, 240
L 640, 1380, 0, 640, 1350, 0, 0, 240, 240
L 600, 1350, 0, 640, 1350, 0, 0, 240, 240
L 620, 1380, 0, 640, 1380, 0, 0, 240, 240
L 640, 1410, 0, 620, 1380, 0, 0, 240, 240
L 670, 1380, 0, 690, 1380, 0, 0, 240, 240
L 680, 1350, 0, 700, 1410, 0, 0, 240, 240
L 660, 1410, 0, 680, 1350, 0, 0, 240, 240
L 720, 1350, 0, 720, 1410, 0, 0, 240, 240
L 750, 1410, 0, 750, 1350, 0, 0, 240, 240
L 760, 1410, 0, 740, 1410, 0, 0, 240, 240
L 770, 1380, 0, 760, 1410, 0, 0, 240, 240
L 760, 1350, 0, 770, 1380, 0, 0, 240, 240
L 740, 1350, 0, 760, 1350, 0, 0, 240, 240
L 600, 1440, 0, 600, 1470, 0, 0, 255, 0
L 600, 1500, 0, 640, 1500, 0, 0, 255, 0
L 640, 1470, 0, 600, 1470, 0, 0, 255, 0
L 600, 1440, 0, 640, 1440, 0, 0, 255, 0
L 640, 1470, 0, 640, 1500, 0, 0, 255, 0
L 690, 1470, 0, 660, 1470, 0, 0, 255, 0
L 690, 1440, 0, 690, 1470, 0, 0, 255, 0
L 660, 1440, 0, 690, 1440, 0, 0, 255, 0
L 660, 1500, 0, 660, 1440, 0, 0, 255, 0
L 710, 1470, 0, 740, 1470, 0, 0, 255, 0
L 710, 1500, 0, 740, 1500, 0, 0, 255, 0
L 710, 1440, 0, 710, 1500, 0, 0, 255, 0
L 740, 1440, 0, 710, 1440, 0, 0, 255, 0
L 790, 1500, 0, 760, 1500, 0, 0, 255, 0
L 760, 1440, 0, 790, 1440, 0, 0, 255, 0
L 760, 1500, 0, 760, 1440, 0, 0, 255, 0
L 810, 1440, 0, 810, 1500, 0, 0, 255, 0
L 840, 1470, 0, 860, 1470, 0, 0, 255, 0
L 850, 1440, 0, 870, 1500, 0, 0, 255, 0
L 830, 1500, 0, 850, 1440, 0, 0, 255, 0
L 890, 1440, 0, 890, 1500, 0, 0, 255, 0
L 930, 1500, 0, 890, 1500, 0, 0, 255, 0
L 1040, 1500, 0, 1010, 1500, 0, 0, 255, 0
L 1010, 1440, 0, 1040, 1440, 0, 0, 255, 0
L 1010, 1500, 0, 1010, 1440, 0, 0, 255, 0
L 1100, 1440, 0, 1100, 1500, 0, 0, 255, 0
L 1060, 1440, 0, 1060, 1500, 0, 0, 255, 0
L 1060, 1500, 0, 1100, 1500, 0, 0, 255, 0
L 1120, 1440, 0, 1120, 1470, 0, 0, 255, 0
L 1120, 1470, 0, 1120, 1500, 0, 0, 255, 0
L 1120, 1470, 0, 1140, 1470, 0, 0, 255, 0
L 1160, 1470, 0, 1160, 1440, 0, 0, 255, 0
L 1120, 1440, 0, 1160, 1440, 0, 0, 255, 0
L 1140, 1470, 0, 1160, 1470, 0, 0, 255, 0
L 1160, 1500, 0, 1140, 1470, 0, 0, 255, 0
L 1180, 1440, 0, 1180, 1470, 0, 0, 255, 0
L 1180, 1470, 0, 1180, 1500, 0, 0, 255, 0
L 1180, 1470, 0, 1200, 1470, 0, 0, 255, 0
L 1220, 1470, 0, 1220, 1440, 0, 0, 255, 0
L 1180, 1440, 0, 1220, 1440, 0, 0, 255, 0
L 1200, 1470, 0, 1220, 1470, 0, 0, 255, 0
L 1220, 1500, 0, 1200, 1470, 0, 0, 255, 0
L 1240, 1470, 0, 1270, 1470, 0, 0, 255, 0
L 1240, 1500, 0, 1270, 1500, 0, 0, 255, 0
L 1240, 1440, 0, 1240, 1500, 0, 0, 255, 0
L 1270, 1440, 0, 1240, 1440, 0, 0, 255, 0
L 1320, 1500, 0, 1320, 1440, 0, 0, 255, 0
L 1290, 1440, 0, 1320, 1500, 0, 0, 255, 0
L 1290, 1500, 0, 1290, 1440, 0, 0, 255, 0
L 1370, 1500, 0, 1340, 1500, 0, 0, 255, 0
L 1340, 1440, 0, 1370, 1440, 0, 0, 255, 0
L 1340, 1500, 0, 1340, 1440, 0, 0, 255, 0
L 1410, 1470, 0, 1410, 1500, 0, 0, 255, 0
L 1410, 1470, 0, 1430, 1440, 0, 0, 255, 0
L 1390, 1440, 0, 1410, 1470, 0, 0, 255, 0
L 600, 1530, 0, 600, 1560, 0, 255, 0, 0
L 600, 1590, 0, 640, 1590, 0, 255, 0, 0
L 640, 1560, 0, 600, 1560, 0, 255, 0, 0
L 600, 1530, 0, 640, 1530, 0, 255, 0, 0
L 640, 1560, 0, 640, 1590, 0, 255, 0, 0
L 700, 1530, 0, 700, 1590, 0, 255, 0, 0
L 660, 1530, 0, 660, 1590, 0, 255, 0, 0
L 660, 1590, 0, 700, 1590, 0, 255, 0, 0
L 750, 1590, 0, 720, 1590, 0, 255, 0, 0
L 720, 1530, 0, 750, 1530, 0, 255, 0, 0
L 720, 1590, 0, 720, 1530, 0, 255, 0, 0
L 800, 1590, 0, 770, 1590, 0, 255, 0, 0
L 770, 1530, 0, 800, 1530, 0, 255, 0, 0
L 770, 1590, 0, 770, 1530, 0, 255, 0, 0
L 820, 1530, 0, 850, 1530, 0, 255, 0, 0
L 820, 1590, 0, 850, 1590, 0, 255, 0, 0
L 820, 1530, 0, 820, 1590, 0, 255, 0, 0
L 850, 1530, 0, 850, 1590, 0, 255, 0, 0
L 870, 1530, 0, 870, 1560, 0, 255, 0, 0
L 870, 1560, 0, 870, 1590, 0, 255, 0, 0
L 870, 1560, 0, 890, 1560, 0, 255, 0, 0
L 910, 1560, 0, 910, 1530, 0, 255, 0, 0
L 870, 1530, 0, 910, 1530, 0, 255, 0, 0
L 890, 1560, 0, 910, 1560, 0, 255, 0, 0
L 910, 1590, 0, 890, 1560, 0, 255, 0, 0
L 620, 1620, 0, 620, 1680, 0, 255, 255, 0
L 600, 1620, 0, 640, 1620, 0, 255, 255, 0
L 660, 1650, 0, 690, 1650, 0, 255, 255, 0
L 660, 1680, 0, 690, 1680, 0, 255, 255, 0
L 660, 1620, 0, 660, 1680, 0, 255, 255, 0
L 690, 1620, 0, 660, 1620, 0, 255, 255, 0
L 710, 1620, 0, 710, 1680, 0, 255, 255, 0
L 750, 1680, 0, 710, 1680, 0, 255, 255, 0
L 770, 1650, 0, 800, 1650, 0, 255, 255, 0
L 770, 1680, 0, 800, 1680, 0, 255, 255, 0
L 770, 1620, 0, 770, 1680, 0, 255, 255, 0
L 800, 1620, 0, 770, 1620, 0, 255, 255, 0
L 850, 1650, 0, 820, 1650, 0, 255, 255, 0
L 850, 1620, 0, 850, 1650, 0, 255, 255, 0
L 820, 1620, 0, 850, 1620, 0, 255, 255, 0
L 820, 1680, 0, 820, 1620, 0, 255, 255, 0
L 870, 1620, 0, 900, 1620, 0, 255, 255, 0
L 870, 1680, 0, 900, 1680, 0, 255, 255, 0
L 870, 1620, 0, 870, 1680, 0, 255, 255, 0
L 900, 1620, 0, 900, 1680, 0, 255, 255, 0
L 920, 1620, 0, 920, 1650, 0, 255, 255, 0
L 920, 1650, 0, 920, 1680, 0, 255, 255, 0
L 920, 1650, 0, 940, 1650, 0, 255, 255, 0
L 960, 1650, 0, 960, 1620, 0, 255, 255, 0
L 920, 1620, 0, 960, 1620, 0, 255, 255, 0
L 940, 1650, 0, 960, 1650, 0, 255, 255, 0
L 960, 1680, 0, 940, 1650, 0, 255, 255, 0
L 1000, 1620, 0, 1000, 1680, 0, 255, 255, 0
L 980, 1620, 0, 1020, 1620, 0, 255, 255, 0
L 620, 1710, 0, 620, 1770, 0, 128, 0, 128
L 600, 1710, 0, 640, 1710, 0, 128, 0, 128
L 660, 1710, 0, 660, 1740, 0, 128, 0, 128
L 660, 1740, 0, 660, 1770, 0, 128, 0, 128
L 660, 1740, 0, 680, 1740, 0, 128, 0, 128
L 700, 1740, 0, 700, 1710, 0, 128, 0, 128
L 660, 1710, 0, 700, 1710, 0, 128, 0, 128
L 680, 1740, 0, 700, 1740, 0, 128, 0, 128
L 700, 1770, 0, 680, 1740, 0, 128, 0, 128
L 730, 1740, 0, 750, 1740, 0, 128, 0, 128
L 740, 1710, 0, 760, 1770, 0, 128, 0, 128
L 720, 1770, 0, 740, 1710, 0, 128, 0, 128
L 790, 1770, 0, 790, 1710, 0, 128, 0, 128
L 800, 1770, 0, 780, 1770, 0, 128, 0, 128
L 810, 1740, 0, 800, 1770, 0, 128, 0, 128
L 800, 1710, 0, 810, 1740, 0, 128, 0, 128
L 780, 1710, 0, 800, 1710, 0, 128, 0, 128
L 830, 1740, 0, 860, 1740, 0, 128, 0, 128
L 830, 1770, 0, 860, 1770, 0, 128, 0, 128
L 830, 1710, 0, 830, 1770, 0, 128, 0, 128
L 860, 1710, 0, 830, 1710, 0, 128, 0, 128
L 880, 1710, 0, 880, 1740, 0, 128, 0, 128
L 880, 1770, 0, 920, 1770, 0, 128, 0, 128
L 920, 1740, 0, 880, 1740, 0, 128, 0, 128
L 880, 1710, 0, 920, 1710, 0, 128, 0, 128
L 920, 1740, 0, 920, 1770, 0, 128, 0, 128
L 940, 1710, 0, 940, 1740, 0, 128, 0, 128
L 940, 1740, 0, 940, 1770, 0, 128, 0, 128
L 940, 1740, 0, 980, 1770, 0, 128, 0, 128
L 940, 1740, 0, 980, 1710, 0, 128, 0, 128
L 1000, 1710, 0, 1000, 1770, 0, 128, 0, 128
L 1020, 1710, 0, 1020, 1770, 0, 128, 0, 128
L 1060, 1770, 0, 1020, 1770, 0, 128, 0, 128
L 1080, 1710, 0, 1080, 1770, 0, 128, 0, 128
L 1120, 1770, 0, 1080, 1770, 0, 128, 0, 128
L 1230, 1770, 0, 1200, 1770, 0, 128, 0, 128
L 1200, 1710, 0, 1230, 1710, 0, 128, 0, 128
L 1200, 1770, 0, 1200, 1710, 0, 128, 0, 128
L 1250, 1710, 0, 1280, 1710, 0, 128, 0, 128
L 1250, 1770, 0, 1280, 1770, 0, 128, 0, 128
L 1250, 1710, 0, 1250, 1770, 0, 128, 0, 128
L 1280, 1710, 0, 1280, 1770, 0, 128, 0, 128
L 1330, 1770, 0, 1330, 1710, 0, 128, 0, 128
L 1300, 1710, 0, 1330, 1770, 0, 128, 0, 128
L 1300, 1770, 0, 1300, 1710, 0, 128, 0, 128
L 1370, 1710, 0, 1370, 1770, 0, 128, 0, 128
L 1350, 1710, 0, 1390, 1710, 0, 128, 0, 128
L 1420, 1740, 0, 1440, 1740, 0, 128, 0, 128
L 1430, 1710, 0, 1450, 1770, 0, 128, 0, 128
L 1410, 1770, 0, 1430, 1710, 0, 128, 0, 128
L 1470, 1710, 0, 1470, 1770, 0, 128, 0, 128
L 1520, 1770, 0, 1520, 1710, 0, 128, 0, 128
L 1490, 1710, 0, 1520, 1770, 0, 128, 0, 128
L 1490, 1770, 0, 1490, 1710, 0, 128, 0, 128
L 1540, 1740, 0, 1570, 1740, 0, 128, 0, 128
L 1540, 1770, 0, 1570, 1770, 0, 128, 0, 128
L 1540, 1710, 0, 1540, 1770, 0, 128, 0, 128
L 1570, 1710, 0, 1540, 1710, 0, 128, 0, 128
L 1590, 1710, 0, 1590, 1740, 0, 128, 0, 128
L 1590, 1740, 0, 1590, 1770, 0, 128, 0, 128
L 1590, 1740, 0, 1610, 1740, 0, 128, 0, 128
L 1630, 1740, 0, 1630, 1710, 0, 128, 0, 128
L 1590, 1710, 0, 1630, 1710, 0, 128, 0, 128
L 1610, 1740, 0, 1630, 1740, 0, 128, 0, 128
L 1630, 1770, 0, 1610, 1740, 0, 128, 0, 128
L 620, 1800, 0, 620, 1860, 0, 255, 255, 0
L 600, 1800, 0, 640, 1800, 0, 255, 255, 0
L 660, 1800, 0, 660, 1830, 0, 255, 255, 0
L 660, 1830, 0, 660, 1860, 0, 255, 255, 0
L 660, 1830, 0, 680, 1830, 0, 255, 255, 0
L 700, 1830, 0, 700, 1800, 0, 255, 255, 0
L 660, 1800, 0, 700, 1800, 0, 255, 255, 0
L 680, 1830, 0, 700, 1830, 0, 255, 255, 0
L 700, 1860, 0, 680, 1830, 0, 255, 255, 0
L 730, 1830, 0, 750, 1830, 0, 255, 255, 0
L 740, 1800, 0, 760, 1860, 0, 255, 255, 0
L 720, 1860, 0, 740, 1800, 0, 255, 255, 0
L 810, 1830, 0, 780, 1830, 0, 255, 255, 0
L 810, 1800, 0, 810, 1830, 0, 255, 255, 0
L 780, 1800, 0, 810, 1800, 0, 255, 255, 0
L 780, 1860, 0, 780, 1800, 0, 255, 255, 0
L 630, 1890, 0, 600, 1890, 0, 255, 0, 0
L 600, 1950, 0, 630, 1890, 0, 255, 0, 0
L 600, 1950, 0, 630, 1950, 0, 255, 0, 0
L 650, 1890, 0, 680, 1890, 0, 255, 0, 0
L 650, 1950, 0, 680, 1950, 0, 255, 0, 0
L 650, 1890, 0, 650, 1950, 0, 255, 0, 0
L 680, 1890, 0, 680, 1950, 0, 255, 0, 0
L 730, 1950, 0, 730, 1890, 0, 255, 0, 0
L 700, 1890, 0, 730, 1950, 0, 255, 0, 0
L 700, 1950, 0, 700, 1890, 0, 255, 0, 0
L 750, 1920, 0, 780, 1920, 0, 255, 0, 0
L 750, 1950, 0, 780, 1950, 0, 255, 0, 0
L 750, 1890, 0, 750, 1950, 0, 255, 0, 0
L 780, 1890, 0, 750, 1890, 0, 255, 0, 0
P -400, 200, 0, 0, 0, 0, 2, Original_Map:_EverQuest_Default
P -400, 400, 0, 0, 0, 0, 2, Revised_Map:_Brewall_Rainsinger_(Cazic-Thule)
P -400, 600, 0, 0, 0, 0, 2, http://www.eqmaps.info
P -400, 800, 0, 0, 0, 0, 2, Return_of_the_Exiled_(www.roteguild.org)
