L -278.5, -117.4, -4.8, -287.6, -135.9, -5.1, 0, 0, 0
L -287.6, -135.9, -5.1, -295.6, -134.5, -5.7, 0, 0, 0
L -295.6, -134.5, -5.7, -304.2, -144.2, -5.9, 0, 0, 0
L -304.2, -144.2, -5.9, -315.6, -148.8, -6.4, 0, 0, 0
L -315.6, -148.8, -6.4, -325.6, -148.8, -6.1, 0, 0, 0
L -325.6, -148.8, -6.1, -333.9, -141.2, -6.3, 0, 0, 0
L -355.5, -131.1, -6.0, -355.1, -119.1, -6.5, 0, 0, 0
L -355.6, -131.3, -6.0, -340.4, -139.7, -6.1, 0, 0, 0
L -340.4, -139.7, -6.1, -333.4, -141.4, -6.3, 0, 0, 0
L -355.1, -119.1, -6.5, -358.8, -107.5, -6.0, 0, 0, 0
L -358.8, -107.5, -6.0, -358.9, -106.6, -5.8, 0, 0, 0
L -358.9, -106.6, -5.8, -355.6, -100.9, -6.1, 0, 0, 0
L -355.6, -100.9, -6.1, -357.4, -89.6, -5.7, 0, 0, 0
L -357.4, -89.6, -5.7, -344.5, -86.0, -6.1, 0, 0, 0
L -344.5, -86.0, -6.1, -336.3, -87.5, -6.6, 0, 0, 0
L -336.3, -87.5, -6.6, -322.2, -77.9, -6.5, 0, 0, 0
L -322.2, -77.9, -6.5, -316.2, -74.8, -6.6, 0, 0, 0
L -316.2, -74.8, -6.6, -317.1, -61.7, -4.7, 0, 0, 0
L -289.8, -84.4, -5.4, -292.7, -94.1, -6.3, 0, 0, 0
L -292.7, -94.1, -6.3, -286.4, -106.6, -5.9, 0, 0, 0
L -286.4, -106.6, -5.9, -278.5, -117.4, -4.8, 0, 0, 0
L -289.8, -84.4, -5.4, -297.9, -66.4, -4.7, 0, 0, 0
L -53.2, 2.6, -4.7, -72.7, 22.1, -4.7, 0, 0, 0
L -72.7, 22.1, -4.7, -50.3, 44.7, -4.7, 0, 0, 0
L -53.2, 2.6, -4.7, -31.4, 26.8, -4.7, 0, 0, 0
L -56.4, 12.4, -4.7, -63.9, 19.9, -4.7, 199, 21, 133
L -370.5, 580.6, 16.4, -369.9, 583.4, 16.6, 150, 150, 150
L -369.9, 583.4, 16.6, -370.5, 585.4, 16.6, 150, 150, 150
L -370.5, 585.4, 16.6, -370.0, 586.4, 16.8, 150, 150, 150
L -370.0, 586.4, 16.8, -369.2, 588.1, 17.1, 150, 150, 150
L -369.2, 588.1, 17.1, -368.4, 590.1, 18.0, 150, 150, 150
L -368.4, 590.1, 18.0, -368.3, 592.1, 15.3, 150, 150, 150
L -368.3, 592.1, 15.3, -367.8, 593.2, 15.3, 150, 150, 150
L -367.8, 593.2, 15.3, -367.5, 594.9, 15.5, 150, 150, 150
L -367.5, 594.9, 15.5, -367.5, 598.8, 15.3, 150, 150, 150
L -367.5, 598.8, 15.3, -367.0, 599.8, 15.3, 150, 150, 150
L -367.0, 599.8, 15.3, -366.2, 601.4, 15.3, 150, 150, 150
L -366.2, 601.4, 15.3, -365.4, 603.5, 15.3, 150, 150, 150
L -365.4, 603.5, 15.3, -365.2, 604.4, 15.3, 150, 150, 150
L -390.0, 587.2, 15.3, -389.9, 610.2, 26.3, 139, 69, 19
L -384.0, 610.8, 26.6, -384.0, 587.5, 15.3, 139, 69, 19
L -384.0, 587.5, 15.3, -390.0, 587.2, 15.3, 139, 69, 19
L -372.0, 609.5, 29.3, -372.5, 626.0, 29.2, 0, 0, 0
L -372.5, 626.0, 29.2, -373.6, 625.8, 29.3, 0, 0, 0
L -373.6, 625.8, 29.3, -384.0, 624.0, 29.3, 0, 0, 0
L -384.0, 624.0, 29.3, -385.0, 625.3, 29.3, 0, 0, 0
L -385.0, 625.3, 29.3, -386.2, 626.8, 30.1, 0, 0, 0
L -386.2, 626.8, 30.1, -386.7, 628.6, 29.8, 0, 0, 0
L -386.7, 628.6, 29.8, -386.3, 630.3, 30.2, 0, 0, 0
L -386.3, 630.3, 30.2, -386.1, 631.3, 30.7, 0, 0, 0
L -386.1, 631.3, 30.7, -385.7, 640.8, 31.1, 0, 0, 0
L -385.7, 640.8, 31.1, -385.5, 642.6, 31.6, 0, 0, 0
L -385.5, 642.6, 31.6, -385.1, 649.4, 31.6, 0, 0, 0
L -385.1, 649.4, 31.6, -384.9, 651.2, 31.6, 0, 0, 0
L -384.9, 651.2, 31.6, -384.5, 659.3, 30.1, 0, 0, 0
L -384.5, 659.3, 30.1, -383.9, 660.3, 30.1, 0, 0, 0
L -383.9, 660.3, 30.1, -383.2, 662.0, 30.5, 0, 0, 0
L -383.2, 662.0, 30.5, -382.4, 664.0, 31.0, 0, 0, 0
L -382.4, 664.0, 31.0, -380.5, 668.9, 32.2, 0, 0, 0
L -380.5, 668.9, 32.2, -379.8, 670.7, 32.2, 0, 0, 0
L -379.8, 670.7, 32.2, -379.7, 672.2, 32.2, 0, 0, 0
L -379.7, 672.2, 32.2, -379.1, 673.1, 32.2, 0, 0, 0
L -379.1, 673.1, 32.2, -378.6, 674.7, 32.7, 0, 0, 0
L -378.6, 674.7, 32.7, -378.3, 676.6, 30.9, 0, 0, 0
L -378.3, 676.6, 30.9, -377.8, 677.6, 31.0, 0, 0, 0
L -377.8, 677.6, 31.0, -377.2, 678.9, 30.9, 0, 0, 0
L -377.2, 678.9, 30.9, -376.1, 681.3, 31.2, 0, 0, 0
L -376.1, 681.3, 31.2, -375.1, 682.6, 31.3, 0, 0, 0
L -375.1, 682.6, 31.3, -374.2, 684.3, 31.7, 0, 0, 0
L -374.2, 684.3, 31.7, -373.5, 685.6, 31.7, 0, 0, 0
L -373.5, 685.6, 31.7, -372.7, 687.3, 31.8, 0, 0, 0
L -372.7, 687.3, 31.8, -372.0, 688.5, 31.9, 0, 0, 0
L -372.0, 688.5, 31.9, -371.1, 689.7, 31.9, 0, 0, 0
L -371.1, 689.7, 31.9, -369.6, 691.0, 32.1, 0, 0, 0
L -369.6, 691.0, 32.1, -367.1, 693.1, 33.0, 0, 0, 0
L -367.1, 693.1, 33.0, -365.2, 694.5, 33.5, 0, 0, 0
L -365.2, 694.5, 33.5, -364.0, 695.6, 34.0, 0, 0, 0
L -364.0, 695.6, 34.0, -362.2, 697.2, 35.0, 0, 0, 0
L -362.2, 697.2, 35.0, -358.4, 700.4, 36.1, 0, 0, 0
L -358.4, 700.4, 36.1, -357.3, 700.6, 36.1, 0, 0, 0
L -357.3, 700.6, 36.1, -355.8, 701.5, 37.0, 0, 0, 0
L -355.8, 701.5, 37.0, -354.3, 702.3, 37.5, 0, 0, 0
L -354.3, 702.3, 37.5, -347.0, 706.9, 39.0, 0, 0, 0
L -347.0, 706.9, 39.0, -343.2, 709.3, 39.3, 0, 0, 0
L -343.2, 709.3, 39.3, -342.1, 709.6, 39.3, 0, 0, 0
L -342.1, 709.6, 39.3, -340.5, 710.3, 39.9, 0, 0, 0
L -340.5, 710.3, 39.9, -331.9, 714.8, 40.8, 0, 0, 0
L -331.9, 714.8, 40.8, -330.2, 715.8, 40.6, 0, 0, 0
L -330.2, 715.8, 40.6, -327.6, 717.3, 39.0, 0, 0, 0
L -327.6, 717.3, 39.0, -325.6, 717.4, 39.7, 0, 0, 0
L -325.6, 717.4, 39.7, -324.4, 717.8, 40.0, 0, 0, 0
L -324.4, 717.8, 40.0, -321.0, 719.0, 40.0, 0, 0, 0
L -321.0, 719.0, 40.0, -314.7, 721.0, 39.0, 0, 0, 0
L -314.7, 721.0, 39.0, -313.2, 721.2, 39.0, 0, 0, 0
L -313.2, 721.2, 39.0, -305.4, 722.1, 40.2, 0, 0, 0
L -305.4, 722.1, 40.2, -297.7, 723.1, 41.6, 0, 0, 0
L -297.7, 723.1, 41.6, -292.1, 724.1, 42.5, 0, 0, 0
L -292.1, 724.1, 42.5, -279.0, 726.7, 44.2, 0, 0, 0
L -279.0, 726.7, 44.2, -277.7, 727.2, 44.3, 0, 0, 0
L -277.7, 727.2, 44.3, -261.2, 733.2, 45.0, 0, 0, 0
L -261.2, 733.2, 45.0, -259.5, 734.0, 44.8, 0, 0, 0
L -259.5, 734.0, 44.8, -252.1, 737.3, 44.3, 0, 0, 0
L -252.1, 737.3, 44.3, -249.9, 738.2, 44.1, 0, 0, 0
L -249.9, 738.2, 44.1, -244.9, 740.1, 44.4, 0, 0, 0
L -244.9, 740.1, 44.4, -242.8, 741.7, 44.7, 0, 0, 0
L -242.8, 741.7, 44.7, -235.1, 747.3, 45.8, 0, 0, 0
L -235.1, 747.3, 45.8, -233.6, 748.6, 44.6, 0, 0, 0
L -233.6, 748.6, 44.6, -231.8, 750.1, 45.0, 0, 0, 0
L -231.8, 750.1, 45.0, -230.9, 750.7, 45.1, 0, 0, 0
L -230.9, 750.7, 45.1, -229.5, 751.7, 45.5, 0, 0, 0
L -229.5, 751.7, 45.5, -228.4, 753.1, 45.6, 0, 0, 0
L -228.4, 753.1, 45.6, -228.0, 753.8, 45.7, 0, 0, 0
L -228.0, 753.8, 45.7, -227.4, 755.0, 45.5, 0, 0, 0
L -227.4, 755.0, 45.5, -226.8, 756.4, 45.1, 0, 0, 0
L -226.8, 756.4, 45.1, -226.4, 758.1, 43.6, 0, 0, 0
L -226.4, 758.1, 43.6, -225.9, 758.7, 43.7, 0, 0, 0
L -225.9, 758.7, 43.7, -225.2, 759.9, 43.9, 0, 0, 0
L -225.2, 759.9, 43.9, -222.2, 765.6, 43.2, 0, 0, 0
L -222.2, 765.6, 43.2, -221.5, 766.4, 43.2, 0, 0, 0
L -221.5, 766.4, 43.2, -220.6, 767.9, 43.4, 0, 0, 0
L -220.6, 767.9, 43.4, -220.1, 769.9, 44.5, 0, 0, 0
L -220.1, 769.9, 44.5, -219.3, 773.5, 43.0, 0, 0, 0
L -219.3, 773.5, 43.0, -218.8, 774.5, 43.0, 0, 0, 0
L -218.8, 774.5, 43.0, -218.4, 776.2, 43.1, 0, 0, 0
L -218.4, 776.2, 43.1, -217.7, 779.1, 43.2, 0, 0, 0
L -217.7, 779.1, 43.2, -217.4, 780.1, 43.2, 0, 0, 0
L -217.4, 780.1, 43.2, -217.0, 781.9, 43.4, 0, 0, 0
L -217.0, 781.9, 43.4, -216.7, 783.6, 43.4, 0, 0, 0
L -216.7, 783.6, 43.4, -216.3, 785.5, 43.8, 0, 0, 0
L -216.3, 785.5, 43.8, -216.0, 787.2, 44.0, 0, 0, 0
L -216.0, 787.2, 44.0, -215.7, 797.8, 44.2, 0, 0, 0
L -215.7, 797.8, 44.2, -215.1, 799.4, 44.8, 0, 0, 0
L -215.1, 799.4, 44.8, -214.4, 801.2, 45.1, 0, 0, 0
L -226.7, 800.5, 45.2, -225.9, 798.4, 43.9, 0, 0, 0
L -225.9, 798.4, 43.9, -226.3, 797.5, 43.9, 0, 0, 0
L -226.3, 797.5, 43.9, -226.4, 796.0, 44.7, 0, 0, 0
L -226.4, 796.0, 44.7, -227.1, 794.3, 44.7, 0, 0, 0
L -227.1, 794.3, 44.7, -227.3, 792.6, 45.8, 0, 0, 0
L -227.3, 792.6, 45.8, -227.6, 785.8, 46.5, 0, 0, 0
L -227.6, 785.8, 46.5, -227.9, 784.7, 46.5, 0, 0, 0
L -227.9, 784.7, 46.5, -228.5, 783.1, 46.5, 0, 0, 0
L -228.5, 783.1, 46.5, -229.2, 781.0, 46.7, 0, 0, 0
L -229.2, 781.0, 46.7, -229.5, 779.8, 46.9, 0, 0, 0
L -229.5, 779.8, 46.9, -230.1, 777.8, 46.9, 0, 0, 0
L -230.1, 777.8, 46.9, -230.6, 776.8, 46.8, 0, 0, 0
L -230.6, 776.8, 46.8, -231.2, 775.2, 46.8, 0, 0, 0
L -231.2, 775.2, 46.8, -231.6, 773.5, 47.1, 0, 0, 0
L -231.6, 773.5, 47.1, -232.5, 771.9, 46.9, 0, 0, 0
L -232.5, 771.9, 46.9, -233.2, 770.3, 46.9, 0, 0, 0
L -233.2, 770.3, 46.9, -233.6, 768.7, 47.0, 0, 0, 0
L -233.6, 768.7, 47.0, -234.8, 767.3, 46.6, 0, 0, 0
L -234.8, 767.3, 46.6, -235.4, 765.4, 46.7, 0, 0, 0
L -235.4, 765.4, 46.7, -236.3, 764.6, 46.3, 0, 0, 0
L -236.3, 764.6, 46.3, -237.1, 763.4, 46.0, 0, 0, 0
L -237.1, 763.4, 46.0, -238.0, 761.8, 45.7, 0, 0, 0
L -238.0, 761.8, 45.7, -238.8, 760.2, 45.4, 0, 0, 0
L -238.8, 760.2, 45.4, -239.2, 759.1, 44.8, 0, 0, 0
L -239.2, 759.1, 44.8, -240.9, 758.4, 45.1, 0, 0, 0
L -240.9, 758.4, 45.1, -241.9, 757.9, 45.7, 0, 0, 0
L -241.9, 757.9, 45.7, -242.6, 757.3, 45.6, 0, 0, 0
L -242.6, 757.3, 45.6, -243.8, 756.0, 45.7, 0, 0, 0
L -243.8, 756.0, 45.7, -247.3, 752.2, 45.2, 0, 0, 0
L -247.3, 752.2, 45.2, -248.2, 750.8, 43.6, 0, 0, 0
L -248.2, 750.8, 43.6, -248.9, 749.8, 42.8, 0, 0, 0
L -248.9, 749.8, 42.8, -249.9, 749.6, 42.8, 0, 0, 0
L -249.9, 749.6, 42.8, -251.3, 748.7, 42.4, 0, 0, 0
L -251.3, 748.7, 42.4, -253.3, 747.5, 42.6, 0, 0, 0
L -253.3, 747.5, 42.6, -254.5, 747.4, 42.5, 0, 0, 0
L -254.5, 747.4, 42.5, -257.5, 747.0, 42.6, 0, 0, 0
L -257.5, 747.0, 42.6, -258.6, 746.7, 42.9, 0, 0, 0
L -258.6, 746.7, 42.9, -265.8, 744.4, 43.5, 0, 0, 0
L -265.8, 744.4, 43.5, -274.0, 741.2, 43.5, 0, 0, 0
L -274.0, 741.2, 43.5, -282.3, 737.6, 42.6, 0, 0, 0
L -282.3, 737.6, 42.6, -283.8, 737.0, 42.5, 0, 0, 0
L -283.8, 737.0, 42.5, -286.0, 736.6, 42.2, 0, 0, 0
L -286.0, 736.6, 42.2, -293.7, 735.2, 42.7, 0, 0, 0
L -293.7, 735.2, 42.7, -303.5, 733.7, 42.4, 0, 0, 0
L -303.5, 733.7, 42.4, -311.5, 732.8, 42.7, 0, 0, 0
L -311.5, 732.8, 42.7, -317.0, 732.1, 42.7, 0, 0, 0
L -317.0, 732.1, 42.7, -319.6, 731.4, 42.5, 0, 0, 0
L -319.6, 731.4, 42.5, -327.2, 729.4, 42.2, 0, 0, 0
L -327.2, 729.4, 42.2, -334.6, 727.3, 41.2, 0, 0, 0
L -334.6, 727.3, 41.2, -336.9, 726.5, 40.4, 0, 0, 0
L -336.9, 726.5, 40.4, -339.0, 725.5, 40.1, 0, 0, 0
L -339.0, 725.5, 40.1, -353.1, 719.1, 38.2, 0, 0, 0
L -353.1, 719.1, 38.2, -355.0, 717.9, 38.0, 0, 0, 0
L -355.0, 717.9, 38.0, -362.0, 713.4, 37.2, 0, 0, 0
L -362.0, 713.4, 37.2, -363.6, 712.2, 36.8, 0, 0, 0
L -363.6, 712.2, 36.8, -368.0, 708.7, 35.7, 0, 0, 0
L -368.0, 708.7, 35.7, -369.1, 707.5, 35.5, 0, 0, 0
L -369.1, 707.5, 35.5, -374.4, 700.9, 34.3, 0, 0, 0
L -374.4, 700.9, 34.3, -375.2, 699.8, 34.0, 0, 0, 0
L -375.2, 699.8, 34.0, -376.9, 697.4, 32.5, 0, 0, 0
L -376.9, 697.4, 32.5, -377.6, 696.8, 32.5, 0, 0, 0
L -377.6, 696.8, 32.5, -378.5, 695.8, 32.5, 0, 0, 0
L -378.5, 695.8, 32.5, -379.6, 694.5, 32.4, 0, 0, 0
L -379.6, 694.5, 32.4, -380.8, 692.8, 32.2, 0, 0, 0
L -380.8, 692.8, 32.2, -381.8, 691.2, 32.1, 0, 0, 0
L -381.8, 691.2, 32.1, -388.9, 680.5, 30.9, 0, 0, 0
L -388.9, 680.5, 30.9, -390.1, 678.7, 30.8, 0, 0, 0
L -390.1, 678.7, 30.8, -390.5, 677.5, 30.5, 0, 0, 0
L -390.5, 677.5, 30.5, -390.9, 676.4, 30.2, 0, 0, 0
L -390.9, 676.4, 30.2, -391.5, 674.6, 30.2, 0, 0, 0
L -391.5, 674.6, 30.2, -392.0, 673.1, 29.9, 0, 0, 0
L -392.0, 673.1, 29.9, -392.5, 671.7, 29.6, 0, 0, 0
L -392.5, 671.7, 29.6, -392.8, 670.9, 29.5, 0, 0, 0
L -392.8, 670.9, 29.5, -393.2, 669.6, 29.5, 0, 0, 0
L -393.2, 669.6, 29.5, -393.7, 668.0, 29.4, 0, 0, 0
L -393.7, 668.0, 29.4, -394.2, 666.4, 29.3, 0, 0, 0
L -394.2, 666.4, 29.3, -394.7, 664.4, 29.3, 0, 0, 0
L -394.7, 664.4, 29.3, -395.3, 662.8, 30.0, 0, 0, 0
L -395.3, 662.8, 30.0, -395.8, 660.9, 30.0, 0, 0, 0
L -395.8, 660.9, 30.0, -396.2, 659.6, 30.1, 0, 0, 0
L -396.2, 659.6, 30.1, -396.4, 657.8, 30.1, 0, 0, 0
L -396.4, 657.8, 30.1, -396.9, 652.3, 29.8, 0, 0, 0
L -396.9, 652.3, 29.8, -397.0, 650.7, 30.0, 0, 0, 0
L -397.0, 650.7, 30.0, -397.5, 645.5, 31.0, 0, 0, 0
L -397.5, 645.5, 31.0, -397.8, 644.4, 31.2, 0, 0, 0
L -397.8, 644.4, 31.2, -398.0, 642.7, 31.8, 0, 0, 0
L -398.0, 642.7, 31.8, -398.5, 640.2, 33.4, 0, 0, 0
L -398.5, 640.2, 33.4, -398.7, 639.1, 33.5, 0, 0, 0
L -398.7, 639.1, 33.5, -398.3, 636.7, 33.6, 0, 0, 0
L -398.3, 636.7, 33.6, -398.0, 635.2, 32.2, 0, 0, 0
L -398.0, 635.2, 32.2, -397.8, 633.6, 32.1, 0, 0, 0
L -397.8, 633.6, 32.1, -397.3, 628.4, 30.9, 0, 0, 0
L -397.3, 628.4, 30.9, -397.4, 626.5, 31.0, 0, 0, 0
L -397.4, 626.5, 31.0, -398.3, 625.6, 30.9, 0, 0, 0
L -398.3, 625.6, 30.9, -400.9, 623.3, 29.3, 0, 0, 0
L -400.9, 623.3, 29.3, -402.5, 623.4, 29.3, 0, 0, 0
L -402.5, 623.4, 29.3, -406.1, 623.7, 29.3, 0, 0, 0
L -406.1, 623.7, 29.3, -407.1, 623.4, 29.3, 0, 0, 0
L -407.1, 623.4, 29.3, -417.7, 620.7, 29.3, 0, 0, 0
L -417.7, 620.7, 29.3, -425.8, 622.5, 29.3, 0, 0, 0
L -425.8, 622.5, 29.3, -436.2, 624.7, 29.3, 0, 0, 0
L -436.2, 624.7, 29.3, -437.8, 624.3, 29.3, 0, 0, 0
L -437.8, 624.3, 29.3, -438.9, 623.2, 29.3, 0, 0, 0
L -438.9, 623.2, 29.3, -440.3, 621.8, 29.3, 0, 0, 0
L -440.3, 621.8, 29.3, -440.2, 621.1, 29.3, 0, 0, 0
L -440.2, 621.1, 29.3, -440.0, 619.8, 29.3, 0, 0, 0
L -440.0, 619.8, 29.3, -439.6, 618.2, 29.3, 0, 0, 0
L -439.6, 618.2, 29.3, -438.9, 616.4, 29.3, 0, 0, 0
L -438.9, 616.4, 29.3, -438.1, 615.0, 29.3, 0, 0, 0
L -438.1, 615.0, 29.3, -432.9, 605.3, 29.3, 0, 0, 0
L -432.9, 605.3, 29.3, -431.9, 605.4, 29.3, 0, 0, 0
L -431.9, 605.4, 29.3, -422.2, 605.4, 29.3, 0, 0, 0
L -422.2, 605.4, 29.3, -417.8, 605.4, 27.6, 0, 0, 0
L -417.8, 605.4, 27.6, -417.5, 604.9, 26.2, 0, 0, 0
L -414.8, 552.5, 7.3, -410.2, 551.9, 8.8, 150, 150, 150
L -410.2, 551.9, 8.8, -408.6, 552.7, 7.4, 150, 150, 150
L -408.6, 552.7, 7.4, -407.1, 552.6, 7.3, 150, 150, 150
L -407.1, 552.6, 7.3, -405.3, 552.4, 7.3, 150, 150, 150
L -405.3, 552.4, 7.3, -403.2, 552.1, 7.3, 150, 150, 150
L -403.2, 552.1, 7.3, -401.9, 552.3, 7.4, 150, 150, 150
L -401.9, 552.3, 7.4, -399.7, 552.6, 7.3, 150, 150, 150
L -399.7, 552.6, 7.3, -390.2, 552.1, 7.3, 150, 150, 150
L -390.2, 552.1, 7.3, -388.4, 552.1, 7.3, 150, 150, 150
L 328.0, 365.6, -17.1, 328.4, 363.4, -16.4, 0, 0, 255
L 357.8, 196.0, -20.0, 357.4, 193.9, -20.2, 0, 0, 255
L 328.9, 32.5, -16.5, 328.6, 30.5, -17.4, 0, 0, 255
L -52.6, -294.2, -23.0, -75.7, -294.8, -19.9, 0, 0, 255
L -75.7, -294.8, -19.9, -163.9, -313.7, -50.7, 0, 0, 255
L 240.9, 517.2, -24.5, 239.2, 518.5, -24.5, 0, 0, 255
L 239.2, 518.5, -24.5, 230.7, 525.1, -24.5, 0, 0, 255
L 230.7, 525.1, -24.5, 223.5, 531.0, -24.5, 0, 0, 255
L 223.5, 531.0, -24.5, 216.2, 536.8, -24.5, 0, 0, 255
L 216.2, 536.8, -24.5, 193.5, 554.7, -24.5, 0, 0, 255
L 193.5, 554.7, -24.5, 95.4, 603.0, -50.7, 0, 0, 255
L 76.1, 591.4, -50.7, 95.4, 603.0, -50.7, 0, 0, 255
L 76.1, 480.4, -50.7, 76.1, 591.4, -50.7, 0, 0, 255
L 92.1, 479.4, -50.7, 76.1, 480.4, -50.7, 0, 0, 255
L 124.1, 431.4, -50.7, 92.1, 479.4, -50.7, 0, 0, 255
L 44.1, 352.4, -50.7, 124.1, 431.4, -50.7, 0, 0, 255
L 43.1, 319.4, -50.7, 44.1, 352.4, -50.7, 0, 0, 255
L -3.9, 319.4, -50.7, 43.1, 319.4, -50.7, 0, 0, 255
L -35.9, 287.4, -50.7, -3.9, 319.4, -50.7, 0, 0, 255
L -82.9, 256.4, -50.7, -35.9, 287.4, -50.7, 0, 0, 255
L -107.9, 255.4, -50.7, -82.9, 256.4, -50.7, 0, 0, 255
L -177.9, 224.4, -50.7, -107.9, 255.4, -50.7, 0, 0, 255
L -211.9, 191.4, -50.7, -177.9, 224.4, -50.7, 0, 0, 255
L -212.9, 192.4, -31.7, -211.9, 191.4, -50.7, 0, 0, 255
L -227.9, 178.4, -34.7, -212.9, 192.4, -31.7, 0, 0, 255
L -243.9, 192.4, -26.7, -227.9, 178.4, -34.7, 0, 0, 255
L -275.9, 208.4, -23.7, -243.9, 192.4, -26.7, 0, 0, 255
L -279.9, 225.4, -3.7, -275.9, 208.4, -23.7, 0, 0, 255
L -34.9, -59.6, -50.7, -19.9, -12.6, -3.7, 0, 0, 255
L -35.9, -62.6, -50.7, -34.9, -59.6, -50.7, 0, 0, 255
L -51.9, -94.6, -50.7, -35.9, -62.6, -50.7, 0, 0, 255
L -163.9, -143.6, -50.7, -51.9, -94.6, -50.7, 0, 0, 255
L -161.9, 1215.4, 28.3, -259.9, 1215.4, 28.3, 150, 150, 150
L -166.9, 1213.4, 28.3, -166.9, 1152.4, 28.3, 150, 150, 150
L -237.9, 1213.4, 28.3, -166.9, 1213.4, 28.3, 150, 150, 150
L -196.9, 1157.4, 28.3, -253.9, 1157.4, 28.3, 150, 150, 150
L -198.9, 1135.4, 28.3, -198.9, 1119.4, 28.3, 150, 150, 150
L -227.9, 1135.4, 28.3, -198.9, 1135.4, 28.3, 150, 150, 150
L -237.9, 1137.4, 28.3, -232.9, 1135.4, 28.3, 150, 150, 150
L -226.9, 1137.4, 28.3, -237.9, 1137.4, 28.3, 150, 150, 150
L -226.9, 1149.4, 28.3, -226.9, 1137.4, 28.3, 150, 150, 150
L -253.9, 1149.4, 28.3, -226.9, 1149.4, 28.3, 150, 150, 150
L -253.9, 1123.4, 28.3, -253.9, 1149.4, 28.3, 150, 150, 150
L -239.9, 1109.4, 28.3, -253.9, 1123.4, 28.3, 150, 150, 150
L -232.9, 1109.4, 28.3, -239.9, 1109.4, 28.3, 150, 150, 150
L -196.9, 1103.4, 28.3, -193.9, 1103.4, 28.3, 150, 150, 150
L -244.9, 1103.4, 28.3, -196.9, 1103.4, 28.3, 150, 150, 150
L -260.9, 1119.4, 28.3, -244.9, 1103.4, 28.3, 150, 150, 150
L -260.9, 1151.4, 28.3, -260.9, 1119.4, 28.3, 150, 150, 150
L -260.9, 1151.4, 31.3, -260.9, 1151.4, 28.3, 150, 150, 150
L -260.9, 1199.4, 44.3, -260.9, 1151.4, 31.3, 150, 150, 150
L -259.9, 1215.4, 44.3, -260.9, 1199.4, 44.3, 150, 150, 150
L -259.9, 1215.4, 28.3, -259.9, 1215.4, 44.3, 150, 150, 150
L -189.9, 1363.4, 29.3, -179.9, 1359.4, 28.3, 150, 150, 150
L -189.9, 1363.4, 29.3, -195.9, 1375.4, 30.3, 150, 150, 150
L -179.9, 1344.4, 28.3, -179.9, 1359.4, 28.3, 150, 150, 150
L -173.9, 1320.4, 28.3, -179.9, 1344.4, 28.3, 150, 150, 150
L -195.9, 1311.4, 28.3, -173.9, 1320.4, 28.3, 150, 150, 150
L -195.9, 1279.4, 28.3, -195.9, 1311.4, 28.3, 150, 150, 150
L -211.9, 1247.4, 28.3, -195.9, 1279.4, 28.3, 150, 150, 150
L -243.9, 1247.4, 28.3, -211.9, 1247.4, 28.3, 150, 150, 150
L -259.9, 1215.4, 28.3, -243.9, 1247.4, 28.3, 150, 150, 150
L -259.9, 1216.4, 44.3, -259.9, 1215.4, 28.3, 150, 150, 150
L -307.9, 1279.4, 44.3, -291.9, 1295.4, 44.3, 0, 0, 0
L -275.9, 1215.4, 44.3, -307.9, 1279.4, 44.3, 0, 0, 0
L -275.9, 1199.4, 44.3, -275.9, 1215.4, 44.3, 0, 0, 0
L -291.9, 1151.4, 28.3, -275.9, 1199.4, 44.3, 0, 0, 0
L -275.9, 1119.4, 28.3, -291.9, 1151.4, 28.3, 0, 0, 0
L -275.9, 1103.4, 28.3, -275.9, 1119.4, 28.3, 0, 0, 0
L -291.9, 1071.4, 28.3, -275.9, 1103.4, 28.3, 0, 0, 0
L -244.9, 1040.4, 28.3, -291.9, 1071.4, 28.3, 0, 0, 0
L -212.9, 1056.4, 30.3, -244.9, 1040.4, 28.3, 0, 0, 0
L -180.9, 1087.4, 28.3, -212.9, 1056.4, 30.3, 0, 0, 0
L -147.9, 1088.4, 28.3, -180.9, 1087.4, 28.3, 0, 0, 0
L -116.9, 1103.4, 28.3, -147.9, 1088.4, 28.3, 0, 0, 0
L -99.9, 1119.4, 29.3, -116.9, 1103.4, 28.3, 0, 0, 0
L -68.9, 1119.4, 29.3, -99.9, 1119.4, 29.3, 0, 0, 0
L -49.9, 1129.4, 30.3, -68.9, 1119.4, 29.3, 0, 0, 0
L -40.9, 1133.4, 34.3, -49.9, 1129.4, 30.3, 0, 0, 0
L -190.9, 806.4, 44.3, -180.9, 812.4, 44.3, 0, 0, 0
L -199.9, 809.4, 44.3, -190.9, 806.4, 44.3, 0, 0, 0
L -202.9, 809.4, 44.3, -199.9, 809.4, 44.3, 0, 0, 0
L -212.9, 802.4, 44.3, -202.9, 809.4, 44.3, 0, 0, 0
L -227.9, 800.4, 44.3, -226.2, 800.6, 44.3, 0, 0, 0
L -243.9, 815.4, 44.3, -227.9, 800.4, 44.3, 0, 0, 0
L -245.9, 898.4, 44.3, -246.9, 880.4, 44.3, 0, 0, 0
L -230.9, 913.4, 44.3, -245.9, 898.4, 44.3, 0, 0, 0
L -230.9, 941.4, 44.3, -230.9, 913.4, 44.3, 0, 0, 0
L -246.9, 957.4, 44.3, -230.9, 941.4, 44.3, 0, 0, 0
L -273.9, 957.4, 44.3, -246.9, 957.4, 44.3, 0, 0, 0
L -285.9, 943.4, 44.3, -273.9, 957.4, 44.3, 0, 0, 0
L -271.9, 928.4, 44.3, -285.9, 943.4, 44.3, 0, 0, 0
L -272.9, 912.4, 44.3, -271.9, 928.4, 44.3, 0, 0, 0
L -287.9, 881.4, 44.3, -272.9, 912.4, 44.3, 0, 0, 0
L -289.9, 875.4, 44.3, -287.9, 881.4, 44.3, 0, 0, 0
L -287.9, 848.4, 44.3, -289.9, 875.4, 44.3, 0, 0, 0
L -261.9, 822.4, 44.3, -287.9, 848.4, 44.3, 0, 0, 0
L -232.9, 822.4, 44.3, -261.9, 822.4, 44.3, 0, 0, 0
L -228.9, 840.4, 44.3, -259.9, 840.4, 44.3, 0, 0, 0
L -112.9, 805.4, 47.3, -102.9, 794.4, 47.3, 0, 0, 255
L -118.9, 811.4, 47.3, -112.9, 805.4, 47.3, 0, 0, 255
L -118.9, 817.4, 47.3, -118.9, 811.4, 47.3, 0, 0, 255
L -120.9, 821.4, 47.3, -118.9, 817.4, 47.3, 0, 0, 255
L -127.9, 821.4, 47.3, -120.9, 821.4, 47.3, 0, 0, 255
L -130.9, 825.4, 44.3, -127.9, 821.4, 47.3, 0, 0, 255
L -143.9, 823.4, 47.3, -142.9, 828.4, 44.3, 0, 0, 255
L -149.9, 825.4, 47.3, -143.9, 823.4, 47.3, 0, 0, 255
L -153.9, 823.4, 47.3, -149.9, 825.4, 47.3, 0, 0, 255
L -155.9, 815.4, 47.3, -153.9, 823.4, 47.3, 0, 0, 255
L -159.9, 809.4, 47.3, -155.9, 815.4, 47.3, 0, 0, 255
L -166.9, 809.4, 47.3, -159.9, 809.4, 47.3, 0, 0, 255
L -171.9, 807.4, 47.3, -166.9, 809.4, 47.3, 0, 0, 255
L -184.9, 799.4, 47.3, -171.9, 807.4, 47.3, 0, 0, 255
L -190.9, 799.4, 47.3, -184.9, 799.4, 47.3, 0, 0, 255
L -200.9, 801.4, 47.3, -190.9, 799.4, 47.3, 0, 0, 255
L -205.9, 791.4, 47.3, -200.9, 801.4, 47.3, 0, 0, 255
L -197.9, 788.4, 47.3, -205.9, 791.4, 47.3, 0, 0, 255
L -195.9, 784.4, 47.3, -197.9, 788.4, 47.3, 0, 0, 255
L -184.9, 784.4, 47.3, -195.9, 784.4, 47.3, 0, 0, 255
L -177.9, 792.4, 47.3, -184.9, 784.4, 47.3, 0, 0, 255
L -161.9, 794.4, 47.3, -177.9, 792.4, 47.3, 0, 0, 255
L -155.9, 797.4, 47.3, -161.9, 794.4, 47.3, 0, 0, 255
L -147.9, 798.4, 47.3, -155.9, 797.4, 47.3, 0, 0, 255
L -137.9, 803.4, 47.3, -147.9, 798.4, 47.3, 0, 0, 255
L -130.9, 803.4, 47.3, -137.9, 803.4, 47.3, 0, 0, 255
L -117.9, 801.4, 47.3, -130.9, 803.4, 47.3, 0, 0, 255
L -117.9, 797.4, 47.3, -117.9, 801.4, 47.3, 0, 0, 255
L -111.9, 790.4, 47.3, -117.9, 797.4, 47.3, 0, 0, 255
L -102.9, 794.4, 47.3, -111.9, 790.4, 47.3, 0, 0, 255
L -116.9, 824.4, 44.3, -119.9, 825.4, 44.3, 0, 0, 0
L -112.9, 824.4, 44.3, -116.9, 824.4, 44.3, 0, 0, 0
L -112.9, 828.4, 44.3, -112.9, 824.4, 44.3, 0, 0, 0
L -100.9, 828.4, 44.3, -112.9, 828.4, 44.3, 0, 0, 0
L -94.9, 832.4, 44.3, -99.9, 824.4, 48.3, 0, 0, 0
L -83.9, 837.4, 44.3, -94.9, 832.4, 44.3, 0, 0, 0
L -53.9, 832.4, 44.3, -83.9, 837.4, 44.3, 0, 0, 0
L -21.9, 847.4, 44.3, -53.9, 832.4, 44.3, 0, 0, 0
L -4.9, 863.4, 44.3, -21.9, 847.4, 44.3, 0, 0, 0
L -20.9, 877.4, 44.3, -4.9, 863.4, 44.3, 0, 0, 0
L -99.9, 877.4, 44.3, -20.9, 877.4, 44.3, 150, 150, 150
L -112.9, 877.4, 44.3, -112.9, 867.4, 44.3, 150, 150, 150
L -167.9, 867.4, 44.3, -167.9, 877.4, 44.3, 150, 150, 150
L -180.9, 867.4, 44.3, -167.9, 867.4, 44.3, 150, 150, 150
L -180.9, 877.4, 44.3, -180.9, 867.4, 44.3, 150, 150, 150
L -243.9, 815.4, 44.3, -211.9, 815.4, 44.3, 0, 0, 0
L -180.9, 827.4, 44.3, -180.9, 812.4, 44.3, 0, 0, 0
L -167.9, 828.4, 44.3, -180.9, 827.4, 44.3, 0, 0, 0
L -166.9, 816.4, 44.3, -167.9, 828.4, 44.3, 0, 0, 0
L -160.9, 819.4, 44.3, -166.9, 816.4, 44.3, 0, 0, 0
L -135.9, 925.4, 28.3, -135.9, 910.4, 28.3, 150, 150, 150
L -144.9, 910.4, 28.3, -144.9, 925.4, 28.3, 150, 150, 150
L -243.9, 881.4, 29.3, -210.9, 880.4, 28.3, 0, 0, 0
L -243.9, 895.4, 29.3, -243.9, 881.4, 29.3, 0, 0, 0
L -228.9, 911.4, 29.3, -243.9, 895.4, 29.3, 0, 0, 0
L -227.9, 943.4, 29.3, -228.9, 911.4, 29.3, 0, 0, 0
L -243.9, 959.4, 29.3, -227.9, 943.4, 29.3, 0, 0, 0
L -20.9, 895.4, 29.3, -20.9, 880.4, 29.3, 0, 0, 0
L -4.9, 976.4, 31.3, -35.9, 960.4, 29.3, 0, 0, 0
L 11.1, 976.4, 32.3, -4.9, 976.4, 31.3, 0, 0, 0
L 27.1, 991.4, 33.3, 11.1, 976.4, 32.3, 0, 0, 0
L 43.1, 992.4, 35.3, 27.1, 991.4, 33.3, 0, 0, 0
L 43.1, 1008.4, 38.3, 43.1, 992.4, 35.3, 0, 0, 0
L 59.1, 1008.4, 38.3, 43.1, 1008.4, 38.3, 0, 0, 0
L 75.1, 1023.4, 40.3, 59.1, 1008.4, 38.3, 0, 0, 0
L 75.1, 1040.4, 44.3, 75.1, 1023.4, 40.3, 0, 0, 0
L 75.1, 1119.4, 43.3, 75.1, 1040.4, 44.3, 0, 0, 0
L 60.1, 1149.4, 43.3, 75.1, 1119.4, 43.3, 0, 0, 0
L 43.1, 1167.4, 43.3, 60.1, 1149.4, 43.3, 0, 0, 0
L 12.1, 1165.4, 43.3, 43.1, 1167.4, 43.3, 0, 0, 0
L 12.1, 1119.4, 43.3, -18.9, 1135.4, 43.3, 0, 0, 0
L 27.1, 1104.4, 44.3, 12.1, 1119.4, 43.3, 0, 0, 0
L 28.1, 1073.4, 44.3, 27.1, 1104.4, 44.3, 0, 0, 0
L 44.1, 1055.4, 44.3, 28.1, 1073.4, 44.3, 0, 0, 0
L 44.1, 1039.4, 43.3, 44.1, 1055.4, 44.3, 0, 0, 0
L 27.1, 1023.4, 37.3, 44.1, 1039.4, 43.3, 0, 0, 0
L 12.1, 1023.4, 35.3, 27.1, 1023.4, 37.3, 0, 0, 0
L 12.1, 1007.4, 34.3, 12.1, 1023.4, 35.3, 0, 0, 0
L -20.9, 991.4, 30.3, 12.1, 1007.4, 34.3, 0, 0, 0
L -35.9, 991.4, 30.3, -20.9, 991.4, 30.3, 0, 0, 0
L -52.9, 975.4, 29.3, -35.9, 991.4, 30.3, 0, 0, 0
L -67.9, 975.4, 29.3, -52.9, 975.4, 29.3, 0, 0, 0
L -74.9, 981.4, 29.3, -67.9, 975.4, 29.3, 0, 0, 0
L -79.9, 975.4, 29.3, -74.9, 981.4, 29.3, 0, 0, 0
L -90.9, 975.4, 29.3, -79.9, 975.4, 29.3, 0, 0, 0
L -103.9, 984.4, 29.3, -90.9, 975.4, 29.3, 0, 0, 0
L -109.9, 985.4, 29.3, -103.9, 984.4, 29.3, 0, 0, 0
L -115.9, 990.4, 29.3, -109.9, 985.4, 29.3, 0, 0, 0
L -122.9, 991.4, 30.3, -115.9, 990.4, 29.3, 0, 0, 0
L -135.9, 1005.4, 33.3, -122.9, 991.4, 30.3, 0, 0, 0
L -146.9, 1004.4, 33.3, -135.9, 1005.4, 33.3, 0, 0, 0
L -152.9, 991.4, 30.3, -146.9, 1004.4, 33.3, 0, 0, 0
L -159.9, 991.4, 30.3, -152.9, 991.4, 30.3, 0, 0, 0
L -175.9, 975.4, 29.3, -159.9, 991.4, 30.3, 0, 0, 0
L -184.9, 975.4, 29.3, -175.9, 975.4, 29.3, 0, 0, 0
L -194.9, 983.4, 29.3, -184.9, 975.4, 29.3, 0, 0, 0
L -203.9, 975.4, 29.3, -194.9, 983.4, 29.3, 0, 0, 0
L -227.9, 975.4, 29.3, -203.9, 975.4, 29.3, 0, 0, 0
L -243.9, 959.4, 29.3, -227.9, 975.4, 29.3, 0, 0, 0
L -63.9, 1615.4, -66.7, -74.9, 1615.4, -66.7, 150, 150, 150
L -4.9, 1599.4, 12.3, -4.9, 1629.4, 12.3, 0, 0, 0
L -20.9, 1567.4, 12.3, -4.9, 1599.4, 12.3, 0, 0, 0
L -131.9, 1487.4, 12.3, -100.9, 1487.4, 12.3, 0, 0, 0
L -146.9, 1502.4, 12.3, -131.9, 1487.4, 12.3, 0, 0, 0
L -147.9, 1535.4, 12.3, -146.9, 1502.4, 12.3, 0, 0, 0
L -131.9, 1567.4, 12.3, -147.9, 1535.4, 12.3, 0, 0, 0
L -131.9, 1583.4, 12.3, -131.9, 1567.4, 12.3, 0, 0, 0
L -147.9, 1615.4, 12.3, -131.9, 1583.4, 12.3, 0, 0, 0
L -139.9, 1631.4, 11.3, -147.9, 1615.4, 12.3, 0, 0, 0
L -67.9, 1695.4, -66.7, -57.8, 1706.8, -66.7, 178, 102, 255
L -83.9, 1663.4, -66.7, -67.9, 1695.4, -66.7, 178, 102, 255
L -142.7, 1643.8, -66.7, -83.9, 1663.4, -66.7, 178, 102, 255
L -131.9, 1583.4, -66.7, -134.2, 1579.0, -67.4, 178, 102, 255
L -69.9, 1568.4, -66.7, -131.9, 1583.4, -66.7, 178, 102, 255
L -20.9, 1567.4, -66.7, -69.9, 1568.4, -66.7, 178, 102, 255
L -9.4, 1590.4, -68.8, -20.9, 1567.4, -66.7, 178, 102, 255
L -36.9, 1696.7, -66.7, -36.9, 1640.5, -66.7, 178, 102, 255
L -359.9, 515.4, 4.3, -382.9, 492.4, 8.3, 0, 0, 255
L -418.9, 575.4, 15.3, -391.9, 575.4, 15.3, 150, 150, 150
L -391.9, 573.4, 14.3, -418.9, 573.4, 14.3, 150, 150, 150
L -418.9, 571.4, 13.3, -391.9, 571.4, 13.3, 150, 150, 150
L -391.9, 569.4, 12.3, -418.9, 569.4, 12.3, 150, 150, 150
L -418.9, 567.4, 11.3, -391.9, 567.4, 11.3, 150, 150, 150
L -391.9, 565.4, 10.3, -418.9, 565.4, 10.3, 150, 150, 150
L -418.9, 563.4, 9.3, -391.9, 563.4, 9.3, 150, 150, 150
L -391.9, 561.4, 8.3, -408.9, 561.4, 8.3, 150, 150, 150
L -390.9, 580.4, 16.3, -391.9, 560.4, 8.3, 150, 150, 150
L -334.9, 580.4, 16.3, -390.9, 580.4, 16.3, 150, 150, 150
L -330.9, 576.4, 16.3, -334.9, 580.4, 16.3, 150, 150, 150
L -330.9, 543.4, 16.3, -330.9, 576.4, 16.3, 150, 150, 150
L -300.9, 543.4, 16.3, -330.9, 543.4, 16.3, 150, 150, 150
L -300.9, 576.4, 16.3, -300.9, 543.4, 16.3, 150, 150, 150
L -296.9, 579.4, 16.3, -300.9, 576.4, 16.3, 150, 150, 150
L -239.9, 580.4, 16.3, -296.9, 579.4, 16.3, 150, 150, 150
L -418.9, 607.4, 16.3, -418.9, 604.9, 15.9, 150, 150, 150
L -355.9, 607.4, 16.3, -377.4, 607.4, 16.3, 0, 0, 0
L -355.9, 603.4, 16.3, -355.9, 607.4, 16.3, 0, 0, 0
L -350.9, 599.4, 16.3, -355.9, 603.4, 16.3, 0, 0, 0
L -342.9, 599.4, 16.3, -350.9, 599.4, 16.3, 0, 0, 0
L -338.9, 604.4, 16.3, -342.9, 599.4, 16.3, 0, 0, 0
L -338.9, 607.4, 16.3, -338.9, 604.4, 16.3, 0, 0, 0
L -323.9, 607.4, 16.3, -338.9, 607.4, 16.3, 0, 0, 0
L -323.9, 603.4, 16.3, -323.9, 607.4, 16.3, 0, 0, 0
L -320.9, 599.4, 16.3, -323.9, 603.4, 16.3, 0, 0, 0
L -311.9, 599.4, 16.3, -320.9, 599.4, 16.3, 0, 0, 0
L -307.9, 603.4, 16.3, -311.9, 599.4, 16.3, 0, 0, 0
L -307.9, 607.4, 16.3, -307.9, 603.4, 16.3, 0, 0, 0
L -292.9, 607.4, 16.3, -307.9, 607.4, 16.3, 0, 0, 0
L -292.9, 604.4, 16.3, -292.9, 607.4, 16.3, 0, 0, 0
L -288.9, 599.4, 16.3, -292.9, 604.4, 16.3, 0, 0, 0
L -279.9, 599.4, 16.3, -288.9, 599.4, 16.3, 0, 0, 0
L -275.9, 604.4, 16.3, -279.9, 599.4, 16.3, 0, 0, 0
L -275.9, 607.4, 16.3, -275.9, 604.4, 16.3, 0, 0, 0
L -212.9, 607.4, 16.3, -275.9, 607.4, 16.3, 0, 0, 0
L -239.9, 575.4, 15.3, -212.9, 575.4, 15.3, 150, 150, 150
L -212.9, 573.4, 14.3, -239.9, 573.4, 14.3, 150, 150, 150
L -239.9, 571.4, 13.3, -212.9, 571.4, 13.3, 150, 150, 150
L -212.9, 569.4, 12.3, -239.9, 569.4, 12.3, 150, 150, 150
L -239.9, 567.4, 11.3, -212.9, 567.4, 11.3, 150, 150, 150
L -212.9, 565.4, 10.3, -239.9, 565.4, 10.3, 150, 150, 150
L -239.9, 563.4, 9.3, -212.9, 563.4, 9.3, 150, 150, 150
L -239.9, 579.4, 16.3, -239.9, 560.4, 8.3, 150, 150, 150
L -212.9, 607.4, 16.3, -212.9, 558.4, 8.3, 0, 0, 0
L -240.9, 559.4, 8.3, -212.9, 561.4, 8.3, 150, 150, 150
L -52.9, 49.4, -3.7, -98.9, 48.4, -3.7, 0, 0, 0
L -98.9, 48.4, -3.7, -116.9, 33.4, -3.7, 0, 0, 0
L -116.9, 33.4, -3.7, -180.9, 33.4, -3.7, 0, 0, 0
L -180.9, 33.4, -3.7, -212.9, 17.4, -3.7, 0, 0, 0
L -212.9, 17.4, -3.7, -260.9, 16.4, -3.7, 0, 0, 0
L -260.9, 16.4, -3.7, -286.9, -14.6, -3.7, 0, 0, 0
L -286.9, -14.6, -3.7, -291.9, -14.6, -3.7, 0, 0, 0
L -387.9, -62.6, -3.7, -392.9, -62.6, -3.7, 0, 0, 0
L -392.9, -62.6, -3.7, -418.9, -46.6, -3.7, 0, 0, 0
L -418.9, -46.6, -3.7, -434.9, -30.6, -3.7, 0, 0, 0
L -434.9, -30.6, -3.7, -435.9, 48.4, -3.7, 0, 0, 0
L -435.9, 48.4, -3.7, -450.9, 65.4, -2.7, 0, 0, 0
L -450.9, 65.4, -2.7, -450.9, 96.4, -3.7, 0, 0, 0
L -450.9, 96.4, -3.7, -434.9, 131.4, -3.7, 0, 0, 0
L -434.9, 131.4, -3.7, -436.9, 148.4, -3.7, 0, 0, 0
L -436.9, 148.4, -3.7, -450.9, 177.4, -3.7, 0, 0, 0
L -450.9, 177.4, -3.7, -433.9, 208.4, -3.7, 0, 0, 0
L -433.9, 208.4, -3.7, -402.9, 239.4, -3.7, 0, 0, 0
L -402.9, 239.4, -3.7, -388.9, 229.4, -3.7, 0, 0, 0
L -388.9, 229.4, -3.7, -369.9, 223.4, -3.7, 0, 0, 0
L -369.9, 223.4, -3.7, -355.9, 223.4, -3.7, 0, 0, 0
L -355.9, 223.4, -3.7, -339.9, 239.4, -3.7, 0, 0, 0
L -339.9, 239.4, -3.7, -328.9, 239.4, -3.7, 0, 0, 0
L -291.9, 239.4, -3.7, -288.9, 235.4, -3.7, 0, 0, 0
L -279.9, 225.4, -3.7, -278.9, 179.4, -3.7, 139, 69, 19
L -278.9, 179.4, -3.7, -388.9, 179.4, -3.7, 139, 69, 19
L -371.9, 49.4, -3.7, -241.9, 46.4, -3.7, 139, 69, 19
L -241.9, 46.4, -3.7, -209.9, 78.4, -3.7, 139, 69, 19
L -386.9, 128.4, -19.7, -370.9, 112.4, -19.7, 0, 0, 255
L -370.9, 112.4, -19.7, -370.9, 97.4, -16.7, 0, 0, 255
L -370.9, 97.4, -16.7, -348.9, 80.4, -19.7, 0, 0, 255
L -348.9, 80.4, -19.7, -339.9, 80.4, -19.7, 0, 0, 255
L -339.9, 80.4, -19.7, -323.9, 75.4, -19.7, 0, 0, 255
L -323.9, 75.4, -19.7, -298.9, 74.4, -19.7, 0, 0, 255
L -298.9, 74.4, -19.7, -276.9, 81.4, -19.7, 0, 0, 255
L -276.9, 81.4, -19.7, -244.9, 64.4, -19.7, 0, 0, 255
L -244.9, 64.4, -19.7, -209.9, 78.4, -3.7, 0, 0, 255
L -386.9, 128.4, -19.7, -389.9, 130.4, -3.7, 0, 0, 255
L -291.9, -14.6, -3.7, -291.9, 17.4, -3.7, 0, 0, 0
L -291.9, 17.4, -3.7, -387.9, 17.4, -3.7, 0, 0, 0
L -327.9, 14.4, -3.7, -327.9, -28.6, -3.7, 205, 133, 63
L -327.9, -28.6, -3.7, -354.9, -28.6, -3.7, 205, 133, 63
L -323.9, -32.6, -3.7, -323.9, 14.4, -3.7, 205, 133, 63
L -332.9, -47.6, -3.7, -321.9, -47.6, -3.7, 0, 0, 0
L -321.9, -47.6, -3.7, -321.9, -44.6, -3.7, 0, 0, 0
L -321.9, -44.6, -3.7, -368.9, -44.6, -3.7, 0, 0, 0
L -368.9, 1.4, -3.7, -371.9, 1.4, -3.7, 0, 0, 0
L -371.9, 1.4, -3.7, -371.9, -58.6, -3.7, 0, 0, 0
L -288.9, 235.4, -3.7, -279.9, 225.4, -3.7, 0, 0, 0
L -227.9, 272.4, 8.3, -212.9, 288.4, 8.3, 0, 0, 0
L -212.9, 288.4, 8.3, -212.9, 561.4, 8.3, 0, 0, 0
L -212.9, 561.4, 8.3, -239.9, 561.4, 8.3, 150, 150, 150
L -387.9, 559.4, 8.3, -391.9, 561.4, 8.3, 150, 150, 150
L -391.9, 561.4, 8.3, -418.9, 561.4, 8.3, 150, 150, 150
L -418.9, 561.4, 8.3, -418.9, 558.4, 8.3, 0, 0, 0
L -418.9, 288.4, 8.3, -402.9, 272.4, 8.3, 0, 0, 0
L -291.9, 303.4, 8.3, -286.9, 303.4, 8.3, 0, 0, 0
L -243.9, 304.4, 8.3, -243.9, 336.4, 8.3, 0, 0, 0
L -243.9, 336.4, 8.3, -274.9, 368.4, 8.3, 150, 150, 150
L -274.9, 368.4, 8.3, -292.9, 364.4, 10.3, 150, 150, 150
L -357.9, 368.4, 8.3, -387.9, 336.4, 8.3, 150, 150, 150
L -387.9, 336.4, 8.3, -387.9, 302.4, 8.3, 0, 0, 0
L -387.9, 302.4, 8.3, -344.9, 303.4, 8.3, 0, 0, 0
L 12.1, 1165.4, 43.3, -19.9, 1165.4, 44.3, 0, 0, 0
L -19.9, 1165.4, 44.3, -52.9, 1151.4, 29.3, 0, 0, 0
L -52.9, 1151.4, 29.3, -36.9, 1152.4, 28.3, 0, 0, 0
L -22.9, 1149.4, 43.3, -22.9, 1135.4, 43.3, 150, 150, 150
L -24.9, 1135.4, 42.3, -24.9, 1149.4, 42.3, 150, 150, 150
L -26.9, 1149.4, 41.3, -26.9, 1135.4, 41.3, 150, 150, 150
L -28.9, 1135.4, 40.3, -28.9, 1149.4, 40.3, 150, 150, 150
L -30.9, 1149.4, 39.3, -30.9, 1135.4, 39.3, 150, 150, 150
L -32.9, 1135.4, 38.3, -32.9, 1149.4, 38.3, 150, 150, 150
L -34.9, 1149.4, 37.3, -34.9, 1135.4, 37.3, 150, 150, 150
L -36.9, 1135.4, 36.3, -36.9, 1149.4, 36.3, 150, 150, 150
L -38.9, 1149.4, 35.3, -38.9, 1134.4, 35.3, 150, 150, 150
L -40.9, 1133.4, 34.3, -40.9, 1149.4, 34.3, 150, 150, 150
L -42.9, 1149.4, 33.3, -42.9, 1132.4, 33.3, 150, 150, 150
L -44.9, 1131.4, 32.3, -44.9, 1149.4, 32.3, 150, 150, 150
L -46.9, 1149.4, 31.3, -46.9, 1130.4, 31.3, 150, 150, 150
L -48.9, 1129.4, 30.3, -48.9, 1149.4, 30.3, 150, 150, 150
L -50.9, 1149.4, 29.3, -50.9, 1128.4, 29.3, 150, 150, 150
L -18.9, 1135.4, 43.3, -22.9, 1135.4, 43.3, 0, 0, 0
L -22.9, 1135.4, 43.3, -40.9, 1133.4, 34.3, 0, 0, 0
L -36.9, 1152.4, 28.3, -28.9, 1166.4, 28.3, 0, 0, 0
L -28.9, 1166.4, 28.3, -21.9, 1176.4, 28.3, 0, 0, 0
L -21.9, 1176.4, 28.3, 2.1, 1176.4, 28.3, 0, 0, 0
L 2.1, 1176.4, 28.3, 14.1, 1187.4, 28.3, 0, 0, 0
L 14.1, 1187.4, 28.3, 27.1, 1216.4, 28.3, 0, 0, 0
L 27.1, 1216.4, 28.3, 47.1, 1210.4, 38.3, 0, 0, 0
L 47.1, 1210.4, 38.3, 77.1, 1219.4, 47.3, 0, 0, 0
L 77.1, 1219.4, 47.3, 81.1, 1231.4, 44.3, 0, 0, 0
L 43.1, 1231.4, 28.3, 27.1, 1215.4, 28.3, 150, 150, 150
L 33.1, 1359.4, 28.3, 20.1, 1359.4, 28.3, 0, 0, 0
L -24.9, 1441.4, 28.3, -31.9, 1433.4, 28.3, 0, 0, 0
L -31.9, 1433.4, 28.3, -46.9, 1435.4, 28.3, 0, 0, 0
L -46.9, 1435.4, 28.3, -56.9, 1445.4, 28.3, 0, 0, 0
L -56.9, 1445.4, 28.3, -57.9, 1456.4, 28.3, 0, 0, 0
L -116.9, 1445.4, 28.3, -128.9, 1444.4, 28.3, 0, 0, 0
L -128.9, 1444.4, 28.3, -138.9, 1455.4, 28.3, 0, 0, 0
L -138.9, 1455.4, 28.3, -163.9, 1455.4, 28.3, 0, 0, 0
L -163.9, 1455.4, 28.3, -163.9, 1424.4, 28.3, 150, 150, 150
L -163.9, 1424.4, 28.3, -167.9, 1419.4, 28.3, 150, 150, 150
L -167.9, 1419.4, 28.3, -179.9, 1405.4, 28.3, 150, 150, 150
L -195.9, 1375.4, 30.3, -181.9, 1377.4, 28.3, 150, 150, 150
L -181.9, 1377.4, 28.3, -179.9, 1405.4, 28.3, 150, 150, 150
L -211.9, 1405.4, 43.3, -180.9, 1405.4, 28.3, 150, 150, 150
L -211.9, 1405.4, 43.3, -211.9, 1378.4, 43.3, 150, 150, 150
L -209.9, 1377.4, 42.3, -209.9, 1405.4, 42.3, 150, 150, 150
L -207.9, 1405.4, 41.3, -207.9, 1377.4, 41.3, 150, 150, 150
L -205.9, 1377.4, 40.3, -205.9, 1405.4, 40.3, 150, 150, 150
L -203.9, 1405.4, 39.3, -203.9, 1377.4, 39.3, 150, 150, 150
L -201.9, 1377.4, 38.3, -201.9, 1405.4, 38.3, 150, 150, 150
L -199.9, 1405.4, 37.3, -199.9, 1377.4, 37.3, 150, 150, 150
L -197.9, 1377.4, 36.3, -197.9, 1405.4, 36.3, 150, 150, 150
L -195.9, 1405.4, 35.3, -195.9, 1377.4, 35.3, 150, 150, 150
L -193.9, 1377.4, 34.3, -193.9, 1405.4, 34.3, 150, 150, 150
L -191.9, 1405.4, 33.3, -191.9, 1377.4, 33.3, 150, 150, 150
L -189.9, 1377.4, 32.3, -189.9, 1405.4, 32.3, 150, 150, 150
L -187.9, 1405.4, 31.3, -187.9, 1377.4, 31.3, 150, 150, 150
L -185.9, 1377.4, 30.3, -185.9, 1405.4, 30.3, 150, 150, 150
L -183.9, 1405.4, 29.3, -183.9, 1377.4, 29.3, 150, 150, 150
L -307.9, 1407.4, 43.3, -308.9, 1391.4, 44.3, 0, 0, 0
L -321.9, 1389.4, 44.3, -321.9, 1359.4, 44.3, 150, 150, 150
L -321.9, 1357.4, 44.3, -321.9, 1327.4, 44.3, 150, 150, 150
L -321.9, 1327.4, 44.3, -321.9, 1325.4, 44.3, 150, 150, 150
L -291.9, 1311.4, 44.3, -291.9, 1297.4, 44.3, 150, 150, 150
L -289.9, 1297.4, 44.3, -230.9, 1297.4, 44.3, 150, 150, 150
L -230.9, 1297.4, 44.3, -230.9, 1327.4, 44.3, 150, 150, 150
L -230.9, 1327.4, 44.3, -275.9, 1327.4, 44.3, 150, 150, 150
L -275.9, 1327.4, 44.3, -276.9, 1359.4, 44.3, 150, 150, 150
L -276.9, 1359.4, 44.3, -248.9, 1359.4, 44.3, 150, 150, 150
L -248.9, 1359.4, 44.3, -248.9, 1369.4, 44.3, 150, 150, 150
L -248.9, 1369.4, 44.3, -275.9, 1369.4, 44.3, 150, 150, 150
L -275.9, 1369.4, 44.3, -276.9, 1373.4, 44.3, 150, 150, 150
L -276.9, 1373.4, 44.3, -244.9, 1373.4, 44.3, 150, 150, 150
L -244.9, 1373.4, 44.3, -243.9, 1359.4, 44.3, 150, 150, 150
L -230.9, 1359.4, 44.3, -230.9, 1389.4, 44.3, 150, 150, 150
L -227.9, 1391.4, 44.3, -228.9, 1295.4, 44.3, 150, 150, 150
L -212.9, 1295.4, 44.3, -211.9, 1377.4, 43.3, 150, 150, 150
L -211.9, 1378.4, 43.3, -211.9, 1377.4, 43.3, 150, 150, 150
L -211.9, 1378.4, 43.3, -181.9, 1377.4, 28.3, 150, 150, 150
L -163.9, 1455.4, 28.3, -196.9, 1454.4, 38.3, 0, 0, 0
L -196.9, 1454.4, 38.3, -228.9, 1439.4, 43.3, 0, 0, 0
L -228.9, 1439.4, 43.3, -260.9, 1439.4, 43.3, 0, 0, 0
L -260.9, 1439.4, 43.3, -292.9, 1422.4, 43.3, 0, 0, 0
L -292.9, 1422.4, 43.3, -307.9, 1407.4, 43.3, 0, 0, 0
L -291.9, 1295.4, 44.3, -212.9, 1295.4, 44.3, 0, 0, 0
L -211.9, 1375.4, 43.3, -195.9, 1375.4, 30.3, 150, 150, 150
L 43.1, 1231.4, 28.3, 27.1, 1231.4, 28.3, 0, 0, 0
L 27.1, 1327.4, 28.3, 33.1, 1327.4, 28.3, 0, 0, 0
L 20.1, 1359.4, 28.3, 20.1, 1355.4, 28.3, 0, 0, 0
L 20.1, 1355.4, 28.3, 16.1, 1351.4, 28.3, 0, 0, 0
L 16.1, 1351.4, 28.3, 6.1, 1351.4, 28.3, 0, 0, 0
L 6.1, 1351.4, 28.3, 3.1, 1355.4, 28.3, 0, 0, 0
L 3.1, 1355.4, 28.3, 3.1, 1359.4, 28.3, 0, 0, 0
L 29.1, 1361.4, 28.3, 20.1, 1363.4, 28.3, 0, 0, 0
L 20.1, 1363.4, 28.3, 16.1, 1367.4, 28.3, 0, 0, 0
L 16.1, 1367.4, 28.3, 7.1, 1367.4, 28.3, 0, 0, 0
L 7.1, 1367.4, 28.3, 3.1, 1363.4, 28.3, 0, 0, 0
L 2.1, 1363.4, 28.3, 2.1, 1397.4, 28.3, 205, 133, 63
L -2.9, 1401.4, 28.3, -2.9, 1363.4, 28.3, 205, 133, 63
L 30.1, 1317.4, 28.3, 38.1, 1317.4, 28.3, 0, 0, 0
L 38.1, 1325.4, 28.3, 81.1, 1325.4, 28.3, 0, 0, 0
L 81.1, 1325.4, 28.3, 81.1, 1317.4, 28.3, 0, 0, 0
L 81.1, 1317.4, 28.3, 91.1, 1317.4, 28.3, 0, 0, 0
L 91.1, 1317.4, 28.3, 92.1, 1325.4, 28.3, 0, 0, 0
L 92.1, 1325.4, 28.3, 153.1, 1325.4, 28.3, 0, 0, 0
L 153.1, 1325.4, 28.3, 153.1, 1297.4, 28.3, 0, 0, 0
L 153.1, 1297.4, 28.3, 105.1, 1297.4, 28.3, 0, 0, 0
L 83.1, 1281.4, 28.3, 83.1, 1269.4, 28.3, 205, 133, 63
L 83.1, 1269.4, 28.3, 56.1, 1269.4, 28.3, 0, 0, 0
L 57.1, 1263.4, 28.3, 89.1, 1263.4, 28.3, 0, 0, 0
L 89.1, 1263.4, 28.3, 89.1, 1241.4, 28.3, 0, 0, 0
L 89.1, 1241.4, 28.3, 81.1, 1241.4, 28.3, 0, 0, 0
L 81.1, 1241.4, 28.3, 81.1, 1233.4, 28.3, 0, 0, 0
L 81.1, 1233.4, 28.3, 44.1, 1233.4, 28.3, 0, 0, 0
L 44.1, 1295.4, 28.3, 41.1, 1295.4, 28.3, 0, 0, 0
L 41.1, 1295.4, 28.3, 41.1, 1233.4, 28.3, 0, 0, 0
L 41.1, 1233.4, 28.3, 38.1, 1233.4, 28.3, 0, 0, 0
L 38.1, 1233.4, 28.3, 38.1, 1241.4, 28.3, 0, 0, 0
L 38.1, 1241.4, 28.3, 30.1, 1241.4, 28.3, 0, 0, 0
L 30.1, 1267.4, 28.3, 30.1, 1317.4, 28.3, 0, 0, 0
L 30.1, 1241.4, 28.3, 30.1, 1248.4, 28.3, 0, 0, 0
L -35.9, 1271.4, 28.3, -36.9, 1254.4, 28.3, 0, 0, 0
L -36.9, 1254.4, 28.3, -60.9, 1231.4, 28.3, 0, 0, 0
L -60.9, 1231.4, 28.3, -108.9, 1231.4, 28.3, 1, 1, 1
L -108.9, 1231.4, 28.3, -132.9, 1256.4, 28.3, 0, 0, 0
L -132.9, 1256.4, 28.3, -132.9, 1271.4, 28.3, 0, 0, 0
L -132.9, 1287.4, 28.3, -132.9, 1303.4, 28.3, 0, 0, 0
L -132.9, 1303.4, 28.3, -107.9, 1327.4, 28.3, 0, 0, 0
L -107.9, 1327.4, 28.3, -59.9, 1327.4, 28.3, 0, 0, 0
L -59.9, 1327.4, 28.3, -35.9, 1303.4, 28.3, 0, 0, 0
L -35.9, 1303.4, 28.3, -35.9, 1287.4, 28.3, 0, 0, 0
L -62.9, 1325.4, 28.3, -67.9, 1325.4, 28.3, 0, 0, 0
L -67.9, 1309.4, 28.3, -101.9, 1309.4, 28.3, 0, 0, 0
L -101.9, 1309.4, 28.3, -102.9, 1325.4, 28.3, 0, 0, 0
L -102.9, 1325.4, 28.3, -105.9, 1325.4, 28.3, 0, 0, 0
L -105.9, 1325.4, 28.3, -129.9, 1301.4, 28.3, 0, 0, 0
L -129.9, 1301.4, 28.3, -129.9, 1287.4, 28.3, 0, 0, 0
L -129.9, 1257.4, 28.3, -107.9, 1235.4, 28.3, 0, 0, 0
L -107.9, 1235.4, 28.3, -100.9, 1233.4, 28.3, 0, 0, 0
L -100.9, 1250.4, 28.3, -66.9, 1249.4, 28.3, 0, 0, 0
L -66.9, 1249.4, 28.3, -63.9, 1233.4, 28.3, 0, 0, 0
L -62.9, 1233.4, 28.3, -38.9, 1257.4, 28.3, 0, 0, 0
L -38.9, 1301.4, 28.3, -62.9, 1325.4, 28.3, 0, 0, 0
L -38.9, 1257.4, 28.3, -38.9, 1271.4, 28.3, 0, 0, 0
L -54.9, 1285.4, 28.3, -54.9, 1273.4, 28.3, 0, 0, 0
L -107.9, 1295.4, 28.3, -116.9, 1287.4, 28.3, 0, 0, 0
L -116.9, 1287.4, 28.3, -116.9, 1271.4, 28.3, 0, 0, 0
L -116.9, 1271.4, 28.3, -107.9, 1264.4, 28.3, 0, 0, 0
L -113.9, 1273.4, 28.3, -113.9, 1285.4, 28.3, 0, 0, 0
L -105.9, 1325.4, 44.3, -129.9, 1300.4, 44.3, 0, 204, 0
L -129.9, 1300.4, 44.3, -129.9, 1297.4, 44.3, 0, 204, 0
L -129.9, 1295.4, 44.3, -105.9, 1293.4, 44.3, 0, 204, 0
L -105.9, 1293.4, 44.3, -60.9, 1295.4, 44.3, 0, 204, 0
L -60.9, 1295.4, 44.3, -51.9, 1287.4, 44.3, 0, 204, 0
L -51.9, 1287.4, 44.3, -51.9, 1271.4, 44.3, 0, 204, 0
L -51.9, 1271.4, 44.3, -62.9, 1264.4, 44.3, 0, 204, 0
L -62.9, 1264.4, 44.3, -105.9, 1265.4, 44.3, 0, 204, 0
L -105.9, 1265.4, 44.3, -129.9, 1263.4, 44.3, 0, 204, 0
L -129.9, 1263.4, 44.3, -129.9, 1257.4, 44.3, 0, 204, 0
L -129.9, 1257.4, 44.3, -121.9, 1249.4, 44.3, 0, 204, 0
L -121.9, 1249.4, 44.3, -65.9, 1247.4, 44.3, 0, 204, 0
L -99.9, 1247.4, 29.3, -65.9, 1247.4, 44.3, 0, 0, 0
L -100.9, 1233.4, 28.3, -66.9, 1233.4, 44.3, 0, 0, 0
L -66.9, 1233.4, 44.3, -62.9, 1233.4, 44.3, 0, 204, 0
L -62.9, 1233.4, 44.3, -38.9, 1257.4, 44.3, 0, 204, 0
L -38.9, 1257.4, 44.3, -38.9, 1301.4, 44.3, 0, 204, 0
L -38.9, 1301.4, 44.3, -47.9, 1309.4, 44.3, 0, 204, 0
L -47.9, 1309.4, 44.3, -102.9, 1309.4, 44.3, 0, 204, 0
L -102.9, 1309.4, 44.3, -98.9, 1311.4, 44.3, 0, 204, 0
L -70.9, 1247.4, 43.3, -70.9, 1233.4, 43.3, 150, 150, 150
L -72.9, 1233.4, 42.3, -72.9, 1247.4, 42.3, 150, 150, 150
L -74.9, 1247.4, 41.3, -74.9, 1233.4, 41.3, 150, 150, 150
L -76.9, 1233.4, 40.3, -76.9, 1247.4, 40.3, 150, 150, 150
L -78.9, 1247.4, 39.3, -78.9, 1233.4, 39.3, 150, 150, 150
L -80.9, 1233.4, 38.3, -80.9, 1247.4, 38.3, 150, 150, 150
L -82.9, 1247.4, 37.3, -82.9, 1233.4, 37.3, 150, 150, 150
L -84.9, 1233.4, 36.3, -84.9, 1247.4, 36.3, 150, 150, 150
L -86.9, 1247.4, 35.3, -86.9, 1233.4, 35.3, 150, 150, 150
L -88.9, 1233.4, 34.3, -88.9, 1247.4, 34.3, 150, 150, 150
L -90.9, 1247.4, 33.3, -90.9, 1233.4, 33.3, 150, 150, 150
L -92.9, 1233.4, 32.3, -92.9, 1247.4, 32.3, 150, 150, 150
L -94.9, 1247.4, 31.3, -94.9, 1233.4, 31.3, 150, 150, 150
L -96.9, 1233.4, 30.3, -96.9, 1247.4, 30.3, 150, 150, 150
L -98.9, 1247.4, 29.3, -98.9, 1233.4, 29.3, 150, 150, 150
L -129.9, 1257.4, 60.3, -129.9, 1295.4, 44.3, 102, 255, 102
L -108.9, 1263.4, 60.3, -115.9, 1270.4, 57.3, 102, 255, 102
L -115.9, 1270.4, 57.3, -116.9, 1271.4, 57.3, 102, 255, 102
L -116.9, 1271.4, 57.3, -116.9, 1287.4, 49.3, 102, 255, 102
L -116.9, 1287.4, 49.3, -107.9, 1295.4, 44.3, 102, 255, 102
L -129.9, 1265.4, 59.3, -110.9, 1265.4, 59.3, 150, 150, 150
L -112.9, 1267.4, 59.3, -129.9, 1267.4, 58.3, 150, 150, 150
L -129.9, 1269.4, 57.3, -114.9, 1269.4, 57.3, 150, 150, 150
L -116.9, 1271.4, 56.3, -129.9, 1271.4, 56.3, 150, 150, 150
L -129.9, 1273.4, 55.3, -116.9, 1273.4, 55.3, 150, 150, 150
L -116.9, 1275.4, 54.3, -129.9, 1275.4, 54.3, 150, 150, 150
L -129.9, 1277.4, 54.3, -116.9, 1277.4, 53.3, 150, 150, 150
L -116.9, 1279.4, 52.3, -129.9, 1279.4, 52.3, 150, 150, 150
L -129.9, 1281.4, 51.3, -116.9, 1281.4, 51.3, 150, 150, 150
L -116.9, 1283.4, 50.3, -129.9, 1283.4, 50.3, 150, 150, 150
L -129.9, 1285.4, 49.3, -116.9, 1285.4, 49.3, 150, 150, 150
L -116.9, 1287.4, 48.3, -129.9, 1287.4, 48.3, 150, 150, 150
L -129.9, 1289.4, 47.3, -114.9, 1290.4, 47.3, 150, 150, 150
L -112.9, 1291.4, 46.3, -129.9, 1291.4, 46.3, 150, 150, 150
L -129.9, 1293.4, 45.3, -110.9, 1293.4, 45.3, 150, 150, 150
L -105.9, 1293.4, 60.3, -105.9, 1296.4, 60.3, 102, 255, 102
L -105.9, 1325.4, 60.3, -62.9, 1325.4, 60.3, 102, 255, 102
L -62.9, 1325.4, 60.3, -38.9, 1301.4, 60.3, 102, 255, 102
L -38.9, 1301.4, 60.3, -38.9, 1257.4, 60.3, 102, 255, 102
L -38.9, 1257.4, 60.3, -62.9, 1233.4, 60.3, 102, 255, 102
L -62.9, 1233.4, 60.3, -105.9, 1233.4, 60.3, 102, 255, 102
L -105.9, 1233.4, 60.3, -129.9, 1257.4, 60.3, 102, 255, 102
L -108.9, 1263.4, 60.3, -105.9, 1263.4, 60.3, 102, 255, 102
L -105.9, 1263.4, 60.3, -62.9, 1263.4, 60.3, 102, 255, 102
L -62.9, 1263.4, 60.3, -51.9, 1271.4, 60.3, 102, 255, 102
L -51.9, 1271.4, 60.3, -51.9, 1287.4, 60.3, 102, 255, 102
L -51.9, 1287.4, 60.3, -62.9, 1294.4, 60.3, 102, 255, 102
L -62.9, 1294.4, 60.3, -105.9, 1293.4, 60.3, 102, 255, 102
L -105.9, 1296.4, 60.3, -105.9, 1325.4, 60.3, 102, 255, 102
L -139.9, 1631.4, 11.3, -130.9, 1631.4, 10.3, 150, 150, 150
L -130.9, 1631.4, 10.3, -115.9, 1615.4, 9.3, 150, 150, 150
L -115.9, 1615.4, 9.3, -115.9, 1599.4, 9.3, 150, 150, 150
L -115.9, 1599.4, 9.3, -74.9, 1599.4, 8.3, 150, 150, 150
L -63.9, 1599.4, 8.3, -36.9, 1599.4, 8.3, 150, 150, 150
L -36.9, 1599.4, 8.3, -36.9, 1615.4, 7.3, 150, 150, 150
L -36.9, 1615.4, 7.3, -24.9, 1627.4, 6.3, 150, 150, 150
L -24.9, 1627.4, 6.3, -17.9, 1631.4, 6.3, 150, 150, 150
L -17.9, 1631.4, 6.3, -6.9, 1631.4, 6.3, 0, 0, 0
L -69.9, 1487.4, 12.3, -36.9, 1487.4, 12.3, 0, 0, 0
L -115.9, 1503.4, 12.3, -132.9, 1518.4, 12.3, 0, 0, 0
L -132.9, 1518.4, 12.3, -132.9, 1535.4, 12.3, 0, 0, 0
L -132.9, 1535.4, 12.3, -116.9, 1551.4, 12.3, 0, 0, 0
L -116.9, 1551.4, 12.3, -100.9, 1551.4, 12.3, 0, 0, 0
L -100.9, 1551.4, 12.3, -68.9, 1567.4, 12.3, 0, 0, 0
L -68.9, 1567.4, 12.3, -51.9, 1567.4, 12.3, 0, 0, 0
L -51.9, 1567.4, 12.3, -35.9, 1535.4, 12.3, 0, 0, 0
L -35.9, 1535.4, 12.3, -36.9, 1518.4, 12.3, 0, 0, 0
L -36.9, 1518.4, 12.3, -52.9, 1503.4, 12.3, 0, 0, 0
L -52.9, 1503.4, 12.3, -115.9, 1503.4, 12.3, 0, 0, 0
L -60.9, 856.4, 44.3, -60.9, 849.4, 44.3, 150, 150, 150
L -54.9, 849.4, 47.3, -54.9, 856.4, 47.3, 150, 150, 150
L -56.9, 856.4, 46.3, -56.9, 849.4, 46.3, 150, 150, 150
L -58.9, 856.4, 45.3, -58.9, 849.4, 45.3, 150, 150, 150
L -4.9, 1629.4, 12.3, -6.9, 1631.4, 6.3, 0, 0, 0
L -63.9, 1599.4, 8.3, -74.9, 1599.4, 8.3, 150, 150, 150
L 33.1, 1363.4, 28.3, 29.1, 1361.4, 28.3, 0, 0, 0
L -63.9, 1608.4, -64.7, -74.9, 1608.4, -64.7, 150, 150, 150
L -63.9, 1608.4, -64.7, -63.9, 1615.4, -66.7, 150, 150, 150
L -74.9, 1608.4, -64.7, -74.9, 1615.4, -66.7, 150, 150, 150
L -63.9, 1610.4, -65.7, -74.9, 1610.4, -65.7, 150, 150, 150
L -63.9, 1613.4, -65.7, -74.9, 1613.4, -65.7, 150, 150, 150
L -20.9, 880.4, 29.3, -20.9, 877.4, 44.3, 0, 0, 0
L -20.9, 1503.4, 12.3, -20.9, 1567.4, 12.3, 0, 0, 0
L -36.9, 1487.4, 12.3, -20.9, 1503.4, 12.3, 0, 0, 0
L -70.9, 1487.4, 12.3, -96.9, 1487.4, 12.3, 150, 150, 150
L -96.9, 1487.4, 12.3, -100.9, 1487.4, 12.3, 0, 0, 0
L -96.9, 1487.4, 12.3, -96.9, 1483.4, 14.3, 0, 0, 0
L -69.9, 1487.4, 12.3, -70.9, 1483.4, 14.3, 0, 0, 0
L -70.9, 1470.4, 20.3, -70.9, 1466.4, 22.3, 0, 0, 0
L -70.9, 1470.4, 20.3, -96.9, 1470.4, 20.3, 150, 150, 150
L -70.9, 1479.4, 16.3, -70.9, 1474.4, 18.3, 0, 0, 0
L -96.9, 1479.4, 16.3, -96.9, 1462.4, 24.3, 0, 0, 0
L -70.9, 1479.4, 16.3, -96.9, 1479.4, 16.3, 150, 150, 150
L -70.9, 1462.4, 24.3, -70.9, 1457.4, 26.3, 0, 0, 0
L -96.9, 1462.4, 24.3, -96.9, 1453.4, 28.3, 0, 0, 0
L -70.9, 1462.4, 24.3, -96.9, 1462.4, 24.3, 150, 150, 150
L -70.9, 1466.4, 22.3, -70.9, 1462.4, 24.3, 0, 0, 0
L -70.9, 1466.4, 22.3, -96.9, 1466.4, 22.3, 150, 150, 150
L -70.9, 1457.4, 26.3, -70.9, 1453.4, 28.3, 0, 0, 0
L -70.9, 1457.4, 26.3, -96.9, 1457.4, 26.3, 150, 150, 150
L -70.9, 1474.4, 18.3, -70.9, 1470.4, 20.3, 0, 0, 0
L -70.9, 1474.4, 18.3, -96.9, 1474.4, 18.3, 150, 150, 150
L -70.9, 1483.4, 14.3, -70.9, 1479.4, 16.3, 0, 0, 0
L -96.9, 1483.4, 14.3, -96.9, 1479.4, 16.3, 0, 0, 0
L -70.9, 1483.4, 14.3, -96.9, 1483.4, 14.3, 150, 150, 150
L -70.9, 1453.4, 28.3, -96.9, 1453.4, 28.3, 150, 150, 150
L -70.9, 1453.4, 28.3, -67.9, 1453.4, 28.3, 0, 0, 0
L -96.9, 1453.4, 28.3, -100.9, 1453.4, 28.3, 0, 0, 0
L -67.9, 1453.4, 28.3, -57.9, 1456.4, 28.3, 0, 0, 0
L -211.9, 1405.4, 43.3, -211.9, 1408.4, 43.3, 150, 150, 150
L -236.9, 1407.4, 43.3, -307.9, 1407.4, 43.3, 150, 150, 150
L -236.9, 1407.4, 43.3, -211.9, 1408.4, 43.3, 150, 150, 150
L -110.9, 1453.4, 28.3, -116.9, 1445.4, 28.3, 0, 0, 0
L -110.9, 1453.4, 28.3, -100.9, 1453.4, 28.3, 0, 0, 0
L -100.9, 828.4, 44.3, -99.9, 824.4, 48.3, 0, 0, 0
L -355.9, 351.4, 16.3, -338.9, 351.4, 16.3, 0, 0, 0
L -276.9, 351.4, 16.3, -276.9, 364.4, 16.3, 0, 0, 0
L -20.9, 1391.4, 28.3, -17.9, 1391.4, 28.3, 0, 0, 0
L -20.9, 1375.4, 28.3, -17.9, 1375.4, 28.3, 0, 0, 0
L -24.9, 1441.4, 28.3, -20.9, 1439.4, 28.3, 0, 0, 0
L -132.9, 1287.4, 28.3, -129.9, 1287.4, 28.3, 0, 0, 0
L -129.9, 1271.4, 28.3, -129.9, 1257.4, 28.3, 0, 0, 0
L -132.9, 1271.4, 28.3, -129.9, 1271.4, 28.3, 0, 0, 0
L -38.9, 1287.4, 28.3, -38.9, 1301.4, 28.3, 0, 0, 0
L -35.9, 1287.4, 28.3, -38.9, 1287.4, 28.3, 0, 0, 0
L -35.9, 1271.4, 28.3, -38.9, 1271.4, 28.3, 0, 0, 0
L -232.9, 1135.4, 28.3, -227.9, 1135.4, 28.3, 150, 150, 150
L -221.9, 1149.4, 32.3, -221.9, 1138.4, 32.3, 150, 150, 150
L -224.9, 1149.4, 30.3, -224.9, 1138.4, 30.3, 150, 150, 150
L -21.9, 1597.4, 7.3, -21.9, 1595.4, 6.3, 150, 150, 150
L -20.9, 1590.4, 5.3, -10.9, 1591.4, 5.3, 150, 150, 150
L -326.9, 333.4, 16.3, -336.9, 323.4, 16.3, 0, 0, 255
L -345.9, 314.4, 16.3, -370.9, 314.4, 16.3, 0, 0, 0
L -370.9, 314.4, 16.3, -370.9, 324.4, 16.3, 0, 0, 0
L -370.9, 324.4, 16.3, -381.9, 324.4, 16.3, 0, 0, 0
L -381.9, 324.4, 16.3, -384.9, 324.4, 16.3, 0, 0, 0
L -384.9, 324.4, 16.3, -384.9, 333.4, 16.3, 0, 0, 0
L -384.9, 333.4, 16.3, -382.9, 336.4, 16.3, 0, 0, 0
L -355.9, 364.4, 16.3, -355.9, 351.4, 16.3, 0, 0, 0
L -260.9, 314.4, 16.3, -260.9, 324.4, 16.3, 0, 0, 0
L -260.9, 324.4, 16.3, -249.9, 324.4, 16.3, 0, 0, 0
L -249.9, 324.4, 16.3, -246.9, 324.4, 16.3, 0, 0, 0
L -246.9, 324.4, 16.3, -249.9, 336.4, 16.3, 0, 0, 0
L -294.9, 323.4, 16.3, -304.9, 333.4, 16.3, 0, 0, 255
L -304.9, 333.4, 16.3, -326.9, 333.4, 16.3, 0, 0, 255
L -294.9, 314.4, 16.3, -336.9, 314.4, 16.3, 0, 0, 0
L -294.9, 314.4, 16.3, -294.9, 323.4, 16.3, 0, 0, 255
L -336.9, 314.4, 16.3, -345.9, 314.4, 16.3, 0, 0, 0
L -336.9, 323.4, 16.3, -336.9, 314.4, 16.3, 0, 0, 255
L -260.9, 314.4, 16.3, -294.9, 314.4, 16.3, 0, 0, 0
L -338.9, 351.4, 16.3, -292.9, 351.4, 16.3, 150, 150, 150
L -338.9, 357.4, 13.3, -338.9, 364.4, 16.3, 0, 0, 0
L -292.9, 368.4, 8.3, -339.9, 368.4, 8.3, 150, 150, 150
L -339.9, 368.4, 8.3, -357.9, 368.4, 8.3, 150, 150, 150
L -355.9, 364.4, 16.3, -338.9, 364.4, 16.3, 0, 0, 0
L -292.9, 364.4, 16.3, -276.9, 364.4, 16.3, 0, 0, 0
L -292.9, 351.4, 16.3, -292.9, 364.4, 16.3, 0, 0, 0
L -292.9, 351.4, 16.3, -276.9, 351.4, 16.3, 0, 0, 0
L -292.9, 364.4, 10.3, -292.9, 351.4, 16.3, 0, 0, 0
L -338.9, 359.4, 12.3, -338.9, 357.4, 13.3, 0, 0, 0
L -292.9, 360.4, 12.3, -338.9, 359.4, 12.3, 150, 150, 150
L -292.9, 364.4, 10.3, -338.9, 364.4, 10.3, 150, 150, 150
L -292.9, 355.4, 14.3, -338.9, 355.4, 14.3, 150, 150, 150
L -339.9, 368.4, 8.3, -338.9, 359.4, 12.3, 150, 150, 150
L -292.9, 366.4, 9.3, -339.9, 366.4, 9.3, 150, 150, 150
L -292.9, 362.4, 11.3, -339.9, 362.4, 11.3, 150, 150, 150
L -292.9, 357.4, 13.3, -338.9, 357.4, 13.3, 150, 150, 150
L -338.9, 353.4, 15.3, -292.9, 353.4, 15.3, 150, 150, 150
L -382.9, 336.4, 16.3, -355.9, 364.4, 16.3, 150, 150, 150
L -387.9, 336.4, 8.3, -382.9, 336.4, 16.3, 0, 0, 0
L -249.9, 336.4, 16.3, -276.9, 364.4, 16.3, 150, 150, 150
L -243.9, 336.4, 8.3, -249.9, 336.4, 16.3, 0, 0, 0
L -271.9, 516.4, 4.3, -359.9, 515.4, 4.3, 0, 0, 255
L -248.9, 492.4, 4.3, -271.9, 516.4, 4.3, 0, 0, 255
L -248.9, 571.4, 4.3, -248.9, 492.4, 4.3, 0, 0, 255
L -300.9, 571.4, 4.3, -248.9, 571.4, 4.3, 0, 0, 255
L -382.9, 571.4, 4.3, -330.9, 571.4, 4.3, 0, 0, 255
L -382.9, 492.4, 8.3, -382.9, 571.4, 4.3, 0, 0, 255
L 30.1, 1262.4, 28.3, 30.1, 1267.4, 28.3, 0, 0, 0
L 153.1, 1325.4, 44.3, 155.1, 1281.4, 44.3, 0, 204, 0
L 65.1, 1293.4, 44.3, 73.1, 1293.4, 44.3, 0, 204, 0
L 68.1, 1297.4, 44.3, 65.1, 1293.4, 44.3, 0, 204, 0
L 76.1, 1295.4, 44.3, 68.1, 1297.4, 44.3, 0, 204, 0
L 43.1, 1247.4, 44.3, 75.1, 1247.4, 44.3, 0, 204, 0
L 43.1, 1295.4, 44.3, 43.1, 1247.4, 44.3, 0, 204, 0
L 51.1, 1297.4, 44.3, 43.1, 1295.4, 44.3, 0, 204, 0
L 53.1, 1293.4, 44.3, 51.1, 1297.4, 44.3, 0, 204, 0
L 46.1, 1293.4, 44.3, 53.1, 1293.4, 44.3, 0, 204, 0
L 76.1, 1277.4, 44.3, 76.1, 1295.4, 44.3, 0, 204, 0
L 75.1, 1247.4, 44.3, 76.1, 1277.4, 44.3, 0, 204, 0
L 93.1, 1263.4, 44.3, 107.1, 1279.4, 44.3, 0, 204, 0
L 109.1, 1282.4, 44.3, 109.1, 1293.4, 44.3, 0, 204, 0
L 153.1, 1325.4, 44.3, 92.1, 1326.4, 44.3, 0, 204, 0
L 81.1, 1241.4, 44.3, 91.1, 1241.4, 44.3, 0, 204, 0
L 28.1, 1317.4, 44.3, 28.1, 1241.4, 44.3, 0, 204, 0
L 81.1, 1231.4, 44.3, 38.1, 1232.4, 44.3, 0, 204, 0
L 81.1, 1231.4, 44.3, 81.1, 1241.4, 44.3, 0, 204, 0
L 81.1, 1327.4, 44.3, 38.1, 1326.4, 44.3, 0, 204, 0
L 91.1, 1241.4, 44.3, 93.1, 1263.4, 44.3, 0, 204, 0
L 28.1, 1241.4, 44.3, 38.1, 1241.4, 44.3, 0, 204, 0
L 38.1, 1241.4, 44.3, 38.1, 1232.4, 44.3, 0, 204, 0
L 46.1, 1293.4, 44.3, 46.1, 1250.4, 44.3, 0, 204, 0
L 73.1, 1293.4, 44.3, 73.1, 1250.4, 44.3, 0, 204, 0
L 73.1, 1250.4, 44.3, 56.1, 1250.4, 44.3, 0, 204, 0
L 56.1, 1250.4, 44.3, 46.1, 1250.4, 44.3, 0, 204, 0
L 81.1, 1327.4, 44.3, 81.1, 1317.4, 44.3, 0, 204, 0
L 92.1, 1326.4, 44.3, 92.1, 1317.4, 44.3, 0, 204, 0
L 81.1, 1317.4, 44.3, 92.1, 1317.4, 44.3, 0, 204, 0
L 110.1, 1293.4, 44.3, 139.1, 1293.4, 44.3, 0, 204, 0
L 109.1, 1293.4, 44.3, 107.1, 1293.4, 44.3, 0, 204, 0
L 155.1, 1281.4, 44.3, 139.1, 1281.4, 44.3, 0, 204, 0
L 139.1, 1293.4, 44.3, 139.1, 1281.4, 44.3, 150, 150, 150
L 107.1, 1279.4, 44.3, 107.1, 1281.4, 44.3, 0, 204, 0
L 107.1, 1281.4, 44.3, 107.1, 1293.4, 44.3, 0, 204, 0
L 139.1, 1281.4, 44.3, 107.1, 1281.4, 44.3, 0, 204, 0
L 105.1, 1297.4, 28.3, 105.1, 1293.4, 28.3, 0, 0, 0
L 105.1, 1281.4, 28.3, 88.1, 1265.4, 28.3, 0, 0, 0
L 108.1, 1293.4, 28.3, 105.1, 1293.4, 28.3, 0, 0, 0
L 108.1, 1281.4, 28.3, 105.1, 1281.4, 28.3, 0, 0, 0
L 108.1, 1293.4, 28.3, 108.1, 1281.4, 28.3, 150, 150, 150
L 139.1, 1293.4, 44.3, 135.1, 1293.4, 42.3, 0, 0, 0
L 108.1, 1281.4, 28.3, 111.1, 1281.4, 30.3, 0, 0, 0
L 123.1, 1293.4, 36.3, 119.1, 1293.4, 34.3, 0, 0, 0
L 123.1, 1281.4, 36.3, 127.1, 1281.4, 38.3, 0, 0, 0
L 123.1, 1293.4, 36.3, 123.1, 1281.4, 36.3, 150, 150, 150
L 115.1, 1293.4, 32.3, 111.1, 1293.4, 30.3, 0, 0, 0
L 115.1, 1281.4, 32.3, 119.1, 1281.4, 34.3, 0, 0, 0
L 115.1, 1293.4, 32.3, 115.1, 1281.4, 32.3, 150, 150, 150
L 131.1, 1293.4, 40.3, 127.1, 1293.4, 38.3, 0, 0, 0
L 131.1, 1281.4, 40.3, 135.1, 1281.4, 42.3, 0, 0, 0
L 131.1, 1293.4, 40.3, 131.1, 1281.4, 40.3, 150, 150, 150
L 127.1, 1293.4, 38.3, 123.1, 1293.4, 36.3, 0, 0, 0
L 127.1, 1281.4, 38.3, 131.1, 1281.4, 40.3, 0, 0, 0
L 127.1, 1293.4, 38.3, 127.1, 1281.4, 38.3, 150, 150, 150
L 119.1, 1293.4, 34.3, 115.1, 1293.4, 32.3, 0, 0, 0
L 119.1, 1281.4, 34.3, 123.1, 1281.4, 36.3, 0, 0, 0
L 119.1, 1293.4, 34.3, 119.1, 1281.4, 34.3, 150, 150, 150
L 111.1, 1293.4, 30.3, 108.1, 1293.4, 28.3, 0, 0, 0
L 111.1, 1281.4, 30.3, 115.1, 1281.4, 32.3, 0, 0, 0
L 111.1, 1293.4, 30.3, 111.1, 1281.4, 30.3, 150, 150, 150
L 135.1, 1293.4, 42.3, 131.1, 1293.4, 40.3, 0, 0, 0
L 135.1, 1281.4, 42.3, 139.1, 1281.4, 44.3, 0, 0, 0
L 135.1, 1293.4, 42.3, 135.1, 1281.4, 42.3, 150, 150, 150
L -243.9, 1359.4, 44.3, -243.9, 1356.4, 46.3, 150, 150, 150
L -230.9, 1359.4, 44.3, -230.9, 1356.4, 46.3, 150, 150, 150
L -243.9, 1352.4, 48.3, -243.9, 1348.4, 50.3, 150, 150, 150
L -230.9, 1352.4, 48.3, -230.9, 1348.4, 50.3, 150, 150, 150
L -243.9, 1334.4, 58.3, -231.9, 1334.4, 58.3, 150, 150, 150
L -243.9, 1348.4, 50.3, -243.9, 1345.4, 52.3, 150, 150, 150
L -230.9, 1348.4, 50.3, -230.9, 1345.4, 52.3, 150, 150, 150
L -243.9, 1356.4, 46.3, -243.9, 1352.4, 48.3, 150, 150, 150
L -230.9, 1356.4, 46.3, -230.9, 1352.4, 48.3, 150, 150, 150
L -243.9, 1337.4, 56.3, -243.9, 1334.4, 58.3, 150, 150, 150
L -231.9, 1337.4, 56.3, -231.9, 1334.4, 58.3, 150, 150, 150
L -243.9, 1341.4, 54.3, -243.9, 1337.4, 56.3, 150, 150, 150
L -231.9, 1341.4, 54.3, -231.9, 1337.4, 56.3, 150, 150, 150
L -243.9, 1345.4, 52.3, -243.9, 1341.4, 54.3, 150, 150, 150
L -230.9, 1345.4, 52.3, -231.9, 1341.4, 54.3, 150, 150, 150
L -70.9, 925.4, 29.3, -65.9, 925.4, 29.3, 0, 0, 0
L -68.9, 936.4, 29.3, -68.9, 939.4, 29.3, 0, 0, 0
L -68.9, 939.4, 29.3, -68.9, 943.4, 29.3, 0, 0, 0
L -26.9, 902.4, 29.3, -26.9, 931.4, 29.3, 0, 0, 0
L -52.9, 898.4, 29.3, -50.9, 902.4, 29.3, 0, 0, 0
L -68.9, 895.4, 29.3, -68.9, 911.4, 29.3, 0, 0, 0
L -52.9, 895.4, 29.3, -68.9, 895.4, 29.3, 0, 0, 0
L -52.9, 891.4, 29.3, -52.9, 895.4, 29.3, 0, 0, 0
L -48.9, 887.4, 29.3, -52.9, 891.4, 29.3, 0, 0, 0
L -40.9, 887.4, 29.3, -48.9, 887.4, 29.3, 0, 0, 0
L -35.9, 891.4, 29.3, -40.9, 887.4, 29.3, 0, 0, 0
L -35.9, 895.4, 29.3, -35.9, 891.4, 29.3, 0, 0, 0
L -20.9, 895.4, 29.3, -35.9, 895.4, 29.3, 0, 0, 0
L -68.9, 928.4, 29.3, -68.9, 936.4, 29.3, 0, 0, 0
L -65.9, 925.4, 29.3, -65.9, 941.4, 29.3, 0, 0, 0
L -65.9, 914.4, 29.3, -65.9, 898.4, 29.3, 0, 0, 0
L -70.9, 914.4, 29.3, -65.9, 914.4, 29.3, 0, 0, 0
L -52.9, 898.4, 29.3, -65.9, 898.4, 29.3, 0, 0, 0
L -65.9, 941.4, 29.3, -48.9, 941.4, 29.3, 0, 0, 0
L -41.9, 941.4, 29.3, -36.9, 941.4, 29.3, 0, 0, 0
L -26.9, 931.4, 29.3, -36.9, 941.4, 29.3, 0, 0, 0
L -48.9, 941.4, 29.3, -48.9, 913.4, 29.3, 205, 133, 63
L -41.9, 941.4, 29.3, -41.9, 913.4, 29.3, 205, 133, 63
L -48.9, 913.4, 29.3, -41.9, 913.4, 29.3, 205, 133, 63
L -48.9, 906.4, 29.3, -50.9, 902.4, 29.3, 0, 0, 0
L -360.9, -31.6, 12.3, -360.9, -28.6, 12.3, 0, 204, 0
L -376.9, -28.6, 12.3, -384.9, -28.6, 12.3, 0, 204, 0
L -360.9, -28.6, 12.3, -376.9, -28.6, 12.3, 0, 204, 0
L -384.9, -31.6, 12.3, -360.9, -31.6, 12.3, 0, 204, 0
L -294.9, -28.6, 12.3, -316.9, -28.6, 12.3, 0, 204, 0
L -316.9, -28.6, 12.3, -316.9, -31.6, 12.3, 0, 204, 0
L -316.9, -31.6, 12.3, -294.9, -31.6, 12.3, 0, 204, 0
L -294.9, -44.6, 12.3, -369.9, -44.6, 12.3, 0, 204, 0
L -332.9, -47.6, -3.7, -337.9, -47.6, -1.7, 0, 0, 0
L -332.9, -60.6, -3.7, -337.9, -60.6, -1.7, 0, 0, 0
L -332.9, -47.6, -3.7, -332.9, -60.6, -3.7, 150, 150, 150
L -350.9, -47.6, 4.3, -355.9, -47.6, 6.3, 0, 0, 0
L -350.9, -60.6, 4.3, -355.9, -60.6, 6.3, 0, 0, 0
L -350.9, -47.6, 4.3, -350.9, -60.6, 4.3, 150, 150, 150
L -359.9, -47.6, 8.3, -364.9, -47.6, 10.3, 0, 0, 0
L -359.9, -60.6, 8.3, -364.9, -60.6, 10.3, 0, 0, 0
L -359.9, -47.6, 8.3, -359.9, -60.6, 8.3, 150, 150, 150
L -341.9, -47.6, 0.3, -346.9, -47.6, 2.3, 0, 0, 0
L -341.9, -47.6, 0.3, -341.9, -60.6, 0.3, 150, 150, 150
L -341.9, -60.6, 0.3, -350.9, -60.6, 4.3, 0, 0, 0
L -337.9, -47.6, -1.7, -341.9, -47.6, 0.3, 0, 0, 0
L -337.9, -60.6, -1.7, -341.9, -60.6, 0.3, 0, 0, 0
L -337.9, -47.6, -1.7, -337.9, -60.6, -1.7, 150, 150, 150
L -346.9, -47.6, 2.3, -350.9, -47.6, 4.3, 0, 0, 0
L -346.9, -47.6, 2.3, -346.9, -60.6, 2.3, 150, 150, 150
L -355.9, -47.6, 6.3, -359.9, -47.6, 8.3, 0, 0, 0
L -355.9, -60.6, 6.3, -359.9, -60.6, 8.3, 0, 0, 0
L -355.9, -47.6, 6.3, -355.9, -60.6, 6.3, 150, 150, 150
L -364.9, -47.6, 10.3, -369.9, -47.6, 12.3, 0, 0, 0
L -364.9, -60.6, 10.3, -369.9, -60.6, 12.3, 0, 0, 0
L -364.9, -47.6, 10.3, -364.9, -60.6, 10.3, 150, 150, 150
L -369.9, -44.6, 12.3, -369.9, -47.6, 12.3, 0, 204, 0
L -369.9, -47.6, 12.3, -369.9, -60.6, 12.3, 150, 150, 150
L -100.9, 1250.4, 28.3, -99.9, 1247.4, 29.3, 0, 0, 0
L -98.9, 1311.4, 44.3, -98.9, 1325.4, 44.3, 150, 150, 150
L -105.9, 1325.4, 44.3, -98.9, 1325.4, 44.3, 0, 204, 0
L -67.9, 1325.4, 28.3, -71.9, 1325.4, 30.3, 0, 0, 0
L -67.9, 1309.4, 28.3, -71.9, 1310.4, 30.3, 0, 0, 0
L -67.9, 1310.4, 28.3, -67.9, 1325.4, 28.3, 150, 150, 150
L -83.9, 1311.4, 36.3, -86.9, 1311.4, 38.3, 0, 0, 0
L -83.9, 1325.4, 36.3, -86.9, 1325.4, 38.3, 0, 0, 0
L -83.9, 1311.4, 36.3, -83.9, 1325.4, 36.3, 150, 150, 150
L -75.9, 1310.4, 32.3, -79.9, 1310.4, 34.3, 0, 0, 0
L -75.9, 1325.4, 32.3, -79.9, 1325.4, 34.3, 0, 0, 0
L -75.9, 1310.4, 32.3, -75.9, 1325.4, 32.3, 150, 150, 150
L -90.9, 1311.4, 40.3, -94.9, 1311.4, 42.3, 0, 0, 0
L -90.9, 1325.4, 40.3, -94.9, 1325.4, 42.3, 0, 0, 0
L -90.9, 1311.4, 40.3, -90.9, 1325.4, 40.3, 150, 150, 150
L -94.9, 1311.4, 42.3, -98.9, 1311.4, 44.3, 0, 0, 0
L -94.9, 1325.4, 42.3, -98.9, 1325.4, 44.3, 0, 0, 0
L -94.9, 1311.4, 42.3, -94.9, 1325.4, 42.3, 150, 150, 150
L -86.9, 1311.4, 38.3, -90.9, 1311.4, 40.3, 0, 0, 0
L -86.9, 1325.4, 38.3, -90.9, 1325.4, 40.3, 0, 0, 0
L -86.9, 1311.4, 38.3, -86.9, 1325.4, 38.3, 150, 150, 150
L -79.9, 1310.4, 34.3, -83.9, 1311.4, 36.3, 0, 0, 0
L -79.9, 1325.4, 34.3, -83.9, 1325.4, 36.3, 0, 0, 0
L -79.9, 1310.4, 34.3, -79.9, 1325.4, 34.3, 150, 150, 150
L -71.9, 1310.4, 30.3, -75.9, 1310.4, 32.3, 0, 0, 0
L -71.9, 1325.4, 30.3, -75.9, 1325.4, 32.3, 0, 0, 0
L -71.9, 1310.4, 30.3, -71.9, 1325.4, 30.3, 150, 150, 150
L -302.9, 233.4, -3.7, -302.9, 239.4, -3.7, 0, 0, 0
L -302.9, 239.4, -3.7, -291.9, 239.4, -3.7, 0, 0, 0
L -328.9, 233.4, -3.7, -328.9, 239.4, -3.7, 0, 0, 0
L -332.9, 248.4, 2.3, -328.9, 248.4, 2.3, 0, 0, 0
L -332.9, 258.4, 2.3, -332.9, 263.4, 2.3, 0, 0, 0
L -332.9, 263.4, 2.3, -332.9, 267.4, 2.3, 0, 0, 0
L -332.9, 258.4, 2.3, -332.9, 248.4, 2.3, 0, 0, 0
L -298.9, 267.4, 2.3, -298.9, 248.4, 2.3, 0, 0, 0
L -302.9, 248.4, 2.3, -298.9, 248.4, 2.3, 0, 0, 0
L -328.9, 233.4, -3.7, -302.9, 233.4, -3.7, 150, 150, 150
L -302.9, 248.4, 2.3, -302.9, 244.4, 1.3, 0, 0, 0
L -328.9, 233.4, -3.7, -328.9, 237.4, -1.7, 0, 0, 0
L -328.9, 240.4, -0.7, -328.9, 244.4, 1.3, 0, 0, 0
L -302.9, 240.4, -0.7, -302.9, 237.4, -1.7, 0, 0, 0
L -328.9, 240.4, -0.7, -302.9, 240.4, -0.7, 150, 150, 150
L -328.9, 244.4, 1.3, -328.9, 248.4, 2.3, 0, 0, 0
L -302.9, 244.4, 1.3, -302.9, 240.4, -0.7, 0, 0, 0
L -328.9, 244.4, 1.3, -302.9, 244.4, 1.3, 150, 150, 150
L -328.9, 248.4, 2.3, -302.9, 248.4, 2.3, 150, 150, 150
L -328.9, 237.4, -1.7, -328.9, 240.4, -0.7, 0, 0, 0
L -302.9, 237.4, -1.7, -302.9, 233.4, -3.7, 0, 0, 0
L -328.9, 237.4, -1.7, -302.9, 237.4, -1.7, 150, 150, 150
L -227.9, 272.4, 8.3, -294.9, 274.4, 8.3, 0, 0, 0
L -335.9, 276.4, 8.3, -402.9, 272.4, 8.3, 0, 0, 0
L -294.9, 274.4, 8.3, -301.9, 274.4, 7.3, 0, 0, 0
L -332.9, 267.4, 2.3, -298.9, 267.4, 2.3, 150, 150, 150
L -286.9, 303.4, 8.3, -267.9, 303.4, 8.3, 0, 0, 0
L -344.9, 303.4, 8.3, -286.9, 303.4, 8.3, 0, 0, 0
L -267.9, 303.4, 8.3, -243.9, 304.4, 8.3, 0, 0, 0
L -302.9, 276.4, 8.3, -328.9, 276.4, 8.3, 150, 150, 150
L -329.9, 274.4, 7.3, -335.9, 276.4, 8.3, 0, 0, 0
L -300.9, 271.4, 5.3, -330.9, 271.4, 5.3, 150, 150, 150
L -299.9, 269.4, 4.3, -331.9, 269.4, 4.3, 150, 150, 150
L -301.9, 274.4, 7.3, -298.9, 267.4, 2.3, 0, 0, 0
L -329.9, 274.4, 7.3, -332.9, 267.4, 2.3, 0, 0, 0
L -301.9, 274.4, 7.3, -329.9, 274.4, 7.3, 150, 150, 150
L -274.9, 512.4, 10.3, -250.9, 488.4, 10.3, 0, 0, 0
L -250.9, 488.4, 10.3, -242.9, 474.4, 8.3, 0, 0, 0
L -249.9, 384.4, 10.3, -250.9, 475.4, 11.3, 0, 0, 0
L -250.9, 475.4, 11.3, -282.9, 506.4, 13.3, 0, 0, 0
L -282.9, 506.4, 13.3, -312.9, 506.4, 14.3, 0, 0, 0
L -312.9, 506.4, 14.3, -350.9, 506.4, 12.3, 0, 0, 0
L -350.9, 506.4, 12.3, -371.9, 485.4, 11.3, 0, 0, 0
L -371.9, 485.4, 11.3, -381.9, 473.4, 11.3, 0, 0, 0
L -388.9, 481.4, 8.3, -379.9, 489.4, 10.3, 0, 0, 0
L -379.9, 489.4, 10.3, -357.9, 511.4, 10.3, 0, 0, 0
L -357.9, 511.4, 10.3, -274.9, 512.4, 10.3, 0, 0, 0
L -368.9, -44.6, -3.7, -368.9, 1.4, -3.7, 0, 0, 0
L -294.9, 14.4, -3.7, -294.9, -44.6, -3.7, 0, 0, 0
L -294.9, -44.6, -3.7, -294.9, -60.6, -3.7, 0, 0, 0
L -332.9, -60.6, -3.7, -294.9, -60.6, -3.7, 0, 0, 0
L -387.9, 17.4, -3.7, -387.9, -33.6, -3.7, 0, 0, 0
L -387.9, -44.6, -3.7, -387.9, -62.6, -3.7, 0, 0, 0
L -294.9, 14.4, -3.7, -323.9, 14.4, -3.7, 0, 0, 0
L -327.9, 14.4, -3.7, -384.9, 14.4, -3.7, 0, 0, 0
L -323.9, 14.4, -3.7, -327.9, 14.4, -3.7, 0, 0, 0
L -369.9, -60.6, 12.3, -384.9, -60.6, 12.3, 0, 204, 0
L -384.9, -60.6, 12.3, -384.9, -31.6, 12.3, 0, 204, 0
L -384.9, -28.6, 12.3, -384.9, 14.4, 12.3, 0, 204, 0
L -349.9, -31.6, 12.3, -326.9, -31.6, 12.3, 0, 204, 0
L -339.9, -28.6, 12.3, -349.9, -28.6, 12.3, 0, 204, 0
L -339.9, 14.4, 12.3, -339.9, -25.6, 12.3, 0, 204, 0
L -339.9, -25.6, 12.3, -339.9, -28.6, 12.3, 0, 204, 0
L -384.9, 14.4, 12.3, -339.9, 14.4, 12.3, 0, 204, 0
L -294.9, -44.6, 12.3, -294.9, -31.6, 12.3, 0, 204, 0
L -294.9, -28.6, 12.3, -294.9, 14.4, 12.3, 0, 204, 0
L -336.9, -28.6, 12.3, -336.9, 14.4, 12.3, 0, 204, 0
L -336.9, 14.4, 12.3, -294.9, 14.4, 12.3, 0, 204, 0
L -349.9, -28.6, 12.3, -349.9, -31.6, 12.3, 0, 204, 0
L -326.9, -28.6, 12.3, -336.9, -28.6, 12.3, 0, 204, 0
L -326.9, -28.6, 12.3, -326.9, -31.6, 12.3, 0, 204, 0
L -323.9, -32.6, -3.7, -354.9, -32.6, -3.7, 205, 133, 63
L -354.9, -32.6, -3.7, -354.9, -28.6, -3.7, 205, 133, 63
L -68.9, 943.4, 29.3, -46.9, 943.4, 29.3, 0, 0, 0
L -35.9, 960.4, 29.3, -46.9, 943.4, 29.3, 0, 0, 0
L -48.9, 941.4, 29.3, -41.9, 941.4, 29.3, 0, 0, 0
L -2.9, 1401.4, 28.3, 15.1, 1401.4, 28.3, 205, 133, 63
L 2.1, 1397.4, 28.3, 15.1, 1397.4, 28.3, 205, 133, 63
L 15.1, 1397.4, 28.3, 15.1, 1401.4, 28.3, 205, 133, 63
L 41.1, 1363.4, 28.3, 41.1, 1375.4, 28.3, 0, 0, 0
L -17.9, 1435.4, 28.3, 41.1, 1435.4, 28.3, 0, 0, 0
L -20.9, 1439.4, 28.3, -20.9, 1408.4, 28.3, 0, 0, 0
L -20.9, 1375.4, 28.3, -20.9, 1359.4, 28.3, 0, 0, 0
L -20.9, 1408.4, 28.3, -20.9, 1391.4, 28.3, 0, 0, 0
L 3.1, 1359.4, 28.3, -20.9, 1359.4, 28.3, 0, 0, 0
L -17.9, 1435.4, 28.3, -17.9, 1399.4, 28.3, 0, 0, 0
L -17.9, 1375.4, 28.3, -17.9, 1363.4, 28.3, 0, 0, 0
L -17.9, 1399.4, 28.3, -17.9, 1391.4, 28.3, 0, 0, 0
L 3.1, 1363.4, 28.3, -2.9, 1363.4, 28.3, 0, 0, 0
L -2.9, 1363.4, 28.3, -17.9, 1363.4, 28.3, 0, 0, 0
L 83.1, 1281.4, 28.3, 56.1, 1281.4, 28.3, 205, 133, 63
L 88.1, 1285.4, 28.3, 56.1, 1285.4, 28.3, 205, 133, 63
L 56.1, 1281.4, 28.3, 56.1, 1285.4, 28.3, 205, 133, 63
L 88.1, 1269.4, 28.3, 88.1, 1285.4, 28.3, 205, 133, 63
L 83.1, 1269.4, 28.3, 88.1, 1269.4, 28.3, 0, 0, 0
L 88.1, 1269.4, 28.3, 88.1, 1265.4, 28.3, 0, 0, 0
L 38.1, 1317.4, 28.3, 38.1, 1325.4, 28.3, 0, 0, 0
L 41.1, 1375.4, 28.3, 41.1, 1435.4, 28.3, 0, 0, 0
L 41.1, 1363.4, 28.3, 33.1, 1363.4, 28.3, 0, 0, 0
L 33.1, 1327.4, 28.3, 33.1, 1359.4, 28.3, 0, 0, 0
L -196.9, 1157.4, 28.3, -196.9, 1192.4, 28.3, 150, 150, 150
L -193.9, 1192.4, 28.3, -196.9, 1192.4, 28.3, 150, 150, 150
L -237.9, 1213.4, 28.3, -253.9, 1213.4, 28.3, 150, 150, 150
L -253.9, 1157.4, 28.3, -253.9, 1209.4, 28.3, 150, 150, 150
L -253.9, 1209.4, 28.3, -253.9, 1213.4, 28.3, 150, 150, 150
L -232.9, 1109.4, 28.3, -227.9, 1109.4, 28.3, 150, 150, 150
L -227.9, 1109.4, 28.3, -193.9, 1109.4, 28.3, 150, 150, 150
L -193.9, 1136.4, 28.3, -193.9, 1119.4, 28.3, 150, 150, 150
L -198.9, 1119.4, 28.3, -193.9, 1119.4, 28.3, 150, 150, 150
L -193.9, 1109.4, 28.3, -193.9, 1103.4, 28.3, 150, 150, 150
L -193.9, 1139.4, 28.3, -193.9, 1192.4, 28.3, 150, 150, 150
L -162.9, 1139.4, 28.3, -193.9, 1139.4, 28.3, 150, 150, 150
L -161.9, 1151.4, 28.3, -161.9, 1215.4, 28.3, 150, 150, 150
L -193.9, 1136.4, 28.3, -161.9, 1136.4, 28.3, 150, 150, 150
L -162.9, 1139.4, 28.3, -161.9, 1136.4, 28.3, 150, 150, 150
L -161.9, 1151.4, 28.3, -166.9, 1152.4, 28.3, 150, 150, 150
L -249.9, 384.4, 10.3, -242.9, 384.4, 10.3, 0, 0, 0
L -242.9, 474.4, 8.3, -242.9, 384.4, 10.3, 0, 0, 0
L -388.9, 385.4, 10.3, -381.9, 385.4, 10.3, 0, 0, 0
L -381.9, 473.4, 11.3, -381.9, 385.4, 10.3, 0, 0, 0
L -388.9, 481.4, 8.3, -388.9, 385.4, 10.3, 0, 0, 0
L -321.9, 1325.4, 44.3, -321.9, 1297.4, 44.3, 150, 150, 150
L -321.9, 1327.4, 44.3, -291.9, 1327.4, 44.3, 150, 150, 150
L -291.9, 1297.4, 44.3, -321.9, 1297.4, 44.3, 150, 150, 150
L -321.9, 1389.4, 44.3, -291.9, 1389.4, 44.3, 150, 150, 150
L -321.9, 1357.4, 44.3, -291.9, 1357.4, 44.3, 150, 150, 150
L -289.9, 1359.4, 44.3, -289.9, 1341.4, 44.3, 150, 150, 150
L -321.9, 1359.4, 44.3, -321.9, 1357.4, 44.3, 150, 150, 150
L -321.9, 1359.4, 44.3, -289.9, 1359.4, 44.3, 150, 150, 150
L -291.9, 1373.4, 44.3, -291.9, 1389.4, 44.3, 150, 150, 150
L -308.9, 1391.4, 44.3, -274.9, 1391.4, 44.3, 150, 150, 150
L -261.9, 1391.4, 44.3, -227.9, 1391.4, 44.3, 150, 150, 150
L 44.1, 1233.4, 28.3, 44.1, 1295.4, 28.3, 0, 0, 0
L 30.1, 1248.4, 28.3, 27.1, 1248.4, 28.3, 0, 0, 0
L 27.1, 1231.4, 28.3, 27.1, 1248.4, 28.3, 0, 0, 0
L 30.1, 1262.4, 28.3, 27.1, 1262.4, 28.3, 0, 0, 0
L 27.1, 1327.4, 28.3, 27.1, 1262.4, 28.3, 0, 0, 0
L 57.1, 1263.4, 28.3, 56.1, 1269.4, 28.3, 0, 0, 0
L -384.9, 14.4, -3.7, -384.9, -32.6, -3.7, 0, 0, 0
L -384.9, -32.6, -3.7, -385.9, -32.6, -3.7, 0, 0, 0
L -387.9, -44.6, -3.7, -385.9, -44.6, -3.7, 0, 0, 0
L -384.9, -44.6, -3.7, -384.9, -58.6, -3.7, 0, 0, 0
L -384.9, -58.6, -3.7, -371.9, -58.6, -3.7, 0, 0, 0
L -385.9, -44.6, -3.7, -384.9, -44.6, -3.7, 0, 0, 0
L -385.9, -32.6, -3.7, -387.9, -33.6, -3.7, 0, 0, 0
L -385.9, -44.6, -3.7, -385.9, -41.6, -3.7, 205, 133, 63
L -387.9, -35.6, -3.7, -387.9, -41.6, -3.7, 205, 133, 63
L -384.9, -41.6, -3.7, -384.9, -35.6, -3.7, 205, 133, 63
L -387.9, -35.6, -3.7, -385.9, -35.6, -3.7, 205, 133, 63
L -385.9, -35.6, -3.7, -385.9, -32.6, -3.7, 205, 133, 63
L -385.9, -35.6, -3.7, -384.9, -35.6, -3.7, 205, 133, 63
L -387.9, -41.6, -3.7, -385.9, -41.6, -3.7, 205, 133, 63
L -385.9, -41.6, -3.7, -384.9, -41.6, -3.7, 205, 133, 63
L -230.9, 1389.4, 44.3, -261.9, 1389.4, 44.3, 150, 150, 150
L -274.9, 1389.4, 44.3, -289.9, 1389.4, 44.3, 150, 150, 150
L -274.9, 1391.4, 44.3, -274.9, 1389.4, 44.3, 150, 150, 150
L -261.9, 1391.4, 44.3, -261.9, 1389.4, 44.3, 150, 150, 150
L -289.9, 1389.4, 44.3, -289.9, 1373.4, 44.3, 150, 150, 150
L -291.9, 1373.4, 44.3, -289.9, 1373.4, 44.3, 150, 150, 150
L -291.9, 1357.4, 44.3, -291.9, 1341.4, 44.3, 150, 150, 150
L -289.9, 1341.4, 44.3, -291.9, 1341.4, 44.3, 150, 150, 150
L -321.9, 1325.4, 44.3, -291.9, 1325.4, 44.3, 150, 150, 150
L -291.9, 1325.4, 44.3, -291.9, 1327.4, 44.3, 150, 150, 150
L -291.9, 1311.4, 44.3, -289.9, 1311.4, 44.3, 150, 150, 150
L -289.9, 1297.4, 44.3, -289.9, 1311.4, 44.3, 150, 150, 150
L -13.9, 1607.4, 7.3, -19.9, 1607.4, 7.3, 255, 255, 0
L -19.9, 1600.4, 7.3, -13.9, 1600.4, 7.3, 255, 255, 0
L -21.9, 1605.4, 7.3, -21.9, 1601.4, 7.3, 255, 255, 0
L -10.9, 1601.4, 7.3, -10.9, 1605.4, 7.3, 255, 255, 0
L -10.9, 1605.4, 7.3, -13.9, 1607.4, 7.3, 255, 255, 0
L -19.9, 1607.4, 7.3, -21.9, 1605.4, 7.3, 255, 255, 0
L -21.9, 1601.4, 7.3, -19.9, 1600.4, 7.3, 255, 255, 0
L -13.9, 1600.4, 7.3, -10.9, 1601.4, 7.3, 255, 255, 0
L -66.9, 1605.4, -62.7, -72.9, 1605.4, -62.7, 255, 255, 0
L -66.9, 1595.4, -62.7, -72.9, 1595.4, -62.7, 255, 255, 0
L -63.9, 1597.4, -62.7, -63.9, 1602.4, -62.7, 255, 255, 0
L -74.9, 1597.4, -62.7, -74.9, 1602.4, -62.7, 255, 255, 0
L -63.9, 1602.4, -62.7, -66.9, 1605.4, -62.7, 255, 255, 0
L -63.9, 1597.4, -62.7, -66.9, 1595.4, -62.7, 255, 255, 0
L -72.9, 1595.4, -62.7, -74.9, 1597.4, -62.7, 255, 255, 0
L -74.9, 1602.4, -62.7, -72.9, 1605.4, -62.7, 255, 255, 0
L -113.9, 1285.4, 28.3, -107.9, 1291.4, 28.3, 0, 0, 0
L -107.9, 1295.4, 28.3, -107.9, 1291.4, 28.3, 0, 0, 0
L -107.9, 1267.4, 28.3, -107.9, 1264.4, 28.3, 0, 0, 0
L -113.9, 1273.4, 28.3, -107.9, 1267.4, 28.3, 0, 0, 0
L -54.9, 1285.4, 28.3, -61.9, 1291.4, 28.3, 0, 0, 0
L -61.9, 1295.4, 28.3, -61.9, 1291.4, 28.3, 0, 0, 0
L -61.9, 1267.4, 28.3, -61.9, 1264.4, 28.3, 0, 0, 0
L -61.9, 1267.4, 28.3, -54.9, 1273.4, 28.3, 0, 0, 0
L -61.9, 1264.4, 28.3, -51.9, 1271.4, 28.3, 0, 0, 0
L -51.9, 1271.4, 28.3, -51.9, 1285.4, 28.3, 0, 0, 0
L -61.9, 1295.4, 28.3, -51.9, 1285.4, 28.3, 0, 0, 0
L -354.9, 1403.4, 77.3, -276.9, 1486.4, 77.3, 127, 127, 0
L 135.1, 1487.4, 77.3, -276.9, 1486.4, 77.3, 127, 127, 0
L 135.1, 1487.4, 77.3, 219.1, 1405.4, 77.3, 127, 127, 0
L 219.1, 1405.4, 77.3, 219.1, 1265.4, 77.3, 127, 127, 0
L 219.1, 1265.4, 77.3, 123.1, 1169.4, 77.3, 127, 127, 0
L 123.1, 1169.4, 77.3, 123.1, 1023.4, 77.3, 127, 127, 0
L 123.1, 1023.4, 77.3, 28.1, 922.4, 77.3, 127, 127, 0
L 28.1, 922.4, 77.3, 25.1, 841.4, 77.3, 127, 127, 0
L 25.1, 841.4, 77.3, 124.1, 781.4, 93.3, 127, 127, 0
L -36.9, 770.4, 77.3, -54.9, 769.4, 76.3, 127, 127, 0
L -54.9, 769.4, 76.3, -83.9, 766.4, 78.3, 127, 127, 0
L -83.9, 766.4, 78.3, -126.9, 735.4, 78.3, 127, 127, 0
L -126.9, 735.4, 78.3, -147.9, 753.4, 78.3, 127, 127, 0
L -147.9, 753.4, 78.3, -242.9, 737.4, 79.3, 127, 127, 0
L -242.9, 737.4, 79.3, -246.9, 759.4, 82.3, 127, 127, 0
L -246.9, 759.4, 82.3, -305.9, 830.4, 77.3, 127, 127, 0
L -305.9, 830.4, 77.3, -308.9, 1026.4, 77.3, 127, 127, 0
L -308.9, 1026.4, 77.3, -323.9, 1060.4, 77.3, 127, 127, 0
L -323.9, 1060.4, 77.3, -325.9, 1233.4, 77.3, 127, 127, 0
L -325.9, 1233.4, 77.3, -354.9, 1265.4, 77.3, 127, 127, 0
L -354.9, 1265.4, 77.3, -354.9, 1403.4, 77.3, 127, 127, 0
L 86.1, 681.4, 70.3, 88.1, 677.4, 68.3, 255, 255, 0
L 46.1, 436.4, 52.3, -16.9, 370.4, 57.3, 255, 255, 0
L -16.9, 370.4, 57.3, -17.9, 368.4, 57.3, 255, 255, 0
L -17.9, 368.4, 57.3, -19.9, 368.4, 57.3, 255, 255, 0
L -19.9, 368.4, 57.3, -20.9, 367.4, 57.3, 255, 255, 0
L -20.9, 367.4, 57.3, -21.9, 366.4, 57.3, 255, 255, 0
L -21.9, 366.4, 57.3, -22.9, 365.4, 57.3, 255, 255, 0
L -22.9, 365.4, 57.3, -25.9, 363.4, 57.3, 255, 255, 0
L -25.9, 363.4, 57.3, -33.9, 358.4, 57.3, 255, 255, 0
L -33.9, 358.4, 57.3, -58.9, 343.4, 65.3, 255, 255, 0
L -58.9, 343.4, 65.3, -60.9, 342.4, 65.3, 255, 255, 0
L -60.9, 342.4, 65.3, -170.9, 284.4, 71.3, 255, 255, 0
L -170.9, 284.4, 71.3, -172.9, 283.4, 71.3, 255, 255, 0
L -172.9, 283.4, 71.3, -173.9, 282.4, 71.3, 255, 255, 0
L -173.9, 282.4, 71.3, -175.9, 281.4, 71.3, 255, 255, 0
L -175.9, 281.4, 71.3, -176.9, 280.4, 71.3, 255, 255, 0
L -176.9, 280.4, 71.3, -183.9, 273.4, 71.3, 255, 255, 0
L -183.9, 273.4, 71.3, -204.9, 253.4, 71.3, 255, 255, 0
L -204.9, 253.4, 71.3, -207.9, 250.4, 71.3, 255, 255, 0
L -207.9, 250.4, 71.3, -209.9, 249.4, 71.3, 255, 255, 0
L -209.9, 249.4, 71.3, -210.9, 248.4, 71.3, 255, 255, 0
L -210.9, 248.4, 71.3, -211.9, 247.4, 71.3, 255, 255, 0
L -211.9, 247.4, 71.3, -212.9, 247.4, 71.3, 255, 255, 0
L -212.9, 247.4, 71.3, -214.9, 246.4, 71.3, 255, 255, 0
L -214.9, 246.4, 71.3, -216.9, 245.4, 71.3, 255, 255, 0
L -216.9, 245.4, 71.3, -217.9, 244.4, 71.3, 255, 255, 0
L -217.9, 244.4, 71.3, -219.9, 244.4, 71.3, 255, 255, 0
L -219.9, 244.4, 71.3, -221.9, 243.4, 71.3, 255, 255, 0
L -221.9, 243.4, 71.3, -222.9, 242.4, 71.3, 255, 255, 0
L -222.9, 242.4, 71.3, -227.9, 238.4, 72.3, 255, 255, 0
L -227.9, 238.4, 72.3, -229.9, 237.4, 72.3, 255, 255, 0
L -229.9, 237.4, 72.3, -230.9, 237.4, 72.3, 255, 255, 0
L -230.9, 237.4, 72.3, -234.9, 237.4, 72.3, 255, 255, 0
L -234.9, 237.4, 72.3, -236.9, 237.4, 72.3, 255, 255, 0
L -236.9, 237.4, 72.3, -237.9, 237.4, 72.3, 255, 255, 0
L -237.9, 237.4, 72.3, -245.9, 238.4, 72.3, 255, 255, 0
L -245.9, 238.4, 72.3, -246.9, 239.4, 72.3, 255, 255, 0
L -246.9, 239.4, 72.3, -253.9, 246.4, 72.3, 255, 255, 0
L -253.9, 246.4, 72.3, -260.9, 253.4, 72.3, 255, 255, 0
L -260.9, 253.4, 72.3, -277.9, 270.4, 72.3, 255, 255, 0
L -277.9, 270.4, 72.3, -278.9, 270.4, 72.3, 255, 255, 0
L 124.1, 781.4, 93.3, 74.1, 732.4, 93.3, 127, 127, 0
L 58.1, 716.4, 93.3, -36.9, 770.4, 77.3, 127, 127, 0
L 74.1, 732.4, 93.3, 58.1, 716.4, 93.3, 127, 127, 0
L -246.9, 880.4, 44.3, -273.9, 880.4, 44.3, 0, 0, 0
L -273.9, 880.4, 44.3, -273.9, 877.4, 44.3, 0, 0, 0
L -215.9, 820.4, 44.3, -225.9, 820.4, 44.3, 0, 0, 0
L -232.9, 822.4, 44.3, -232.9, 837.4, 44.3, 0, 0, 0
L -259.9, 840.4, 44.3, -259.9, 837.4, 44.3, 0, 0, 0
L -259.9, 837.4, 44.3, -232.9, 837.4, 44.3, 0, 0, 0
L -228.9, 840.4, 44.3, -228.9, 862.4, 44.3, 0, 0, 0
L -225.9, 820.4, 44.3, -225.9, 862.4, 44.3, 0, 0, 0
L -225.9, 862.4, 44.3, -228.9, 862.4, 44.3, 0, 0, 0
L -180.9, 877.4, 44.3, -211.9, 877.4, 44.3, 150, 150, 150
L -215.9, 877.4, 44.3, -273.9, 877.4, 44.3, 0, 0, 0
L -211.9, 815.4, 44.3, -211.9, 831.4, 44.3, 0, 0, 0
L -211.9, 847.4, 44.3, -211.9, 877.4, 44.3, 0, 0, 0
L -211.9, 831.4, 44.3, -215.9, 831.4, 44.3, 0, 0, 0
L -215.9, 820.4, 44.3, -215.9, 831.4, 44.3, 0, 0, 0
L -215.9, 847.4, 44.3, -215.9, 877.4, 44.3, 0, 0, 0
L -211.9, 847.4, 44.3, -215.9, 847.4, 44.3, 0, 0, 0
L -68.9, 928.4, 29.3, -70.9, 928.4, 29.3, 0, 0, 0
L -70.9, 928.4, 29.3, -71.9, 928.4, 29.3, 0, 0, 0
L -70.9, 928.4, 29.3, -70.9, 925.4, 29.3, 0, 0, 0
L -70.9, 914.4, 29.3, -70.9, 911.4, 29.3, 0, 0, 0
L -68.9, 911.4, 29.3, -70.9, 911.4, 29.3, 0, 0, 0
L 38.1, 1326.4, 44.3, 38.1, 1317.4, 44.3, 0, 204, 0
L 28.1, 1317.4, 44.3, 38.1, 1317.4, 44.3, 0, 204, 0
L -49.9, 849.4, 47.3, -49.9, 856.4, 47.3, 150, 150, 150
L -54.9, 856.4, 47.3, -56.9, 856.4, 46.3, 150, 150, 150
L -56.9, 856.4, 46.3, -58.9, 856.4, 45.3, 150, 150, 150
L -58.9, 856.4, 45.3, -60.9, 856.4, 44.3, 150, 150, 150
L -54.9, 849.4, 47.3, -56.9, 849.4, 46.3, 150, 150, 150
L -56.9, 849.4, 46.3, -58.9, 849.4, 45.3, 150, 150, 150
L -58.9, 849.4, 45.3, -60.9, 849.4, 44.3, 150, 150, 150
L -54.9, 856.4, 47.3, -49.9, 856.4, 47.3, 150, 150, 150
L -54.9, 849.4, 47.3, -49.9, 849.4, 47.3, 150, 150, 150
L -99.9, 877.4, 44.3, -99.9, 867.4, 44.3, 150, 150, 150
L -112.9, 867.4, 44.3, -99.9, 867.4, 44.3, 150, 150, 150
L -35.9, 898.4, 29.3, -26.9, 898.4, 29.3, 0, 0, 0
L -26.9, 902.4, 29.3, -26.9, 898.4, 29.3, 0, 0, 0
L -48.9, 906.4, 29.3, -40.9, 906.4, 29.3, 0, 0, 0
L -35.9, 898.4, 29.3, -40.9, 906.4, 29.3, 0, 0, 0
L -167.9, 877.4, 44.3, -161.9, 877.4, 44.3, 150, 150, 150
L -118.9, 877.4, 44.3, -112.9, 877.4, 44.3, 150, 150, 150
L -155.9, 935.4, 28.3, -155.9, 952.4, 28.3, 0, 0, 255
L -155.9, 952.4, 28.3, -147.9, 959.4, 28.3, 0, 0, 255
L -121.9, 953.4, 28.3, -121.9, 933.4, 28.3, 150, 150, 150
L -124.9, 935.4, 28.3, -132.9, 928.4, 28.3, 0, 0, 255
L -147.9, 959.4, 28.3, -132.9, 959.4, 28.3, 0, 0, 255
L -147.9, 928.4, 28.3, -155.9, 935.4, 28.3, 0, 0, 255
L -144.9, 925.4, 28.3, -150.9, 925.4, 28.3, 150, 150, 150
L -161.9, 877.4, 44.3, -161.9, 880.4, 42.3, 150, 150, 150
L -118.9, 877.4, 44.3, -118.9, 880.4, 42.3, 150, 150, 150
L -210.9, 880.4, 28.3, -167.9, 880.4, 28.3, 150, 150, 150
L -112.9, 877.4, 44.3, -112.9, 910.4, 28.3, 150, 150, 150
L -161.9, 910.4, 28.3, -167.9, 910.4, 28.3, 150, 150, 150
L -167.9, 910.4, 28.3, -167.9, 880.4, 28.3, 150, 150, 150
L -167.9, 877.4, 44.3, -167.9, 910.4, 28.3, 150, 150, 150
L -118.9, 910.4, 28.3, -112.9, 910.4, 28.3, 150, 150, 150
L -150.9, 962.4, 28.3, -130.9, 962.4, 28.3, 150, 150, 150
L -121.9, 953.4, 28.3, -130.9, 962.4, 28.3, 150, 150, 150
L -150.9, 962.4, 28.3, -159.9, 953.4, 28.3, 150, 150, 150
L -130.9, 925.4, 28.3, -135.9, 925.4, 28.3, 150, 150, 150
L -130.9, 925.4, 28.3, -121.9, 933.4, 28.3, 150, 150, 150
L -159.9, 953.4, 28.3, -159.9, 933.4, 28.3, 150, 150, 150
L -150.9, 925.4, 28.3, -159.9, 933.4, 28.3, 150, 150, 150
L -124.9, 935.4, 28.3, -124.9, 952.4, 28.3, 0, 0, 255
L -124.9, 952.4, 28.3, -132.9, 959.4, 28.3, 0, 0, 255
L -138.9, 910.4, 28.3, -138.9, 928.4, 28.3, 0, 0, 255
L -142.9, 910.4, 28.3, -142.9, 928.4, 28.3, 0, 0, 255
L -142.9, 928.4, 28.3, -147.9, 928.4, 28.3, 0, 0, 255
L -132.9, 928.4, 28.3, -138.9, 928.4, 28.3, 0, 0, 255
L -161.9, 877.4, 44.3, -144.9, 877.4, 44.3, 150, 150, 150
L -135.9, 877.4, 44.3, -118.9, 877.4, 44.3, 150, 150, 150
L -135.9, 877.4, 44.3, -135.9, 880.4, 42.3, 150, 150, 150
L -138.9, 877.4, 44.3, -138.9, 887.4, 38.3, 0, 0, 255
L -142.9, 877.4, 44.3, -142.9, 887.4, 38.3, 0, 0, 255
L -144.9, 877.4, 44.3, -144.9, 880.4, 42.3, 150, 150, 150
L -135.9, 890.4, 37.3, -135.9, 900.4, 32.3, 0, 0, 255
L -144.9, 890.4, 37.3, -144.9, 900.4, 32.3, 0, 0, 255
L -147.9, 900.4, 32.3, -147.9, 895.4, 34.3, 150, 150, 150
L -144.9, 905.4, 30.3, -144.9, 910.4, 28.3, 150, 150, 150
L -144.9, 905.4, 30.3, -147.9, 900.4, 32.3, 150, 150, 150
L -133.9, 900.4, 32.3, -133.9, 895.4, 34.3, 150, 150, 150
L -135.9, 905.4, 30.3, -135.9, 910.4, 28.3, 150, 150, 150
L -135.9, 905.4, 30.3, -133.9, 900.4, 32.3, 150, 150, 150
L -133.9, 890.4, 37.3, -134.9, 887.4, 38.3, 150, 150, 150
L -147.9, 890.4, 37.3, -146.9, 887.4, 38.3, 150, 150, 150
L -138.9, 905.4, 30.3, -138.9, 910.4, 28.3, 0, 0, 255
L -138.9, 905.4, 30.3, -135.9, 900.4, 32.3, 0, 0, 255
L -142.9, 905.4, 30.3, -142.9, 910.4, 28.3, 0, 0, 255
L -142.9, 905.4, 30.3, -144.9, 900.4, 32.3, 0, 0, 255
L -144.9, 890.4, 37.3, -142.9, 887.4, 38.3, 0, 0, 255
L -138.9, 887.4, 38.3, -135.9, 890.4, 37.3, 0, 0, 255
L -211.9, 877.4, 44.3, -215.9, 877.4, 44.3, 0, 0, 0
L -211.9, 877.4, 44.3, -210.9, 880.4, 28.3, 0, 0, 0
L -118.9, 910.4, 28.3, -135.9, 910.4, 28.3, 150, 150, 150
L -144.9, 910.4, 28.3, -161.9, 910.4, 28.3, 150, 150, 150
L -161.9, 900.4, 32.3, -161.9, 905.4, 30.3, 150, 150, 150
L -147.9, 900.4, 32.3, -161.9, 900.4, 32.3, 150, 150, 150
L -161.9, 890.4, 37.3, -161.9, 895.4, 34.3, 150, 150, 150
L -147.9, 890.4, 37.3, -161.9, 890.4, 37.3, 150, 150, 150
L -118.9, 890.4, 37.3, -118.9, 895.4, 34.3, 150, 150, 150
L -133.9, 890.4, 37.3, -118.9, 890.4, 37.3, 150, 150, 150
L -118.9, 900.4, 32.3, -118.9, 905.4, 30.3, 150, 150, 150
L -133.9, 900.4, 32.3, -118.9, 900.4, 32.3, 150, 150, 150
L -118.9, 905.4, 30.3, -118.9, 910.4, 28.3, 150, 150, 150
L -135.9, 905.4, 30.3, -118.9, 905.4, 30.3, 150, 150, 150
L -161.9, 905.4, 30.3, -161.9, 910.4, 28.3, 150, 150, 150
L -144.9, 905.4, 30.3, -161.9, 905.4, 30.3, 150, 150, 150
L -161.9, 883.4, 40.3, -161.9, 887.4, 38.3, 150, 150, 150
L -144.9, 883.4, 40.3, -161.9, 883.4, 40.3, 150, 150, 150
L -118.9, 883.4, 40.3, -118.9, 887.4, 38.3, 150, 150, 150
L -135.9, 883.4, 40.3, -118.9, 883.4, 40.3, 150, 150, 150
L -134.9, 887.4, 38.3, -135.9, 883.4, 40.3, 150, 150, 150
L -118.9, 887.4, 38.3, -118.9, 890.4, 37.3, 150, 150, 150
L -134.9, 887.4, 38.3, -118.9, 887.4, 38.3, 150, 150, 150
L -133.9, 895.4, 34.3, -133.9, 890.4, 37.3, 150, 150, 150
L -118.9, 895.4, 34.3, -118.9, 900.4, 32.3, 150, 150, 150
L -133.9, 895.4, 34.3, -118.9, 895.4, 34.3, 150, 150, 150
L -147.9, 895.4, 34.3, -147.9, 890.4, 37.3, 150, 150, 150
L -161.9, 895.4, 34.3, -161.9, 900.4, 32.3, 150, 150, 150
L -147.9, 895.4, 34.3, -161.9, 895.4, 34.3, 150, 150, 150
L -146.9, 887.4, 38.3, -144.9, 883.4, 40.3, 150, 150, 150
L -161.9, 887.4, 38.3, -161.9, 890.4, 37.3, 150, 150, 150
L -146.9, 887.4, 38.3, -161.9, 887.4, 38.3, 150, 150, 150
L -144.9, 880.4, 42.3, -144.9, 883.4, 40.3, 150, 150, 150
L -161.9, 880.4, 42.3, -161.9, 883.4, 40.3, 150, 150, 150
L -144.9, 880.4, 42.3, -161.9, 880.4, 42.3, 150, 150, 150
L -135.9, 880.4, 42.3, -135.9, 883.4, 40.3, 150, 150, 150
L -118.9, 880.4, 42.3, -118.9, 883.4, 40.3, 150, 150, 150
L -135.9, 880.4, 42.3, -118.9, 880.4, 42.3, 150, 150, 150
L -142.9, 828.4, 44.3, -147.9, 832.4, 44.3, 0, 0, 255
L -147.9, 832.4, 44.3, -147.9, 837.4, 44.3, 0, 0, 255
L -132.9, 835.4, 44.3, -132.9, 834.4, 44.3, 0, 0, 255
L -132.9, 831.4, 44.3, -136.9, 830.4, 44.3, 0, 0, 255
L -132.9, 837.4, 44.3, -132.9, 831.4, 44.3, 0, 0, 255
L -136.9, 830.4, 44.3, -130.9, 825.4, 44.3, 0, 0, 255
L -129.9, 832.4, 44.3, -129.9, 839.4, 44.3, 0, 0, 0
L -126.9, 831.4, 44.3, -129.9, 832.4, 44.3, 0, 0, 0
L -154.9, 830.4, 44.3, -160.9, 819.4, 44.3, 0, 0, 0
L -150.9, 831.4, 44.3, -154.9, 830.4, 44.3, 0, 0, 0
L -119.9, 825.4, 44.3, -126.9, 831.4, 44.3, 0, 0, 0
L -129.9, 839.4, 44.3, -135.9, 845.4, 44.3, 0, 0, 0
L -135.9, 845.4, 44.3, -135.9, 847.4, 44.3, 0, 0, 0
L -144.9, 846.4, 44.3, -150.9, 840.4, 44.3, 0, 0, 0
L -147.9, 837.4, 44.3, -142.9, 842.4, 44.3, 0, 0, 255
L -132.9, 837.4, 44.3, -138.9, 842.4, 44.3, 0, 0, 255
L -150.9, 840.4, 44.3, -150.9, 831.4, 44.3, 0, 0, 0
L -138.9, 877.4, 44.3, -138.9, 842.4, 44.3, 0, 0, 255
L -142.9, 877.4, 44.3, -142.9, 842.4, 44.3, 0, 0, 255
L -112.9, 857.4, 44.3, -118.9, 857.4, 46.3, 150, 150, 150
L -133.9, 857.4, 55.3, -146.9, 857.4, 55.3, 150, 150, 150
L -133.9, 857.4, 55.3, -133.9, 850.4, 55.3, 150, 150, 150
L -146.9, 857.4, 55.3, -152.9, 857.4, 52.3, 150, 150, 150
L -146.9, 857.4, 55.3, -146.9, 850.4, 55.3, 150, 150, 150
L -146.9, 850.4, 55.3, -133.9, 850.4, 55.3, 150, 150, 150
L -146.9, 850.4, 55.3, -152.9, 850.4, 52.3, 150, 150, 150
L -133.9, 850.4, 55.3, -128.9, 850.4, 52.3, 150, 150, 150
L -112.9, 857.4, 44.3, -112.9, 850.4, 44.3, 150, 150, 150
L -167.9, 857.4, 44.3, -167.9, 850.4, 44.3, 150, 150, 150
L -123.9, 850.4, 49.3, -118.9, 850.4, 46.3, 150, 150, 150
L -123.9, 857.4, 49.3, -128.9, 857.4, 52.3, 150, 150, 150
L -123.9, 850.4, 49.3, -123.9, 857.4, 49.3, 150, 150, 150
L -118.9, 850.4, 46.3, -112.9, 850.4, 44.3, 150, 150, 150
L -118.9, 857.4, 46.3, -123.9, 857.4, 49.3, 150, 150, 150
L -118.9, 850.4, 46.3, -118.9, 857.4, 46.3, 150, 150, 150
L -128.9, 850.4, 52.3, -123.9, 850.4, 49.3, 150, 150, 150
L -128.9, 857.4, 52.3, -133.9, 857.4, 55.3, 150, 150, 150
L -128.9, 850.4, 52.3, -128.9, 857.4, 52.3, 150, 150, 150
L -157.9, 850.4, 49.3, -162.9, 850.4, 46.3, 150, 150, 150
L -157.9, 857.4, 49.3, -162.9, 857.4, 46.3, 150, 150, 150
L -157.9, 850.4, 49.3, -157.9, 857.4, 49.3, 150, 150, 150
L -152.9, 850.4, 52.3, -157.9, 850.4, 49.3, 150, 150, 150
L -152.9, 857.4, 52.3, -157.9, 857.4, 49.3, 150, 150, 150
L -152.9, 850.4, 52.3, -152.9, 857.4, 52.3, 150, 150, 150
L -162.9, 850.4, 46.3, -167.9, 850.4, 44.3, 150, 150, 150
L -162.9, 857.4, 46.3, -167.9, 857.4, 44.3, 150, 150, 150
L -162.9, 850.4, 46.3, -162.9, 857.4, 46.3, 150, 150, 150
L 86.1, 681.4, 70.3, 75.1, 701.4, 78.3, 255, 255, 0
L 75.1, 701.4, 78.3, 68.1, 724.4, 144.3, 255, 255, 0
L 92.1, 641.4, 55.3, 88.1, 677.4, 68.3, 255, 255, 0
L 92.1, 641.4, 55.3, 91.1, 589.4, 43.3, 255, 255, 0
L 91.1, 589.4, 43.3, 84.1, 532.4, 42.3, 255, 255, 0
L 74.1, 466.4, 47.3, 84.1, 532.4, 42.3, 255, 255, 0
L 46.1, 436.4, 52.3, 74.1, 466.4, 47.3, 255, 255, 0
L 68.1, 724.4, 144.3, 74.1, 732.4, 93.3, 255, 255, 0
L -21.9, 1597.4, 7.3, -10.9, 1598.4, 7.3, 150, 150, 150
L -10.9, 1598.4, 7.3, -10.9, 1596.4, 6.3, 150, 150, 150
L -10.9, 1594.4, 6.3, -10.9, 1592.4, 5.3, 150, 150, 150
L -21.9, 1593.4, 6.3, -21.9, 1591.4, 5.3, 150, 150, 150
L -10.9, 1594.4, 6.3, -21.9, 1593.4, 6.3, 150, 150, 150
L -10.9, 1596.4, 6.3, -10.9, 1594.4, 6.3, 150, 150, 150
L -21.9, 1595.4, 6.3, -21.9, 1593.4, 6.3, 150, 150, 150
L -10.9, 1596.4, 6.3, -21.9, 1595.4, 6.3, 150, 150, 150
L -10.9, 1592.4, 5.3, -10.9, 1591.4, 5.3, 150, 150, 150
L -21.9, 1591.4, 5.3, -20.9, 1590.4, 5.3, 150, 150, 150
L -10.9, 1592.4, 5.3, -21.9, 1591.4, 5.3, 150, 150, 150
L -371.9, 49.4, -3.7, -371.9, 51.4, -3.7, 139, 69, 19
L -371.9, 51.4, -3.7, -364.9, 51.4, -5.7, 150, 150, 150
L -371.9, 62.4, -3.7, -364.9, 62.4, -5.7, 150, 150, 150
L -319.9, 62.4, -18.7, -319.9, 51.4, -18.7, 150, 150, 150
L -371.9, 62.4, -3.7, -388.9, 62.4, -3.7, 139, 69, 19
L -388.9, 179.4, -3.7, -388.9, 62.4, -3.7, 139, 69, 19
L -371.9, 51.4, -3.7, -371.9, 62.4, -3.7, 150, 150, 150
L -344.9, 51.4, -11.7, -338.9, 51.4, -13.7, 150, 150, 150
L -344.9, 62.4, -11.7, -338.9, 62.4, -13.7, 150, 150, 150
L -344.9, 51.4, -11.7, -344.9, 62.4, -11.7, 150, 150, 150
L -331.9, 51.4, -15.7, -325.9, 51.4, -17.7, 150, 150, 150
L -331.9, 62.4, -15.7, -325.9, 62.4, -17.7, 150, 150, 150
L -331.9, 51.4, -15.7, -331.9, 62.4, -15.7, 150, 150, 150
L -357.9, 51.4, -7.7, -351.9, 51.4, -9.7, 150, 150, 150
L -357.9, 62.4, -7.7, -351.9, 62.4, -9.7, 150, 150, 150
L -357.9, 51.4, -7.7, -357.9, 62.4, -7.7, 150, 150, 150
L -364.9, 51.4, -5.7, -357.9, 51.4, -7.7, 150, 150, 150
L -364.9, 62.4, -5.7, -357.9, 62.4, -7.7, 150, 150, 150
L -364.9, 51.4, -5.7, -364.9, 62.4, -5.7, 150, 150, 150
L -351.9, 51.4, -9.7, -344.9, 51.4, -11.7, 150, 150, 150
L -351.9, 62.4, -9.7, -344.9, 62.4, -11.7, 150, 150, 150
L -351.9, 51.4, -9.7, -351.9, 62.4, -9.7, 150, 150, 150
L -338.9, 51.4, -13.7, -331.9, 51.4, -15.7, 150, 150, 150
L -338.9, 62.4, -13.7, -331.9, 62.4, -15.7, 150, 150, 150
L -338.9, 51.4, -13.7, -338.9, 62.4, -13.7, 150, 150, 150
L -325.9, 51.4, -17.7, -319.9, 51.4, -18.7, 150, 150, 150
L -325.9, 62.4, -17.7, -319.9, 62.4, -18.7, 150, 150, 150
L -325.9, 51.4, -17.7, -325.9, 62.4, -17.7, 150, 150, 150
L -121.9, 65.4, -3.7, -131.9, 65.4, -3.7, 139, 69, 19
L -209.9, 78.4, -3.7, -128.9, 78.4, -3.7, 139, 69, 19
L -100.9, 65.4, -3.7, -121.9, 65.4, -3.7, 139, 69, 19
L -128.9, 78.4, -3.7, -117.9, 78.4, -3.7, 139, 69, 19
L -97.9, 78.4, -3.7, -38.9, 78.4, -3.7, 139, 69, 19
L 41.1, 142.4, -3.7, 41.1, 83.4, -3.7, 139, 69, 19
L -4.9, 112.4, -3.7, -4.9, 142.4, -3.7, 139, 69, 19
L -4.9, 112.4, -3.7, -117.9, 112.4, -3.7, 139, 69, 19
L -97.9, 78.4, -3.7, -97.9, 62.4, -3.7, 139, 69, 19
L -131.9, 62.4, -3.7, -97.9, 62.4, -3.7, 139, 69, 19
L -100.9, 65.4, -3.7, -100.9, 83.4, -3.7, 139, 69, 19
L 41.1, 83.4, -3.7, -100.9, 83.4, -3.7, 139, 69, 19
L -117.9, 112.4, -3.7, -117.9, 78.4, -3.7, 139, 69, 19
L -131.9, 62.4, -3.7, -131.9, 65.4, -3.7, 139, 69, 19
L -19.9, 17.4, -3.7, -36.4, 33.4, -3.7, 0, 0, 0
L -38.9, 78.4, -3.7, -5.9, 46.4, -3.7, 139, 69, 19
L -19.9, -12.6, -3.7, -19.9, 17.4, -3.7, 0, 0, 0
L 9.1, -12.6, -3.7, -19.9, -12.6, -3.7, 139, 69, 19
L 9.1, -12.6, -3.7, 9.1, 46.4, -3.7, 139, 69, 19
L -5.9, 46.4, -3.7, 9.1, 46.4, -3.7, 139, 69, 19
L 41.1, 142.4, -3.7, -4.9, 142.4, -3.7, 139, 69, 19
L -226.7, 800.5, 45.2, -226.2, 800.6, 44.3, 0, 0, 0
L -214.4, 801.2, 45.1, -212.9, 802.4, 44.3, 0, 0, 0
L -384.0, 610.8, 26.6, -389.9, 610.2, 26.3, 139, 69, 19
L -377.4, 607.4, 16.3, -418.9, 607.4, 16.3, 150, 150, 150
L -372.0, 609.5, 29.3, -377.4, 607.4, 16.3, 0, 0, 0
L -418.9, 558.4, 8.3, -418.9, 288.4, 8.3, 0, 0, 0
L -418.9, 604.9, 15.9, -418.9, 558.4, 8.3, 0, 0, 0
L -417.5, 604.9, 26.2, -418.9, 604.9, 15.9, 0, 0, 0
L -31.4, 26.8, -4.7, -36.4, 31.5, -4.7, 0, 0, 0
L -36.4, 31.5, -4.7, -36.4, 33.4, -3.7, 0, 0, 0
L -43.3, 38.1, -4.7, -50.3, 44.7, -4.7, 0, 0, 0
L -42.6, 39.5, -3.7, -52.9, 49.4, -3.7, 0, 0, 0
L -43.3, 38.1, -4.7, -42.6, 39.5, -3.7, 0, 0, 0
L -163.9, -313.7, -50.7, -163.9, -143.6, -50.7, 0, 0, 255
L 357.4, 193.9, -20.2, 328.9, 32.5, -16.5, 0, 0, 255
L 357.8, 196.0, -20.0, 328.4, 363.4, -16.4, 0, 0, 255
L 244.0, -119.2, -23.4, 108.7, -235.3, -19.6, 0, 0, 255
L 108.7, -235.3, -19.6, -52.6, -294.2, -23.0, 0, 0, 255
L 244.0, -119.2, -23.4, 328.6, 30.5, -17.4, 0, 0, 255
L 328.0, 365.6, -17.1, 240.9, 517.2, -24.5, 0, 0, 255
L -57.8, 1706.8, -66.7, -36.9, 1696.7, -66.7, 178, 102, 255
L -134.2, 1579.0, -67.4, -136.7, 1580.2, -66.2, 178, 102, 255
L -136.7, 1580.2, -66.2, -138.3, 1581.2, -65.5, 178, 102, 255
L -138.3, 1581.2, -65.5, -145.8, 1585.7, -68.7, 178, 102, 255
L -145.8, 1585.7, -68.7, -154.3, 1581.1, -65.5, 178, 102, 255
L -154.3, 1581.1, -65.5, -160.6, 1577.9, -68.8, 178, 102, 255
L -160.6, 1577.9, -68.8, -162.4, 1577.2, -68.8, 178, 102, 255
L -162.4, 1577.2, -68.8, -164.1, 1576.9, -68.8, 178, 102, 255
L -164.1, 1576.9, -68.8, -166.1, 1576.8, -68.8, 178, 102, 255
L -166.1, 1576.8, -68.8, -167.9, 1577.0, -68.8, 178, 102, 255
L -167.9, 1577.0, -68.8, -169.9, 1577.4, -68.8, 178, 102, 255
L -169.9, 1577.4, -68.8, -171.5, 1578.2, -68.8, 178, 102, 255
L -171.5, 1578.2, -68.8, -180.3, 1582.4, -67.2, 178, 102, 255
L -180.3, 1582.4, -67.2, -187.2, 1585.5, -68.8, 178, 102, 255
L -187.2, 1585.5, -68.8, -189.0, 1585.9, -68.8, 178, 102, 255
L -189.0, 1585.9, -68.8, -190.9, 1586.5, -68.8, 178, 102, 255
L -190.9, 1586.5, -68.8, -192.6, 1587.5, -68.8, 178, 102, 255
L -192.6, 1587.5, -68.8, -196.2, 1589.7, -68.8, 178, 102, 255
L -196.2, 1589.7, -68.8, -196.9, 1591.3, -68.8, 178, 102, 255
L -196.9, 1591.3, -68.8, -203.1, 1605.9, -68.8, 178, 102, 255
L -203.1, 1605.9, -68.8, -203.4, 1607.6, -68.8, 178, 102, 255
L -203.4, 1607.6, -68.8, -203.9, 1611.6, -68.8, 178, 102, 255
L -203.9, 1611.6, -68.8, -204.1, 1613.3, -68.8, 178, 102, 255
L -204.1, 1613.3, -68.8, -203.7, 1618.6, -68.8, 178, 102, 255
L -203.7, 1618.6, -68.8, -202.9, 1620.2, -68.8, 178, 102, 255
L -202.9, 1620.2, -68.8, -196.7, 1632.1, -68.8, 178, 102, 255
L -196.7, 1632.1, -68.8, -195.6, 1632.8, -68.8, 178, 102, 255
L -195.6, 1632.8, -68.8, -191.5, 1635.3, -68.8, 178, 102, 255
L -191.5, 1635.3, -68.8, -182.8, 1640.1, -68.8, 178, 102, 255
L -182.8, 1640.1, -68.8, -179.9, 1641.6, -68.8, 178, 102, 255
L -179.9, 1641.6, -68.8, -178.1, 1641.0, -68.8, 178, 102, 255
L -178.1, 1641.0, -68.8, -168.8, 1638.1, -68.8, 178, 102, 255
L -168.8, 1638.1, -68.8, -167.3, 1638.6, -68.8, 178, 102, 255
L -167.3, 1638.6, -68.8, -165.2, 1639.3, -67.6, 178, 102, 255
L -165.2, 1639.3, -67.6, -163.4, 1639.4, -66.7, 178, 102, 255
L -163.4, 1639.4, -66.7, -153.7, 1640.0, -68.8, 178, 102, 255
L -153.7, 1640.0, -68.8, -151.8, 1640.4, -68.8, 178, 102, 255
L -151.8, 1640.4, -68.8, -147.6, 1641.7, -68.8, 178, 102, 255
L -147.6, 1641.7, -68.8, -146.3, 1642.2, -68.8, 178, 102, 255
L -146.3, 1642.2, -68.8, -143.4, 1643.3, -68.0, 178, 102, 255
L -143.4, 1643.3, -68.0, -141.9, 1643.6, -67.6, 178, 102, 255
L -36.9, 1640.5, -67.5, -5.3, 1657.1, -68.6, 178, 102, 255
L -5.3, 1657.1, -68.6, -4.3, 1658.3, -68.3, 178, 102, 255
L -4.3, 1658.3, -68.3, 0.0, 1663.7, -67.3, 178, 102, 255
L 0.0, 1663.7, -67.3, 1.0, 1665.0, -67.4, 178, 102, 255
L 1.0, 1665.0, -67.4, 2.6, 1667.3, -67.6, 178, 102, 255
L 2.6, 1667.3, -67.6, 3.5, 1668.6, -67.6, 178, 102, 255
L 3.5, 1668.6, -67.6, 7.5, 1675.2, -67.5, 178, 102, 255
L 7.5, 1675.2, -67.5, 9.1, 1675.3, -67.5, 178, 102, 255
L 9.1, 1675.3, -67.5, 23.9, 1675.1, -68.8, 178, 102, 255
L 23.9, 1675.1, -68.8, 25.3, 1674.4, -68.8, 178, 102, 255
L 25.3, 1674.4, -68.8, 29.8, 1672.1, -68.8, 178, 102, 255
L 29.8, 1672.1, -68.8, 31.4, 1670.9, -68.8, 178, 102, 255
L 31.4, 1670.9, -68.8, 41.5, 1663.5, -68.8, 178, 102, 255
L 41.5, 1663.5, -68.8, 42.5, 1662.2, -68.8, 178, 102, 255
L 42.5, 1662.2, -68.8, 48.0, 1653.8, -68.4, 178, 102, 255
L 48.0, 1653.8, -68.4, 48.8, 1652.2, -68.5, 178, 102, 255
L 48.8, 1652.2, -68.5, 60.1, 1628.2, -68.8, 178, 102, 255
L 60.1, 1628.2, -68.8, 60.2, 1626.2, -68.8, 178, 102, 255
L 60.2, 1626.2, -68.8, 60.7, 1616.3, -68.8, 178, 102, 255
L 60.7, 1616.3, -68.8, 60.8, 1614.7, -68.8, 178, 102, 255
L 60.8, 1614.7, -68.8, 60.5, 1610.1, -68.8, 178, 102, 255
L 60.5, 1610.1, -68.8, 59.7, 1608.7, -68.8, 178, 102, 255
L 59.7, 1608.7, -68.8, 58.7, 1607.1, -68.8, 178, 102, 255
L 58.7, 1607.1, -68.8, 57.6, 1605.5, -68.8, 178, 102, 255
L 57.6, 1605.5, -68.8, 56.1, 1604.3, -68.8, 178, 102, 255
L 56.1, 1604.3, -68.8, 54.4, 1603.3, -68.8, 178, 102, 255
L 54.4, 1603.3, -68.8, 46.2, 1598.7, -68.8, 178, 102, 255
L 46.2, 1598.7, -68.8, 44.4, 1597.8, -68.8, 178, 102, 255
L 44.4, 1597.8, -68.8, 42.6, 1597.1, -68.8, 178, 102, 255
L 42.6, 1597.1, -68.8, 40.9, 1596.6, -68.8, 178, 102, 255
L 40.9, 1596.6, -68.8, 30.5, 1593.7, -68.8, 178, 102, 255
L 30.5, 1593.7, -68.8, 28.7, 1594.2, -68.8, 178, 102, 255
L 28.7, 1594.2, -68.8, 27.0, 1594.9, -68.8, 178, 102, 255
L 27.0, 1594.9, -68.8, 17.4, 1598.6, -68.8, 178, 102, 255
L 17.4, 1598.6, -68.8, 15.7, 1598.5, -68.8, 178, 102, 255
L 15.7, 1598.5, -68.8, 10.5, 1598.3, -66.8, 178, 102, 255
L 10.5, 1598.3, -66.8, 8.8, 1598.7, -65.9, 178, 102, 255
L 8.8, 1598.7, -65.9, 0.4, 1600.1, -68.9, 178, 102, 255
L 0.4, 1600.1, -68.9, -0.4, 1598.5, -68.9, 178, 102, 255
L -0.4, 1598.5, -68.9, -1.9, 1595.6, -67.3, 178, 102, 255
L -1.9, 1595.6, -67.3, -3.3, 1594.6, -67.4, 178, 102, 255
L -3.3, 1594.6, -67.4, -9.4, 1590.4, -68.8, 178, 102, 255
