L 1000.0, 0.0, 0.0, 1000.0, -50.0, 0.0, 255, 0, 0
L -20.0, 50.0, 0.0, -50.0, 20.0, 0.0, 255, 0, 0
L 50.0, 20.0, 0.0, 20.0, 50.0, 0.0, 255, 0, 0
L 20.0, -50.0, 0.0, 50.0, -20.0, 0.0, 255, 0, 0
L -50.0, -20.0, 0.0, -20.0, -50.0, 0.0, 255, 0, 0
L -50.0, 20.0, 0.0, -50.0, -20.0, 0.0, 255, 0, 0
L 20.0, 50.0, 0.0, -20.0, 50.0, 0.0, 255, 0, 0
L 50.0, -20.0, 0.0, 50.0, 20.0, 0.0, 255, 0, 0
L -20.0, -50.0, 0.0, 20.0, -50.0, 0.0, 255, 0, 0
L 580.0, -20.0, 0.0, 540.0, -20.0, 0.0, 255, 0, 0
L 580.0, -90.0, 0.0, 580.0, -20.0, 0.0, 255, 0, 0
L 540.0, -90.0, 0.0, 580.0, -90.0, 0.0, 255, 0, 0
L 540.0, -20.0, 0.0, 540.0, -90.0, 0.0, 255, 0, 0
L 520.0, -20.0, 0.0, 480.0, -20.0, 0.0, 255, 0, 0
L 520.0, -90.0, 0.0, 520.0, -20.0, 0.0, 255, 0, 0
L 480.0, -90.0, 0.0, 520.0, -90.0, 0.0, 255, 0, 0
L 480.0, -20.0, 0.0, 480.0, -90.0, 0.0, 255, 0, 0
L 460.0, -90.0, 0.0, 450.0, -80.0, 0.0, 255, 0, 0
L 460.0, -20.0, 0.0, 460.0, -90.0, 0.0, 255, 0, 0
L 0.0, -250.0, 0.0, 0.0, 250.0, 0.0, 255, 0, 0
L -250.0, 0.0, 0.0, 1000.0, 0.0, 0.0, 255, 0, 0
L -120.0, -80.0, 0.0, -120.0, -60.0, 0.0, 255, 0, 0
L -120.0, -60.0, 0.0, -120.0, -40.0, 0.0, 255, 0, 0
L -100.0, -60.0, 0.0, -120.0, -60.0, 0.0, 255, 0, 0
L -120.0, -60.0, 0.0, -140.0, -60.0, 0.0, 255, 0, 0
L -90.0, -50.0, 0.0, -100.0, -30.0, 0.0, 255, 0, 0
L -60.0, -80.0, 0.0, -60.0, -60.0, 0.0, 255, 0, 0
L -60.0, -60.0, 0.0, -60.0, -40.0, 0.0, 255, 0, 0
L -40.0, -60.0, 0.0, -60.0, -60.0, 0.0, 255, 0, 0
L -60.0, -60.0, 0.0, -80.0, -60.0, 0.0, 255, 0, 0
L 100.0, 60.0, 0.0, 120.0, 60.0, 0.0, 255, 0, 0
L 120.0, 60.0, 0.0, 140.0, 60.0, 0.0, 255, 0, 0
L 90.0, 70.0, 0.0, 80.0, 90.0, 0.0, 255, 0, 0
L 40.0, 60.0, 0.0, 60.0, 60.0, 0.0, 255, 0, 0
L 60.0, 60.0, 0.0, 80.0, 60.0, 0.0, 255, 0, 0
L -100.0, 60.0, 0.0, -120.0, 60.0, 0.0, 255, 0, 0
L -120.0, 60.0, 0.0, -140.0, 60.0, 0.0, 255, 0, 0
L -90.0, 70.0, 0.0, -100.0, 90.0, 0.0, 255, 0, 0
L -60.0, 80.0, 0.0, -60.0, 60.0, 0.0, 255, 0, 0
L -60.0, 60.0, 0.0, -60.0, 40.0, 0.0, 255, 0, 0
L -40.0, 60.0, 0.0, -60.0, 60.0, 0.0, 255, 0, 0
L -60.0, 60.0, 0.0, -80.0, 60.0, 0.0, 255, 0, 0
L 100.0, -60.0, 0.0, 120.0, -60.0, 0.0, 255, 0, 0
L 120.0, -60.0, 0.0, 140.0, -60.0, 0.0, 255, 0, 0
L 90.0, -50.0, 0.0, 80.0, -30.0, 0.0, 255, 0, 0
L 60.0, -80.0, 0.0, 60.0, -60.0, 0.0, 255, 0, 0
L 60.0, -60.0, 0.0, 60.0, -40.0, 0.0, 255, 0, 0
L 40.0, -60.0, 0.0, 60.0, -60.0, 0.0, 255, 0, 0
L 60.0, -60.0, 0.0, 80.0, -60.0, 0.0, 255, 0, 0
L 599.0, -90.0, 0.0, 637.3, -90.0, 0.0, 255, 0, 0
L 599.0, -20.0, 0.0, 637.3, -20.0, 0.0, 255, 0, 0
L 599.0, -90.0, 0.0, 599.0, -20.0, 0.0, 255, 0, 0
L 637.3, -90.0, 0.0, 637.3, -20.0, 0.0, 255, 0, 0
L 1000, 2000, 0, 1000, 2060, 0, 0, 0, 0
L 1040, 2060, 0, 1000, 2060, 0, 0, 0, 0
L 1060, 2030, 0, 1090, 2030, 0, 0, 0, 0
L 1060, 2060, 0, 1090, 2060, 0, 0, 0, 0
L 1060, 2000, 0, 1060, 2060, 0, 0, 0, 0
L 1090, 2000, 0, 1060, 2000, 0, 0, 0, 0
L 1140, 2060, 0, 1110, 2060, 0, 0, 0, 0
L 1110, 2000, 0, 1140, 2000, 0, 0, 0, 0
L 1110, 2060, 0, 1110, 2000, 0, 0, 0, 0
L 1140, 2060, 0, 1140, 2030, 0, 0, 0, 0
L 1140, 2030, 0, 1120, 2030, 0, 0, 0, 0
L 1160, 2030, 0, 1190, 2030, 0, 0, 0, 0
L 1160, 2060, 0, 1190, 2060, 0, 0, 0, 0
L 1160, 2000, 0, 1160, 2060, 0, 0, 0, 0
L 1190, 2000, 0, 1160, 2000, 0, 0, 0, 0
L 1240, 2060, 0, 1240, 2000, 0, 0, 0, 0
L 1210, 2000, 0, 1240, 2060, 0, 0, 0, 0
L 1210, 2060, 0, 1210, 2000, 0, 0, 0, 0
L 1270, 2060, 0, 1270, 2000, 0, 0, 0, 0
L 1280, 2060, 0, 1260, 2060, 0, 0, 0, 0
L 1290, 2030, 0, 1280, 2060, 0, 0, 0, 0
L 1280, 2000, 0, 1290, 2030, 0, 0, 0, 0
L 1260, 2000, 0, 1280, 2000, 0, 0, 0, 0
L 1080, 2210, 0, 1120, 2170, 0, 255, 255, 0
L 1000, 2170, 0, 1040, 2130, 0, 255, 255, 0
L 1000, 2210, 0, 1080, 2130, 0, 255, 255, 0
L 1040, 2210, 0, 1120, 2130, 0, 255, 255, 0
L 1000, 2210, 0, 1000, 2130, 0, 0, 0, 0
L 1120, 2210, 0, 1000, 2210, 0, 0, 0, 0
L 1120, 2130, 0, 1120, 2210, 0, 0, 0, 0
L 1000, 2130, 0, 1120, 2130, 0, 0, 0, 0
L 1160, 2170, 0, 1190, 2170, 0, 0, 0, 0
L 1160, 2140, 0, 1160, 2200, 0, 0, 0, 0
L 1190, 2140, 0, 1160, 2140, 0, 0, 0, 0
L 1220, 2170, 0, 1240, 2170, 0, 0, 0, 0
L 1230, 2140, 0, 1250, 2200, 0, 0, 0, 0
L 1210, 2200, 0, 1230, 2140, 0, 0, 0, 0
L 1270, 2140, 0, 1270, 2170, 0, 0, 0, 0
L 1270, 2170, 0, 1270, 2200, 0, 0, 0, 0
L 1270, 2170, 0, 1310, 2200, 0, 0, 0, 0
L 1270, 2170, 0, 1310, 2140, 0, 0, 0, 0
L 1330, 2170, 0, 1360, 2170, 0, 0, 0, 0
L 1330, 2200, 0, 1360, 2200, 0, 0, 0, 0
L 1330, 2140, 0, 1330, 2200, 0, 0, 0, 0
L 1360, 2140, 0, 1330, 2140, 0, 0, 0, 0
L 1440, 2170, 0, 1470, 2170, 0, 0, 0, 0
L 1440, 2140, 0, 1440, 2200, 0, 0, 0, 0
L 1470, 2140, 0, 1440, 2140, 0, 0, 0, 0
L 1490, 2140, 0, 1490, 2200, 0, 0, 0, 0
L 1530, 2200, 0, 1490, 2200, 0, 0, 0, 0
L 1550, 2140, 0, 1580, 2140, 0, 0, 0, 0
L 1550, 2200, 0, 1580, 2200, 0, 0, 0, 0
L 1550, 2140, 0, 1550, 2200, 0, 0, 0, 0
L 1580, 2140, 0, 1580, 2200, 0, 0, 0, 0
L 1600, 2140, 0, 1630, 2140, 0, 0, 0, 0
L 1600, 2200, 0, 1630, 2200, 0, 0, 0, 0
L 1600, 2140, 0, 1600, 2200, 0, 0, 0, 0
L 1630, 2140, 0, 1630, 2200, 0, 0, 0, 0
L 1650, 2140, 0, 1650, 2170, 0, 0, 0, 0
L 1650, 2170, 0, 1650, 2200, 0, 0, 0, 0
L 1650, 2170, 0, 1670, 2170, 0, 0, 0, 0
L 1690, 2170, 0, 1690, 2140, 0, 0, 0, 0
L 1650, 2140, 0, 1690, 2140, 0, 0, 0, 0
L 1670, 2170, 0, 1690, 2170, 0, 0, 0, 0
L 1690, 2200, 0, 1670, 2170, 0, 0, 0, 0
L 1000, 2250, 0, 1060, 2250, 0, 0, 0, 0
L 1000, 2330, 0, 1060, 2330, 0, 0, 0, 0
L 1060, 2250, 0, 1090, 2250, 0, 0, 0, 0
L 1060, 2330, 0, 1090, 2330, 0, 0, 0, 0
L 1060, 2250, 0, 1060, 2330, 0, 255, 255, 0
L 1090, 2250, 0, 1120, 2250, 0, 0, 0, 0
L 1090, 2330, 0, 1120, 2330, 0, 0, 0, 0
L 1090, 2250, 0, 1090, 2330, 0, 255, 255, 0
L 1160, 2290, 0, 1190, 2290, 0, 0, 0, 0
L 1160, 2260, 0, 1160, 2320, 0, 0, 0, 0
L 1190, 2260, 0, 1160, 2260, 0, 0, 0, 0
L 1220, 2290, 0, 1240, 2290, 0, 0, 0, 0
L 1230, 2260, 0, 1250, 2320, 0, 0, 0, 0
L 1210, 2320, 0, 1230, 2260, 0, 0, 0, 0
L 1270, 2260, 0, 1270, 2290, 0, 0, 0, 0
L 1270, 2290, 0, 1270, 2320, 0, 0, 0, 0
L 1270, 2290, 0, 1310, 2320, 0, 0, 0, 0
L 1270, 2290, 0, 1310, 2260, 0, 0, 0, 0
L 1330, 2290, 0, 1360, 2290, 0, 0, 0, 0
L 1330, 2320, 0, 1360, 2320, 0, 0, 0, 0
L 1330, 2260, 0, 1330, 2320, 0, 0, 0, 0
L 1360, 2260, 0, 1330, 2260, 0, 0, 0, 0
L 1470, 2320, 0, 1480, 2260, 0, 0, 0, 0
L 1460, 2290, 0, 1470, 2320, 0, 0, 0, 0
L 1450, 2320, 0, 1460, 2290, 0, 0, 0, 0
L 1440, 2260, 0, 1450, 2320, 0, 0, 0, 0
L 1510, 2290, 0, 1530, 2290, 0, 0, 0, 0
L 1520, 2260, 0, 1540, 2320, 0, 0, 0, 0
L 1500, 2320, 0, 1520, 2260, 0, 0, 0, 0
L 1560, 2260, 0, 1560, 2320, 0, 0, 0, 0
L 1600, 2320, 0, 1560, 2320, 0, 0, 0, 0
L 1620, 2260, 0, 1620, 2320, 0, 0, 0, 0
L 1660, 2320, 0, 1620, 2320, 0, 0, 0, 0
L 1000, 2450, 0, 1060, 2450, 0, 0, 0, 0
L 1000, 2370, 0, 1060, 2370, 0, 0, 0, 0
L 1030, 2423, 0, 1030, 2397, 0, 205, 133, 63
L 1060, 2450, 0, 1120, 2450, 0, 0, 0, 0
L 1060, 2450, 0, 1060, 2423, 0, 205, 133, 63
L 1030, 2423, 0, 1090, 2423, 0, 205, 133, 63
L 1030, 2397, 0, 1060, 2397, 0, 205, 133, 63
L 1060, 2397, 0, 1090, 2397, 0, 205, 133, 63
L 1060, 2370, 0, 1120, 2370, 0, 0, 0, 0
L 1060, 2397, 0, 1060, 2370, 0, 205, 133, 63
L 1090, 2423, 0, 1090, 2397, 0, 205, 133, 63
L 1170, 2440, 0, 1170, 2380, 0, 0, 0, 0
L 1180, 2440, 0, 1160, 2440, 0, 0, 0, 0
L 1190, 2410, 0, 1180, 2440, 0, 0, 0, 0
L 1180, 2380, 0, 1190, 2410, 0, 0, 0, 0
L 1160, 2380, 0, 1180, 2380, 0, 0, 0, 0
L 1210, 2380, 0, 1240, 2380, 0, 0, 0, 0
L 1210, 2440, 0, 1240, 2440, 0, 0, 0, 0
L 1210, 2380, 0, 1210, 2440, 0, 0, 0, 0
L 1240, 2380, 0, 1240, 2440, 0, 0, 0, 0
L 1260, 2380, 0, 1290, 2380, 0, 0, 0, 0
L 1260, 2440, 0, 1290, 2440, 0, 0, 0, 0
L 1260, 2380, 0, 1260, 2440, 0, 0, 0, 0
L 1290, 2380, 0, 1290, 2440, 0, 0, 0, 0
L 1310, 2380, 0, 1310, 2410, 0, 0, 0, 0
L 1310, 2410, 0, 1310, 2440, 0, 0, 0, 0
L 1310, 2410, 0, 1330, 2410, 0, 0, 0, 0
L 1350, 2410, 0, 1350, 2380, 0, 0, 0, 0
L 1310, 2380, 0, 1350, 2380, 0, 0, 0, 0
L 1330, 2410, 0, 1350, 2410, 0, 0, 0, 0
L 1350, 2440, 0, 1330, 2410, 0, 0, 0, 0
L 1000, 2490, 0, 1000, 2520, 0, 255, 210, 0
L 1000, 2490, 0, 1020, 2490, 0, 255, 210, 0
L 1020, 2550, 0, 1000, 2550, 0, 255, 210, 0
L 1000, 2520, 0, 1000, 2550, 0, 255, 210, 0
L 1020, 2520, 0, 1000, 2520, 0, 255, 210, 0
L 1020, 2520, 0, 1040, 2505, 0, 255, 210, 0
L 1020, 2490, 0, 1040, 2505, 0, 255, 210, 0
L 1020, 2520, 0, 1040, 2535, 0, 255, 210, 0
L 1040, 2535, 0, 1020, 2550, 0, 255, 210, 0
L 1070, 2520, 0, 1090, 2520, 0, 255, 210, 0
L 1080, 2490, 0, 1100, 2550, 0, 255, 210, 0
L 1060, 2550, 0, 1080, 2490, 0, 255, 210, 0
L 1150, 2550, 0, 1150, 2490, 0, 255, 210, 0
L 1120, 2490, 0, 1150, 2550, 0, 255, 210, 0
L 1120, 2550, 0, 1120, 2490, 0, 255, 210, 0
L 1170, 2490, 0, 1170, 2520, 0, 255, 210, 0
L 1170, 2520, 0, 1170, 2550, 0, 255, 210, 0
L 1170, 2520, 0, 1210, 2550, 0, 255, 210, 0
L 1170, 2520, 0, 1210, 2490, 0, 255, 210, 0
L 1230, 2520, 0, 1260, 2520, 0, 255, 210, 0
L 1230, 2550, 0, 1260, 2550, 0, 255, 210, 0
L 1230, 2490, 0, 1230, 2550, 0, 255, 210, 0
L 1260, 2490, 0, 1230, 2490, 0, 255, 210, 0
L 1280, 2490, 0, 1280, 2520, 0, 255, 210, 0
L 1280, 2520, 0, 1280, 2550, 0, 255, 210, 0
L 1280, 2520, 0, 1300, 2520, 0, 255, 210, 0
L 1320, 2520, 0, 1320, 2490, 0, 255, 210, 0
L 1280, 2490, 0, 1320, 2490, 0, 255, 210, 0
L 1300, 2520, 0, 1320, 2520, 0, 255, 210, 0
L 1320, 2550, 0, 1300, 2520, 0, 255, 210, 0
L 1030, 2640, 0, 1000, 2640, 0, 255, 255, 255
L 1000, 2580, 0, 1030, 2580, 0, 255, 255, 255
L 1000, 2640, 0, 1000, 2580, 0, 255, 255, 255
L 1050, 2580, 0, 1080, 2580, 0, 255, 255, 255
L 1050, 2640, 0, 1080, 2640, 0, 255, 255, 255
L 1050, 2580, 0, 1050, 2640, 0, 255, 255, 255
L 1080, 2580, 0, 1080, 2640, 0, 255, 255, 255
L 1140, 2580, 0, 1140, 2640, 0, 255, 255, 255
L 1120, 2610, 0, 1140, 2580, 0, 255, 255, 255
L 1100, 2580, 0, 1120, 2610, 0, 255, 255, 255
L 1100, 2640, 0, 1100, 2580, 0, 255, 255, 255
L 1200, 2580, 0, 1200, 2640, 0, 255, 255, 255
L 1180, 2610, 0, 1200, 2580, 0, 255, 255, 255
L 1160, 2580, 0, 1180, 2610, 0, 255, 255, 255
L 1160, 2640, 0, 1160, 2580, 0, 255, 255, 255
L 1220, 2610, 0, 1250, 2610, 0, 255, 255, 255
L 1220, 2640, 0, 1250, 2640, 0, 255, 255, 255
L 1220, 2580, 0, 1220, 2640, 0, 255, 255, 255
L 1250, 2580, 0, 1220, 2580, 0, 255, 255, 255
L 1300, 2640, 0, 1300, 2580, 0, 255, 255, 255
L 1270, 2580, 0, 1300, 2640, 0, 255, 255, 255
L 1270, 2640, 0, 1270, 2580, 0, 255, 255, 255
L 1340, 2580, 0, 1340, 2640, 0, 255, 255, 255
L 1320, 2580, 0, 1360, 2580, 0, 255, 255, 255
L 1030, 2730, 0, 1000, 2730, 0, 0, 0, 0
L 1000, 2670, 0, 1030, 2670, 0, 0, 0, 0
L 1000, 2730, 0, 1000, 2670, 0, 0, 0, 0
L 1030, 2730, 0, 1030, 2700, 0, 0, 0, 0
L 1030, 2700, 0, 1010, 2700, 0, 0, 0, 0
L 1050, 2700, 0, 1080, 2700, 0, 0, 0, 0
L 1050, 2730, 0, 1080, 2730, 0, 0, 0, 0
L 1050, 2670, 0, 1050, 2730, 0, 0, 0, 0
L 1080, 2670, 0, 1050, 2670, 0, 0, 0, 0
L 1130, 2730, 0, 1130, 2670, 0, 0, 0, 0
L 1100, 2670, 0, 1130, 2730, 0, 0, 0, 0
L 1100, 2730, 0, 1100, 2670, 0, 0, 0, 0
L 1150, 2700, 0, 1180, 2700, 0, 0, 0, 0
L 1150, 2730, 0, 1180, 2730, 0, 0, 0, 0
L 1150, 2670, 0, 1150, 2730, 0, 0, 0, 0
L 1180, 2670, 0, 1150, 2670, 0, 0, 0, 0
L 1200, 2670, 0, 1200, 2700, 0, 0, 0, 0
L 1200, 2700, 0, 1200, 2730, 0, 0, 0, 0
L 1200, 2700, 0, 1220, 2700, 0, 0, 0, 0
L 1240, 2700, 0, 1240, 2670, 0, 0, 0, 0
L 1200, 2670, 0, 1240, 2670, 0, 0, 0, 0
L 1220, 2700, 0, 1240, 2700, 0, 0, 0, 0
L 1240, 2730, 0, 1220, 2700, 0, 0, 0, 0
L 1270, 2700, 0, 1290, 2700, 0, 0, 0, 0
L 1280, 2670, 0, 1300, 2730, 0, 0, 0, 0
L 1260, 2730, 0, 1280, 2670, 0, 0, 0, 0
L 1320, 2670, 0, 1320, 2730, 0, 0, 0, 0
L 1360, 2730, 0, 1320, 2730, 0, 0, 0, 0
L 1030, 2820, 0, 1000, 2820, 0, 0, 0, 255
L 1000, 2760, 0, 1030, 2760, 0, 0, 0, 255
L 1000, 2820, 0, 1000, 2760, 0, 0, 0, 255
L 1030, 2820, 0, 1030, 2790, 0, 0, 0, 255
L 1030, 2790, 0, 1010, 2790, 0, 0, 0, 255
L 1050, 2760, 0, 1050, 2790, 0, 0, 0, 255
L 1050, 2790, 0, 1050, 2820, 0, 0, 0, 255
L 1050, 2790, 0, 1070, 2790, 0, 0, 0, 255
L 1090, 2790, 0, 1090, 2760, 0, 0, 0, 255
L 1050, 2760, 0, 1090, 2760, 0, 0, 0, 255
L 1070, 2790, 0, 1090, 2790, 0, 0, 0, 255
L 1090, 2820, 0, 1070, 2790, 0, 0, 0, 255
L 1110, 2760, 0, 1140, 2760, 0, 0, 0, 255
L 1110, 2820, 0, 1140, 2820, 0, 0, 0, 255
L 1110, 2760, 0, 1110, 2820, 0, 0, 0, 255
L 1140, 2760, 0, 1140, 2820, 0, 0, 0, 255
L 1200, 2760, 0, 1200, 2820, 0, 0, 0, 255
L 1160, 2760, 0, 1160, 2820, 0, 0, 0, 255
L 1160, 2820, 0, 1200, 2820, 0, 0, 0, 255
L 1250, 2820, 0, 1250, 2760, 0, 0, 0, 255
L 1220, 2760, 0, 1250, 2820, 0, 0, 0, 255
L 1220, 2820, 0, 1220, 2760, 0, 0, 0, 255
L 1280, 2820, 0, 1280, 2760, 0, 0, 0, 255
L 1290, 2820, 0, 1270, 2820, 0, 0, 0, 255
L 1300, 2790, 0, 1290, 2820, 0, 0, 0, 255
L 1290, 2760, 0, 1300, 2790, 0, 0, 0, 255
L 1270, 2760, 0, 1290, 2760, 0, 0, 0, 255
L 1380, 2760, 0, 1380, 2790, 0, 0, 0, 255
L 1380, 2820, 0, 1420, 2820, 0, 0, 0, 255
L 1420, 2790, 0, 1380, 2790, 0, 0, 0, 255
L 1380, 2760, 0, 1420, 2760, 0, 0, 0, 255
L 1420, 2790, 0, 1420, 2820, 0, 0, 0, 255
L 1470, 2790, 0, 1440, 2790, 0, 0, 0, 255
L 1470, 2760, 0, 1470, 2790, 0, 0, 0, 255
L 1440, 2760, 0, 1470, 2760, 0, 0, 0, 255
L 1440, 2820, 0, 1440, 2760, 0, 0, 0, 255
L 1500, 2790, 0, 1520, 2790, 0, 0, 0, 255
L 1510, 2760, 0, 1530, 2820, 0, 0, 0, 255
L 1490, 2820, 0, 1510, 2760, 0, 0, 0, 255
L 1580, 2820, 0, 1590, 2760, 0, 0, 0, 255
L 1570, 2790, 0, 1580, 2820, 0, 0, 0, 255
L 1560, 2820, 0, 1570, 2790, 0, 0, 0, 255
L 1550, 2760, 0, 1560, 2820, 0, 0, 0, 255
L 1640, 2820, 0, 1640, 2760, 0, 0, 0, 255
L 1610, 2760, 0, 1640, 2820, 0, 0, 0, 255
L 1610, 2820, 0, 1610, 2760, 0, 0, 0, 255
L 1030, 2910, 0, 1000, 2910, 0, 128, 128, 128
L 1000, 2850, 0, 1030, 2850, 0, 128, 128, 128
L 1000, 2910, 0, 1000, 2850, 0, 128, 128, 128
L 1030, 2910, 0, 1030, 2880, 0, 128, 128, 128
L 1030, 2880, 0, 1010, 2880, 0, 128, 128, 128
L 1090, 2850, 0, 1090, 2910, 0, 128, 128, 128
L 1050, 2850, 0, 1050, 2910, 0, 128, 128, 128
L 1050, 2910, 0, 1090, 2910, 0, 128, 128, 128
L 1110, 2850, 0, 1110, 2910, 0, 128, 128, 128
L 1130, 2850, 0, 1130, 2910, 0, 128, 128, 128
L 1170, 2910, 0, 1130, 2910, 0, 128, 128, 128
L 1200, 2910, 0, 1200, 2850, 0, 128, 128, 128
L 1210, 2910, 0, 1190, 2910, 0, 128, 128, 128
L 1220, 2880, 0, 1210, 2910, 0, 128, 128, 128
L 1210, 2850, 0, 1220, 2880, 0, 128, 128, 128
L 1190, 2850, 0, 1210, 2850, 0, 128, 128, 128
L 1340, 2850, 0, 1340, 2910, 0, 128, 128, 128
L 1320, 2880, 0, 1340, 2850, 0, 128, 128, 128
L 1300, 2850, 0, 1320, 2880, 0, 128, 128, 128
L 1300, 2910, 0, 1300, 2850, 0, 128, 128, 128
L 1370, 2880, 0, 1390, 2880, 0, 128, 128, 128
L 1380, 2850, 0, 1400, 2910, 0, 128, 128, 128
L 1360, 2910, 0, 1380, 2850, 0, 128, 128, 128
L 1420, 2850, 0, 1420, 2880, 0, 128, 128, 128
L 1420, 2910, 0, 1460, 2910, 0, 128, 128, 128
L 1460, 2880, 0, 1420, 2880, 0, 128, 128, 128
L 1420, 2850, 0, 1460, 2850, 0, 128, 128, 128
L 1460, 2880, 0, 1460, 2910, 0, 128, 128, 128
L 1500, 2850, 0, 1500, 2910, 0, 128, 128, 128
L 1480, 2850, 0, 1520, 2850, 0, 128, 128, 128
L 1540, 2880, 0, 1570, 2880, 0, 128, 128, 128
L 1540, 2910, 0, 1570, 2910, 0, 128, 128, 128
L 1540, 2850, 0, 1540, 2910, 0, 128, 128, 128
L 1570, 2850, 0, 1540, 2850, 0, 128, 128, 128
L 1590, 2850, 0, 1590, 2880, 0, 128, 128, 128
L 1590, 2880, 0, 1590, 2910, 0, 128, 128, 128
L 1590, 2880, 0, 1610, 2880, 0, 128, 128, 128
L 1630, 2880, 0, 1630, 2850, 0, 128, 128, 128
L 1590, 2850, 0, 1630, 2850, 0, 128, 128, 128
L 1610, 2880, 0, 1630, 2880, 0, 128, 128, 128
L 1630, 2910, 0, 1610, 2880, 0, 128, 128, 128
L 1000, 2940, 0, 1000, 2970, 0, 127, 64, 0
L 1040, 3000, 0, 1040, 2970, 0, 127, 64, 0
L 1000, 2970, 0, 1000, 3000, 0, 127, 64, 0
L 1040, 2970, 0, 1040, 2940, 0, 127, 64, 0
L 1000, 2970, 0, 1040, 2970, 0, 127, 64, 0
L 1100, 2940, 0, 1100, 3000, 0, 127, 64, 0
L 1060, 2940, 0, 1060, 3000, 0, 127, 64, 0
L 1060, 3000, 0, 1100, 3000, 0, 127, 64, 0
L 1150, 3000, 0, 1150, 2940, 0, 127, 64, 0
L 1120, 2940, 0, 1150, 3000, 0, 127, 64, 0
L 1120, 3000, 0, 1120, 2940, 0, 127, 64, 0
L 1190, 2940, 0, 1190, 3000, 0, 127, 64, 0
L 1170, 2940, 0, 1210, 2940, 0, 127, 64, 0
L 1230, 2970, 0, 1260, 2970, 0, 127, 64, 0
L 1230, 3000, 0, 1260, 3000, 0, 127, 64, 0
L 1230, 2940, 0, 1230, 3000, 0, 127, 64, 0
L 1260, 2940, 0, 1230, 2940, 0, 127, 64, 0
L 1280, 2940, 0, 1280, 2970, 0, 127, 64, 0
L 1280, 2970, 0, 1280, 3000, 0, 127, 64, 0
L 1280, 2970, 0, 1300, 2970, 0, 127, 64, 0
L 1320, 2970, 0, 1320, 2940, 0, 127, 64, 0
L 1280, 2940, 0, 1320, 2940, 0, 127, 64, 0
L 1300, 2970, 0, 1320, 2970, 0, 127, 64, 0
L 1320, 3000, 0, 1300, 2970, 0, 127, 64, 0
L 1040, 3030, 0, 1040, 3090, 0, 0, 127, 0
L 1020, 3060, 0, 1040, 3030, 0, 0, 127, 0
L 1000, 3030, 0, 1020, 3060, 0, 0, 127, 0
L 1000, 3090, 0, 1000, 3030, 0, 0, 127, 0
L 1060, 3060, 0, 1090, 3060, 0, 0, 127, 0
L 1060, 3090, 0, 1090, 3090, 0, 0, 127, 0
L 1060, 3030, 0, 1060, 3090, 0, 0, 127, 0
L 1090, 3030, 0, 1060, 3030, 0, 0, 127, 0
L 1110, 3030, 0, 1110, 3060, 0, 0, 127, 0
L 1110, 3060, 0, 1110, 3090, 0, 0, 127, 0
L 1110, 3060, 0, 1130, 3060, 0, 0, 127, 0
L 1150, 3060, 0, 1150, 3030, 0, 0, 127, 0
L 1110, 3030, 0, 1150, 3030, 0, 0, 127, 0
L 1130, 3060, 0, 1150, 3060, 0, 0, 127, 0
L 1150, 3090, 0, 1130, 3060, 0, 0, 127, 0
L 1200, 3090, 0, 1170, 3090, 0, 0, 127, 0
L 1170, 3030, 0, 1200, 3030, 0, 0, 127, 0
L 1170, 3090, 0, 1170, 3030, 0, 0, 127, 0
L 1220, 3030, 0, 1220, 3060, 0, 0, 127, 0
L 1260, 3090, 0, 1260, 3060, 0, 0, 127, 0
L 1220, 3060, 0, 1220, 3090, 0, 0, 127, 0
L 1260, 3060, 0, 1260, 3030, 0, 0, 127, 0
L 1220, 3060, 0, 1260, 3060, 0, 0, 127, 0
L 1290, 3060, 0, 1310, 3060, 0, 0, 127, 0
L 1300, 3030, 0, 1320, 3090, 0, 0, 127, 0
L 1280, 3090, 0, 1300, 3030, 0, 0, 127, 0
L 1370, 3090, 0, 1370, 3030, 0, 0, 127, 0
L 1340, 3030, 0, 1370, 3090, 0, 0, 127, 0
L 1340, 3090, 0, 1340, 3030, 0, 0, 127, 0
L 1410, 3030, 0, 1410, 3090, 0, 0, 127, 0
L 1390, 3030, 0, 1430, 3030, 0, 0, 127, 0
L 1040, 3120, 0, 1040, 3180, 0, 0, 127, 127
L 1020, 3150, 0, 1040, 3120, 0, 0, 127, 127
L 1000, 3120, 0, 1020, 3150, 0, 0, 127, 127
L 1000, 3180, 0, 1000, 3120, 0, 0, 127, 127
L 1060, 3120, 0, 1060, 3180, 0, 0, 127, 127
L 1080, 3120, 0, 1080, 3150, 0, 0, 127, 127
L 1080, 3180, 0, 1120, 3180, 0, 0, 127, 127
L 1120, 3150, 0, 1080, 3150, 0, 0, 127, 127
L 1080, 3120, 0, 1120, 3120, 0, 0, 127, 127
L 1120, 3150, 0, 1120, 3180, 0, 0, 127, 127
L 1140, 3120, 0, 1140, 3150, 0, 0, 127, 127
L 1140, 3180, 0, 1180, 3180, 0, 0, 127, 127
L 1180, 3150, 0, 1140, 3150, 0, 0, 127, 127
L 1140, 3120, 0, 1180, 3120, 0, 0, 127, 127
L 1180, 3150, 0, 1180, 3180, 0, 0, 127, 127
L 1200, 3120, 0, 1200, 3180, 0, 0, 127, 127
L 1220, 3120, 0, 1250, 3120, 0, 0, 127, 127
L 1220, 3180, 0, 1250, 3180, 0, 0, 127, 127
L 1220, 3120, 0, 1220, 3180, 0, 0, 127, 127
L 1250, 3120, 0, 1250, 3180, 0, 0, 127, 127
L 1300, 3180, 0, 1300, 3120, 0, 0, 127, 127
L 1270, 3120, 0, 1300, 3180, 0, 0, 127, 127
L 1270, 3180, 0, 1270, 3120, 0, 0, 127, 127
L 1030, 3270, 0, 1030, 3210, 0, 127, 64, 0
L 1000, 3210, 0, 1030, 3270, 0, 127, 64, 0
L 1000, 3270, 0, 1000, 3210, 0, 127, 64, 0
L 1060, 3240, 0, 1080, 3240, 0, 127, 64, 0
L 1070, 3210, 0, 1090, 3270, 0, 127, 64, 0
L 1050, 3270, 0, 1070, 3210, 0, 127, 64, 0
L 1150, 3210, 0, 1150, 3270, 0, 127, 64, 0
L 1130, 3240, 0, 1150, 3210, 0, 127, 64, 0
L 1110, 3210, 0, 1130, 3240, 0, 127, 64, 0
L 1110, 3270, 0, 1110, 3210, 0, 127, 64, 0
L 1170, 3240, 0, 1200, 3240, 0, 127, 64, 0
L 1170, 3270, 0, 1200, 3270, 0, 127, 64, 0
L 1170, 3210, 0, 1170, 3270, 0, 127, 64, 0
L 1200, 3210, 0, 1170, 3210, 0, 127, 64, 0
L 1230, 3270, 0, 1230, 3210, 0, 127, 64, 0
L 1240, 3270, 0, 1220, 3270, 0, 127, 64, 0
L 1250, 3240, 0, 1240, 3270, 0, 127, 64, 0
L 1240, 3210, 0, 1250, 3240, 0, 127, 64, 0
L 1220, 3210, 0, 1240, 3210, 0, 127, 64, 0
L 1030, 3330, 0, 1000, 3330, 0, 0, 255, 0
L 1030, 3300, 0, 1030, 3330, 0, 0, 255, 0
L 1000, 3300, 0, 1030, 3300, 0, 0, 255, 0
L 1000, 3360, 0, 1000, 3300, 0, 0, 255, 0
L 1060, 3330, 0, 1080, 3330, 0, 0, 255, 0
L 1070, 3300, 0, 1090, 3360, 0, 0, 255, 0
L 1050, 3360, 0, 1070, 3300, 0, 0, 255, 0
L 1110, 3300, 0, 1110, 3330, 0, 0, 255, 0
L 1110, 3330, 0, 1110, 3360, 0, 0, 255, 0
L 1110, 3330, 0, 1130, 3330, 0, 0, 255, 0
L 1150, 3330, 0, 1150, 3300, 0, 0, 255, 0
L 1110, 3300, 0, 1150, 3300, 0, 0, 255, 0
L 1130, 3330, 0, 1150, 3330, 0, 0, 255, 0
L 1150, 3360, 0, 1130, 3330, 0, 0, 255, 0
L 1200, 3360, 0, 1170, 3360, 0, 0, 255, 0
L 1170, 3300, 0, 1200, 3300, 0, 0, 255, 0
L 1170, 3360, 0, 1170, 3300, 0, 0, 255, 0
L 1220, 3330, 0, 1250, 3330, 0, 0, 255, 0
L 1220, 3360, 0, 1250, 3360, 0, 0, 255, 0
L 1220, 3300, 0, 1220, 3360, 0, 0, 255, 0
L 1250, 3300, 0, 1220, 3300, 0, 0, 255, 0
L 1270, 3300, 0, 1270, 3360, 0, 0, 255, 0
L 1310, 3360, 0, 1270, 3360, 0, 0, 255, 0
L 1330, 3300, 0, 1330, 3330, 0, 0, 255, 0
L 1330, 3360, 0, 1370, 3360, 0, 0, 255, 0
L 1370, 3330, 0, 1330, 3330, 0, 0, 255, 0
L 1330, 3300, 0, 1370, 3300, 0, 0, 255, 0
L 1370, 3330, 0, 1370, 3360, 0, 0, 255, 0
L 1000, 3390, 0, 1000, 3420, 0, 0, 240, 240
L 1000, 3420, 0, 1000, 3450, 0, 0, 240, 240
L 1000, 3420, 0, 1020, 3420, 0, 0, 240, 240
L 1040, 3420, 0, 1040, 3390, 0, 0, 240, 240
L 1000, 3390, 0, 1040, 3390, 0, 0, 240, 240
L 1020, 3420, 0, 1040, 3420, 0, 0, 240, 240
L 1040, 3450, 0, 1020, 3420, 0, 0, 240, 240
L 1070, 3420, 0, 1090, 3420, 0, 0, 240, 240
L 1080, 3390, 0, 1100, 3450, 0, 0, 240, 240
L 1060, 3450, 0, 1080, 3390, 0, 0, 240, 240
L 1120, 3390, 0, 1120, 3450, 0, 0, 240, 240
L 1150, 3450, 0, 1150, 3390, 0, 0, 240, 240
L 1160, 3450, 0, 1140, 3450, 0, 0, 240, 240
L 1170, 3420, 0, 1160, 3450, 0, 0, 240, 240
L 1160, 3390, 0, 1170, 3420, 0, 0, 240, 240
L 1140, 3390, 0, 1160, 3390, 0, 0, 240, 240
L 1000, 3480, 0, 1000, 3510, 0, 0, 255, 0
L 1000, 3540, 0, 1040, 3540, 0, 0, 255, 0
L 1040, 3510, 0, 1000, 3510, 0, 0, 255, 0
L 1000, 3480, 0, 1040, 3480, 0, 0, 255, 0
L 1040, 3510, 0, 1040, 3540, 0, 0, 255, 0
L 1090, 3510, 0, 1060, 3510, 0, 0, 255, 0
L 1090, 3480, 0, 1090, 3510, 0, 0, 255, 0
L 1060, 3480, 0, 1090, 3480, 0, 0, 255, 0
L 1060, 3540, 0, 1060, 3480, 0, 0, 255, 0
L 1110, 3510, 0, 1140, 3510, 0, 0, 255, 0
L 1110, 3540, 0, 1140, 3540, 0, 0, 255, 0
L 1110, 3480, 0, 1110, 3540, 0, 0, 255, 0
L 1140, 3480, 0, 1110, 3480, 0, 0, 255, 0
L 1190, 3540, 0, 1160, 3540, 0, 0, 255, 0
L 1160, 3480, 0, 1190, 3480, 0, 0, 255, 0
L 1160, 3540, 0, 1160, 3480, 0, 0, 255, 0
L 1210, 3480, 0, 1210, 3540, 0, 0, 255, 0
L 1240, 3510, 0, 1260, 3510, 0, 0, 255, 0
L 1250, 3480, 0, 1270, 3540, 0, 0, 255, 0
L 1230, 3540, 0, 1250, 3480, 0, 0, 255, 0
L 1290, 3480, 0, 1290, 3540, 0, 0, 255, 0
L 1330, 3540, 0, 1290, 3540, 0, 0, 255, 0
L 1440, 3540, 0, 1410, 3540, 0, 0, 255, 0
L 1410, 3480, 0, 1440, 3480, 0, 0, 255, 0
L 1410, 3540, 0, 1410, 3480, 0, 0, 255, 0
L 1500, 3480, 0, 1500, 3540, 0, 0, 255, 0
L 1460, 3480, 0, 1460, 3540, 0, 0, 255, 0
L 1460, 3540, 0, 1500, 3540, 0, 0, 255, 0
L 1520, 3480, 0, 1520, 3510, 0, 0, 255, 0
L 1520, 3510, 0, 1520, 3540, 0, 0, 255, 0
L 1520, 3510, 0, 1540, 3510, 0, 0, 255, 0
L 1560, 3510, 0, 1560, 3480, 0, 0, 255, 0
L 1520, 3480, 0, 1560, 3480, 0, 0, 255, 0
L 1540, 3510, 0, 1560, 3510, 0, 0, 255, 0
L 1560, 3540, 0, 1540, 3510, 0, 0, 255, 0
L 1580, 3480, 0, 1580, 3510, 0, 0, 255, 0
L 1580, 3510, 0, 1580, 3540, 0, 0, 255, 0
L 1580, 3510, 0, 1600, 3510, 0, 0, 255, 0
L 1620, 3510, 0, 1620, 3480, 0, 0, 255, 0
L 1580, 3480, 0, 1620, 3480, 0, 0, 255, 0
L 1600, 3510, 0, 1620, 3510, 0, 0, 255, 0
L 1620, 3540, 0, 1600, 3510, 0, 0, 255, 0
L 1640, 3510, 0, 1670, 3510, 0, 0, 255, 0
L 1640, 3540, 0, 1670, 3540, 0, 0, 255, 0
L 1640, 3480, 0, 1640, 3540, 0, 0, 255, 0
L 1670, 3480, 0, 1640, 3480, 0, 0, 255, 0
L 1720, 3540, 0, 1720, 3480, 0, 0, 255, 0
L 1690, 3480, 0, 1720, 3540, 0, 0, 255, 0
L 1690, 3540, 0, 1690, 3480, 0, 0, 255, 0
L 1770, 3540, 0, 1740, 3540, 0, 0, 255, 0
L 1740, 3480, 0, 1770, 3480, 0, 0, 255, 0
L 1740, 3540, 0, 1740, 3480, 0, 0, 255, 0
L 1810, 3510, 0, 1810, 3540, 0, 0, 255, 0
L 1810, 3510, 0, 1830, 3480, 0, 0, 255, 0
L 1790, 3480, 0, 1810, 3510, 0, 0, 255, 0
L 1000, 3570, 0, 1000, 3600, 0, 255, 0, 0
L 1000, 3630, 0, 1040, 3630, 0, 255, 0, 0
L 1040, 3600, 0, 1000, 3600, 0, 255, 0, 0
L 1000, 3570, 0, 1040, 3570, 0, 255, 0, 0
L 1040, 3600, 0, 1040, 3630, 0, 255, 0, 0
L 1100, 3570, 0, 1100, 3630, 0, 255, 0, 0
L 1060, 3570, 0, 1060, 3630, 0, 255, 0, 0
L 1060, 3630, 0, 1100, 3630, 0, 255, 0, 0
L 1150, 3630, 0, 1120, 3630, 0, 255, 0, 0
L 1120, 3570, 0, 1150, 3570, 0, 255, 0, 0
L 1120, 3630, 0, 1120, 3570, 0, 255, 0, 0
L 1200, 3630, 0, 1170, 3630, 0, 255, 0, 0
L 1170, 3570, 0, 1200, 3570, 0, 255, 0, 0
L 1170, 3630, 0, 1170, 3570, 0, 255, 0, 0
L 1220, 3570, 0, 1250, 3570, 0, 255, 0, 0
L 1220, 3630, 0, 1250, 3630, 0, 255, 0, 0
L 1220, 3570, 0, 1220, 3630, 0, 255, 0, 0
L 1250, 3570, 0, 1250, 3630, 0, 255, 0, 0
L 1270, 3570, 0, 1270, 3600, 0, 255, 0, 0
L 1270, 3600, 0, 1270, 3630, 0, 255, 0, 0
L 1270, 3600, 0, 1290, 3600, 0, 255, 0, 0
L 1310, 3600, 0, 1310, 3570, 0, 255, 0, 0
L 1270, 3570, 0, 1310, 3570, 0, 255, 0, 0
L 1290, 3600, 0, 1310, 3600, 0, 255, 0, 0
L 1310, 3630, 0, 1290, 3600, 0, 255, 0, 0
L 1020, 3660, 0, 1020, 3720, 0, 255, 255, 0
L 1000, 3660, 0, 1040, 3660, 0, 255, 255, 0
L 1060, 3690, 0, 1090, 3690, 0, 255, 255, 0
L 1060, 3720, 0, 1090, 3720, 0, 255, 255, 0
L 1060, 3660, 0, 1060, 3720, 0, 255, 255, 0
L 1090, 3660, 0, 1060, 3660, 0, 255, 255, 0
L 1110, 3660, 0, 1110, 3720, 0, 255, 255, 0
L 1150, 3720, 0, 1110, 3720, 0, 255, 255, 0
L 1170, 3690, 0, 1200, 3690, 0, 255, 255, 0
L 1170, 3720, 0, 1200, 3720, 0, 255, 255, 0
L 1170, 3660, 0, 1170, 3720, 0, 255, 255, 0
L 1200, 3660, 0, 1170, 3660, 0, 255, 255, 0
L 1250, 3690, 0, 1220, 3690, 0, 255, 255, 0
L 1250, 3660, 0, 1250, 3690, 0, 255, 255, 0
L 1220, 3660, 0, 1250, 3660, 0, 255, 255, 0
L 1220, 3720, 0, 1220, 3660, 0, 255, 255, 0
L 1270, 3660, 0, 1300, 3660, 0, 255, 255, 0
L 1270, 3720, 0, 1300, 3720, 0, 255, 255, 0
L 1270, 3660, 0, 1270, 3720, 0, 255, 255, 0
L 1300, 3660, 0, 1300, 3720, 0, 255, 255, 0
L 1320, 3660, 0, 1320, 3690, 0, 255, 255, 0
L 1320, 3690, 0, 1320, 3720, 0, 255, 255, 0
L 1320, 3690, 0, 1340, 3690, 0, 255, 255, 0
L 1360, 3690, 0, 1360, 3660, 0, 255, 255, 0
L 1320, 3660, 0, 1360, 3660, 0, 255, 255, 0
L 1340, 3690, 0, 1360, 3690, 0, 255, 255, 0
L 1360, 3720, 0, 1340, 3690, 0, 255, 255, 0
L 1400, 3660, 0, 1400, 3720, 0, 255, 255, 0
L 1380, 3660, 0, 1420, 3660, 0, 255, 255, 0
L 1020, 3750, 0, 1020, 3810, 0, 128, 0, 128
L 1000, 3750, 0, 1040, 3750, 0, 128, 0, 128
L 1060, 3750, 0, 1060, 3780, 0, 128, 0, 128
L 1060, 3780, 0, 1060, 3810, 0, 128, 0, 128
L 1060, 3780, 0, 1080, 3780, 0, 128, 0, 128
L 1100, 3780, 0, 1100, 3750, 0, 128, 0, 128
L 1060, 3750, 0, 1100, 3750, 0, 128, 0, 128
L 1080, 3780, 0, 1100, 3780, 0, 128, 0, 128
L 1100, 3810, 0, 1080, 3780, 0, 128, 0, 128
L 1130, 3780, 0, 1150, 3780, 0, 128, 0, 128
L 1140, 3750, 0, 1160, 3810, 0, 128, 0, 128
L 1120, 3810, 0, 1140, 3750, 0, 128, 0, 128
L 1190, 3810, 0, 1190, 3750, 0, 128, 0, 128
L 1200, 3810, 0, 1180, 3810, 0, 128, 0, 128
L 1210, 3780, 0, 1200, 3810, 0, 128, 0, 128
L 1200, 3750, 0, 1210, 3780, 0, 128, 0, 128
L 1180, 3750, 0, 1200, 3750, 0, 128, 0, 128
L 1230, 3780, 0, 1260, 3780, 0, 128, 0, 128
L 1230, 3810, 0, 1260, 3810, 0, 128, 0, 128
L 1230, 3750, 0, 1230, 3810, 0, 128, 0, 128
L 1260, 3750, 0, 1230, 3750, 0, 128, 0, 128
L 1280, 3750, 0, 1280, 3780, 0, 128, 0, 128
L 1280, 3810, 0, 1320, 3810, 0, 128, 0, 128
L 1320, 3780, 0, 1280, 3780, 0, 128, 0, 128
L 1280, 3750, 0, 1320, 3750, 0, 128, 0, 128
L 1320, 3780, 0, 1320, 3810, 0, 128, 0, 128
L 1340, 3750, 0, 1340, 3780, 0, 128, 0, 128
L 1340, 3780, 0, 1340, 3810, 0, 128, 0, 128
L 1340, 3780, 0, 1380, 3810, 0, 128, 0, 128
L 1340, 3780, 0, 1380, 3750, 0, 128, 0, 128
L 1400, 3750, 0, 1400, 3810, 0, 128, 0, 128
L 1420, 3750, 0, 1420, 3810, 0, 128, 0, 128
L 1460, 3810, 0, 1420, 3810, 0, 128, 0, 128
L 1480, 3750, 0, 1480, 3810, 0, 128, 0, 128
L 1520, 3810, 0, 1480, 3810, 0, 128, 0, 128
L 1630, 3810, 0, 1600, 3810, 0, 128, 0, 128
L 1600, 3750, 0, 1630, 3750, 0, 128, 0, 128
L 1600, 3810, 0, 1600, 3750, 0, 128, 0, 128
L 1650, 3750, 0, 1680, 3750, 0, 128, 0, 128
L 1650, 3810, 0, 1680, 3810, 0, 128, 0, 128
L 1650, 3750, 0, 1650, 3810, 0, 128, 0, 128
L 1680, 3750, 0, 1680, 3810, 0, 128, 0, 128
L 1730, 3810, 0, 1730, 3750, 0, 128, 0, 128
L 1700, 3750, 0, 1730, 3810, 0, 128, 0, 128
L 1700, 3810, 0, 1700, 3750, 0, 128, 0, 128
L 1770, 3750, 0, 1770, 3810, 0, 128, 0, 128
L 1750, 3750, 0, 1790, 3750, 0, 128, 0, 128
L 1820, 3780, 0, 1840, 3780, 0, 128, 0, 128
L 1830, 3750, 0, 1850, 3810, 0, 128, 0, 128
L 1810, 3810, 0, 1830, 3750, 0, 128, 0, 128
L 1870, 3750, 0, 1870, 3810, 0, 128, 0, 128
L 1920, 3810, 0, 1920, 3750, 0, 128, 0, 128
L 1890, 3750, 0, 1920, 3810, 0, 128, 0, 128
L 1890, 3810, 0, 1890, 3750, 0, 128, 0, 128
L 1940, 3780, 0, 1970, 3780, 0, 128, 0, 128
L 1940, 3810, 0, 1970, 3810, 0, 128, 0, 128
L 1940, 3750, 0, 1940, 3810, 0, 128, 0, 128
L 1970, 3750, 0, 1940, 3750, 0, 128, 0, 128
L 1990, 3750, 0, 1990, 3780, 0, 128, 0, 128
L 1990, 3780, 0, 1990, 3810, 0, 128, 0, 128
L 1990, 3780, 0, 2010, 3780, 0, 128, 0, 128
L 2030, 3780, 0, 2030, 3750, 0, 128, 0, 128
L 1990, 3750, 0, 2030, 3750, 0, 128, 0, 128
L 2010, 3780, 0, 2030, 3780, 0, 128, 0, 128
L 2030, 3810, 0, 2010, 3780, 0, 128, 0, 128
L 1020, 3840, 0, 1020, 3900, 0, 255, 255, 0
L 1000, 3840, 0, 1040, 3840, 0, 255, 255, 0
L 1060, 3840, 0, 1060, 3870, 0, 255, 255, 0
L 1060, 3870, 0, 1060, 3900, 0, 255, 255, 0
L 1060, 3870, 0, 1080, 3870, 0, 255, 255, 0
L 1100, 3870, 0, 1100, 3840, 0, 255, 255, 0
L 1060, 3840, 0, 1100, 3840, 0, 255, 255, 0
L 1080, 3870, 0, 1100, 3870, 0, 255, 255, 0
L 1100, 3900, 0, 1080, 3870, 0, 255, 255, 0
L 1130, 3870, 0, 1150, 3870, 0, 255, 255, 0
L 1140, 3840, 0, 1160, 3900, 0, 255, 255, 0
L 1120, 3900, 0, 1140, 3840, 0, 255, 255, 0
L 1210, 3870, 0, 1180, 3870, 0, 255, 255, 0
L 1210, 3840, 0, 1210, 3870, 0, 255, 255, 0
L 1180, 3840, 0, 1210, 3840, 0, 255, 255, 0
L 1180, 3900, 0, 1180, 3840, 0, 255, 255, 0
L 1030, 3930, 0, 1000, 3930, 0, 255, 0, 0
L 1000, 3990, 0, 1030, 3930, 0, 255, 0, 0
L 1000, 3990, 0, 1030, 3990, 0, 255, 0, 0
L 1050, 3930, 0, 1080, 3930, 0, 255, 0, 0
L 1050, 3990, 0, 1080, 3990, 0, 255, 0, 0
L 1050, 3930, 0, 1050, 3990, 0, 255, 0, 0
L 1080, 3930, 0, 1080, 3990, 0, 255, 0, 0
L 1130, 3990, 0, 1130, 3930, 0, 255, 0, 0
L 1100, 3930, 0, 1130, 3990, 0, 255, 0, 0
L 1100, 3990, 0, 1100, 3930, 0, 255, 0, 0
L 1150, 3960, 0, 1180, 3960, 0, 255, 0, 0
L 1150, 3990, 0, 1180, 3990, 0, 255, 0, 0
L 1150, 3930, 0, 1150, 3990, 0, 255, 0, 0
L 1180, 3930, 0, 1150, 3930, 0, 255, 0, 0
P 0, 2000, 0, 0, 0, 0, 2, Revised_Map:_Brewall_Rainsinger_(Cazic-Thule)
P 0, 2200, 0, 0, 0, 0, 2, http://www.eqmaps.info
P 0, 2400, 0, 0, 0, 0, 2, Return_of_the_Exiled_(www.roteguild.org)
P 0, 2600, 0, 127, 64, 0, 2, Algot_the_Deathshaper_PH=a_heretic_death_dabbler
P 0, 2800, 0, 127, 64, 0, 2, Brutus_PH=a_ravenous_dock_rat
P 0, 3000, 0, 127, 64, 0, 2, Damar_the_Overseer_PH=a_heretic_ravager
P 0, 3200, 0, 127, 64, 0, 2, Femurstack_PH=a_bone_golem_terrorizer/golem_horror/a_bone_golem_tormentor
P 0, 3400, 0, 127, 64, 0, 2, Garnak_Pryphan_PH=a_heretic_brute/heretic_fell_warden
P 0, 3600, 0, 127, 64, 0, 2, Handar_Prentius_PH=a_Terris_Thule_apostle
P 0, 3800, 0, 127, 64, 0, 2, Kanah_the_Heartslicer_PH=a_heretic_brute
P 0, 4000, 0, 127, 64, 0, 2, Maggotscalp_PH=a_skeleton_sentry
P 0, 4200, 0, 127, 64, 0, 2, The_Tome-Eater_PH=a_burning_tome_whirlwind
P 0, 4400, 0, 127, 64, 0, 2, Vindel_the_Ripper_PH=a_Terris_Thule_apostle
