P 100, 1600, 0, 0, 0, 0, 2, Revised_Map:_Brewall_Rainsinger_(Cazic-Thule)
P 100, 1800, 0, 0, 0, 0, 2, www.eqmaps.info
P 100, 2000, 0, 0, 0, 0, 2, Return_of_the_Exiled_(www.roteguild.org)
L -344, -741, 203, -344, -788, 203, 0, 153, 153
L -344, -865, 203, -464, -865, 203, 0, 153, 153
L -1387, 822, 0, -1387, 75, 0, 0, 0, 0
L -1387, -1396, 0, 1426, -1396, 0, 0, 0, 0
L 1426, -1396, 0, 1426, 1393, 0, 0, 0, 0
L 1426, 1393, 0, -1387, 1393, 0, 0, 0, 0
L -1387, 75, 0, -1387, -1396, 0, 0, 0, 0
L -1387, 1393, 0, -1387, 75, 0, 0, 0, 0
L -1338, 86, 0, -1312, 153, 0, 0, 0, 0
L -1312, 153, 0, -1226, 119, 0, 0, 0, 0
L -1226, 119, 0, -1241, 79, 0, 0, 0, 0
L -1241, 79, 0, -1246, 80, 0, 0, 0, 0
L -1246, 80, 0, -1232, 117, 0, 0, 0, 0
L -1232, 117, 0, -1309, 147, 0, 0, 0, 0
L -1309, 147, 0, -1332, 89, 0, 0, 0, 0
L -1332, 89, 0, -1255, 58, 0, 0, 0, 0
L -1255, 58, 0, -1252, 64, 0, 0, 0, 0
L -1252, 64, 0, -1248, 60, 0, 0, 0, 0
L -1248, 60, 0, -1253, 52, 0, 0, 0, 0
L -1253, 52, 0, -1338, 87, 0, 0, 0, 0
L -1150, 44, 2, -1179, 55, 0, 0, 0, 0
L -1179, 55, 0, -1186, 59, 0, 0, 0, 0
L -1186, 59, 0, -1189, 52, 0, 0, 0, 0
L -1189, 52, 0, -1181, 49, 0, 0, 0, 0
L -1181, 49, 0, -1152, 38, 0, 0, 0, 0
L -1152, 38, 0, -1145, 34, 0, 0, 0, 0
L -1145, 34, 0, -1142, 43, 1, 0, 0, 0
L -1142, 43, 1, -1131, 72, 1, 0, 0, 0
L -1131, 72, 1, -1127, 79, 1, 0, 0, 0
L -1127, 79, 1, -1135, 82, 1, 0, 0, 0
L -1135, 82, 1, -1165, 93, 0, 0, 0, 0
L -1165, 93, 0, -1172, 97, 0, 0, 0, 0
L -1172, 97, 0, -1175, 88, 0, 0, 0, 0
L -1175, 88, 0, -1167, 87, 0, 0, 0, 0
L -1167, 87, 0, -1137, 76, 1, 0, 0, 0
L -1137, 76, 1, -1150, 44, 0, 0, 0, 0
L -1170, 64, 2, -1166, 75, 0, 0, 0, 0
L -1166, 75, 0, -1146, 68, 0, 0, 0, 0
L -1146, 68, 0, -1150, 57, 0, 0, 0, 0
L -1150, 57, 0, -1170, 64, 0, 0, 0, 0
L -722, -550, 0, -642, -479, 0, 255, 0, 0
L -642, -479, 0, -610, -466, 0, 255, 0, 0
L -610, -466, 0, -565, -442, 0, 255, 0, 0
L -565, -442, 0, -452, -406, 0, 255, 0, 0
L -452, -406, 0, -333, -409, 0, 255, 0, 0
L -333, -409, 0, -272, -431, 0, 255, 0, 0
L -272, -431, 0, -232, -441, 0, 255, 0, 0
L -232, -441, 0, -162, -488, 0, 255, 0, 0
L -162, -488, 0, -151, -499, 0, 255, 0, 0
L -151, -499, 0, -119, -533, 0, 255, 0, 0
L -119, -533, 0, -78, -578, 0, 255, 0, 0
L -78, -578, 0, -60, -613, 0, 255, 0, 0
L -60, -613, 0, -44, -639, 0, 255, 0, 0
L -44, -639, 0, -33, -665, 0, 255, 0, 0
L -33, -665, 0, -22, -734, 0, 255, 0, 0
L -22, -734, 0, -16, -752, 0, 255, 0, 0
L -16, -752, 0, -10, -817, 0, 255, 0, 0
L -10, -817, 0, -12, -868, 0, 255, 0, 0
L -12, -868, 0, -16, -885, 0, 255, 0, 0
L -16, -885, 0, -22, -903, 0, 255, 0, 0
L -22, -903, 0, -34, -947, 0, 255, 0, 0
L -34, -947, 0, -45, -983, 0, 255, 0, 0
L -45, -983, 0, -52, -996, 0, 255, 0, 0
L -52, -996, 0, -103, -1069, 0, 255, 0, 0
L -103, -1069, 0, -138, -1104, 0, 255, 0, 0
L -138, -1104, 0, -141, -1106, 0, 255, 0, 0
L -141, -1106, 0, -173, -1132, 0, 255, 0, 0
L -173, -1132, 0, -182, -1139, 0, 255, 0, 0
L -182, -1139, 0, -195, -1148, 0, 255, 0, 0
L -195, -1148, 0, -272, -1186, 0, 255, 0, 0
L -272, -1186, 0, -284, -1189, 0, 255, 0, 0
L -284, -1189, 0, -304, -1193, 0, 255, 0, 0
L -304, -1193, 0, -363, -1207, 0, 255, 0, 0
L -363, -1207, 0, -399, -1215, 0, 255, 0, 0
L -399, -1215, 0, -422, -1212, 0, 255, 0, 0
L -422, -1212, 0, -470, -1208, 0, 255, 0, 0
L -470, -1208, 0, -486, -1205, 0, 255, 0, 0
L -486, -1205, 0, -493, -1204, 0, 255, 0, 0
L -493, -1204, 0, -589, -1171, 0, 255, 0, 0
L -589, -1171, 0, -594, -1168, 0, 255, 0, 0
L -594, -1168, 0, -633, -1141, 0, 255, 0, 0
L -633, -1141, 0, -682, -1112, 0, 255, 0, 0
L -682, -1112, 0, -701, -1090, 0, 255, 0, 0
L -701, -1090, 0, -737, -1047, 0, 255, 0, 0
L -737, -1047, 0, -739, -1044, 0, 255, 0, 0
L -739, -1044, 0, -745, -1037, 0, 255, 0, 0
L -745, -1037, 0, -762, -1003, 0, 255, 0, 0
L -762, -1003, 0, -791, -949, 0, 255, 0, 0
L -791, -949, 0, -801, -910, 0, 255, 0, 0
L -801, -910, 0, -814, -850, 0, 255, 0, 0
L -814, -850, 0, -816, -836, 0, 255, 0, 0
L -816, -836, 0, -816, -832, 0, 255, 0, 0
L -816, -832, 0, -812, -746, 0, 255, 0, 0
L -812, -746, 0, -811, -738, 0, 255, 0, 0
L -811, -738, 0, -807, -722, 0, 255, 0, 0
L -807, -722, 0, -795, -682, 0, 255, 0, 0
L -795, -682, 0, -742, -576, 0, 255, 0, 0
L -742, -576, 0, -734, -565, 0, 255, 0, 0
L -734, -565, 0, -722, -550, 0, 255, 0, 0
L -699, -577, 0, -743, -644, 0, 255, 0, 0
L -743, -644, 0, -745, -649, 0, 255, 0, 0
L -745, -649, 0, -755, -673, 0, 255, 0, 0
L -755, -673, 0, -767, -719, 0, 255, 0, 0
L -767, -719, 0, -781, -820, 0, 255, 0, 0
L -781, -820, 0, -783, -844, 0, 255, 0, 0
L -783, -844, 0, -773, -900, 0, 255, 0, 0
L -773, -900, 0, -755, -935, 0, 255, 0, 0
L -755, -935, 0, -732, -984, 0, 255, 0, 0
L -732, -984, 0, -722, -1004, 0, 255, 0, 0
L -722, -1004, 0, -711, -1019, 0, 255, 0, 0
L -711, -1019, 0, -673, -1064, 0, 255, 0, 0
L -673, -1064, 0, -649, -1084, 0, 255, 0, 0
L -649, -1084, 0, -591, -1126, 0, 255, 0, 0
L -591, -1126, 0, -550, -1148, 0, 255, 0, 0
L -550, -1148, 0, -504, -1163, 0, 255, 0, 0
L -504, -1163, 0, -457, -1175, 0, 255, 0, 0
L -457, -1175, 0, -421, -1175, 0, 255, 0, 0
L -421, -1175, 0, -388, -1177, 0, 255, 0, 0
L -388, -1177, 0, -347, -1171, 0, 255, 0, 0
L -347, -1171, 0, -298, -1156, 0, 255, 0, 0
L -298, -1156, 0, -219, -1118, 0, 255, 0, 0
L -219, -1118, 0, -186, -1099, 0, 255, 0, 0
L -186, -1099, 0, -122, -1031, 0, 255, 0, 0
L -122, -1031, 0, -105, -1007, 0, 255, 0, 0
L -105, -1007, 0, -83, -972, 0, 255, 0, 0
L -83, -972, 0, -79, -963, 0, 255, 0, 0
L -79, -963, 0, -69, -923, 0, 255, 0, 0
L -69, -923, 0, -56, -874, 0, 255, 0, 0
L -56, -874, 0, -47, -835, 0, 255, 0, 0
L -47, -835, 0, -46, -812, 0, 255, 0, 0
L -46, -812, 0, -47, -796, 0, 255, 0, 0
L -47, -796, 0, -48, -752, 0, 255, 0, 0
L -48, -752, 0, -55, -720, 0, 255, 0, 0
L -55, -720, 0, -75, -661, 0, 255, 0, 0
L -75, -661, 0, -82, -646, 0, 255, 0, 0
L -82, -646, 0, -90, -633, 0, 255, 0, 0
L -90, -633, 0, -131, -575, 0, 255, 0, 0
L -131, -575, 0, -154, -549, 0, 255, 0, 0
L -154, -549, 0, -170, -532, 0, 255, 0, 0
L -170, -532, 0, -176, -526, 0, 255, 0, 0
L -176, -526, 0, -195, -512, 0, 255, 0, 0
L -195, -512, 0, -239, -484, 0, 255, 0, 0
L -239, -484, 0, -258, -473, 0, 255, 0, 0
L -258, -473, 0, -340, -452, 0, 255, 0, 0
L -340, -452, 0, -428, -440, 0, 255, 0, 0
L -428, -440, 0, -441, -439, 0, 255, 0, 0
L -441, -439, 0, -481, -448, 0, 255, 0, 0
L -481, -448, 0, -509, -455, 0, 255, 0, 0
L -509, -455, 0, -525, -458, 0, 255, 0, 0
L -525, -458, 0, -590, -489, 0, 255, 0, 0
L -590, -489, 0, -612, -497, 0, 255, 0, 0
L -612, -497, 0, -648, -526, 0, 255, 0, 0
L -648, -526, 0, -691, -566, 0, 255, 0, 0
L -691, -566, 0, -745, -649, 0, 255, 0, 0
L -563, -960, 0, -562, -657, 0, 150, 150, 150
L -562, -657, 0, -253, -659, 0, 150, 150, 150
L -253, -659, 0, -269, -710, 0, 150, 150, 150
L -269, -710, 0, -269, -727, 0, 150, 150, 150
L -269, -727, 0, -260, -757, 0, 150, 150, 150
L -260, -757, 0, -259, -769, 0, 150, 150, 150
L -259, -769, 0, -263, -786, 0, 150, 150, 150
L -269, -828, 0, -259, -860, 0, 150, 150, 150
L -259, -860, 0, -263, -917, 0, 150, 150, 150
L -251, -961, 0, -563, -960, 0, 150, 150, 150
L -183, -693, 0, -148, -693, 0, 0, 0, 0
L -243, -1049, 0, -243, -1084, 0, 0, 0, 0
L -627, -1061, 0, -663, -1061, 0, 0, 0, 0
L -663, -1061, 0, -663, -1026, 0, 0, 0, 0
L 353, -179, 0, 333, -179, 0, 0, 0, 0
L 333, -179, 0, 332, -242, 0, 0, 0, 0
L 332, -242, 0, 395, -242, 0, 0, 0, 0
L 395, -242, 0, 395, -178, 0, 0, 0, 0
L 395, -178, 0, 375, -179, 0, 0, 0, 0
L 375, -167, 0, 353, -169, 0, 0, 0, 0
L 353, -169, 0, 353, -189, 0, 0, 0, 0
L 356, -219, 0, 360, -226, 0, 0, 0, 0
L 360, -226, 0, 368, -226, 0, 0, 0, 0
L 368, -226, 0, 372, -219, 0, 0, 0, 0
L 372, -219, 0, 368, -212, 0, 0, 0, 0
L 368, -212, 0, 366, -209, 0, 0, 0, 0
L 366, -209, 0, 370, -207, 0, 0, 0, 0
L 370, -207, 0, 377, -219, 0, 0, 0, 0
L 377, -219, 0, 370, -231, 0, 0, 0, 0
L 370, -231, 0, 356, -230, 0, 0, 0, 0
L 356, -230, 0, 350, -219, 0, 0, 0, 0
L 350, -219, 0, 357, -208, 0, 0, 0, 0
L 357, -208, 0, 361, -207, 0, 0, 0, 0
L 361, -207, 0, 360, -212, 0, 0, 0, 0
L 360, -212, 0, 356, -219, 0, 0, 0, 0
L 353, -189, 0, 343, -189, 0, 0, 0, 0
L 343, -189, 0, 343, -231, 0, 0, 0, 0
L 343, -231, 0, 385, -231, 0, 0, 0, 0
L 385, -231, 0, 385, -188, 0, 0, 0, 0
L 385, -188, 0, 375, -189, 0, 0, 0, 0
L 375, -189, 0, 375, -167, 0, 0, 0, 0
L 822, -307, 0, 774, -347, 0, 0, 0, 0
L 774, -347, 0, 709, -268, 0, 0, 0, 0
L 709, -268, 0, 787, -203, 0, 0, 0, 0
L 787, -203, 0, 832, -256, 0, 0, 0, 0
L 832, -256, 0, 813, -269, 0, 0, 0, 0
L 813, -269, 0, 784, -235, 0, 0, 0, 0
L 784, -235, 0, 741, -271, 0, 0, 0, 0
L 741, -271, 0, 777, -315, 0, 0, 0, 0
L 777, -315, 0, 810, -290, 0, 0, 0, 0
L 809, -263, 0, 895, -365, 0, 0, 0, 0
L 895, -365, 0, 915, -402, 0, 0, 0, 0
L 915, -402, 0, 926, -451, 0, 0, 0, 0
L 926, -451, 0, 971, -471, 0, 0, 0, 0
L 971, -471, 0, 1007, -498, 0, 0, 0, 0
L 1007, -498, 0, 1093, -600, 0, 0, 0, 0
L 1088, -552, 0, 1143, -504, 0, 0, 0, 0
L 1143, -504, 0, 1210, -582, 0, 0, 0, 0
L 1210, -582, 0, 1131, -648, 0, 0, 0, 0
L 1131, -648, 0, 1085, -594, 0, 0, 0, 0
L 1085, -594, 0, 1105, -581, 0, 0, 0, 0
L 1105, -581, 0, 1134, -616, 0, 0, 0, 0
L 1134, -616, 0, 1178, -579, 0, 0, 0, 0
L 1178, -579, 0, 1141, -536, 0, 0, 0, 0
L 1141, -536, 0, 1103, -566, 0, 0, 0, 0
L 1108, -587, 0, 1023, -487, 0, 0, 0, 0
L 1023, -487, 0, 1002, -446, 0, 0, 0, 0
L 1002, -446, 0, 992, -398, 0, 0, 0, 0
L 992, -398, 0, 947, -380, 0, 0, 0, 0
L 947, -380, 0, 910, -353, 0, 0, 0, 0
L 910, -353, 0, 824, -249, 0, 0, 0, 0
L 950, -410, 0, 964, -407, 0, 0, 255, 0
L 964, -407, 0, 975, -420, 0, 0, 255, 0
L 975, -420, 0, 970, -434, 0, 0, 255, 0
L 970, -434, 0, 953, -436, 0, 0, 255, 0
L 953, -436, 0, 944, -425, 0, 0, 255, 0
L 944, -425, 0, 949, -411, 0, 0, 255, 0
L 949, -411, 0, 964, -407, 0, 0, 255, 0
L 1060, 300, 0, 1142, 308, 0, 0, 0, 0
L 1142, 308, 0, 1137, 370, 0, 0, 0, 0
L 1137, 370, 0, 1054, 363, 0, 0, 0, 0
L 1054, 363, 0, 1054, 358, 0, 0, 0, 0
L 1054, 358, 0, 1050, 358, 0, 0, 0, 0
L 1050, 358, 0, 1050, 368, 0, 0, 0, 0
L 1050, 368, 0, 1140, 376, 0, 0, 0, 0
L 1140, 376, 0, 1147, 303, 0, 0, 0, 0
L 1147, 303, 0, 1056, 295, 0, 0, 0, 0
L 1056, 295, 0, 1052, 340, 0, 0, 0, 0
L 1052, 340, 0, 1056, 339, 0, 0, 0, 0
L 1056, 339, 0, 1060, 300, 0, 0, 0, 0
L -379, 1011, 0, -461, 1009, 0, 0, 0, 0
L -461, 1009, 0, -460, 946, 0, 0, 0, 0
L -460, 946, 0, -377, 948, 0, 0, 0, 0
L -377, 948, 0, -377, 954, 0, 0, 0, 0
L -377, 954, 0, -372, 953, 0, 0, 0, 0
L -372, 953, 0, -372, 944, 0, 0, 0, 0
L -372, 944, 0, -464, 941, 0, 0, 0, 0
L -464, 941, 0, -466, 1014, 0, 0, 0, 0
L -466, 1014, 0, -374, 1016, 0, 0, 0, 0
L -374, 1016, 0, -372, 973, 0, 0, 0, 0
L -372, 973, 0, -376, 971, 0, 0, 0, 0
L -376, 971, 0, -379, 1011, 0, 0, 0, 0
L 390, 645, 0, 390, 676, 0, 150, 150, 150
L 390, 676, 0, 308, 675, 0, 150, 150, 150
L 308, 675, 0, 309, 593, 0, 150, 150, 150
L 309, 593, 0, 390, 593, 0, 150, 150, 150
L 390, 593, 0, 388, 623, 0, 150, 150, 150
L 388, 623, 0, 392, 624, 0, 150, 150, 150
L 392, 624, 0, 392, 647, 0, 150, 150, 150
L 392, 647, 0, 389, 646, 0, 150, 150, 150
L 389, 646, 0, 381, 646, 0, 150, 150, 150
L 381, 646, 0, 381, 665, 0, 150, 150, 150
L 381, 665, 0, 318, 666, 0, 150, 150, 150
L 318, 666, 0, 318, 604, 0, 150, 150, 150
L 318, 604, 0, 380, 603, 0, 150, 150, 150
L 380, 603, 0, 381, 623, 0, 150, 150, 150
L 381, 623, 0, 371, 623, 0, 150, 150, 150
L 371, 623, 0, 391, 624, 0, 150, 150, 150
L 371, 623, 0, 370, 613, 0, 150, 150, 150
L 370, 613, 0, 329, 613, 0, 150, 150, 150
L 329, 613, 0, 328, 656, 0, 150, 150, 150
L 328, 656, 0, 370, 656, 0, 150, 150, 150
L 370, 656, 0, 371, 646, 0, 150, 150, 150
L 371, 646, 0, 379, 645, 0, 150, 150, 150
L 341, 623, 0, 347, 623, 0, 150, 150, 150
L 347, 623, 0, 351, 632, 0, 150, 150, 150
L 351, 632, 0, 350, 619, 0, 150, 150, 150
L 350, 619, 0, 338, 619, 0, 150, 150, 150
L 338, 619, 0, 337, 649, 0, 150, 150, 150
L 337, 649, 0, 351, 648, 0, 150, 150, 150
L 351, 648, 0, 351, 637, 0, 150, 150, 150
L 351, 637, 0, 348, 636, 0, 150, 150, 150
L 348, 636, 0, 347, 645, 0, 150, 150, 150
L 347, 645, 0, 341, 645, 0, 150, 150, 150
L 341, 645, 0, 341, 623, 0, 150, 150, 150
L 1190, 582, 0, 1189, 589, 0, 150, 150, 150
L 1189, 589, 0, 1148, 589, 0, 150, 150, 150
L 1148, 589, 0, 1149, 691, 0, 150, 150, 150
L 1149, 691, 0, 1251, 692, 0, 150, 150, 150
L 1251, 692, 0, 1251, 590, 0, 150, 150, 150
L 1251, 590, 0, 1211, 589, 0, 150, 150, 150
L 1211, 589, 0, 1209, 581, 0, 150, 150, 150
L 1209, 581, 0, 1211, 609, 0, 150, 150, 150
L 1211, 609, 0, 1231, 609, 0, 150, 150, 150
L 1231, 609, 0, 1231, 672, 0, 150, 150, 150
L 1231, 672, 0, 1168, 671, 0, 150, 150, 150
L 1168, 671, 0, 1169, 609, 0, 150, 150, 150
L 1169, 609, 0, 1189, 609, 0, 150, 150, 150
L 1189, 589, 0, 1189, 599, 0, 150, 150, 150
L 1189, 599, 0, 1158, 599, 0, 150, 150, 150
L 1158, 599, 0, 1159, 682, 0, 150, 150, 150
L 1159, 682, 0, 1241, 682, 0, 150, 150, 150
L 1241, 682, 0, 1241, 600, 0, 150, 150, 150
L 1241, 600, 0, 1211, 599, 0, 150, 150, 150
L 1211, 599, 0, 1211, 619, 0, 150, 150, 150
L 1211, 619, 0, 1222, 619, 0, 150, 150, 150
L 1222, 619, 0, 1221, 662, 0, 150, 150, 150
L 1221, 662, 0, 1179, 662, 0, 150, 150, 150
L 1179, 662, 0, 1179, 619, 0, 150, 150, 150
L 1179, 619, 0, 1189, 619, 0, 150, 150, 150
L 1189, 619, 0, 1189, 589, 0, 150, 150, 150
L 1211, 649, 0, 1189, 649, 0, 150, 150, 150
L 1189, 649, 0, 1189, 643, 0, 150, 150, 150
L 1189, 643, 0, 1197, 643, 0, 150, 150, 150
L 1197, 643, 0, 1198, 639, 0, 150, 150, 150
L 1198, 639, 0, 1186, 639, 0, 150, 150, 150
L 1186, 639, 0, 1185, 653, 0, 150, 150, 150
L 1185, 653, 0, 1214, 653, 0, 150, 150, 150
L 1214, 653, 0, 1214, 640, 0, 150, 150, 150
L 1214, 640, 0, 1201, 639, 0, 150, 150, 150
L 1201, 639, 0, 1201, 642, 0, 150, 150, 150
L 1201, 642, 0, 1211, 643, 0, 150, 150, 150
L 1211, 643, 0, 1211, 649, 0, 150, 150, 150
L -665, 13, 0, -583, 14, 0, 0, 0, 0
L -583, 14, 0, -583, -87, 0, 0, 0, 0
L -583, -87, 0, -687, -86, 0, 0, 0, 0
L -687, -86, 0, -686, -26, 0, 0, 0, 0
L -686, -26, 0, -683, -24, 0, 0, 0, 0
L -663, -24, 0, -663, -62, 0, 0, 0, 0
L -663, -62, 0, -606, -64, 0, 0, 0, 0
L -606, -64, 0, -606, -7, 0, 0, 0, 0
L -606, -7, 0, -665, -6, 0, 0, 0, 0
L -766, 372, 0, -766, 474, 0, 0, 0, 0
L -766, 474, 0, -664, 474, 0, 0, 0, 0
L -686, 409, 0, -686, 452, 0, 0, 0, 0
L -686, 452, 0, -743, 452, 0, 0, 0, 0
L -743, 452, 0, -743, 395, 0, 0, 0, 0
L -684, 283, 0, -694, 238, 0, 0, 0, 0
L -694, 238, 0, -717, 194, 0, 0, 0, 0
L -717, 194, 0, -695, 151, 0, 0, 0, 0
L -695, 151, 0, -685, 106, 0, 0, 0, 0
L -685, 106, 0, -683, -24, 0, 0, 0, 0
L -665, 106, 0, -655, 150, 0, 0, 0, 0
L -655, 150, 0, -632, 194, 0, 0, 0, 0
L -632, 194, 0, -655, 235, 0, 0, 0, 0
L -655, 235, 0, -665, 281, 0, 0, 0, 0
L -675, 209, 0, -662, 202, 0, 0, 255, 0
L -662, 202, 0, -662, 185, 0, 0, 255, 0
L -662, 185, 0, -674, 178, 0, 0, 255, 0
L -674, 178, 0, -688, 185, 0, 0, 255, 0
L -688, 185, 0, -688, 202, 0, 0, 255, 0
L -688, 202, 0, -676, 209, 0, 0, 255, 0
L 140, -301, 12, 164, -328, 15, 0, 0, 0
L 164, -328, 15, 153, -364, 13, 0, 0, 0
L 153, -364, 13, 117, -371, 15, 0, 0, 0
L 117, -371, 15, 96, -345, 17, 0, 0, 0
L 96, -345, 17, 104, -309, 15, 0, 0, 0
L 104, -309, 15, 140, -301, 12, 0, 0, 0
L 473, -967, 11, 453, -970, 17, 0, 0, 0
L 453, -970, 17, 449, -949, 14, 0, 0, 0
L 449, -949, 14, 469, -946, 10, 0, 0, 0
L 469, -946, 10, 473, -967, 11, 0, 0, 0
L 694, -1315, 7, 710, -1329, 12, 0, 0, 0
L 710, -1329, 12, 697, -1345, 15, 0, 0, 0
L 697, -1345, 15, 680, -1332, 11, 0, 0, 0
L 680, -1332, 11, 694, -1315, 7, 0, 0, 0
L 862, -1003, 77, 861, -966, 75, 0, 0, 0
L 861, -966, 75, 897, -966, 87, 0, 0, 0
L 897, -966, 87, 898, -1002, 88, 0, 0, 0
L 898, -1002, 88, 862, -1003, 77, 0, 0, 0
L 737, -393, 2, 692, -391, 1, 0, 0, 0
L 692, -391, 1, 687, -386, 2, 0, 0, 0
L 687, -386, 2, 695, -376, 1, 0, 0, 0
L 695, -376, 1, 699, -369, 0, 0, 0, 0
L 699, -369, 0, 710, -333, -1, 0, 0, 0
L 710, -333, -1, 727, -336, 0, 0, 0, 0
L 727, -336, 0, 730, -371, 0, 0, 0, 0
L 730, -371, 0, 737, -393, 2, 0, 0, 0
L 737, -393, 2, 733, -395, 2, 0, 0, 0
L 756, -489, 26, 804, -465, 29, 0, 0, 0
L 804, -465, 29, 829, -514, 31, 0, 0, 0
L 829, -514, 31, 779, -538, 29, 0, 0, 0
L 779, -538, 29, 756, -489, 26, 0, 0, 0
L 675, 318, 0, 631, 279, 2, 0, 0, 0
L 631, 279, 2, 614, 300, 6, 0, 0, 0
L 614, 300, 6, 656, 338, 0, 0, 0, 0
L 656, 338, 0, 675, 318, 0, 0, 0, 0
L 615, 476, 0, 610, 467, 0, 0, 0, 0
L 610, 467, 0, 595, 475, 0, 0, 0, 0
L 595, 475, 0, 601, 482, 0, 0, 0, 0
L 601, 482, 0, 615, 476, 0, 0, 0, 0
L 615, 476, 0, 611, 468, 0, 0, 0, 0
L 614, 432, 0, 620, 425, 0, 0, 0, 0
L 620, 425, 0, 611, 417, 0, 0, 0, 0
L 611, 417, 0, 604, 424, 0, 0, 0, 0
L 604, 424, 0, 614, 432, 0, 0, 0, 0
L 590, 453, 0, 584, 459, 0, 0, 0, 0
L 584, 459, 0, 590, 465, 0, 0, 0, 0
L 590, 465, 0, 597, 459, 0, 0, 0, 0
L 597, 459, 0, 590, 453, 0, 0, 0, 0
L 611, 418, 26, 615, 451, 29, 0, 0, 0
L 615, 451, 29, 614, 463, 31, 0, 0, 0
L 614, 463, 31, 612, 470, 31, 0, 0, 0
L 612, 470, 31, 606, 477, 32, 0, 0, 0
L 606, 477, 32, 597, 478, 33, 0, 0, 0
L 597, 478, 33, 589, 465, 31, 0, 0, 0
L 589, 465, 31, 588, 454, 30, 0, 0, 0
L 588, 454, 30, 592, 442, 29, 0, 0, 0
L 592, 442, 29, 607, 421, 27, 0, 0, 0
L 607, 421, 27, 611, 418, 26, 0, 0, 0
L -281, 1241, -13, -281, 1281, -13, 0, 0, 0
L -281, 1281, -13, -240, 1282, -15, 0, 0, 0
L -240, 1282, -15, -240, 1241, -18, 0, 0, 0
L -240, 1241, -18, -256, 1241, -19, 0, 0, 0
L -256, 1241, -19, -256, 1234, -18, 0, 0, 0
L -256, 1234, -18, -234, 1234, -17, 0, 0, 0
L -234, 1234, -17, -235, 1289, -14, 0, 0, 0
L -235, 1289, -14, -288, 1287, -12, 0, 0, 0
L -288, 1287, -12, -287, 1234, -15, 0, 0, 0
L -287, 1234, -15, -266, 1235, -17, 0, 0, 0
L -266, 1235, -17, -266, 1240, -18, 0, 0, 0
L -266, 1240, -18, -281, 1241, -16, 0, 0, 0
L -633, 1376, -2, -601, 1376, -5, 0, 0, 0
L -601, 1376, -5, -601, 1343, -7, 0, 0, 0
L -601, 1343, -7, -614, 1343, -6, 0, 0, 0
L -614, 1343, -6, -615, 1340, -5, 0, 0, 0
L -615, 1340, -5, -596, 1340, -8, 0, 0, 0
L -596, 1340, -8, -597, 1380, -5, 0, 0, 0
L -597, 1380, -5, -637, 1380, -1, 0, 0, 0
L -637, 1380, -1, -638, 1339, -3, 0, 0, 0
L -638, 1339, -3, -620, 1339, -5, 0, 0, 0
L -620, 1339, -5, -621, 1343, -5, 0, 0, 0
L -621, 1343, -5, -633, 1343, -4, 0, 0, 0
L -633, 1343, -4, -633, 1376, -2, 0, 0, 0
L -698, 573, 19, -691, 566, 19, 0, 0, 0
L -691, 566, 19, -704, 556, 20, 0, 0, 0
L -704, 556, 20, -709, 563, 19, 0, 0, 0
L -709, 563, 19, -698, 573, 19, 0, 0, 0
L -658, 553, 17, -649, 553, 17, 0, 0, 0
L -649, 553, 17, -647, 545, 17, 0, 0, 0
L -647, 545, 17, -655, 540, 18, 0, 0, 0
L -655, 540, 18, -658, 553, 17, 0, 0, 0
L -688, 541, 21, -697, 539, 22, 0, 0, 0
L -697, 539, 22, -699, 547, 22, 0, 0, 0
L -699, 547, 22, -690, 550, 21, 0, 0, 0
L -690, 550, 21, -688, 541, 21, 0, 0, 0
L -398, 704, 104, -398, 741, 107, 0, 0, 0
L -398, 741, 107, -362, 741, 106, 0, 0, 0
L -362, 741, 106, -361, 705, 101, 0, 0, 0
L -361, 705, 101, -398, 704, 104, 0, 0, 0
L -27, 724, 22, 30, 724, 23, 0, 0, 0
L 30, 724, 23, 31, 665, 23, 0, 0, 0
L 31, 665, 23, -26, 665, 27, 0, 0, 0
L -26, 665, 27, -27, 724, 22, 0, 0, 0
L -375, 472, 2, -382, 466, 2, 0, 0, 0
L -382, 466, 2, -393, 479, 1, 0, 0, 0
L -393, 479, 1, -386, 484, 1, 0, 0, 0
L -386, 484, 1, -375, 472, 2, 0, 0, 0
L -386, 426, 6, -392, 417, 8, 0, 0, 0
L -392, 417, 8, -408, 425, 4, 0, 0, 0
L -408, 425, 4, -403, 435, 3, 0, 0, 0
L -403, 435, 3, -386, 426, 6, 0, 0, 0
L -415, 446, 1, -415, 454, 1, 0, 0, 0
L -415, 454, 1, -405, 454, 2, 0, 0, 0
L -405, 454, 2, -406, 445, 2, 0, 0, 0
L -406, 445, 2, -415, 446, 1, 0, 0, 0
L -458, 234, -1, -454, 226, -1, 0, 0, 0
L -454, 226, -1, -470, 219, -2, 0, 0, 0
L -470, 219, -2, -473, 228, -3, 0, 0, 0
L -473, 228, -3, -458, 234, -1, 0, 0, 0
L -428, 203, -2, -419, 202, -3, 0, 0, 0
L -419, 202, -3, -419, 191, -4, 0, 0, 0
L -419, 191, -4, -429, 191, -3, 0, 0, 0
L -429, 191, -3, -428, 203, -2, 0, 0, 0
L -462, 199, -2, -469, 201, -2, 0, 0, 0
L -469, 201, -2, -469, 210, -2, 0, 0, 0
L -469, 210, -2, -460, 209, -2, 0, 0, 0
L -460, 209, -2, -462, 199, -2, 0, 0, 0
L -304, 128, -4, -288, 118, -2, 0, 0, 0
L -288, 118, -2, -298, 101, -1, 0, 0, 0
L -298, 101, -1, -314, 112, -3, 0, 0, 0
L -314, 112, -3, -304, 128, -4, 0, 0, 0
L -284, 135, -3, -279, 144, -3, 0, 0, 0
L -279, 144, -3, -275, 142, -3, 0, 0, 0
L -275, 142, -3, -285, 159, -4, 0, 0, 0
L -285, 159, -4, -277, 165, -3, 0, 0, 0
L -277, 165, -3, -262, 142, -2, 0, 0, 0
L -262, 142, -2, -270, 136, -2, 0, 0, 0
L -270, 136, -2, -276, 130, -2, 0, 0, 0
L -276, 130, -2, -284, 135, -3, 0, 0, 0
L -283, 147, -3, -292, 153, -4, 0, 0, 0
L -292, 153, -4, -298, 145, -5, 0, 0, 0
L -298, 145, -5, -289, 138, -3, 0, 0, 0
L -289, 138, -3, -283, 147, -3, 0, 0, 0
L -259, 105, 0, -265, 96, 0, 0, 0, 0
L -265, 96, 0, -273, 101, 0, 0, 0, 0
L -273, 101, 0, -268, 109, 0, 0, 0, 0
L -268, 109, 0, -259, 105, 0, 0, 0, 0
L -268, 91, 0, -275, 83, 0, 0, 0, 0
L -275, 83, 0, -282, 87, 0, 0, 0, 0
L -282, 87, 0, -276, 96, 0, 0, 0, 0
L -276, 96, 0, -268, 91, 0, 0, 0, 0
L -305, 86, 0, -310, 78, 0, 0, 0, 0
L -310, 78, 0, -319, 83, -1, 0, 0, 0
L -319, 83, -1, -314, 92, -1, 0, 0, 0
L -314, 92, -1, -305, 86, 0, 0, 0, 0
L -324, 87, -1, -332, 92, -1, 0, 0, 0
L -332, 92, -1, -327, 100, -2, 0, 0, 0
L -327, 100, -2, -319, 95, -1, 0, 0, 0
L -319, 95, -1, -324, 87, -1, 0, 0, 0
L -337, 130, -5, -348, 152, -7, 0, 0, 0
L -348, 152, -7, -338, 157, -6, 0, 0, 0
L -338, 157, -6, -327, 139, -5, 0, 0, 0
L -327, 139, -5, -322, 146, -5, 0, 0, 0
L -322, 146, -5, -313, 139, -5, 0, 0, 0
L -313, 139, -5, -319, 131, -4, 0, 0, 0
L -319, 131, -4, -324, 134, -5, 0, 0, 0
L -324, 134, -5, -327, 129, -4, 0, 0, 0
L -327, 129, -4, -329, 119, -4, 0, 0, 0
L -329, 119, -4, -338, 120, -4, 0, 0, 0
L -338, 120, -4, -337, 130, -5, 0, 0, 0
L -715, -197, 8, -707, -177, 4, 0, 0, 0
L -707, -177, 4, -700, -179, 2, 0, 0, 0
L -700, -179, 2, -709, -200, 7, 0, 0, 0
L -709, -200, 7, -715, -197, 8, 0, 0, 0
L -657, -179, 1, -638, -177, 0, 0, 0, 0
L -638, -177, 0, -637, -181, 0, 0, 0, 0
L -637, -181, 0, -657, -183, 1, 0, 0, 0
L -635, -156, 0, -634, -148, 0, 0, 0, 0
L -634, -148, 0, -608, -149, 0, 0, 0, 0
L -608, -149, 0, -608, -159, 0, 0, 0, 0
L -608, -159, 0, -635, -156, 0, 0, 0, 0
L -598, -165, 0, -592, -153, 1, 0, 0, 0
L -592, -153, 1, -581, -158, 0, 0, 0, 0
L -581, -158, 0, -587, -170, 1, 0, 0, 0
L -587, -170, 1, -598, -165, 0, 0, 0, 0
L -537, -197, 8, -518, -207, 4, 0, 0, 0
L -518, -207, 4, -529, -227, 9, 0, 0, 0
L -529, -227, 9, -548, -216, 7, 0, 0, 0
L -548, -216, 7, -537, -197, 8, 0, 0, 0
L -496, -298, 15, -489, -298, 14, 0, 0, 0
L -489, -298, 14, -489, -306, 14, 0, 0, 0
L -489, -306, 14, -497, -306, 16, 0, 0, 0
L -497, -306, 16, -496, -298, 15, 0, 0, 0
L -434, -290, 4, -432, -277, 3, 0, 0, 0
L -432, -277, 3, -419, -280, 2, 0, 0, 0
L -419, -280, 2, -421, -292, 2, 0, 0, 0
L -421, -292, 2, -434, -290, 4, 0, 0, 0
L -470, -200, 3, -475, -189, 5, 0, 0, 0
L -475, -189, 5, -464, -183, 6, 0, 0, 0
L -464, -183, 6, -459, -195, 3, 0, 0, 0
L -459, -195, 3, -470, -200, 3, 0, 0, 0
L -502, -177, 11, -500, -169, 12, 0, 0, 0
L -500, -169, 12, -493, -171, 11, 0, 0, 0
L -493, -171, 11, -495, -179, 10, 0, 0, 0
L -495, -179, 10, -503, -176, 11, 0, 0, 0
L -446, -97, 35, -457, -81, 37, 0, 0, 0
L -457, -81, 37, -452, -77, 35, 0, 0, 0
L -452, -77, 35, -440, -91, 34, 0, 0, 0
L -440, -91, 34, -446, -97, 35, 0, 0, 0
L -325, -227, -1, -307, -229, -1, 0, 0, 0
L -307, -229, -1, -309, -246, 0, 0, 0, 0
L -309, -246, 0, -327, -244, 0, 0, 0, 0
L -327, -244, 0, -325, -227, -1, 0, 0, 0
L -280, -282, -1, -260, -290, -1, 0, 0, 0
L -260, -290, -1, -262, -297, 0, 0, 0, 0
L -262, -297, 0, -282, -288, 0, 0, 0, 0
L -282, -288, 0, -280, -282, -1, 0, 0, 0
L -247, -287, -1, -250, -285, -1, 0, 0, 0
L -250, -285, -1, -235, -271, -3, 0, 0, 0
L -235, -271, -3, -232, -274, -3, 0, 0, 0
L -232, -274, -3, -247, -287, -1, 0, 0, 0
L -288, -221, -5, -291, -215, -4, 0, 0, 0
L -291, -215, -4, -284, -211, -6, 0, 0, 0
L -284, -211, -6, -280, -218, -7, 0, 0, 0
L -280, -218, -7, -288, -221, -5, 0, 0, 0
L -381, -118, 11, -384, -110, 14, 0, 0, 0
L -384, -110, 14, -361, -100, 8, 0, 0, 0
L -361, -100, 8, -358, -109, 6, 0, 0, 0
L -358, -109, 6, -381, -118, 11, 0, 0, 0
L -316, -119, -1, -310, -114, -2, 0, 0, 0
L -310, -114, -2, -305, -121, -3, 0, 0, 0
L -305, -121, -3, -312, -125, -2, 0, 0, 0
L -312, -125, -2, -316, -119, -1, 0, 0, 0
L -245, -180, -18, -238, -178, -19, 0, 0, 0
L -238, -178, -19, -237, -186, -18, 0, 0, 0
L -210, -211, -18, -205, -213, -18, 0, 0, 0
L -205, -213, -18, -216, -228, -13, 0, 0, 0
L -216, -228, -13, -219, -225, -14, 0, 0, 0
L -219, -225, -14, -210, -211, -18, 0, 0, 0
L -160, -266, -1, -141, -266, 1, 0, 0, 0
L -141, -266, 1, -141, -271, 1, 0, 0, 0
L -141, -271, 1, -160, -271, 0, 0, 0, 0
L -160, -271, 0, -160, -266, -1, 0, 0, 0
L -84, -328, 11, -88, -328, 11, 0, 0, 0
L -84, -328, 11, -87, -338, 10, 0, 0, 0
L -87, -338, 10, -88, -328, 11, 0, 0, 0
L -90, -391, -1, -74, -396, 0, 0, 0, 0
L -74, -396, 0, -75, -401, 0, 0, 0, 0
L -75, -401, 0, -92, -397, -2, 0, 0, 0
L -92, -397, -2, -90, -391, -1, 0, 0, 0
L 11, -167, -12, 6, -171, -14, 0, 0, 0
L -27, -361, 12, -9, -369, 12, 0, 0, 0
L -9, -369, 12, -11, -373, 11, 0, 0, 0
L -11, -373, 11, -28, -365, 12, 0, 0, 0
L -16, -307, 11, -7, -297, 7, 0, 0, 0
L -7, -297, 7, -2, -301, 8, 0, 0, 0
L -2, -301, 8, -13, -310, 11, 0, 0, 0
L -13, -310, 11, -16, -307, 11, 0, 0, 0
L -65, -262, 3, -82, -248, 2, 0, 0, 0
L -82, -248, 2, -69, -231, -2, 0, 0, 0
L -69, -231, -2, -51, -245, -1, 0, 0, 0
L -51, -245, -1, -65, -262, 3, 0, 0, 0
L -308, -69, 0, -311, -61, 2, 0, 0, 0
L -311, -61, 2, -304, -58, 1, 0, 0, 0
L -304, -58, 1, -301, -66, 0, 0, 0, 0
L -301, -66, 0, -308, -69, 0, 0, 0, 0
L -155, 205, 9, -156, 213, 10, 0, 0, 0
L -156, 213, 10, -137, 215, 16, 0, 0, 0
L -137, 215, 16, -138, 208, 16, 0, 0, 0
L -138, 208, 16, -155, 205, 9, 0, 0, 0
L -215, 60, 4, -212, 54, 4, 0, 0, 0
L -212, 54, 4, -229, 45, 2, 0, 0, 0
L -229, 45, 2, -231, 50, 2, 0, 0, 0
L -231, 50, 2, -215, 60, 4, 0, 0, 0
L -240, -12, 0, -232, -14, 0, 0, 0, 0
L -232, -14, 0, -234, -22, 0, 0, 0, 0
L -234, -22, 0, -242, -19, 0, 0, 0, 0
L -242, -19, 0, -240, -12, 0, 0, 0, 0
L -214, -40, -3, -208, -45, -4, 0, 0, 0
L -208, -45, -4, -213, -51, -4, 0, 0, 0
L -213, -51, -4, -219, -47, -3, 0, 0, 0
L -219, -47, -3, -214, -40, -3, 0, 0, 0
L -188, -79, -11, -180, -77, -10, 0, 0, 0
L -180, -77, -10, -178, -84, -12, 0, 0, 0
L -178, -84, -12, -185, -86, -13, 0, 0, 0
L -185, -86, -13, -188, -79, -11, 0, 0, 0
L -146, -146, -17, -108, -146, -9, 0, 0, 0
L -108, -146, -9, -109, -153, -10, 0, 0, 0
L -109, -153, -10, -145, -154, -18, 0, 0, 0
L -145, -154, -18, -146, -146, -18, 0, 0, 0
L -99, -162, -9, -90, -163, -9, 0, 0, 0
L -90, -163, -9, -90, -188, -7, 0, 0, 0
L -90, -188, -7, -99, -188, -7, 0, 0, 0
L -99, -188, -7, -99, -162, -9, 0, 0, 0
L -122, -56, 0, -74, -96, -2, 0, 0, 0
L -74, -96, -2, -69, -90, -1, 0, 0, 0
L -69, -90, -1, -118, -53, 5, 0, 0, 0
L -118, -53, 5, -122, -56, 0, 0, 0, 0
L -65, -56, 0, -59, -50, 1, 0, 0, 0
L -59, -50, 1, -48, -64, 0, 0, 0, 0
L -48, -64, 0, -54, -68, 0, 0, 0, 0
L -54, -68, 0, -65, -56, 0, 0, 0, 0
L 11, -167, -12, 49, -217, -12, 0, 0, 0
L 49, -217, -12, 42, -221, -12, 0, 0, 0
L 42, -221, -12, 6, -172, -14, 0, 0, 0
L 21, -49, 0, 28, -46, 0, 0, 0, 0
L 28, -46, 0, 25, -15, 1, 0, 0, 0
L 25, -15, 1, -6, -16, 0, 0, 0, 0
L -6, -16, 0, -15, -18, 0, 0, 0, 0
L -15, -18, 0, -15, -9, 1, 0, 0, 0
L -15, -9, 1, -7, -10, 0, 0, 0, 0
L -7, -10, 0, 12, -9, 0, 0, 0, 0
L 12, -9, 0, 24, -7, 1, 0, 0, 0
L 24, -7, 1, 31, -6, 2, 0, 0, 0
L 31, -6, 2, 31, -15, 1, 0, 0, 0
L 31, -15, 1, 33, -36, 1, 0, 0, 0
L 33, -36, 1, 34, -46, 0, 0, 0, 0
L 34, -46, 0, 35, -54, 0, 0, 0, 0
L 35, -54, 0, 27, -54, 0, 0, 0, 0
L 27, -54, 0, -2, -57, 0, 0, 0, 0
L -2, -57, 0, -12, -58, 0, 0, 0, 0
L -12, -58, 0, -12, -50, 0, 0, 0, 0
L -12, -50, 0, -4, -51, 0, 0, 0, 0
L -4, -51, 0, 21, -49, 0, 0, 0, 0
L 0, -39, 0, -1, -26, 0, 0, 0, 0
L -1, -26, 0, 19, -25, 1, 0, 0, 0
L 19, -25, 1, 20, -38, 1, 0, 0, 0
L 20, -38, 1, 0, -39, 0, 0, 0, 0
L 49, 52, 4, 42, 60, 4, 0, 0, 0
L 42, 60, 4, 47, 65, 4, 0, 0, 0
L 47, 65, 4, 54, 57, 5, 0, 0, 0
L 54, 57, 5, 49, 52, 4, 0, 0, 0
L 48, 68, 4, 43, 70, 3, 0, 0, 0
L 43, 70, 3, 45, 76, 3, 0, 0, 0
L 45, 76, 3, 50, 74, 3, 0, 0, 0
L 50, 74, 3, 48, 68, 4, 0, 0, 0
L 59, 83, 5, 64, 84, 5, 0, 0, 0
L 64, 84, 5, 68, 75, 7, 0, 0, 0
L 68, 75, 7, 63, 73, 6, 0, 0, 0
L 63, 73, 6, 59, 83, 5, 0, 0, 0
L -7, 72, 12, 0, 62, 7, 0, 0, 0
L 0, 62, 7, -3, 59, 9, 0, 0, 0
L -3, 59, 9, -11, 69, 14, 0, 0, 0
L -11, 69, 14, -7, 72, 12, 0, 0, 0
L -19, 137, 11, -34, 138, 15, 0, 0, 0
L -34, 138, 15, -34, 144, 14, 0, 0, 0
L -34, 144, 14, -19, 142, 10, 0, 0, 0
L -19, 142, 10, -19, 137, 11, 0, 0, 0
L -17, 337, -5, -10, 340, -6, 0, 0, 0
L -10, 340, -6, -3, 320, -7, 0, 0, 0
L -3, 320, -7, -9, 317, -5, 0, 0, 0
L -9, 317, -5, -17, 337, -5, 0, 0, 0
L 93, 326, -5, 99, 327, -3, 0, 0, 0
L 99, 327, -3, 100, 304, -7, 0, 0, 0
L 100, 304, -7, 92, 304, -9, 0, 0, 0
L 92, 304, -9, 93, 326, -5, 0, 0, 0
L 35, 258, -11, 37, 253, -10, 0, 0, 0
L 37, 253, -10, 4, 233, -1, 0, 0, 0
L 4, 233, -1, 1, 240, -1, 0, 0, 0
L 1, 240, -1, 35, 258, -11, 0, 0, 0
L 77, 176, 0, 65, 147, 0, 0, 0, 0
L 65, 147, 0, 61, 140, 0, 0, 0, 0
L 61, 140, 0, 69, 137, 1, 0, 0, 0
L 69, 137, 1, 71, 145, 1, 0, 0, 0
L 71, 145, 1, 82, 174, 0, 0, 0, 0
L 82, 174, 0, 86, 181, 0, 0, 0, 0
L 86, 181, 0, 77, 184, 0, 0, 0, 0
L 77, 184, 0, 48, 195, 0, 0, 0, 0
L 48, 195, 0, 41, 199, -1, 0, 0, 0
L 41, 199, -1, 38, 191, 0, 0, 0, 0
L 38, 191, 0, 27, 162, 2, 0, 0, 0
L 27, 162, 2, 24, 154, 2, 0, 0, 0
L 24, 154, 2, 31, 151, 1, 0, 0, 0
L 31, 151, 1, 33, 159, 1, 0, 0, 0
L 33, 159, 1, 44, 189, 0, 0, 0, 0
L 44, 189, 0, 77, 176, 0, 0, 0, 0
L 64, 176, 0, 57, 156, 0, 0, 0, 0
L 57, 156, 0, 45, 160, 0, 0, 0, 0
L 45, 160, 0, 53, 180, 0, 0, 0, 0
L 53, 180, 0, 64, 176, 0, 0, 0, 0
L 482, 94, -32, 483, 126, -32, 0, 0, 0
L 483, 126, -32, 485, 133, -32, 0, 0, 0
L 485, 133, -32, 477, 135, -31, 0, 0, 0
L 477, 135, -31, 477, 126, -31, 0, 0, 0
L 477, 126, -31, 476, 94, -33, 0, 0, 0
L 476, 94, -33, 476, 85, -32, 0, 0, 0
L 476, 85, -32, 484, 87, -34, 0, 0, 0
L 484, 87, -34, 515, 86, -33, 0, 0, 0
L 515, 86, -33, 524, 85, -32, 0, 0, 0
L 524, 85, -32, 523, 93, -33, 0, 0, 0
L 523, 93, -33, 523, 125, -31, 0, 0, 0
L 523, 125, -31, 524, 133, -30, 0, 0, 0
L 524, 133, -30, 517, 133, -32, 0, 0, 0
L 517, 133, -32, 518, 125, -32, 0, 0, 0
L 518, 125, -32, 517, 94, -34, 0, 0, 0
L 517, 94, -34, 482, 94, -34, 0, 0, 0
L 493, 98, -34, 494, 120, -34, 0, 0, 0
L 494, 120, -34, 507, 120, -34, 0, 0, 0
L 507, 120, -34, 506, 99, -36, 0, 0, 0
L 506, 99, -36, 494, 99, -36, 0, 0, 0
L 140, 247, 0, 132, 238, 0, 0, 0, 0
L 132, 238, 0, 121, 247, 0, 0, 0, 0
L 121, 247, 0, 132, 256, 0, 0, 0, 0
L 132, 256, 0, 140, 247, 0, 0, 0, 0
L 199, 173, 1, 207, 170, 2, 0, 0, 0
L 207, 170, 2, 203, 163, 2, 0, 0, 0
L 203, 163, 2, 196, 166, 1, 0, 0, 0
L 196, 166, 1, 199, 173, 1, 0, 0, 0
L 245, 192, 4, 244, 198, 6, 0, 0, 0
L 244, 198, 6, 252, 201, 7, 0, 0, 0
L 252, 201, 7, 253, 192, 5, 0, 0, 0
L 253, 192, 5, 245, 192, 4, 0, 0, 0
L 331, 225, 16, 309, 276, 29, 0, 0, 0
L 309, 276, 30, 314, 279, 30, 0, 0, 0
L 314, 279, 30, 337, 227, 16, 0, 0, 0
L 337, 227, 16, 331, 225, 16, 0, 0, 0
L 399, 280, 16, 406, 282, 17, 0, 0, 0
L 406, 282, 17, 408, 275, 16, 0, 0, 0
L 408, 275, 16, 402, 272, 14, 0, 0, 0
L 402, 272, 14, 399, 280, 16, 0, 0, 0
L 423, 225, 7, 440, 232, 11, 0, 0, 0
L 440, 232, 11, 445, 227, 8, 0, 0, 0
L 445, 227, 8, 426, 218, 6, 0, 0, 0
L 426, 218, 6, 423, 225, 7, 0, 0, 0
L 457, 268, 21, 454, 271, 21, 0, 0, 0
L 454, 271, 21, 463, 279, 24, 0, 0, 0
L 463, 279, 24, 467, 275, 24, 0, 0, 0
L 467, 275, 24, 457, 268, 21, 0, 0, 0
L 471, 298, 27, 466, 297, 26, 0, 0, 0
L 466, 297, 26, 466, 309, 25, 0, 0, 0
L 466, 309, 25, 471, 309, 26, 0, 0, 0
L 471, 309, 26, 471, 298, 27, 0, 0, 0
L -657, -183, 1, -657, -179, 1, 0, 0, 0
L -665, -6, 0, -665, 13, 0, 0, 0, 0
L -665, 13, 0, -665, 106, 0, 0, 0, 0
L -665, -24, 0, -665, -6, 0, 0, 0, 0
L -665, -24, 0, -683, -24, 0, 0, 0, 0
L -743, 395, 0, -684, 395, 0, 0, 0, 0
L -684, 395, 0, -684, 372, 0, 0, 0, 0
L -665, 281, 0, -665, 409, 0, 0, 0, 0
L -766, 372, 0, -684, 372, 0, 0, 0, 0
L -684, 372, 0, -684, 283, 0, 0, 0, 0
L -686, 409, 0, -684, 395, 0, 0, 0, 0
L -684, 409, 0, -664, 409, 0, 0, 0, 0
L -664, 474, 0, -664, 409, 0, 0, 0, 0
L -436, -767, 203, -372, -767, 203, 0, 153, 153
L -436, -842, 203, -436, -767, 203, 0, 153, 153
L -372, -842, 203, -436, -842, 203, 0, 153, 153
L -344, -741, 203, -464, -741, 203, 0, 153, 153
L -464, -865, 203, -464, -741, 203, 0, 153, 153
L -263, -917, 0, -251, -917, 0, 150, 150, 150
L -251, -917, 0, -251, -961, 0, 150, 150, 150
L -269, -828, 0, -269, -819, 0, 150, 150, 150
L -263, -786, 0, -263, -788, 0, 150, 150, 150
L -532, -547, 0, -568, -547, 0, 0, 0, 0
L -568, -547, 0, -568, -511, 0, 0, 0, 0
L -568, -511, 0, -532, -511, 0, 0, 0, 0
L -532, -547, 0, -532, -512, 0, 0, 0, 0
L -532, -512, 0, -532, -511, 0, 0, 0, 0
L -627, -1026, 0, -627, -1061, 0, 0, 0, 0
L -627, -1026, 0, -663, -1026, 0, 0, 0, 0
L -207, -1084, 0, -243, -1084, 0, 0, 0, 0
L -207, -1084, 0, -207, -1049, 0, 0, 0, 0
L -243, -1049, 0, -207, -1049, 0, 0, 0, 0
L -183, -693, 0, -183, -728, 0, 0, 0, 0
L -183, -728, 0, -148, -728, 0, 0, 0, 0
L -148, -728, 0, -148, -693, 0, 0, 0, 0
L -126, 72, 39, -70, 71, 39, 0, 0, 0
L -68, 14, 39, -126, 14, 39, 0, 0, 0
L -126, 14, 39, -126, 72, 39, 0, 0, 0
L -70, 71, 39, -68, 14, 39, 0, 0, 0
L -217, -125, -20, -212, -136, -20, 0, 0, 0
L -212, -136, -20, -223, -142, -20, 0, 0, 0
L -223, -142, -20, -229, -132, -20, 0, 0, 0
L -229, -132, -20, -217, -125, -20, 0, 0, 0
L -359, -226, 0, -366, -227, 0, 0, 0, 0
L -366, -227, 0, -367, -205, 0, 0, 0, 0
L -360, -204, 0, -359, -226, 0, 0, 0, 0
L -367, -205, 0, -360, -204, 0, 0, 0, 0
L -292, -265, -2, -284, -264, -2, 0, 0, 0
L -284, -264, -2, -284, -272, -2, 0, 0, 0
L -284, -272, -2, -292, -272, -2, 0, 0, 0
L -292, -272, -2, -292, -265, -2, 0, 0, 0
L -164, -166, -19, -164, -188, -19, 0, 0, 0
L -164, -188, -19, -172, -188, -19, 0, 0, 0
L -164, -166, -19, -171, -166, -19, 0, 0, 0
L -171, -166, -19, -172, -166, -19, 0, 0, 0
L -172, -188, -19, -172, -167, -19, 0, 0, 0
L -172, -167, -19, -172, -166, -19, 0, 0, 0
L -237, -186, -18, -244, -186, -18, 0, 0, 0
L -244, -186, -18, -245, -180, -18, 0, 0, 0
L -28, -365, 12, -27, -361, 12, 0, 0, 0
L -1050, 835, 0, -1041, 808, 0, 150, 150, 150
L -1019, 831, 0, -1050, 835, 0, 150, 150, 150
L -1024, 808, 0, -1019, 831, 0, 150, 150, 150
L -1051, 791, 0, -1051, 801, 0, 199, 21, 133
L -1061, 808, 0, -1061, 785, 0, 150, 150, 150
L -1061, 808, 0, -1041, 808, 0, 150, 150, 150
L -1024, 808, 0, -1006, 808, 0, 150, 150, 150
L -1006, 808, 0, -1006, 785, 0, 150, 150, 150
L -1061, 785, 0, -1006, 785, 0, 150, 150, 150
L -1051, 801, 0, -1015, 801, 0, 199, 21, 133
L -1051, 791, 0, -1015, 791, 0, 199, 21, 133
L -1015, 801, 0, -1015, 791, 0, 199, 21, 133
L -938, 1023, 3, -949, 1005, 3, 0, 0, 0
L -949, 1029, 3, -938, 1023, 3, 0, 0, 0
L -980, 1010, 3, -942, 985, 3, 0, 0, 0
L -950, 1045, 3, -956, 1050, 3, 0, 0, 0
L -943, 995, 3, -970, 1012, 3, 0, 0, 0
L -949, 1005, 3, -959, 1011, 3, 0, 0, 0
L -959, 1011, 3, -949, 1029, 3, 0, 0, 0
L -950, 1045, 3, -970, 1012, 3, 0, 0, 0
L -943, 995, 3, -921, 1027, 3, 0, 0, 0
L -980, 1010, 3, -956, 1050, 3, 0, 0, 0
L -942, 985, 3, -916, 1024, 3, 0, 0, 0
L -916, 1024, 3, -921, 1027, 3, 0, 0, 0
L -263, -788, 0, -263, -788, 0, 150, 150, 150
L -372, -767, 203, -372, -796, 203, 0, 153, 153
L -367, -812, 203, -372, -812, 203, 0, 153, 153
L -372, -812, 203, -372, -842, 203, 0, 153, 153
L -367, -796, 203, -372, -796, 203, 0, 153, 153
L -331, -889, 106, -309, -889, 106, 0, 255, 0
L -391, -768, 106, -372, -767, 106, 0, 255, 0
L -278, -676, 106, -278, -788, 106, 0, 255, 0
L -321, -872, 106, -321, -848, 106, 0, 255, 0
L -331, -789, 106, -312, -760, 106, 0, 255, 0
L -410, -768, 106, -409, -792, 106, 0, 255, 0
L -399, -848, 106, -422, -848, 106, 0, 255, 0
L -348, -780, 106, -349, -811, 106, 0, 255, 0
L -428, -731, 106, -428, -768, 106, 0, 255, 0
L -358, -758, 106, -329, -759, 106, 0, 255, 0
L -399, -882, 106, -408, -882, 106, 0, 255, 0
L -409, -792, 106, -450, -792, 106, 0, 255, 0
L -479, -789, 106, -479, -811, 106, 0, 255, 0
L -452, -702, 106, -508, -702, 106, 0, 255, 0
L -482, -908, 106, -482, -861, 106, 0, 255, 0
L -309, -811, 106, -331, -811, 106, 0, 255, 0
L -348, -872, 106, -348, -848, 106, 0, 255, 0
L -518, -788, 106, -479, -789, 106, 0, 255, 0
L -312, -722, 106, -358, -722, 106, 0, 255, 0
L -331, -889, 106, -331, -918, 106, 0, 255, 0
L -533, -932, 106, -278, -931, 106, 0, 255, 0
L -407, -722, 106, -428, -731, 106, 0, 255, 0
L -358, -722, 106, -358, -758, 106, 0, 255, 0
L -508, -740, 106, -518, -750, 106, 0, 255, 0
L -419, -809, 106, -419, -831, 106, 0, 255, 0
L -348, -848, 106, -380, -848, 106, 0, 255, 0
L -372, -722, 106, -407, -722, 106, 0, 255, 0
L -349, -811, 106, -391, -811, 106, 0, 255, 0
L -419, -831, 106, -438, -832, 106, 0, 255, 0
L -329, -759, 106, -348, -780, 106, 0, 255, 0
L -348, -872, 106, -358, -872, 106, 0, 255, 0
L -372, -882, 106, -380, -882, 106, 0, 255, 0
L -399, -848, 106, -399, -882, 106, 0, 255, 0
L -278, -908, 106, -309, -908, 106, 0, 255, 0
L -292, -889, 106, -278, -889, 106, 0, 255, 0
L -358, -918, 106, -331, -918, 106, 0, 255, 0
L -441, -918, 106, -422, -899, 106, 0, 255, 0
L -292, -848, 106, -321, -848, 106, 0, 255, 0
L -312, -760, 106, -312, -722, 106, 0, 255, 0
L -309, -889, 106, -309, -908, 106, 0, 255, 0
L -331, -811, 106, -331, -789, 106, 0, 255, 0
L -278, -908, 106, -278, -931, 106, 0, 255, 0
L -479, -811, 106, -518, -812, 106, 0, 255, 0
L -292, -872, 106, -321, -872, 106, 0, 255, 0
L -508, -702, 106, -508, -740, 106, 0, 255, 0
L -468, -862, 106, -468, -918, 106, 0, 255, 0
L -278, -676, 106, -533, -676, 106, 0, 255, 0
L -408, -918, 106, -372, -918, 106, 0, 255, 0
L -358, -872, 106, -358, -918, 106, 0, 255, 0
L -292, -889, 106, -292, -872, 106, 0, 255, 0
L -422, -899, 106, -422, -848, 106, 0, 255, 0
L -438, -832, 106, -439, -861, 106, 0, 255, 0
L -408, -882, 106, -408, -918, 106, 0, 255, 0
L -308, -782, 106, -309, -811, 106, 0, 255, 0
L -451, -809, 106, -419, -809, 106, 0, 255, 0
L -518, -750, 106, -518, -788, 106, 0, 255, 0
L -428, -768, 106, -410, -768, 106, 0, 255, 0
L -391, -811, 106, -391, -768, 106, 0, 255, 0
L -468, -918, 106, -441, -918, 106, 0, 255, 0
L -380, -882, 106, -380, -848, 106, 0, 255, 0
L -372, -767, 106, -372, -722, 106, 0, 255, 0
L -533, -676, 106, -533, -932, 106, 0, 255, 0
L -482, -861, 106, -451, -809, 106, 0, 255, 0
L -372, -918, 106, -372, -882, 106, 0, 255, 0
L -518, -908, 106, -482, -908, 106, 0, 255, 0
L -292, -848, 106, -292, -782, 106, 0, 255, 0
L -439, -861, 106, -468, -862, 106, 0, 255, 0
L -518, -812, 106, -518, -908, 106, 0, 255, 0
L -292, -782, 106, -308, -782, 106, 0, 255, 0
L -450, -792, 106, -452, -702, 106, 0, 255, 0
L -490, -722, 138, -499, -722, 138, 0, 255, 255
L -491, -738, 138, -499, -738, 138, 0, 255, 255
L -499, -722, 138, -499, -710, 138, 0, 255, 255
L -449, -818, 138, -488, -818, 138, 0, 255, 255
L -488, -854, 138, -471, -854, 138, 0, 255, 255
L -448, -870, 138, -449, -818, 138, 0, 255, 255
L -488, -818, 138, -488, -772, 138, 0, 255, 255
L -431, -779, 138, -432, -870, 138, 0, 255, 255
L -408, -858, 138, -409, -779, 138, 0, 255, 255
L -322, -722, 138, -322, -846, 138, 0, 255, 255
L -332, -888, 138, -488, -888, 138, 0, 255, 255
L -488, -888, 138, -488, -854, 138, 0, 255, 255
L -490, -722, 138, -451, -732, 138, 0, 255, 255
L -471, -870, 138, -471, -854, 138, 0, 255, 255
L -458, -750, 138, -491, -738, 138, 0, 255, 255
L -322, -846, 138, -331, -858, 138, 0, 255, 255
L -419, -761, 138, -418, -722, 138, 0, 255, 255
L -441, -761, 138, -419, -761, 138, 0, 255, 255
L -458, -771, 138, -458, -750, 138, 0, 255, 255
L -471, -870, 138, -448, -870, 138, 0, 255, 255
L -451, -732, 138, -441, -761, 138, 0, 255, 255
L -331, -858, 138, -408, -858, 138, 0, 255, 255
L -488, -772, 138, -458, -771, 138, 0, 255, 255
L -418, -722, 138, -322, -722, 138, 0, 255, 255
L -409, -779, 138, -431, -779, 138, 0, 255, 255
L -332, -888, 138, -332, -870, 138, 0, 255, 255
L -432, -870, 138, -332, -870, 138, 0, 255, 255
L -499, -710, 138, -311, -710, 138, 0, 255, 255
L -314, -898, 138, -500, -896, 138, 0, 255, 255
L -311, -710, 138, -312, -787, 138, 0, 255, 255
L -500, -896, 138, -499, -738, 138, 0, 255, 255
L -268, -818, 0, -269, -819, 0, 150, 150, 150
L -237, -818, 0, -268, -818, 0, 150, 150, 150
L -263, -788, 0, -268, -818, 0, 150, 150, 150
L -237, -788, 0, -263, -788, 0, 150, 150, 150
L -344, -818, 203, -344, -865, 203, 0, 153, 153
L -344, -788, 203, -344, -818, 203, 0, 153, 153
L -278, -818, 106, -278, -889, 106, 0, 255, 0
L -278, -788, 106, -278, -818, 106, 0, 255, 0
L -312, -817, 138, -314, -898, 138, 0, 255, 255
L -312, -787, 138, -312, -817, 138, 0, 255, 255
L -237, -788, 0, -237, -818, 0, 150, 150, 150
L -237, -788, 0, -242, -788, 13, 150, 150, 150
L -278, -818, 106, -272, -818, 92, 150, 150, 150
L -278, -788, 106, -295, -787, 122, 150, 150, 150
L -278, -818, 106, -286, -818, 114, 150, 150, 150
L -312, -817, 138, -316, -817, 146, 150, 150, 150
L -344, -788, 203, -340, -788, 194, 150, 150, 150
L -257, -788, 53, -262, -788, 66, 150, 150, 150
L -257, -818, 53, -252, -818, 39, 150, 150, 150
L -257, -788, 53, -257, -818, 53, 150, 150, 150
L -267, -788, 79, -272, -788, 92, 150, 150, 150
L -267, -818, 79, -262, -818, 66, 150, 150, 150
L -267, -788, 79, -267, -818, 79, 150, 150, 150
L -247, -818, 26, -242, -818, 13, 150, 150, 150
L -247, -788, 26, -252, -788, 39, 150, 150, 150
L -247, -818, 26, -247, -788, 26, 150, 150, 150
L -252, -818, 39, -247, -818, 26, 150, 150, 150
L -252, -788, 39, -257, -788, 53, 150, 150, 150
L -252, -818, 39, -252, -788, 39, 150, 150, 150
L -242, -818, 13, -237, -818, 0, 150, 150, 150
L -242, -788, 13, -247, -788, 26, 150, 150, 150
L -242, -818, 13, -242, -788, 13, 150, 150, 150
L -262, -818, 66, -257, -818, 53, 150, 150, 150
L -262, -788, 66, -267, -788, 79, 150, 150, 150
L -262, -818, 66, -262, -788, 66, 150, 150, 150
L -272, -818, 92, -267, -818, 79, 150, 150, 150
L -272, -788, 92, -278, -788, 106, 150, 150, 150
L -272, -818, 92, -272, -788, 92, 150, 150, 150
L -295, -817, 122, -304, -817, 130, 150, 150, 150
L -295, -787, 122, -303, -787, 130, 150, 150, 150
L -295, -817, 122, -295, -787, 122, 150, 150, 150
L -286, -818, 114, -295, -817, 122, 150, 150, 150
L -286, -818, 114, -286, -787, 114, 150, 150, 150
L -303, -787, 130, -312, -787, 138, 150, 150, 150
L -304, -817, 130, -312, -817, 138, 150, 150, 150
L -303, -787, 130, -304, -817, 130, 150, 150, 150
L -328, -817, 170, -332, -817, 178, 150, 150, 150
L -328, -787, 170, -324, -787, 162, 150, 150, 150
L -328, -817, 170, -328, -787, 170, 150, 150, 150
L -320, -817, 154, -324, -817, 162, 150, 150, 150
L -320, -787, 154, -316, -787, 146, 150, 150, 150
L -320, -817, 154, -320, -787, 154, 150, 150, 150
L -336, -818, 186, -340, -818, 194, 150, 150, 150
L -336, -788, 186, -332, -788, 178, 150, 150, 150
L -336, -818, 186, -336, -788, 186, 150, 150, 150
L -332, -817, 178, -336, -818, 186, 150, 150, 150
L -332, -788, 178, -328, -787, 170, 150, 150, 150
L -332, -817, 178, -332, -788, 178, 150, 150, 150
L -324, -817, 162, -328, -817, 170, 150, 150, 150
L -324, -787, 162, -320, -787, 154, 150, 150, 150
L -324, -817, 162, -324, -787, 162, 150, 150, 150
L -316, -817, 146, -320, -817, 154, 150, 150, 150
L -316, -787, 146, -312, -787, 138, 150, 150, 150
L -316, -817, 146, -316, -787, 146, 150, 150, 150
L -340, -818, 194, -344, -818, 203, 150, 150, 150
L -340, -788, 194, -336, -788, 186, 150, 150, 150
L -340, -818, 194, -340, -788, 194, 150, 150, 150
