L 1000.0, 0.0, 0.0, 1000.0, -50.0, 0.0, 255, 0, 0
L -20.0, 50.0, 0.0, -50.0, 20.0, 0.0, 255, 0, 0
L 50.0, 20.0, 0.0, 20.0, 50.0, 0.0, 255, 0, 0
L 20.0, -50.0, 0.0, 50.0, -20.0, 0.0, 255, 0, 0
L -50.0, -20.0, 0.0, -20.0, -50.0, 0.0, 255, 0, 0
L -50.0, 20.0, 0.0, -50.0, -20.0, 0.0, 255, 0, 0
L 20.0, 50.0, 0.0, -20.0, 50.0, 0.0, 255, 0, 0
L 50.0, -20.0, 0.0, 50.0, 20.0, 0.0, 255, 0, 0
L -20.0, -50.0, 0.0, 20.0, -50.0, 0.0, 255, 0, 0
L 580.0, -20.0, 0.0, 540.0, -20.0, 0.0, 255, 0, 0
L 580.0, -90.0, 0.0, 580.0, -20.0, 0.0, 255, 0, 0
L 540.0, -90.0, 0.0, 580.0, -90.0, 0.0, 255, 0, 0
L 540.0, -20.0, 0.0, 540.0, -90.0, 0.0, 255, 0, 0
L 520.0, -20.0, 0.0, 480.0, -20.0, 0.0, 255, 0, 0
L 520.0, -90.0, 0.0, 520.0, -20.0, 0.0, 255, 0, 0
L 480.0, -90.0, 0.0, 520.0, -90.0, 0.0, 255, 0, 0
L 480.0, -20.0, 0.0, 480.0, -90.0, 0.0, 255, 0, 0
L 460.0, -90.0, 0.0, 450.0, -80.0, 0.0, 255, 0, 0
L 460.0, -20.0, 0.0, 460.0, -90.0, 0.0, 255, 0, 0
L 0.0, -250.0, 0.0, 0.0, 250.0, 0.0, 255, 0, 0
L -250.0, 0.0, 0.0, 1000.0, 0.0, 0.0, 255, 0, 0
L -120.0, -80.0, 0.0, -120.0, -60.0, 0.0, 255, 0, 0
L -120.0, -60.0, 0.0, -120.0, -40.0, 0.0, 255, 0, 0
L -100.0, -60.0, 0.0, -120.0, -60.0, 0.0, 255, 0, 0
L -120.0, -60.0, 0.0, -140.0, -60.0, 0.0, 255, 0, 0
L -90.0, -50.0, 0.0, -100.0, -30.0, 0.0, 255, 0, 0
L -60.0, -80.0, 0.0, -60.0, -60.0, 0.0, 255, 0, 0
L -60.0, -60.0, 0.0, -60.0, -40.0, 0.0, 255, 0, 0
L -40.0, -60.0, 0.0, -60.0, -60.0, 0.0, 255, 0, 0
L -60.0, -60.0, 0.0, -80.0, -60.0, 0.0, 255, 0, 0
L 100.0, 60.0, 0.0, 120.0, 60.0, 0.0, 255, 0, 0
L 120.0, 60.0, 0.0, 140.0, 60.0, 0.0, 255, 0, 0
L 90.0, 70.0, 0.0, 80.0, 90.0, 0.0, 255, 0, 0
L 40.0, 60.0, 0.0, 60.0, 60.0, 0.0, 255, 0, 0
L 60.0, 60.0, 0.0, 80.0, 60.0, 0.0, 255, 0, 0
L -100.0, 60.0, 0.0, -120.0, 60.0, 0.0, 255, 0, 0
L -120.0, 60.0, 0.0, -140.0, 60.0, 0.0, 255, 0, 0
L -90.0, 70.0, 0.0, -100.0, 90.0, 0.0, 255, 0, 0
L -60.0, 80.0, 0.0, -60.0, 60.0, 0.0, 255, 0, 0
L -60.0, 60.0, 0.0, -60.0, 40.0, 0.0, 255, 0, 0
L -40.0, 60.0, 0.0, -60.0, 60.0, 0.0, 255, 0, 0
L -60.0, 60.0, 0.0, -80.0, 60.0, 0.0, 255, 0, 0
L 100.0, -60.0, 0.0, 120.0, -60.0, 0.0, 255, 0, 0
L 120.0, -60.0, 0.0, 140.0, -60.0, 0.0, 255, 0, 0
L 90.0, -50.0, 0.0, 80.0, -30.0, 0.0, 255, 0, 0
L 60.0, -80.0, 0.0, 60.0, -60.0, 0.0, 255, 0, 0
L 60.0, -60.0, 0.0, 60.0, -40.0, 0.0, 255, 0, 0
L 40.0, -60.0, 0.0, 60.0, -60.0, 0.0, 255, 0, 0
L 60.0, -60.0, 0.0, 80.0, -60.0, 0.0, 255, 0, 0
L 599.0, -90.0, 0.0, 637.3, -90.0, 0.0, 255, 0, 0
L 599.0, -20.0, 0.0, 637.3, -20.0, 0.0, 255, 0, 0
L 599.0, -90.0, 0.0, 599.0, -20.0, 0.0, 255, 0, 0
L 637.3, -90.0, 0.0, 637.3, -20.0, 0.0, 255, 0, 0
L 1500, 200, 0, 1500, 260, 0, 0, 0, 0
L 1540, 260, 0, 1500, 260, 0, 0, 0, 0
L 1560, 230, 0, 1590, 230, 0, 0, 0, 0
L 1560, 260, 0, 1590, 260, 0, 0, 0, 0
L 1560, 200, 0, 1560, 260, 0, 0, 0, 0
L 1590, 200, 0, 1560, 200, 0, 0, 0, 0
L 1640, 260, 0, 1610, 260, 0, 0, 0, 0
L 1610, 200, 0, 1640, 200, 0, 0, 0, 0
L 1610, 260, 0, 1610, 200, 0, 0, 0, 0
L 1640, 260, 0, 1640, 230, 0, 0, 0, 0
L 1640, 230, 0, 1620, 230, 0, 0, 0, 0
L 1660, 230, 0, 1690, 230, 0, 0, 0, 0
L 1660, 260, 0, 1690, 260, 0, 0, 0, 0
L 1660, 200, 0, 1660, 260, 0, 0, 0, 0
L 1690, 200, 0, 1660, 200, 0, 0, 0, 0
L 1740, 260, 0, 1740, 200, 0, 0, 0, 0
L 1710, 200, 0, 1740, 260, 0, 0, 0, 0
L 1710, 260, 0, 1710, 200, 0, 0, 0, 0
L 1770, 260, 0, 1770, 200, 0, 0, 0, 0
L 1780, 260, 0, 1760, 260, 0, 0, 0, 0
L 1790, 230, 0, 1780, 260, 0, 0, 0, 0
L 1780, 200, 0, 1790, 230, 0, 0, 0, 0
L 1760, 200, 0, 1780, 200, 0, 0, 0, 0
L 1500, 330, 0, 1620, 330, 0, 255, 255, 0
L 1500, 410, 0, 1620, 410, 0, 255, 255, 0
L 1620, 330, 0, 1620, 410, 0, 255, 255, 0
L 1500, 410, 0, 1500, 330, 0, 255, 255, 0
L 1620, 410, 0, 1560, 370, 0, 255, 255, 0
L 1620, 330, 0, 1560, 370, 0, 255, 255, 0
L 1560, 370, 0, 1500, 330, 0, 255, 255, 0
L 1560, 370, 0, 1500, 410, 0, 255, 255, 0
L 1680, 340, 0, 1680, 400, 0, 0, 0, 0
L 1660, 340, 0, 1700, 340, 0, 0, 0, 0
L 1720, 370, 0, 1750, 370, 0, 0, 0, 0
L 1720, 400, 0, 1750, 400, 0, 0, 0, 0
L 1720, 340, 0, 1720, 400, 0, 0, 0, 0
L 1750, 340, 0, 1720, 340, 0, 0, 0, 0
L 1770, 340, 0, 1770, 400, 0, 0, 0, 0
L 1810, 400, 0, 1770, 400, 0, 0, 0, 0
L 1830, 370, 0, 1860, 370, 0, 0, 0, 0
L 1830, 400, 0, 1860, 400, 0, 0, 0, 0
L 1830, 340, 0, 1830, 400, 0, 0, 0, 0
L 1860, 340, 0, 1830, 340, 0, 0, 0, 0
L 1910, 370, 0, 1880, 370, 0, 0, 0, 0
L 1910, 340, 0, 1910, 370, 0, 0, 0, 0
L 1880, 340, 0, 1910, 340, 0, 0, 0, 0
L 1880, 400, 0, 1880, 340, 0, 0, 0, 0
L 1930, 340, 0, 1960, 340, 0, 0, 0, 0
L 1930, 400, 0, 1960, 400, 0, 0, 0, 0
L 1930, 340, 0, 1930, 400, 0, 0, 0, 0
L 1960, 340, 0, 1960, 400, 0, 0, 0, 0
L 1980, 340, 0, 1980, 370, 0, 0, 0, 0
L 1980, 370, 0, 1980, 400, 0, 0, 0, 0
L 1980, 370, 0, 2000, 370, 0, 0, 0, 0
L 2020, 370, 0, 2020, 340, 0, 0, 0, 0
L 1980, 340, 0, 2020, 340, 0, 0, 0, 0
L 2000, 370, 0, 2020, 370, 0, 0, 0, 0
L 2020, 400, 0, 2000, 370, 0, 0, 0, 0
L 2060, 340, 0, 2060, 400, 0, 0, 0, 0
L 2040, 340, 0, 2080, 340, 0, 0, 0, 0
L 1500, 450, 0, 1560, 450, 0, 0, 0, 0
L 1500, 530, 0, 1560, 530, 0, 0, 0, 0
L 1560, 450, 0, 1590, 450, 0, 0, 0, 0
L 1560, 530, 0, 1590, 530, 0, 0, 0, 0
L 1560, 450, 0, 1560, 530, 0, 255, 255, 0
L 1590, 450, 0, 1620, 450, 0, 0, 0, 0
L 1590, 530, 0, 1620, 530, 0, 0, 0, 0
L 1590, 450, 0, 1590, 530, 0, 255, 255, 0
L 1660, 490, 0, 1690, 490, 0, 0, 0, 0
L 1660, 460, 0, 1660, 520, 0, 0, 0, 0
L 1690, 460, 0, 1660, 460, 0, 0, 0, 0
L 1720, 490, 0, 1740, 490, 0, 0, 0, 0
L 1730, 460, 0, 1750, 520, 0, 0, 0, 0
L 1710, 520, 0, 1730, 460, 0, 0, 0, 0
L 1770, 460, 0, 1770, 490, 0, 0, 0, 0
L 1770, 490, 0, 1770, 520, 0, 0, 0, 0
L 1770, 490, 0, 1810, 520, 0, 0, 0, 0
L 1770, 490, 0, 1810, 460, 0, 0, 0, 0
L 1830, 490, 0, 1860, 490, 0, 0, 0, 0
L 1830, 520, 0, 1860, 520, 0, 0, 0, 0
L 1830, 460, 0, 1830, 520, 0, 0, 0, 0
L 1860, 460, 0, 1830, 460, 0, 0, 0, 0
L 1970, 520, 0, 1980, 460, 0, 0, 0, 0
L 1960, 490, 0, 1970, 520, 0, 0, 0, 0
L 1950, 520, 0, 1960, 490, 0, 0, 0, 0
L 1940, 460, 0, 1950, 520, 0, 0, 0, 0
L 2010, 490, 0, 2030, 490, 0, 0, 0, 0
L 2020, 460, 0, 2040, 520, 0, 0, 0, 0
L 2000, 520, 0, 2020, 460, 0, 0, 0, 0
L 2060, 460, 0, 2060, 520, 0, 0, 0, 0
L 2100, 520, 0, 2060, 520, 0, 0, 0, 0
L 2120, 460, 0, 2120, 520, 0, 0, 0, 0
L 2160, 520, 0, 2120, 520, 0, 0, 0, 0
L 1500, 650, 0, 1560, 650, 0, 0, 0, 0
L 1500, 570, 0, 1560, 570, 0, 0, 0, 0
L 1530, 623, 0, 1530, 597, 0, 205, 133, 63
L 1560, 650, 0, 1620, 650, 0, 0, 0, 0
L 1560, 650, 0, 1560, 623, 0, 205, 133, 63
L 1530, 623, 0, 1590, 623, 0, 205, 133, 63
L 1530, 597, 0, 1560, 597, 0, 205, 133, 63
L 1560, 597, 0, 1590, 597, 0, 205, 133, 63
L 1560, 570, 0, 1620, 570, 0, 0, 0, 0
L 1560, 597, 0, 1560, 570, 0, 205, 133, 63
L 1590, 623, 0, 1590, 597, 0, 205, 133, 63
L 1670, 640, 0, 1670, 580, 0, 0, 0, 0
L 1680, 640, 0, 1660, 640, 0, 0, 0, 0
L 1690, 610, 0, 1680, 640, 0, 0, 0, 0
L 1680, 580, 0, 1690, 610, 0, 0, 0, 0
L 1660, 580, 0, 1680, 580, 0, 0, 0, 0
L 1710, 580, 0, 1740, 580, 0, 0, 0, 0
L 1710, 640, 0, 1740, 640, 0, 0, 0, 0
L 1710, 580, 0, 1710, 640, 0, 0, 0, 0
L 1740, 580, 0, 1740, 640, 0, 0, 0, 0
L 1760, 580, 0, 1790, 580, 0, 0, 0, 0
L 1760, 640, 0, 1790, 640, 0, 0, 0, 0
L 1760, 580, 0, 1760, 640, 0, 0, 0, 0
L 1790, 580, 0, 1790, 640, 0, 0, 0, 0
L 1810, 580, 0, 1810, 610, 0, 0, 0, 0
L 1810, 610, 0, 1810, 640, 0, 0, 0, 0
L 1810, 610, 0, 1830, 610, 0, 0, 0, 0
L 1850, 610, 0, 1850, 580, 0, 0, 0, 0
L 1810, 580, 0, 1850, 580, 0, 0, 0, 0
L 1830, 610, 0, 1850, 610, 0, 0, 0, 0
L 1850, 640, 0, 1830, 610, 0, 0, 0, 0
L 1500, 690, 0, 1500, 720, 0, 255, 210, 0
L 1500, 690, 0, 1520, 690, 0, 255, 210, 0
L 1520, 750, 0, 1500, 750, 0, 255, 210, 0
L 1500, 720, 0, 1500, 750, 0, 255, 210, 0
L 1520, 720, 0, 1500, 720, 0, 255, 210, 0
L 1520, 720, 0, 1540, 705, 0, 255, 210, 0
L 1520, 690, 0, 1540, 705, 0, 255, 210, 0
L 1520, 720, 0, 1540, 735, 0, 255, 210, 0
L 1540, 735, 0, 1520, 750, 0, 255, 210, 0
L 1570, 720, 0, 1590, 720, 0, 255, 210, 0
L 1580, 690, 0, 1600, 750, 0, 255, 210, 0
L 1560, 750, 0, 1580, 690, 0, 255, 210, 0
L 1650, 750, 0, 1650, 690, 0, 255, 210, 0
L 1620, 690, 0, 1650, 750, 0, 255, 210, 0
L 1620, 750, 0, 1620, 690, 0, 255, 210, 0
L 1670, 690, 0, 1670, 720, 0, 255, 210, 0
L 1670, 720, 0, 1670, 750, 0, 255, 210, 0
L 1670, 720, 0, 1710, 750, 0, 255, 210, 0
L 1670, 720, 0, 1710, 690, 0, 255, 210, 0
L 1730, 720, 0, 1760, 720, 0, 255, 210, 0
L 1730, 750, 0, 1760, 750, 0, 255, 210, 0
L 1730, 690, 0, 1730, 750, 0, 255, 210, 0
L 1760, 690, 0, 1730, 690, 0, 255, 210, 0
L 1780, 690, 0, 1780, 720, 0, 255, 210, 0
L 1780, 720, 0, 1780, 750, 0, 255, 210, 0
L 1780, 720, 0, 1800, 720, 0, 255, 210, 0
L 1820, 720, 0, 1820, 690, 0, 255, 210, 0
L 1780, 690, 0, 1820, 690, 0, 255, 210, 0
L 1800, 720, 0, 1820, 720, 0, 255, 210, 0
L 1820, 750, 0, 1800, 720, 0, 255, 210, 0
L 1530, 840, 0, 1500, 840, 0, 255, 255, 255
L 1500, 780, 0, 1530, 780, 0, 255, 255, 255
L 1500, 840, 0, 1500, 780, 0, 255, 255, 255
L 1550, 780, 0, 1580, 780, 0, 255, 255, 255
L 1550, 840, 0, 1580, 840, 0, 255, 255, 255
L 1550, 780, 0, 1550, 840, 0, 255, 255, 255
L 1580, 780, 0, 1580, 840, 0, 255, 255, 255
L 1640, 780, 0, 1640, 840, 0, 255, 255, 255
L 1620, 810, 0, 1640, 780, 0, 255, 255, 255
L 1600, 780, 0, 1620, 810, 0, 255, 255, 255
L 1600, 840, 0, 1600, 780, 0, 255, 255, 255
L 1700, 780, 0, 1700, 840, 0, 255, 255, 255
L 1680, 810, 0, 1700, 780, 0, 255, 255, 255
L 1660, 780, 0, 1680, 810, 0, 255, 255, 255
L 1660, 840, 0, 1660, 780, 0, 255, 255, 255
L 1720, 810, 0, 1750, 810, 0, 255, 255, 255
L 1720, 840, 0, 1750, 840, 0, 255, 255, 255
L 1720, 780, 0, 1720, 840, 0, 255, 255, 255
L 1750, 780, 0, 1720, 780, 0, 255, 255, 255
L 1800, 840, 0, 1800, 780, 0, 255, 255, 255
L 1770, 780, 0, 1800, 840, 0, 255, 255, 255
L 1770, 840, 0, 1770, 780, 0, 255, 255, 255
L 1840, 780, 0, 1840, 840, 0, 255, 255, 255
L 1820, 780, 0, 1860, 780, 0, 255, 255, 255
L 1530, 930, 0, 1500, 930, 0, 0, 0, 0
L 1500, 870, 0, 1530, 870, 0, 0, 0, 0
L 1500, 930, 0, 1500, 870, 0, 0, 0, 0
L 1530, 930, 0, 1530, 900, 0, 0, 0, 0
L 1530, 900, 0, 1510, 900, 0, 0, 0, 0
L 1550, 900, 0, 1580, 900, 0, 0, 0, 0
L 1550, 930, 0, 1580, 930, 0, 0, 0, 0
L 1550, 870, 0, 1550, 930, 0, 0, 0, 0
L 1580, 870, 0, 1550, 870, 0, 0, 0, 0
L 1630, 930, 0, 1630, 870, 0, 0, 0, 0
L 1600, 870, 0, 1630, 930, 0, 0, 0, 0
L 1600, 930, 0, 1600, 870, 0, 0, 0, 0
L 1650, 900, 0, 1680, 900, 0, 0, 0, 0
L 1650, 930, 0, 1680, 930, 0, 0, 0, 0
L 1650, 870, 0, 1650, 930, 0, 0, 0, 0
L 1680, 870, 0, 1650, 870, 0, 0, 0, 0
L 1700, 870, 0, 1700, 900, 0, 0, 0, 0
L 1700, 900, 0, 1700, 930, 0, 0, 0, 0
L 1700, 900, 0, 1720, 900, 0, 0, 0, 0
L 1740, 900, 0, 1740, 870, 0, 0, 0, 0
L 1700, 870, 0, 1740, 870, 0, 0, 0, 0
L 1720, 900, 0, 1740, 900, 0, 0, 0, 0
L 1740, 930, 0, 1720, 900, 0, 0, 0, 0
L 1770, 900, 0, 1790, 900, 0, 0, 0, 0
L 1780, 870, 0, 1800, 930, 0, 0, 0, 0
L 1760, 930, 0, 1780, 870, 0, 0, 0, 0
L 1820, 870, 0, 1820, 930, 0, 0, 0, 0
L 1860, 930, 0, 1820, 930, 0, 0, 0, 0
L 1530, 1020, 0, 1500, 1020, 0, 0, 0, 255
L 1500, 960, 0, 1530, 960, 0, 0, 0, 255
L 1500, 1020, 0, 1500, 960, 0, 0, 0, 255
L 1530, 1020, 0, 1530, 990, 0, 0, 0, 255
L 1530, 990, 0, 1510, 990, 0, 0, 0, 255
L 1550, 960, 0, 1550, 990, 0, 0, 0, 255
L 1550, 990, 0, 1550, 1020, 0, 0, 0, 255
L 1550, 990, 0, 1570, 990, 0, 0, 0, 255
L 1590, 990, 0, 1590, 960, 0, 0, 0, 255
L 1550, 960, 0, 1590, 960, 0, 0, 0, 255
L 1570, 990, 0, 1590, 990, 0, 0, 0, 255
L 1590, 1020, 0, 1570, 990, 0, 0, 0, 255
L 1610, 960, 0, 1640, 960, 0, 0, 0, 255
L 1610, 1020, 0, 1640, 1020, 0, 0, 0, 255
L 1610, 960, 0, 1610, 1020, 0, 0, 0, 255
L 1640, 960, 0, 1640, 1020, 0, 0, 0, 255
L 1700, 960, 0, 1700, 1020, 0, 0, 0, 255
L 1660, 960, 0, 1660, 1020, 0, 0, 0, 255
L 1660, 1020, 0, 1700, 1020, 0, 0, 0, 255
L 1750, 1020, 0, 1750, 960, 0, 0, 0, 255
L 1720, 960, 0, 1750, 1020, 0, 0, 0, 255
L 1720, 1020, 0, 1720, 960, 0, 0, 0, 255
L 1780, 1020, 0, 1780, 960, 0, 0, 0, 255
L 1790, 1020, 0, 1770, 1020, 0, 0, 0, 255
L 1800, 990, 0, 1790, 1020, 0, 0, 0, 255
L 1790, 960, 0, 1800, 990, 0, 0, 0, 255
L 1770, 960, 0, 1790, 960, 0, 0, 0, 255
L 1880, 960, 0, 1880, 990, 0, 0, 0, 255
L 1880, 1020, 0, 1920, 1020, 0, 0, 0, 255
L 1920, 990, 0, 1880, 990, 0, 0, 0, 255
L 1880, 960, 0, 1920, 960, 0, 0, 0, 255
L 1920, 990, 0, 1920, 1020, 0, 0, 0, 255
L 1970, 990, 0, 1940, 990, 0, 0, 0, 255
L 1970, 960, 0, 1970, 990, 0, 0, 0, 255
L 1940, 960, 0, 1970, 960, 0, 0, 0, 255
L 1940, 1020, 0, 1940, 960, 0, 0, 0, 255
L 2000, 990, 0, 2020, 990, 0, 0, 0, 255
L 2010, 960, 0, 2030, 1020, 0, 0, 0, 255
L 1990, 1020, 0, 2010, 960, 0, 0, 0, 255
L 2080, 1020, 0, 2090, 960, 0, 0, 0, 255
L 2070, 990, 0, 2080, 1020, 0, 0, 0, 255
L 2060, 1020, 0, 2070, 990, 0, 0, 0, 255
L 2050, 960, 0, 2060, 1020, 0, 0, 0, 255
L 2140, 1020, 0, 2140, 960, 0, 0, 0, 255
L 2110, 960, 0, 2140, 1020, 0, 0, 0, 255
L 2110, 1020, 0, 2110, 960, 0, 0, 0, 255
L 1530, 1110, 0, 1500, 1110, 0, 128, 128, 128
L 1500, 1050, 0, 1530, 1050, 0, 128, 128, 128
L 1500, 1110, 0, 1500, 1050, 0, 128, 128, 128
L 1530, 1110, 0, 1530, 1080, 0, 128, 128, 128
L 1530, 1080, 0, 1510, 1080, 0, 128, 128, 128
L 1590, 1050, 0, 1590, 1110, 0, 128, 128, 128
L 1550, 1050, 0, 1550, 1110, 0, 128, 128, 128
L 1550, 1110, 0, 1590, 1110, 0, 128, 128, 128
L 1610, 1050, 0, 1610, 1110, 0, 128, 128, 128
L 1630, 1050, 0, 1630, 1110, 0, 128, 128, 128
L 1670, 1110, 0, 1630, 1110, 0, 128, 128, 128
L 1700, 1110, 0, 1700, 1050, 0, 128, 128, 128
L 1710, 1110, 0, 1690, 1110, 0, 128, 128, 128
L 1720, 1080, 0, 1710, 1110, 0, 128, 128, 128
L 1710, 1050, 0, 1720, 1080, 0, 128, 128, 128
L 1690, 1050, 0, 1710, 1050, 0, 128, 128, 128
L 1840, 1050, 0, 1840, 1110, 0, 128, 128, 128
L 1820, 1080, 0, 1840, 1050, 0, 128, 128, 128
L 1800, 1050, 0, 1820, 1080, 0, 128, 128, 128
L 1800, 1110, 0, 1800, 1050, 0, 128, 128, 128
L 1870, 1080, 0, 1890, 1080, 0, 128, 128, 128
L 1880, 1050, 0, 1900, 1110, 0, 128, 128, 128
L 1860, 1110, 0, 1880, 1050, 0, 128, 128, 128
L 1920, 1050, 0, 1920, 1080, 0, 128, 128, 128
L 1920, 1110, 0, 1960, 1110, 0, 128, 128, 128
L 1960, 1080, 0, 1920, 1080, 0, 128, 128, 128
L 1920, 1050, 0, 1960, 1050, 0, 128, 128, 128
L 1960, 1080, 0, 1960, 1110, 0, 128, 128, 128
L 2000, 1050, 0, 2000, 1110, 0, 128, 128, 128
L 1980, 1050, 0, 2020, 1050, 0, 128, 128, 128
L 2040, 1080, 0, 2070, 1080, 0, 128, 128, 128
L 2040, 1110, 0, 2070, 1110, 0, 128, 128, 128
L 2040, 1050, 0, 2040, 1110, 0, 128, 128, 128
L 2070, 1050, 0, 2040, 1050, 0, 128, 128, 128
L 2090, 1050, 0, 2090, 1080, 0, 128, 128, 128
L 2090, 1080, 0, 2090, 1110, 0, 128, 128, 128
L 2090, 1080, 0, 2110, 1080, 0, 128, 128, 128
L 2130, 1080, 0, 2130, 1050, 0, 128, 128, 128
L 2090, 1050, 0, 2130, 1050, 0, 128, 128, 128
L 2110, 1080, 0, 2130, 1080, 0, 128, 128, 128
L 2130, 1110, 0, 2110, 1080, 0, 128, 128, 128
L 1500, 1140, 0, 1500, 1170, 0, 127, 64, 0
L 1540, 1200, 0, 1540, 1170, 0, 127, 64, 0
L 1500, 1170, 0, 1500, 1200, 0, 127, 64, 0
L 1540, 1170, 0, 1540, 1140, 0, 127, 64, 0
L 1500, 1170, 0, 1540, 1170, 0, 127, 64, 0
L 1600, 1140, 0, 1600, 1200, 0, 127, 64, 0
L 1560, 1140, 0, 1560, 1200, 0, 127, 64, 0
L 1560, 1200, 0, 1600, 1200, 0, 127, 64, 0
L 1650, 1200, 0, 1650, 1140, 0, 127, 64, 0
L 1620, 1140, 0, 1650, 1200, 0, 127, 64, 0
L 1620, 1200, 0, 1620, 1140, 0, 127, 64, 0
L 1690, 1140, 0, 1690, 1200, 0, 127, 64, 0
L 1670, 1140, 0, 1710, 1140, 0, 127, 64, 0
L 1730, 1170, 0, 1760, 1170, 0, 127, 64, 0
L 1730, 1200, 0, 1760, 1200, 0, 127, 64, 0
L 1730, 1140, 0, 1730, 1200, 0, 127, 64, 0
L 1760, 1140, 0, 1730, 1140, 0, 127, 64, 0
L 1780, 1140, 0, 1780, 1170, 0, 127, 64, 0
L 1780, 1170, 0, 1780, 1200, 0, 127, 64, 0
L 1780, 1170, 0, 1800, 1170, 0, 127, 64, 0
L 1820, 1170, 0, 1820, 1140, 0, 127, 64, 0
L 1780, 1140, 0, 1820, 1140, 0, 127, 64, 0
L 1800, 1170, 0, 1820, 1170, 0, 127, 64, 0
L 1820, 1200, 0, 1800, 1170, 0, 127, 64, 0
L 1540, 1230, 0, 1540, 1290, 0, 0, 127, 0
L 1520, 1260, 0, 1540, 1230, 0, 0, 127, 0
L 1500, 1230, 0, 1520, 1260, 0, 0, 127, 0
L 1500, 1290, 0, 1500, 1230, 0, 0, 127, 0
L 1560, 1260, 0, 1590, 1260, 0, 0, 127, 0
L 1560, 1290, 0, 1590, 1290, 0, 0, 127, 0
L 1560, 1230, 0, 1560, 1290, 0, 0, 127, 0
L 1590, 1230, 0, 1560, 1230, 0, 0, 127, 0
L 1610, 1230, 0, 1610, 1260, 0, 0, 127, 0
L 1610, 1260, 0, 1610, 1290, 0, 0, 127, 0
L 1610, 1260, 0, 1630, 1260, 0, 0, 127, 0
L 1650, 1260, 0, 1650, 1230, 0, 0, 127, 0
L 1610, 1230, 0, 1650, 1230, 0, 0, 127, 0
L 1630, 1260, 0, 1650, 1260, 0, 0, 127, 0
L 1650, 1290, 0, 1630, 1260, 0, 0, 127, 0
L 1700, 1290, 0, 1670, 1290, 0, 0, 127, 0
L 1670, 1230, 0, 1700, 1230, 0, 0, 127, 0
L 1670, 1290, 0, 1670, 1230, 0, 0, 127, 0
L 1720, 1230, 0, 1720, 1260, 0, 0, 127, 0
L 1760, 1290, 0, 1760, 1260, 0, 0, 127, 0
L 1720, 1260, 0, 1720, 1290, 0, 0, 127, 0
L 1760, 1260, 0, 1760, 1230, 0, 0, 127, 0
L 1720, 1260, 0, 1760, 1260, 0, 0, 127, 0
L 1790, 1260, 0, 1810, 1260, 0, 0, 127, 0
L 1800, 1230, 0, 1820, 1290, 0, 0, 127, 0
L 1780, 1290, 0, 1800, 1230, 0, 0, 127, 0
L 1870, 1290, 0, 1870, 1230, 0, 0, 127, 0
L 1840, 1230, 0, 1870, 1290, 0, 0, 127, 0
L 1840, 1290, 0, 1840, 1230, 0, 0, 127, 0
L 1910, 1230, 0, 1910, 1290, 0, 0, 127, 0
L 1890, 1230, 0, 1930, 1230, 0, 0, 127, 0
L 1540, 1320, 0, 1540, 1380, 0, 0, 127, 127
L 1520, 1350, 0, 1540, 1320, 0, 0, 127, 127
L 1500, 1320, 0, 1520, 1350, 0, 0, 127, 127
L 1500, 1380, 0, 1500, 1320, 0, 0, 127, 127
L 1560, 1320, 0, 1560, 1380, 0, 0, 127, 127
L 1580, 1320, 0, 1580, 1350, 0, 0, 127, 127
L 1580, 1380, 0, 1620, 1380, 0, 0, 127, 127
L 1620, 1350, 0, 1580, 1350, 0, 0, 127, 127
L 1580, 1320, 0, 1620, 1320, 0, 0, 127, 127
L 1620, 1350, 0, 1620, 1380, 0, 0, 127, 127
L 1640, 1320, 0, 1640, 1350, 0, 0, 127, 127
L 1640, 1380, 0, 1680, 1380, 0, 0, 127, 127
L 1680, 1350, 0, 1640, 1350, 0, 0, 127, 127
L 1640, 1320, 0, 1680, 1320, 0, 0, 127, 127
L 1680, 1350, 0, 1680, 1380, 0, 0, 127, 127
L 1700, 1320, 0, 1700, 1380, 0, 0, 127, 127
L 1720, 1320, 0, 1750, 1320, 0, 0, 127, 127
L 1720, 1380, 0, 1750, 1380, 0, 0, 127, 127
L 1720, 1320, 0, 1720, 1380, 0, 0, 127, 127
L 1750, 1320, 0, 1750, 1380, 0, 0, 127, 127
L 1800, 1380, 0, 1800, 1320, 0, 0, 127, 127
L 1770, 1320, 0, 1800, 1380, 0, 0, 127, 127
L 1770, 1380, 0, 1770, 1320, 0, 0, 127, 127
L 1530, 1470, 0, 1530, 1410, 0, 127, 64, 0
L 1500, 1410, 0, 1530, 1470, 0, 127, 64, 0
L 1500, 1470, 0, 1500, 1410, 0, 127, 64, 0
L 1560, 1440, 0, 1580, 1440, 0, 127, 64, 0
L 1570, 1410, 0, 1590, 1470, 0, 127, 64, 0
L 1550, 1470, 0, 1570, 1410, 0, 127, 64, 0
L 1650, 1410, 0, 1650, 1470, 0, 127, 64, 0
L 1630, 1440, 0, 1650, 1410, 0, 127, 64, 0
L 1610, 1410, 0, 1630, 1440, 0, 127, 64, 0
L 1610, 1470, 0, 1610, 1410, 0, 127, 64, 0
L 1670, 1440, 0, 1700, 1440, 0, 127, 64, 0
L 1670, 1470, 0, 1700, 1470, 0, 127, 64, 0
L 1670, 1410, 0, 1670, 1470, 0, 127, 64, 0
L 1700, 1410, 0, 1670, 1410, 0, 127, 64, 0
L 1730, 1470, 0, 1730, 1410, 0, 127, 64, 0
L 1740, 1470, 0, 1720, 1470, 0, 127, 64, 0
L 1750, 1440, 0, 1740, 1470, 0, 127, 64, 0
L 1740, 1410, 0, 1750, 1440, 0, 127, 64, 0
L 1720, 1410, 0, 1740, 1410, 0, 127, 64, 0
L 1530, 1530, 0, 1500, 1530, 0, 0, 255, 0
L 1530, 1500, 0, 1530, 1530, 0, 0, 255, 0
L 1500, 1500, 0, 1530, 1500, 0, 0, 255, 0
L 1500, 1560, 0, 1500, 1500, 0, 0, 255, 0
L 1560, 1530, 0, 1580, 1530, 0, 0, 255, 0
L 1570, 1500, 0, 1590, 1560, 0, 0, 255, 0
L 1550, 1560, 0, 1570, 1500, 0, 0, 255, 0
L 1610, 1500, 0, 1610, 1530, 0, 0, 255, 0
L 1610, 1530, 0, 1610, 1560, 0, 0, 255, 0
L 1610, 1530, 0, 1630, 1530, 0, 0, 255, 0
L 1650, 1530, 0, 1650, 1500, 0, 0, 255, 0
L 1610, 1500, 0, 1650, 1500, 0, 0, 255, 0
L 1630, 1530, 0, 1650, 1530, 0, 0, 255, 0
L 1650, 1560, 0, 1630, 1530, 0, 0, 255, 0
L 1700, 1560, 0, 1670, 1560, 0, 0, 255, 0
L 1670, 1500, 0, 1700, 1500, 0, 0, 255, 0
L 1670, 1560, 0, 1670, 1500, 0, 0, 255, 0
L 1720, 1530, 0, 1750, 1530, 0, 0, 255, 0
L 1720, 1560, 0, 1750, 1560, 0, 0, 255, 0
L 1720, 1500, 0, 1720, 1560, 0, 0, 255, 0
L 1750, 1500, 0, 1720, 1500, 0, 0, 255, 0
L 1770, 1500, 0, 1770, 1560, 0, 0, 255, 0
L 1810, 1560, 0, 1770, 1560, 0, 0, 255, 0
L 1830, 1500, 0, 1830, 1530, 0, 0, 255, 0
L 1830, 1560, 0, 1870, 1560, 0, 0, 255, 0
L 1870, 1530, 0, 1830, 1530, 0, 0, 255, 0
L 1830, 1500, 0, 1870, 1500, 0, 0, 255, 0
L 1870, 1530, 0, 1870, 1560, 0, 0, 255, 0
L 1500, 1590, 0, 1500, 1620, 0, 0, 240, 240
L 1500, 1620, 0, 1500, 1650, 0, 0, 240, 240
L 1500, 1620, 0, 1520, 1620, 0, 0, 240, 240
L 1540, 1620, 0, 1540, 1590, 0, 0, 240, 240
L 1500, 1590, 0, 1540, 1590, 0, 0, 240, 240
L 1520, 1620, 0, 1540, 1620, 0, 0, 240, 240
L 1540, 1650, 0, 1520, 1620, 0, 0, 240, 240
L 1570, 1620, 0, 1590, 1620, 0, 0, 240, 240
L 1580, 1590, 0, 1600, 1650, 0, 0, 240, 240
L 1560, 1650, 0, 1580, 1590, 0, 0, 240, 240
L 1620, 1590, 0, 1620, 1650, 0, 0, 240, 240
L 1650, 1650, 0, 1650, 1590, 0, 0, 240, 240
L 1660, 1650, 0, 1640, 1650, 0, 0, 240, 240
L 1670, 1620, 0, 1660, 1650, 0, 0, 240, 240
L 1660, 1590, 0, 1670, 1620, 0, 0, 240, 240
L 1640, 1590, 0, 1660, 1590, 0, 0, 240, 240
L 1500, 1680, 0, 1500, 1710, 0, 0, 255, 0
L 1500, 1740, 0, 1540, 1740, 0, 0, 255, 0
L 1540, 1710, 0, 1500, 1710, 0, 0, 255, 0
L 1500, 1680, 0, 1540, 1680, 0, 0, 255, 0
L 1540, 1710, 0, 1540, 1740, 0, 0, 255, 0
L 1590, 1710, 0, 1560, 1710, 0, 0, 255, 0
L 1590, 1680, 0, 1590, 1710, 0, 0, 255, 0
L 1560, 1680, 0, 1590, 1680, 0, 0, 255, 0
L 1560, 1740, 0, 1560, 1680, 0, 0, 255, 0
L 1610, 1710, 0, 1640, 1710, 0, 0, 255, 0
L 1610, 1740, 0, 1640, 1740, 0, 0, 255, 0
L 1610, 1680, 0, 1610, 1740, 0, 0, 255, 0
L 1640, 1680, 0, 1610, 1680, 0, 0, 255, 0
L 1690, 1740, 0, 1660, 1740, 0, 0, 255, 0
L 1660, 1680, 0, 1690, 1680, 0, 0, 255, 0
L 1660, 1740, 0, 1660, 1680, 0, 0, 255, 0
L 1710, 1680, 0, 1710, 1740, 0, 0, 255, 0
L 1740, 1710, 0, 1760, 1710, 0, 0, 255, 0
L 1750, 1680, 0, 1770, 1740, 0, 0, 255, 0
L 1730, 1740, 0, 1750, 1680, 0, 0, 255, 0
L 1790, 1680, 0, 1790, 1740, 0, 0, 255, 0
L 1830, 1740, 0, 1790, 1740, 0, 0, 255, 0
L 1940, 1740, 0, 1910, 1740, 0, 0, 255, 0
L 1910, 1680, 0, 1940, 1680, 0, 0, 255, 0
L 1910, 1740, 0, 1910, 1680, 0, 0, 255, 0
L 2000, 1680, 0, 2000, 1740, 0, 0, 255, 0
L 1960, 1680, 0, 1960, 1740, 0, 0, 255, 0
L 1960, 1740, 0, 2000, 1740, 0, 0, 255, 0
L 2020, 1680, 0, 2020, 1710, 0, 0, 255, 0
L 2020, 1710, 0, 2020, 1740, 0, 0, 255, 0
L 2020, 1710, 0, 2040, 1710, 0, 0, 255, 0
L 2060, 1710, 0, 2060, 1680, 0, 0, 255, 0
L 2020, 1680, 0, 2060, 1680, 0, 0, 255, 0
L 2040, 1710, 0, 2060, 1710, 0, 0, 255, 0
L 2060, 1740, 0, 2040, 1710, 0, 0, 255, 0
L 2080, 1680, 0, 2080, 1710, 0, 0, 255, 0
L 2080, 1710, 0, 2080, 1740, 0, 0, 255, 0
L 2080, 1710, 0, 2100, 1710, 0, 0, 255, 0
L 2120, 1710, 0, 2120, 1680, 0, 0, 255, 0
L 2080, 1680, 0, 2120, 1680, 0, 0, 255, 0
L 2100, 1710, 0, 2120, 1710, 0, 0, 255, 0
L 2120, 1740, 0, 2100, 1710, 0, 0, 255, 0
L 2140, 1710, 0, 2170, 1710, 0, 0, 255, 0
L 2140, 1740, 0, 2170, 1740, 0, 0, 255, 0
L 2140, 1680, 0, 2140, 1740, 0, 0, 255, 0
L 2170, 1680, 0, 2140, 1680, 0, 0, 255, 0
L 2220, 1740, 0, 2220, 1680, 0, 0, 255, 0
L 2190, 1680, 0, 2220, 1740, 0, 0, 255, 0
L 2190, 1740, 0, 2190, 1680, 0, 0, 255, 0
L 2270, 1740, 0, 2240, 1740, 0, 0, 255, 0
L 2240, 1680, 0, 2270, 1680, 0, 0, 255, 0
L 2240, 1740, 0, 2240, 1680, 0, 0, 255, 0
L 2310, 1710, 0, 2310, 1740, 0, 0, 255, 0
L 2310, 1710, 0, 2330, 1680, 0, 0, 255, 0
L 2290, 1680, 0, 2310, 1710, 0, 0, 255, 0
L 1500, 1770, 0, 1500, 1800, 0, 255, 0, 0
L 1500, 1830, 0, 1540, 1830, 0, 255, 0, 0
L 1540, 1800, 0, 1500, 1800, 0, 255, 0, 0
L 1500, 1770, 0, 1540, 1770, 0, 255, 0, 0
L 1540, 1800, 0, 1540, 1830, 0, 255, 0, 0
L 1600, 1770, 0, 1600, 1830, 0, 255, 0, 0
L 1560, 1770, 0, 1560, 1830, 0, 255, 0, 0
L 1560, 1830, 0, 1600, 1830, 0, 255, 0, 0
L 1650, 1830, 0, 1620, 1830, 0, 255, 0, 0
L 1620, 1770, 0, 1650, 1770, 0, 255, 0, 0
L 1620, 1830, 0, 1620, 1770, 0, 255, 0, 0
L 1700, 1830, 0, 1670, 1830, 0, 255, 0, 0
L 1670, 1770, 0, 1700, 1770, 0, 255, 0, 0
L 1670, 1830, 0, 1670, 1770, 0, 255, 0, 0
L 1720, 1770, 0, 1750, 1770, 0, 255, 0, 0
L 1720, 1830, 0, 1750, 1830, 0, 255, 0, 0
L 1720, 1770, 0, 1720, 1830, 0, 255, 0, 0
L 1750, 1770, 0, 1750, 1830, 0, 255, 0, 0
L 1770, 1770, 0, 1770, 1800, 0, 255, 0, 0
L 1770, 1800, 0, 1770, 1830, 0, 255, 0, 0
L 1770, 1800, 0, 1790, 1800, 0, 255, 0, 0
L 1810, 1800, 0, 1810, 1770, 0, 255, 0, 0
L 1770, 1770, 0, 1810, 1770, 0, 255, 0, 0
L 1790, 1800, 0, 1810, 1800, 0, 255, 0, 0
L 1810, 1830, 0, 1790, 1800, 0, 255, 0, 0
L 1520, 1860, 0, 1520, 1920, 0, 255, 255, 0
L 1500, 1860, 0, 1540, 1860, 0, 255, 255, 0
L 1560, 1890, 0, 1590, 1890, 0, 255, 255, 0
L 1560, 1920, 0, 1590, 1920, 0, 255, 255, 0
L 1560, 1860, 0, 1560, 1920, 0, 255, 255, 0
L 1590, 1860, 0, 1560, 1860, 0, 255, 255, 0
L 1610, 1860, 0, 1610, 1920, 0, 255, 255, 0
L 1650, 1920, 0, 1610, 1920, 0, 255, 255, 0
L 1670, 1890, 0, 1700, 1890, 0, 255, 255, 0
L 1670, 1920, 0, 1700, 1920, 0, 255, 255, 0
L 1670, 1860, 0, 1670, 1920, 0, 255, 255, 0
L 1700, 1860, 0, 1670, 1860, 0, 255, 255, 0
L 1750, 1890, 0, 1720, 1890, 0, 255, 255, 0
L 1750, 1860, 0, 1750, 1890, 0, 255, 255, 0
L 1720, 1860, 0, 1750, 1860, 0, 255, 255, 0
L 1720, 1920, 0, 1720, 1860, 0, 255, 255, 0
L 1770, 1860, 0, 1800, 1860, 0, 255, 255, 0
L 1770, 1920, 0, 1800, 1920, 0, 255, 255, 0
L 1770, 1860, 0, 1770, 1920, 0, 255, 255, 0
L 1800, 1860, 0, 1800, 1920, 0, 255, 255, 0
L 1820, 1860, 0, 1820, 1890, 0, 255, 255, 0
L 1820, 1890, 0, 1820, 1920, 0, 255, 255, 0
L 1820, 1890, 0, 1840, 1890, 0, 255, 255, 0
L 1860, 1890, 0, 1860, 1860, 0, 255, 255, 0
L 1820, 1860, 0, 1860, 1860, 0, 255, 255, 0
L 1840, 1890, 0, 1860, 1890, 0, 255, 255, 0
L 1860, 1920, 0, 1840, 1890, 0, 255, 255, 0
L 1900, 1860, 0, 1900, 1920, 0, 255, 255, 0
L 1880, 1860, 0, 1920, 1860, 0, 255, 255, 0
L 1520, 1950, 0, 1520, 2010, 0, 128, 0, 128
L 1500, 1950, 0, 1540, 1950, 0, 128, 0, 128
L 1560, 1950, 0, 1560, 1980, 0, 128, 0, 128
L 1560, 1980, 0, 1560, 2010, 0, 128, 0, 128
L 1560, 1980, 0, 1580, 1980, 0, 128, 0, 128
L 1600, 1980, 0, 1600, 1950, 0, 128, 0, 128
L 1560, 1950, 0, 1600, 1950, 0, 128, 0, 128
L 1580, 1980, 0, 1600, 1980, 0, 128, 0, 128
L 1600, 2010, 0, 1580, 1980, 0, 128, 0, 128
L 1630, 1980, 0, 1650, 1980, 0, 128, 0, 128
L 1640, 1950, 0, 1660, 2010, 0, 128, 0, 128
L 1620, 2010, 0, 1640, 1950, 0, 128, 0, 128
L 1690, 2010, 0, 1690, 1950, 0, 128, 0, 128
L 1700, 2010, 0, 1680, 2010, 0, 128, 0, 128
L 1710, 1980, 0, 1700, 2010, 0, 128, 0, 128
L 1700, 1950, 0, 1710, 1980, 0, 128, 0, 128
L 1680, 1950, 0, 1700, 1950, 0, 128, 0, 128
L 1730, 1980, 0, 1760, 1980, 0, 128, 0, 128
L 1730, 2010, 0, 1760, 2010, 0, 128, 0, 128
L 1730, 1950, 0, 1730, 2010, 0, 128, 0, 128
L 1760, 1950, 0, 1730, 1950, 0, 128, 0, 128
L 1780, 1950, 0, 1780, 1980, 0, 128, 0, 128
L 1780, 2010, 0, 1820, 2010, 0, 128, 0, 128
L 1820, 1980, 0, 1780, 1980, 0, 128, 0, 128
L 1780, 1950, 0, 1820, 1950, 0, 128, 0, 128
L 1820, 1980, 0, 1820, 2010, 0, 128, 0, 128
L 1840, 1950, 0, 1840, 1980, 0, 128, 0, 128
L 1840, 1980, 0, 1840, 2010, 0, 128, 0, 128
L 1840, 1980, 0, 1880, 2010, 0, 128, 0, 128
L 1840, 1980, 0, 1880, 1950, 0, 128, 0, 128
L 1900, 1950, 0, 1900, 2010, 0, 128, 0, 128
L 1920, 1950, 0, 1920, 2010, 0, 128, 0, 128
L 1960, 2010, 0, 1920, 2010, 0, 128, 0, 128
L 1980, 1950, 0, 1980, 2010, 0, 128, 0, 128
L 2020, 2010, 0, 1980, 2010, 0, 128, 0, 128
L 2130, 2010, 0, 2100, 2010, 0, 128, 0, 128
L 2100, 1950, 0, 2130, 1950, 0, 128, 0, 128
L 2100, 2010, 0, 2100, 1950, 0, 128, 0, 128
L 2150, 1950, 0, 2180, 1950, 0, 128, 0, 128
L 2150, 2010, 0, 2180, 2010, 0, 128, 0, 128
L 2150, 1950, 0, 2150, 2010, 0, 128, 0, 128
L 2180, 1950, 0, 2180, 2010, 0, 128, 0, 128
L 2230, 2010, 0, 2230, 1950, 0, 128, 0, 128
L 2200, 1950, 0, 2230, 2010, 0, 128, 0, 128
L 2200, 2010, 0, 2200, 1950, 0, 128, 0, 128
L 2270, 1950, 0, 2270, 2010, 0, 128, 0, 128
L 2250, 1950, 0, 2290, 1950, 0, 128, 0, 128
L 2320, 1980, 0, 2340, 1980, 0, 128, 0, 128
L 2330, 1950, 0, 2350, 2010, 0, 128, 0, 128
L 2310, 2010, 0, 2330, 1950, 0, 128, 0, 128
L 2370, 1950, 0, 2370, 2010, 0, 128, 0, 128
L 2420, 2010, 0, 2420, 1950, 0, 128, 0, 128
L 2390, 1950, 0, 2420, 2010, 0, 128, 0, 128
L 2390, 2010, 0, 2390, 1950, 0, 128, 0, 128
L 2440, 1980, 0, 2470, 1980, 0, 128, 0, 128
L 2440, 2010, 0, 2470, 2010, 0, 128, 0, 128
L 2440, 1950, 0, 2440, 2010, 0, 128, 0, 128
L 2470, 1950, 0, 2440, 1950, 0, 128, 0, 128
L 2490, 1950, 0, 2490, 1980, 0, 128, 0, 128
L 2490, 1980, 0, 2490, 2010, 0, 128, 0, 128
L 2490, 1980, 0, 2510, 1980, 0, 128, 0, 128
L 2530, 1980, 0, 2530, 1950, 0, 128, 0, 128
L 2490, 1950, 0, 2530, 1950, 0, 128, 0, 128
L 2510, 1980, 0, 2530, 1980, 0, 128, 0, 128
L 2530, 2010, 0, 2510, 1980, 0, 128, 0, 128
L 1520, 2040, 0, 1520, 2100, 0, 255, 255, 0
L 1500, 2040, 0, 1540, 2040, 0, 255, 255, 0
L 1560, 2040, 0, 1560, 2070, 0, 255, 255, 0
L 1560, 2070, 0, 1560, 2100, 0, 255, 255, 0
L 1560, 2070, 0, 1580, 2070, 0, 255, 255, 0
L 1600, 2070, 0, 1600, 2040, 0, 255, 255, 0
L 1560, 2040, 0, 1600, 2040, 0, 255, 255, 0
L 1580, 2070, 0, 1600, 2070, 0, 255, 255, 0
L 1600, 2100, 0, 1580, 2070, 0, 255, 255, 0
L 1630, 2070, 0, 1650, 2070, 0, 255, 255, 0
L 1640, 2040, 0, 1660, 2100, 0, 255, 255, 0
L 1620, 2100, 0, 1640, 2040, 0, 255, 255, 0
L 1710, 2070, 0, 1680, 2070, 0, 255, 255, 0
L 1710, 2040, 0, 1710, 2070, 0, 255, 255, 0
L 1680, 2040, 0, 1710, 2040, 0, 255, 255, 0
L 1680, 2100, 0, 1680, 2040, 0, 255, 255, 0
L 1530, 2130, 0, 1500, 2130, 0, 255, 0, 0
L 1500, 2190, 0, 1530, 2130, 0, 255, 0, 0
L 1500, 2190, 0, 1530, 2190, 0, 255, 0, 0
L 1550, 2130, 0, 1580, 2130, 0, 255, 0, 0
L 1550, 2190, 0, 1580, 2190, 0, 255, 0, 0
L 1550, 2130, 0, 1550, 2190, 0, 255, 0, 0
L 1580, 2130, 0, 1580, 2190, 0, 255, 0, 0
L 1630, 2190, 0, 1630, 2130, 0, 255, 0, 0
L 1600, 2130, 0, 1630, 2190, 0, 255, 0, 0
L 1600, 2190, 0, 1600, 2130, 0, 255, 0, 0
L 1650, 2160, 0, 1680, 2160, 0, 255, 0, 0
L 1650, 2190, 0, 1680, 2190, 0, 255, 0, 0
L 1650, 2130, 0, 1650, 2190, 0, 255, 0, 0
L 1680, 2130, 0, 1650, 2130, 0, 255, 0, 0
P 500, 200, 0, 0, 0, 0, 2, Original_Map:_EverQuest_Default
P 500, 400, 0, 0, 0, 0, 2, Revised_Map:_Brewall_Rainsinger_(Cazic-Thule)
P 500, 600, 0, 0, 0, 0, 2, http://www.eqmaps.info
P 500, 800, 0, 0, 0, 0, 2, Return_of_the_Exiled_(www.roteguild.org)
