L 80.0000, 10890.0000, 0.0000,  50.0000, 10890.0000, 0.0000,  255, 0, 0
L 50.0000, 10890.0000, 0.0000,  50.0000, 10950.0000, 0.0000,  255, 0, 0
L 50.0000, 10950.0000, 0.0000,  80.0000, 10950.0000, 0.0000,  255, 0, 0
L 50.0000, 10920.0000, 0.0000,  80.0000, 10920.0000, 0.0000,  255, 0, 0
L 0.0000, 10950.0000, 0.0000,  0.0000, 10890.0000, 0.0000,  255, 0, 0
L 0.0000, 10890.0000, 0.0000,  30.0000, 10950.0000, 0.0000,  255, 0, 0
L 30.0000, 10950.0000, 0.0000,  30.0000, 10890.0000, 0.0000,  255, 0, 0
L -20.0000, 10890.0000, 0.0000,  -20.0000, 10950.0000, 0.0000,  255, 0, 0
L -50.0000, 10890.0000, 0.0000,  -50.0000, 10950.0000, 0.0000,  255, 0, 0
L -50.0000, 10950.0000, 0.0000,  -20.0000, 10950.0000, 0.0000,  255, 0, 0
L -50.0000, 10890.0000, 0.0000,  -20.0000, 10890.0000, 0.0000,  255, 0, 0
L -100.0000, 10950.0000, 0.0000,  -70.0000, 10950.0000, 0.0000,  255, 0, 0
L -100.0000, 10950.0000, 0.0000,  -70.0000, 10890.0000, 0.0000,  255, 0, 0
L -70.0000, 10890.0000, 0.0000,  -100.0000, 10890.0000, 0.0000,  255, 0, 0
L 80.0000, 10860.0000, 0.0000,  80.0000, 10800.0000, 0.0000,  255, 255, 0
L 80.0000, 10800.0000, 0.0000,  110.0000, 10800.0000, 0.0000,  255, 255, 0
L 110.0000, 10800.0000, 0.0000,  110.0000, 10830.0000, 0.0000,  255, 255, 0
L 110.0000, 10830.0000, 0.0000,  80.0000, 10830.0000, 0.0000,  255, 255, 0
L 20.0000, 10860.0000, 0.0000,  40.0000, 10800.0000, 0.0000,  255, 255, 0
L 40.0000, 10800.0000, 0.0000,  60.0000, 10860.0000, 0.0000,  255, 255, 0
L 30.0000, 10830.0000, 0.0000,  50.0000, 10830.0000, 0.0000,  255, 255, 0
L 0.0000, 10860.0000, 0.0000,  -20.0000, 10830.0000, 0.0000,  255, 255, 0
L -20.0000, 10830.0000, 0.0000,  0.0000, 10830.0000, 0.0000,  255, 255, 0
L -40.0000, 10800.0000, 0.0000,  0.0000, 10800.0000, 0.0000,  255, 255, 0
L 0.0000, 10830.0000, 0.0000,  0.0000, 10800.0000, 0.0000,  255, 255, 0
L -40.0000, 10830.0000, 0.0000,  -20.0000, 10830.0000, 0.0000,  255, 255, 0
L -40.0000, 10830.0000, 0.0000,  -40.0000, 10860.0000, 0.0000,  255, 255, 0
L -40.0000, 10800.0000, 0.0000,  -40.0000, 10830.0000, 0.0000,  255, 255, 0
L -100.0000, 10800.0000, 0.0000,  -60.0000, 10800.0000, 0.0000,  255, 255, 0
L -80.0000, 10800.0000, 0.0000,  -80.0000, 10860.0000, 0.0000,  255, 255, 0
L 930.0000, 10770.0000, 0.0000,  910.0000, 10740.0000, 0.0000,  128, 0, 128
L 910.0000, 10740.0000, 0.0000,  930.0000, 10740.0000, 0.0000,  128, 0, 128
L 890.0000, 10710.0000, 0.0000,  930.0000, 10710.0000, 0.0000,  128, 0, 128
L 930.0000, 10740.0000, 0.0000,  930.0000, 10710.0000, 0.0000,  128, 0, 128
L 890.0000, 10740.0000, 0.0000,  910.0000, 10740.0000, 0.0000,  128, 0, 128
L 890.0000, 10740.0000, 0.0000,  890.0000, 10770.0000, 0.0000,  128, 0, 128
L 890.0000, 10710.0000, 0.0000,  890.0000, 10740.0000, 0.0000,  128, 0, 128
L 870.0000, 10710.0000, 0.0000,  840.0000, 10710.0000, 0.0000,  128, 0, 128
L 840.0000, 10710.0000, 0.0000,  840.0000, 10770.0000, 0.0000,  128, 0, 128
L 840.0000, 10770.0000, 0.0000,  870.0000, 10770.0000, 0.0000,  128, 0, 128
L 840.0000, 10740.0000, 0.0000,  870.0000, 10740.0000, 0.0000,  128, 0, 128
L 790.0000, 10770.0000, 0.0000,  790.0000, 10710.0000, 0.0000,  128, 0, 128
L 790.0000, 10710.0000, 0.0000,  820.0000, 10770.0000, 0.0000,  128, 0, 128
L 820.0000, 10770.0000, 0.0000,  820.0000, 10710.0000, 0.0000,  128, 0, 128
L 770.0000, 10710.0000, 0.0000,  770.0000, 10770.0000, 0.0000,  128, 0, 128
L 710.0000, 10770.0000, 0.0000,  730.0000, 10710.0000, 0.0000,  128, 0, 128
L 730.0000, 10710.0000, 0.0000,  750.0000, 10770.0000, 0.0000,  128, 0, 128
L 720.0000, 10740.0000, 0.0000,  740.0000, 10740.0000, 0.0000,  128, 0, 128
L 650.0000, 10710.0000, 0.0000,  690.0000, 10710.0000, 0.0000,  128, 0, 128
L 670.0000, 10710.0000, 0.0000,  670.0000, 10770.0000, 0.0000,  128, 0, 128
L 600.0000, 10770.0000, 0.0000,  600.0000, 10710.0000, 0.0000,  128, 0, 128
L 600.0000, 10710.0000, 0.0000,  630.0000, 10770.0000, 0.0000,  128, 0, 128
L 630.0000, 10770.0000, 0.0000,  630.0000, 10710.0000, 0.0000,  128, 0, 128
L 580.0000, 10710.0000, 0.0000,  580.0000, 10770.0000, 0.0000,  128, 0, 128
L 550.0000, 10710.0000, 0.0000,  550.0000, 10770.0000, 0.0000,  128, 0, 128
L 550.0000, 10770.0000, 0.0000,  580.0000, 10770.0000, 0.0000,  128, 0, 128
L 550.0000, 10710.0000, 0.0000,  580.0000, 10710.0000, 0.0000,  128, 0, 128
L 500.0000, 10770.0000, 0.0000,  500.0000, 10710.0000, 0.0000,  128, 0, 128
L 500.0000, 10710.0000, 0.0000,  530.0000, 10710.0000, 0.0000,  128, 0, 128
L 530.0000, 10770.0000, 0.0000,  500.0000, 10770.0000, 0.0000,  128, 0, 128
L 420.0000, 10770.0000, 0.0000,  380.0000, 10770.0000, 0.0000,  128, 0, 128
L 380.0000, 10710.0000, 0.0000,  380.0000, 10770.0000, 0.0000,  128, 0, 128
L 360.0000, 10770.0000, 0.0000,  320.0000, 10770.0000, 0.0000,  128, 0, 128
L 320.0000, 10710.0000, 0.0000,  320.0000, 10770.0000, 0.0000,  128, 0, 128
L 300.0000, 10710.0000, 0.0000,  300.0000, 10770.0000, 0.0000,  128, 0, 128
L 240.0000, 10740.0000, 0.0000,  280.0000, 10710.0000, 0.0000,  128, 0, 128
L 240.0000, 10740.0000, 0.0000,  280.0000, 10770.0000, 0.0000,  128, 0, 128
L 240.0000, 10740.0000, 0.0000,  240.0000, 10770.0000, 0.0000,  128, 0, 128
L 240.0000, 10710.0000, 0.0000,  240.0000, 10740.0000, 0.0000,  128, 0, 128
L 220.0000, 10740.0000, 0.0000,  220.0000, 10770.0000, 0.0000,  128, 0, 128
L 180.0000, 10710.0000, 0.0000,  220.0000, 10710.0000, 0.0000,  128, 0, 128
L 220.0000, 10740.0000, 0.0000,  180.0000, 10740.0000, 0.0000,  128, 0, 128
L 180.0000, 10770.0000, 0.0000,  220.0000, 10770.0000, 0.0000,  128, 0, 128
L 180.0000, 10710.0000, 0.0000,  180.0000, 10740.0000, 0.0000,  128, 0, 128
L 160.0000, 10710.0000, 0.0000,  130.0000, 10710.0000, 0.0000,  128, 0, 128
L 130.0000, 10710.0000, 0.0000,  130.0000, 10770.0000, 0.0000,  128, 0, 128
L 130.0000, 10770.0000, 0.0000,  160.0000, 10770.0000, 0.0000,  128, 0, 128
L 130.0000, 10740.0000, 0.0000,  160.0000, 10740.0000, 0.0000,  128, 0, 128
L 80.0000, 10710.0000, 0.0000,  100.0000, 10710.0000, 0.0000,  128, 0, 128
L 100.0000, 10710.0000, 0.0000,  110.0000, 10740.0000, 0.0000,  128, 0, 128
L 110.0000, 10740.0000, 0.0000,  100.0000, 10770.0000, 0.0000,  128, 0, 128
L 100.0000, 10770.0000, 0.0000,  80.0000, 10770.0000, 0.0000,  128, 0, 128
L 90.0000, 10770.0000, 0.0000,  90.0000, 10710.0000, 0.0000,  128, 0, 128
L 20.0000, 10770.0000, 0.0000,  40.0000, 10710.0000, 0.0000,  128, 0, 128
L 40.0000, 10710.0000, 0.0000,  60.0000, 10770.0000, 0.0000,  128, 0, 128
L 30.0000, 10740.0000, 0.0000,  50.0000, 10740.0000, 0.0000,  128, 0, 128
L 0.0000, 10770.0000, 0.0000,  -20.0000, 10740.0000, 0.0000,  128, 0, 128
L -20.0000, 10740.0000, 0.0000,  0.0000, 10740.0000, 0.0000,  128, 0, 128
L -40.0000, 10710.0000, 0.0000,  0.0000, 10710.0000, 0.0000,  128, 0, 128
L 0.0000, 10740.0000, 0.0000,  0.0000, 10710.0000, 0.0000,  128, 0, 128
L -40.0000, 10740.0000, 0.0000,  -20.0000, 10740.0000, 0.0000,  128, 0, 128
L -40.0000, 10740.0000, 0.0000,  -40.0000, 10770.0000, 0.0000,  128, 0, 128
L -40.0000, 10710.0000, 0.0000,  -40.0000, 10740.0000, 0.0000,  128, 0, 128
L -100.0000, 10710.0000, 0.0000,  -60.0000, 10710.0000, 0.0000,  128, 0, 128
L -80.0000, 10710.0000, 0.0000,  -80.0000, 10770.0000, 0.0000,  128, 0, 128
L 280.0000, 10620.0000, 0.0000,  320.0000, 10620.0000, 0.0000,  255, 255, 0
L 300.0000, 10620.0000, 0.0000,  300.0000, 10680.0000, 0.0000,  255, 255, 0
L 260.0000, 10680.0000, 0.0000,  240.0000, 10650.0000, 0.0000,  255, 255, 0
L 240.0000, 10650.0000, 0.0000,  260.0000, 10650.0000, 0.0000,  255, 255, 0
L 220.0000, 10620.0000, 0.0000,  260.0000, 10620.0000, 0.0000,  255, 255, 0
L 260.0000, 10650.0000, 0.0000,  260.0000, 10620.0000, 0.0000,  255, 255, 0
L 220.0000, 10650.0000, 0.0000,  240.0000, 10650.0000, 0.0000,  255, 255, 0
L 220.0000, 10650.0000, 0.0000,  220.0000, 10680.0000, 0.0000,  255, 255, 0
L 220.0000, 10620.0000, 0.0000,  220.0000, 10650.0000, 0.0000,  255, 255, 0
L 200.0000, 10620.0000, 0.0000,  200.0000, 10680.0000, 0.0000,  255, 255, 0
L 170.0000, 10620.0000, 0.0000,  170.0000, 10680.0000, 0.0000,  255, 255, 0
L 170.0000, 10680.0000, 0.0000,  200.0000, 10680.0000, 0.0000,  255, 255, 0
L 170.0000, 10620.0000, 0.0000,  200.0000, 10620.0000, 0.0000,  255, 255, 0
L 120.0000, 10680.0000, 0.0000,  120.0000, 10620.0000, 0.0000,  255, 255, 0
L 120.0000, 10620.0000, 0.0000,  150.0000, 10620.0000, 0.0000,  255, 255, 0
L 150.0000, 10620.0000, 0.0000,  150.0000, 10650.0000, 0.0000,  255, 255, 0
L 150.0000, 10650.0000, 0.0000,  120.0000, 10650.0000, 0.0000,  255, 255, 0
L 100.0000, 10620.0000, 0.0000,  70.0000, 10620.0000, 0.0000,  255, 255, 0
L 70.0000, 10620.0000, 0.0000,  70.0000, 10680.0000, 0.0000,  255, 255, 0
L 70.0000, 10680.0000, 0.0000,  100.0000, 10680.0000, 0.0000,  255, 255, 0
L 70.0000, 10650.0000, 0.0000,  100.0000, 10650.0000, 0.0000,  255, 255, 0
L 50.0000, 10680.0000, 0.0000,  10.0000, 10680.0000, 0.0000,  255, 255, 0
L 10.0000, 10620.0000, 0.0000,  10.0000, 10680.0000, 0.0000,  255, 255, 0
L -10.0000, 10620.0000, 0.0000,  -40.0000, 10620.0000, 0.0000,  255, 255, 0
L -40.0000, 10620.0000, 0.0000,  -40.0000, 10680.0000, 0.0000,  255, 255, 0
L -40.0000, 10680.0000, 0.0000,  -10.0000, 10680.0000, 0.0000,  255, 255, 0
L -40.0000, 10650.0000, 0.0000,  -10.0000, 10650.0000, 0.0000,  255, 255, 0
L -100.0000, 10620.0000, 0.0000,  -60.0000, 10620.0000, 0.0000,  255, 255, 0
L -80.0000, 10620.0000, 0.0000,  -80.0000, 10680.0000, 0.0000,  255, 255, 0
L 210.0000, 10590.0000, 0.0000,  190.0000, 10560.0000, 0.0000,  255, 0, 0
L 190.0000, 10560.0000, 0.0000,  210.0000, 10560.0000, 0.0000,  255, 0, 0
L 170.0000, 10530.0000, 0.0000,  210.0000, 10530.0000, 0.0000,  255, 0, 0
L 210.0000, 10560.0000, 0.0000,  210.0000, 10530.0000, 0.0000,  255, 0, 0
L 170.0000, 10560.0000, 0.0000,  190.0000, 10560.0000, 0.0000,  255, 0, 0
L 170.0000, 10560.0000, 0.0000,  170.0000, 10590.0000, 0.0000,  255, 0, 0
L 170.0000, 10530.0000, 0.0000,  170.0000, 10560.0000, 0.0000,  255, 0, 0
L 150.0000, 10530.0000, 0.0000,  150.0000, 10590.0000, 0.0000,  255, 0, 0
L 120.0000, 10530.0000, 0.0000,  120.0000, 10590.0000, 0.0000,  255, 0, 0
L 120.0000, 10590.0000, 0.0000,  150.0000, 10590.0000, 0.0000,  255, 0, 0
L 120.0000, 10530.0000, 0.0000,  150.0000, 10530.0000, 0.0000,  255, 0, 0
L 70.0000, 10590.0000, 0.0000,  70.0000, 10530.0000, 0.0000,  255, 0, 0
L 70.0000, 10530.0000, 0.0000,  100.0000, 10530.0000, 0.0000,  255, 0, 0
L 100.0000, 10590.0000, 0.0000,  70.0000, 10590.0000, 0.0000,  255, 0, 0
L 20.0000, 10590.0000, 0.0000,  20.0000, 10530.0000, 0.0000,  255, 0, 0
L 20.0000, 10530.0000, 0.0000,  50.0000, 10530.0000, 0.0000,  255, 0, 0
L 50.0000, 10590.0000, 0.0000,  20.0000, 10590.0000, 0.0000,  255, 0, 0
L -40.0000, 10590.0000, 0.0000,  0.0000, 10590.0000, 0.0000,  255, 0, 0
L -40.0000, 10530.0000, 0.0000,  -40.0000, 10590.0000, 0.0000,  255, 0, 0
L 0.0000, 10530.0000, 0.0000,  0.0000, 10590.0000, 0.0000,  255, 0, 0
L -60.0000, 10560.0000, 0.0000,  -60.0000, 10590.0000, 0.0000,  255, 0, 0
L -100.0000, 10530.0000, 0.0000,  -60.0000, 10530.0000, 0.0000,  255, 0, 0
L -60.0000, 10560.0000, 0.0000,  -100.0000, 10560.0000, 0.0000,  255, 0, 0
L -100.0000, 10590.0000, 0.0000,  -60.0000, 10590.0000, 0.0000,  255, 0, 0
L -100.0000, 10530.0000, 0.0000,  -100.0000, 10560.0000, 0.0000,  255, 0, 0
L 690.0000, 10440.0000, 0.0000,  710.0000, 10470.0000, 0.0000,  0, 255, 0
L 710.0000, 10470.0000, 0.0000,  730.0000, 10440.0000, 0.0000,  0, 255, 0
L 710.0000, 10470.0000, 0.0000,  710.0000, 10500.0000, 0.0000,  0, 255, 0
L 640.0000, 10500.0000, 0.0000,  640.0000, 10440.0000, 0.0000,  0, 255, 0
L 640.0000, 10440.0000, 0.0000,  670.0000, 10440.0000, 0.0000,  0, 255, 0
L 670.0000, 10500.0000, 0.0000,  640.0000, 10500.0000, 0.0000,  0, 255, 0
L 590.0000, 10500.0000, 0.0000,  590.0000, 10440.0000, 0.0000,  0, 255, 0
L 590.0000, 10440.0000, 0.0000,  620.0000, 10500.0000, 0.0000,  0, 255, 0
L 620.0000, 10500.0000, 0.0000,  620.0000, 10440.0000, 0.0000,  0, 255, 0
L 570.0000, 10440.0000, 0.0000,  540.0000, 10440.0000, 0.0000,  0, 255, 0
L 540.0000, 10440.0000, 0.0000,  540.0000, 10500.0000, 0.0000,  0, 255, 0
L 540.0000, 10500.0000, 0.0000,  570.0000, 10500.0000, 0.0000,  0, 255, 0
L 540.0000, 10470.0000, 0.0000,  570.0000, 10470.0000, 0.0000,  0, 255, 0
L 520.0000, 10500.0000, 0.0000,  500.0000, 10470.0000, 0.0000,  0, 255, 0
L 500.0000, 10470.0000, 0.0000,  520.0000, 10470.0000, 0.0000,  0, 255, 0
L 480.0000, 10440.0000, 0.0000,  520.0000, 10440.0000, 0.0000,  0, 255, 0
L 520.0000, 10470.0000, 0.0000,  520.0000, 10440.0000, 0.0000,  0, 255, 0
L 480.0000, 10470.0000, 0.0000,  500.0000, 10470.0000, 0.0000,  0, 255, 0
L 480.0000, 10470.0000, 0.0000,  480.0000, 10500.0000, 0.0000,  0, 255, 0
L 480.0000, 10440.0000, 0.0000,  480.0000, 10470.0000, 0.0000,  0, 255, 0
L 460.0000, 10500.0000, 0.0000,  440.0000, 10470.0000, 0.0000,  0, 255, 0
L 440.0000, 10470.0000, 0.0000,  460.0000, 10470.0000, 0.0000,  0, 255, 0
L 420.0000, 10440.0000, 0.0000,  460.0000, 10440.0000, 0.0000,  0, 255, 0
L 460.0000, 10470.0000, 0.0000,  460.0000, 10440.0000, 0.0000,  0, 255, 0
L 420.0000, 10470.0000, 0.0000,  440.0000, 10470.0000, 0.0000,  0, 255, 0
L 420.0000, 10470.0000, 0.0000,  420.0000, 10500.0000, 0.0000,  0, 255, 0
L 420.0000, 10440.0000, 0.0000,  420.0000, 10470.0000, 0.0000,  0, 255, 0
L 360.0000, 10500.0000, 0.0000,  400.0000, 10500.0000, 0.0000,  0, 255, 0
L 360.0000, 10440.0000, 0.0000,  360.0000, 10500.0000, 0.0000,  0, 255, 0
L 400.0000, 10440.0000, 0.0000,  400.0000, 10500.0000, 0.0000,  0, 255, 0
L 310.0000, 10500.0000, 0.0000,  310.0000, 10440.0000, 0.0000,  0, 255, 0
L 310.0000, 10440.0000, 0.0000,  340.0000, 10440.0000, 0.0000,  0, 255, 0
L 340.0000, 10500.0000, 0.0000,  310.0000, 10500.0000, 0.0000,  0, 255, 0
L 230.0000, 10500.0000, 0.0000,  190.0000, 10500.0000, 0.0000,  0, 255, 0
L 190.0000, 10440.0000, 0.0000,  190.0000, 10500.0000, 0.0000,  0, 255, 0
L 130.0000, 10500.0000, 0.0000,  150.0000, 10440.0000, 0.0000,  0, 255, 0
L 150.0000, 10440.0000, 0.0000,  170.0000, 10500.0000, 0.0000,  0, 255, 0
L 140.0000, 10470.0000, 0.0000,  160.0000, 10470.0000, 0.0000,  0, 255, 0
L 110.0000, 10440.0000, 0.0000,  110.0000, 10500.0000, 0.0000,  0, 255, 0
L 60.0000, 10500.0000, 0.0000,  60.0000, 10440.0000, 0.0000,  0, 255, 0
L 60.0000, 10440.0000, 0.0000,  90.0000, 10440.0000, 0.0000,  0, 255, 0
L 90.0000, 10500.0000, 0.0000,  60.0000, 10500.0000, 0.0000,  0, 255, 0
L 40.0000, 10440.0000, 0.0000,  10.0000, 10440.0000, 0.0000,  0, 255, 0
L 10.0000, 10440.0000, 0.0000,  10.0000, 10500.0000, 0.0000,  0, 255, 0
L 10.0000, 10500.0000, 0.0000,  40.0000, 10500.0000, 0.0000,  0, 255, 0
L 10.0000, 10470.0000, 0.0000,  40.0000, 10470.0000, 0.0000,  0, 255, 0
L -40.0000, 10500.0000, 0.0000,  -40.0000, 10440.0000, 0.0000,  0, 255, 0
L -40.0000, 10440.0000, 0.0000,  -10.0000, 10440.0000, 0.0000,  0, 255, 0
L -10.0000, 10440.0000, 0.0000,  -10.0000, 10470.0000, 0.0000,  0, 255, 0
L -10.0000, 10470.0000, 0.0000,  -40.0000, 10470.0000, 0.0000,  0, 255, 0
L -60.0000, 10470.0000, 0.0000,  -60.0000, 10500.0000, 0.0000,  0, 255, 0
L -100.0000, 10440.0000, 0.0000,  -60.0000, 10440.0000, 0.0000,  0, 255, 0
L -60.0000, 10470.0000, 0.0000,  -100.0000, 10470.0000, 0.0000,  0, 255, 0
L -100.0000, 10500.0000, 0.0000,  -60.0000, 10500.0000, 0.0000,  0, 255, 0
L -100.0000, 10440.0000, 0.0000,  -100.0000, 10470.0000, 0.0000,  0, 255, 0
L 40.0000, 10350.0000, 0.0000,  60.0000, 10350.0000, 0.0000,  0, 240, 240
L 60.0000, 10350.0000, 0.0000,  70.0000, 10380.0000, 0.0000,  0, 240, 240
L 70.0000, 10380.0000, 0.0000,  60.0000, 10410.0000, 0.0000,  0, 240, 240
L 60.0000, 10410.0000, 0.0000,  40.0000, 10410.0000, 0.0000,  0, 240, 240
L 50.0000, 10410.0000, 0.0000,  50.0000, 10350.0000, 0.0000,  0, 240, 240
L 20.0000, 10350.0000, 0.0000,  20.0000, 10410.0000, 0.0000,  0, 240, 240
L -40.0000, 10410.0000, 0.0000,  -20.0000, 10350.0000, 0.0000,  0, 240, 240
L -20.0000, 10350.0000, 0.0000,  0.0000, 10410.0000, 0.0000,  0, 240, 240
L -30.0000, 10380.0000, 0.0000,  -10.0000, 10380.0000, 0.0000,  0, 240, 240
L -60.0000, 10410.0000, 0.0000,  -80.0000, 10380.0000, 0.0000,  0, 240, 240
L -80.0000, 10380.0000, 0.0000,  -60.0000, 10380.0000, 0.0000,  0, 240, 240
L -100.0000, 10350.0000, 0.0000,  -60.0000, 10350.0000, 0.0000,  0, 240, 240
L -60.0000, 10380.0000, 0.0000,  -60.0000, 10350.0000, 0.0000,  0, 240, 240
L -100.0000, 10380.0000, 0.0000,  -80.0000, 10380.0000, 0.0000,  0, 240, 240
L -100.0000, 10380.0000, 0.0000,  -100.0000, 10410.0000, 0.0000,  0, 240, 240
L -100.0000, 10350.0000, 0.0000,  -100.0000, 10380.0000, 0.0000,  0, 240, 240
L 270.0000, 10290.0000, 0.0000,  270.0000, 10320.0000, 0.0000,  0, 255, 0
L 230.0000, 10260.0000, 0.0000,  270.0000, 10260.0000, 0.0000,  0, 255, 0
L 270.0000, 10290.0000, 0.0000,  230.0000, 10290.0000, 0.0000,  0, 255, 0
L 230.0000, 10320.0000, 0.0000,  270.0000, 10320.0000, 0.0000,  0, 255, 0
L 230.0000, 10260.0000, 0.0000,  230.0000, 10290.0000, 0.0000,  0, 255, 0
L 210.0000, 10320.0000, 0.0000,  170.0000, 10320.0000, 0.0000,  0, 255, 0
L 170.0000, 10260.0000, 0.0000,  170.0000, 10320.0000, 0.0000,  0, 255, 0
L 150.0000, 10260.0000, 0.0000,  120.0000, 10260.0000, 0.0000,  0, 255, 0
L 120.0000, 10260.0000, 0.0000,  120.0000, 10320.0000, 0.0000,  0, 255, 0
L 120.0000, 10320.0000, 0.0000,  150.0000, 10320.0000, 0.0000,  0, 255, 0
L 120.0000, 10290.0000, 0.0000,  150.0000, 10290.0000, 0.0000,  0, 255, 0
L 70.0000, 10320.0000, 0.0000,  70.0000, 10260.0000, 0.0000,  0, 255, 0
L 70.0000, 10260.0000, 0.0000,  100.0000, 10260.0000, 0.0000,  0, 255, 0
L 100.0000, 10320.0000, 0.0000,  70.0000, 10320.0000, 0.0000,  0, 255, 0
L 50.0000, 10320.0000, 0.0000,  30.0000, 10290.0000, 0.0000,  0, 255, 0
L 30.0000, 10290.0000, 0.0000,  50.0000, 10290.0000, 0.0000,  0, 255, 0
L 10.0000, 10260.0000, 0.0000,  50.0000, 10260.0000, 0.0000,  0, 255, 0
L 50.0000, 10290.0000, 0.0000,  50.0000, 10260.0000, 0.0000,  0, 255, 0
L 10.0000, 10290.0000, 0.0000,  30.0000, 10290.0000, 0.0000,  0, 255, 0
L 10.0000, 10290.0000, 0.0000,  10.0000, 10320.0000, 0.0000,  0, 255, 0
L 10.0000, 10260.0000, 0.0000,  10.0000, 10290.0000, 0.0000,  0, 255, 0
L -50.0000, 10320.0000, 0.0000,  -30.0000, 10260.0000, 0.0000,  0, 255, 0
L -30.0000, 10260.0000, 0.0000,  -10.0000, 10320.0000, 0.0000,  0, 255, 0
L -40.0000, 10290.0000, 0.0000,  -20.0000, 10290.0000, 0.0000,  0, 255, 0
L -100.0000, 10320.0000, 0.0000,  -100.0000, 10260.0000, 0.0000,  0, 255, 0
L -100.0000, 10260.0000, 0.0000,  -70.0000, 10260.0000, 0.0000,  0, 255, 0
L -70.0000, 10260.0000, 0.0000,  -70.0000, 10290.0000, 0.0000,  0, 255, 0
L -70.0000, 10290.0000, 0.0000,  -100.0000, 10290.0000, 0.0000,  0, 255, 0
L 120.0000, 10170.0000, 0.0000,  140.0000, 10170.0000, 0.0000,  127, 64, 0
L 140.0000, 10170.0000, 0.0000,  150.0000, 10200.0000, 0.0000,  127, 64, 0
L 150.0000, 10200.0000, 0.0000,  140.0000, 10230.0000, 0.0000,  127, 64, 0
L 140.0000, 10230.0000, 0.0000,  120.0000, 10230.0000, 0.0000,  127, 64, 0
L 130.0000, 10230.0000, 0.0000,  130.0000, 10170.0000, 0.0000,  127, 64, 0
L 100.0000, 10170.0000, 0.0000,  70.0000, 10170.0000, 0.0000,  127, 64, 0
L 70.0000, 10170.0000, 0.0000,  70.0000, 10230.0000, 0.0000,  127, 64, 0
L 70.0000, 10230.0000, 0.0000,  100.0000, 10230.0000, 0.0000,  127, 64, 0
L 70.0000, 10200.0000, 0.0000,  100.0000, 10200.0000, 0.0000,  127, 64, 0
L 10.0000, 10230.0000, 0.0000,  10.0000, 10170.0000, 0.0000,  127, 64, 0
L 10.0000, 10170.0000, 0.0000,  30.0000, 10200.0000, 0.0000,  127, 64, 0
L 30.0000, 10200.0000, 0.0000,  50.0000, 10170.0000, 0.0000,  127, 64, 0
L 50.0000, 10170.0000, 0.0000,  50.0000, 10230.0000, 0.0000,  127, 64, 0
L -50.0000, 10230.0000, 0.0000,  -30.0000, 10170.0000, 0.0000,  127, 64, 0
L -30.0000, 10170.0000, 0.0000,  -10.0000, 10230.0000, 0.0000,  127, 64, 0
L -40.0000, 10200.0000, 0.0000,  -20.0000, 10200.0000, 0.0000,  127, 64, 0
L -100.0000, 10230.0000, 0.0000,  -100.0000, 10170.0000, 0.0000,  127, 64, 0
L -100.0000, 10170.0000, 0.0000,  -70.0000, 10230.0000, 0.0000,  127, 64, 0
L -70.0000, 10230.0000, 0.0000,  -70.0000, 10170.0000, 0.0000,  127, 64, 0
L 170.0000, 10140.0000, 0.0000,  170.0000, 10080.0000, 0.0000,  0, 127, 127
L 170.0000, 10080.0000, 0.0000,  200.0000, 10140.0000, 0.0000,  0, 127, 127
L 200.0000, 10140.0000, 0.0000,  200.0000, 10080.0000, 0.0000,  0, 127, 127
L 150.0000, 10080.0000, 0.0000,  150.0000, 10140.0000, 0.0000,  0, 127, 127
L 120.0000, 10080.0000, 0.0000,  120.0000, 10140.0000, 0.0000,  0, 127, 127
L 120.0000, 10140.0000, 0.0000,  150.0000, 10140.0000, 0.0000,  0, 127, 127
L 120.0000, 10080.0000, 0.0000,  150.0000, 10080.0000, 0.0000,  0, 127, 127
L 100.0000, 10080.0000, 0.0000,  100.0000, 10140.0000, 0.0000,  0, 127, 127
L 80.0000, 10110.0000, 0.0000,  80.0000, 10140.0000, 0.0000,  0, 127, 127
L 40.0000, 10080.0000, 0.0000,  80.0000, 10080.0000, 0.0000,  0, 127, 127
L 80.0000, 10110.0000, 0.0000,  40.0000, 10110.0000, 0.0000,  0, 127, 127
L 40.0000, 10140.0000, 0.0000,  80.0000, 10140.0000, 0.0000,  0, 127, 127
L 40.0000, 10080.0000, 0.0000,  40.0000, 10110.0000, 0.0000,  0, 127, 127
L 20.0000, 10110.0000, 0.0000,  20.0000, 10140.0000, 0.0000,  0, 127, 127
L -20.0000, 10080.0000, 0.0000,  20.0000, 10080.0000, 0.0000,  0, 127, 127
L 20.0000, 10110.0000, 0.0000,  -20.0000, 10110.0000, 0.0000,  0, 127, 127
L -20.0000, 10140.0000, 0.0000,  20.0000, 10140.0000, 0.0000,  0, 127, 127
L -20.0000, 10080.0000, 0.0000,  -20.0000, 10110.0000, 0.0000,  0, 127, 127
L -40.0000, 10080.0000, 0.0000,  -40.0000, 10140.0000, 0.0000,  0, 127, 127
L -100.0000, 10140.0000, 0.0000,  -100.0000, 10080.0000, 0.0000,  0, 127, 127
L -100.0000, 10080.0000, 0.0000,  -80.0000, 10110.0000, 0.0000,  0, 127, 127
L -80.0000, 10110.0000, 0.0000,  -60.0000, 10080.0000, 0.0000,  0, 127, 127
L -60.0000, 10080.0000, 0.0000,  -60.0000, 10140.0000, 0.0000,  0, 127, 127
L 290.0000, 9990.0000, 0.0000,  330.0000, 9990.0000, 0.0000,  0, 127, 0
L 310.0000, 9990.0000, 0.0000,  310.0000, 10050.0000, 0.0000,  0, 127, 0
L 240.0000, 10050.0000, 0.0000,  240.0000, 9990.0000, 0.0000,  0, 127, 0
L 240.0000, 9990.0000, 0.0000,  270.0000, 10050.0000, 0.0000,  0, 127, 0
L 270.0000, 10050.0000, 0.0000,  270.0000, 9990.0000, 0.0000,  0, 127, 0
L 180.0000, 10050.0000, 0.0000,  200.0000, 9990.0000, 0.0000,  0, 127, 0
L 200.0000, 9990.0000, 0.0000,  220.0000, 10050.0000, 0.0000,  0, 127, 0
L 190.0000, 10020.0000, 0.0000,  210.0000, 10020.0000, 0.0000,  0, 127, 0
L 120.0000, 10020.0000, 0.0000,  160.0000, 10020.0000, 0.0000,  0, 127, 0
L 160.0000, 10020.0000, 0.0000,  160.0000, 9990.0000, 0.0000,  0, 127, 0
L 120.0000, 10020.0000, 0.0000,  120.0000, 10050.0000, 0.0000,  0, 127, 0
L 160.0000, 10050.0000, 0.0000,  160.0000, 10020.0000, 0.0000,  0, 127, 0
L 120.0000, 9990.0000, 0.0000,  120.0000, 10020.0000, 0.0000,  0, 127, 0
L 70.0000, 10050.0000, 0.0000,  70.0000, 9990.0000, 0.0000,  0, 127, 0
L 70.0000, 9990.0000, 0.0000,  100.0000, 9990.0000, 0.0000,  0, 127, 0
L 100.0000, 10050.0000, 0.0000,  70.0000, 10050.0000, 0.0000,  0, 127, 0
L 50.0000, 10050.0000, 0.0000,  30.0000, 10020.0000, 0.0000,  0, 127, 0
L 30.0000, 10020.0000, 0.0000,  50.0000, 10020.0000, 0.0000,  0, 127, 0
L 10.0000, 9990.0000, 0.0000,  50.0000, 9990.0000, 0.0000,  0, 127, 0
L 50.0000, 10020.0000, 0.0000,  50.0000, 9990.0000, 0.0000,  0, 127, 0
L 10.0000, 10020.0000, 0.0000,  30.0000, 10020.0000, 0.0000,  0, 127, 0
L 10.0000, 10020.0000, 0.0000,  10.0000, 10050.0000, 0.0000,  0, 127, 0
L 10.0000, 9990.0000, 0.0000,  10.0000, 10020.0000, 0.0000,  0, 127, 0
L -10.0000, 9990.0000, 0.0000,  -40.0000, 9990.0000, 0.0000,  0, 127, 0
L -40.0000, 9990.0000, 0.0000,  -40.0000, 10050.0000, 0.0000,  0, 127, 0
L -40.0000, 10050.0000, 0.0000,  -10.0000, 10050.0000, 0.0000,  0, 127, 0
L -40.0000, 10020.0000, 0.0000,  -10.0000, 10020.0000, 0.0000,  0, 127, 0
L -100.0000, 10050.0000, 0.0000,  -100.0000, 9990.0000, 0.0000,  0, 127, 0
L -100.0000, 9990.0000, 0.0000,  -80.0000, 10020.0000, 0.0000,  0, 127, 0
L -80.0000, 10020.0000, 0.0000,  -60.0000, 9990.0000, 0.0000,  0, 127, 0
L -60.0000, 9990.0000, 0.0000,  -60.0000, 10050.0000, 0.0000,  0, 127, 0
L 220.0000, 9960.0000, 0.0000,  200.0000, 9930.0000, 0.0000,  127, 64, 0
L 200.0000, 9930.0000, 0.0000,  220.0000, 9930.0000, 0.0000,  127, 64, 0
L 180.0000, 9900.0000, 0.0000,  220.0000, 9900.0000, 0.0000,  127, 64, 0
L 220.0000, 9930.0000, 0.0000,  220.0000, 9900.0000, 0.0000,  127, 64, 0
L 180.0000, 9930.0000, 0.0000,  200.0000, 9930.0000, 0.0000,  127, 64, 0
L 180.0000, 9930.0000, 0.0000,  180.0000, 9960.0000, 0.0000,  127, 64, 0
L 180.0000, 9900.0000, 0.0000,  180.0000, 9930.0000, 0.0000,  127, 64, 0
L 160.0000, 9900.0000, 0.0000,  130.0000, 9900.0000, 0.0000,  127, 64, 0
L 130.0000, 9900.0000, 0.0000,  130.0000, 9960.0000, 0.0000,  127, 64, 0
L 130.0000, 9960.0000, 0.0000,  160.0000, 9960.0000, 0.0000,  127, 64, 0
L 130.0000, 9930.0000, 0.0000,  160.0000, 9930.0000, 0.0000,  127, 64, 0
L 70.0000, 9900.0000, 0.0000,  110.0000, 9900.0000, 0.0000,  127, 64, 0
L 90.0000, 9900.0000, 0.0000,  90.0000, 9960.0000, 0.0000,  127, 64, 0
L 20.0000, 9960.0000, 0.0000,  20.0000, 9900.0000, 0.0000,  127, 64, 0
L 20.0000, 9900.0000, 0.0000,  50.0000, 9960.0000, 0.0000,  127, 64, 0
L 50.0000, 9960.0000, 0.0000,  50.0000, 9900.0000, 0.0000,  127, 64, 0
L -40.0000, 9960.0000, 0.0000,  0.0000, 9960.0000, 0.0000,  127, 64, 0
L -40.0000, 9900.0000, 0.0000,  -40.0000, 9960.0000, 0.0000,  127, 64, 0
L 0.0000, 9900.0000, 0.0000,  0.0000, 9960.0000, 0.0000,  127, 64, 0
L -100.0000, 9930.0000, 0.0000,  -60.0000, 9930.0000, 0.0000,  127, 64, 0
L -60.0000, 9930.0000, 0.0000,  -60.0000, 9900.0000, 0.0000,  127, 64, 0
L -100.0000, 9930.0000, 0.0000,  -100.0000, 9960.0000, 0.0000,  127, 64, 0
L -60.0000, 9960.0000, 0.0000,  -60.0000, 9930.0000, 0.0000,  127, 64, 0
L -100.0000, 9900.0000, 0.0000,  -100.0000, 9930.0000, 0.0000,  127, 64, 0
L 530.0000, 9870.0000, 0.0000,  510.0000, 9840.0000, 0.0000,  128, 128, 128
L 510.0000, 9840.0000, 0.0000,  530.0000, 9840.0000, 0.0000,  128, 128, 128
L 490.0000, 9810.0000, 0.0000,  530.0000, 9810.0000, 0.0000,  128, 128, 128
L 530.0000, 9840.0000, 0.0000,  530.0000, 9810.0000, 0.0000,  128, 128, 128
L 490.0000, 9840.0000, 0.0000,  510.0000, 9840.0000, 0.0000,  128, 128, 128
L 490.0000, 9840.0000, 0.0000,  490.0000, 9870.0000, 0.0000,  128, 128, 128
L 490.0000, 9810.0000, 0.0000,  490.0000, 9840.0000, 0.0000,  128, 128, 128
L 470.0000, 9810.0000, 0.0000,  440.0000, 9810.0000, 0.0000,  128, 128, 128
L 440.0000, 9810.0000, 0.0000,  440.0000, 9870.0000, 0.0000,  128, 128, 128
L 440.0000, 9870.0000, 0.0000,  470.0000, 9870.0000, 0.0000,  128, 128, 128
L 440.0000, 9840.0000, 0.0000,  470.0000, 9840.0000, 0.0000,  128, 128, 128
L 380.0000, 9810.0000, 0.0000,  420.0000, 9810.0000, 0.0000,  128, 128, 128
L 400.0000, 9810.0000, 0.0000,  400.0000, 9870.0000, 0.0000,  128, 128, 128
L 360.0000, 9840.0000, 0.0000,  360.0000, 9870.0000, 0.0000,  128, 128, 128
L 320.0000, 9810.0000, 0.0000,  360.0000, 9810.0000, 0.0000,  128, 128, 128
L 360.0000, 9840.0000, 0.0000,  320.0000, 9840.0000, 0.0000,  128, 128, 128
L 320.0000, 9870.0000, 0.0000,  360.0000, 9870.0000, 0.0000,  128, 128, 128
L 320.0000, 9810.0000, 0.0000,  320.0000, 9840.0000, 0.0000,  128, 128, 128
L 260.0000, 9870.0000, 0.0000,  280.0000, 9810.0000, 0.0000,  128, 128, 128
L 280.0000, 9810.0000, 0.0000,  300.0000, 9870.0000, 0.0000,  128, 128, 128
L 270.0000, 9840.0000, 0.0000,  290.0000, 9840.0000, 0.0000,  128, 128, 128
L 200.0000, 9870.0000, 0.0000,  200.0000, 9810.0000, 0.0000,  128, 128, 128
L 200.0000, 9810.0000, 0.0000,  220.0000, 9840.0000, 0.0000,  128, 128, 128
L 220.0000, 9840.0000, 0.0000,  240.0000, 9810.0000, 0.0000,  128, 128, 128
L 240.0000, 9810.0000, 0.0000,  240.0000, 9870.0000, 0.0000,  128, 128, 128
L 90.0000, 9810.0000, 0.0000,  110.0000, 9810.0000, 0.0000,  128, 128, 128
L 110.0000, 9810.0000, 0.0000,  120.0000, 9840.0000, 0.0000,  128, 128, 128
L 120.0000, 9840.0000, 0.0000,  110.0000, 9870.0000, 0.0000,  128, 128, 128
L 110.0000, 9870.0000, 0.0000,  90.0000, 9870.0000, 0.0000,  128, 128, 128
L 100.0000, 9870.0000, 0.0000,  100.0000, 9810.0000, 0.0000,  128, 128, 128
L 70.0000, 9870.0000, 0.0000,  30.0000, 9870.0000, 0.0000,  128, 128, 128
L 30.0000, 9810.0000, 0.0000,  30.0000, 9870.0000, 0.0000,  128, 128, 128
L 10.0000, 9810.0000, 0.0000,  10.0000, 9870.0000, 0.0000,  128, 128, 128
L -50.0000, 9870.0000, 0.0000,  -10.0000, 9870.0000, 0.0000,  128, 128, 128
L -50.0000, 9810.0000, 0.0000,  -50.0000, 9870.0000, 0.0000,  128, 128, 128
L -10.0000, 9810.0000, 0.0000,  -10.0000, 9870.0000, 0.0000,  128, 128, 128
L -70.0000, 9840.0000, 0.0000,  -90.0000, 9840.0000, 0.0000,  128, 128, 128
L -70.0000, 9870.0000, 0.0000,  -70.0000, 9840.0000, 0.0000,  128, 128, 128
L -100.0000, 9870.0000, 0.0000,  -100.0000, 9810.0000, 0.0000,  128, 128, 128
L -100.0000, 9810.0000, 0.0000,  -70.0000, 9810.0000, 0.0000,  128, 128, 128
L -70.0000, 9870.0000, 0.0000,  -100.0000, 9870.0000, 0.0000,  128, 128, 128
L 510.0000, 9780.0000, 0.0000,  510.0000, 9720.0000, 0.0000,  0, 0, 255
L 510.0000, 9720.0000, 0.0000,  540.0000, 9780.0000, 0.0000,  0, 0, 255
L 540.0000, 9780.0000, 0.0000,  540.0000, 9720.0000, 0.0000,  0, 0, 255
L 450.0000, 9720.0000, 0.0000,  460.0000, 9780.0000, 0.0000,  0, 0, 255
L 460.0000, 9780.0000, 0.0000,  470.0000, 9750.0000, 0.0000,  0, 0, 255
L 470.0000, 9750.0000, 0.0000,  480.0000, 9780.0000, 0.0000,  0, 0, 255
L 480.0000, 9780.0000, 0.0000,  490.0000, 9720.0000, 0.0000,  0, 0, 255
L 390.0000, 9780.0000, 0.0000,  410.0000, 9720.0000, 0.0000,  0, 0, 255
L 410.0000, 9720.0000, 0.0000,  430.0000, 9780.0000, 0.0000,  0, 0, 255
L 400.0000, 9750.0000, 0.0000,  420.0000, 9750.0000, 0.0000,  0, 0, 255
L 340.0000, 9780.0000, 0.0000,  340.0000, 9720.0000, 0.0000,  0, 0, 255
L 340.0000, 9720.0000, 0.0000,  370.0000, 9720.0000, 0.0000,  0, 0, 255
L 370.0000, 9720.0000, 0.0000,  370.0000, 9750.0000, 0.0000,  0, 0, 255
L 370.0000, 9750.0000, 0.0000,  340.0000, 9750.0000, 0.0000,  0, 0, 255
L 320.0000, 9750.0000, 0.0000,  320.0000, 9780.0000, 0.0000,  0, 0, 255
L 280.0000, 9720.0000, 0.0000,  320.0000, 9720.0000, 0.0000,  0, 0, 255
L 320.0000, 9750.0000, 0.0000,  280.0000, 9750.0000, 0.0000,  0, 0, 255
L 280.0000, 9780.0000, 0.0000,  320.0000, 9780.0000, 0.0000,  0, 0, 255
L 280.0000, 9720.0000, 0.0000,  280.0000, 9750.0000, 0.0000,  0, 0, 255
L 170.0000, 9720.0000, 0.0000,  190.0000, 9720.0000, 0.0000,  0, 0, 255
L 190.0000, 9720.0000, 0.0000,  200.0000, 9750.0000, 0.0000,  0, 0, 255
L 200.0000, 9750.0000, 0.0000,  190.0000, 9780.0000, 0.0000,  0, 0, 255
L 190.0000, 9780.0000, 0.0000,  170.0000, 9780.0000, 0.0000,  0, 0, 255
L 180.0000, 9780.0000, 0.0000,  180.0000, 9720.0000, 0.0000,  0, 0, 255
L 120.0000, 9780.0000, 0.0000,  120.0000, 9720.0000, 0.0000,  0, 0, 255
L 120.0000, 9720.0000, 0.0000,  150.0000, 9780.0000, 0.0000,  0, 0, 255
L 150.0000, 9780.0000, 0.0000,  150.0000, 9720.0000, 0.0000,  0, 0, 255
L 60.0000, 9780.0000, 0.0000,  100.0000, 9780.0000, 0.0000,  0, 0, 255
L 60.0000, 9720.0000, 0.0000,  60.0000, 9780.0000, 0.0000,  0, 0, 255
L 100.0000, 9720.0000, 0.0000,  100.0000, 9780.0000, 0.0000,  0, 0, 255
L 40.0000, 9720.0000, 0.0000,  40.0000, 9780.0000, 0.0000,  0, 0, 255
L 10.0000, 9720.0000, 0.0000,  10.0000, 9780.0000, 0.0000,  0, 0, 255
L 10.0000, 9780.0000, 0.0000,  40.0000, 9780.0000, 0.0000,  0, 0, 255
L 10.0000, 9720.0000, 0.0000,  40.0000, 9720.0000, 0.0000,  0, 0, 255
L -10.0000, 9780.0000, 0.0000,  -30.0000, 9750.0000, 0.0000,  0, 0, 255
L -30.0000, 9750.0000, 0.0000,  -10.0000, 9750.0000, 0.0000,  0, 0, 255
L -50.0000, 9720.0000, 0.0000,  -10.0000, 9720.0000, 0.0000,  0, 0, 255
L -10.0000, 9750.0000, 0.0000,  -10.0000, 9720.0000, 0.0000,  0, 0, 255
L -50.0000, 9750.0000, 0.0000,  -30.0000, 9750.0000, 0.0000,  0, 0, 255
L -50.0000, 9750.0000, 0.0000,  -50.0000, 9780.0000, 0.0000,  0, 0, 255
L -50.0000, 9720.0000, 0.0000,  -50.0000, 9750.0000, 0.0000,  0, 0, 255
L -70.0000, 9750.0000, 0.0000,  -90.0000, 9750.0000, 0.0000,  0, 0, 255
L -70.0000, 9780.0000, 0.0000,  -70.0000, 9750.0000, 0.0000,  0, 0, 255
L -100.0000, 9780.0000, 0.0000,  -100.0000, 9720.0000, 0.0000,  0, 0, 255
L -100.0000, 9720.0000, 0.0000,  -70.0000, 9720.0000, 0.0000,  0, 0, 255
L -70.0000, 9780.0000, 0.0000,  -100.0000, 9780.0000, 0.0000,  0, 0, 255
L 260.0000, 9690.0000, 0.0000,  220.0000, 9690.0000, 0.0000,  0, 0, 0
L 220.0000, 9630.0000, 0.0000,  220.0000, 9690.0000, 0.0000,  0, 0, 0
L 160.0000, 9690.0000, 0.0000,  180.0000, 9630.0000, 0.0000,  0, 0, 0
L 180.0000, 9630.0000, 0.0000,  200.0000, 9690.0000, 0.0000,  0, 0, 0
L 170.0000, 9660.0000, 0.0000,  190.0000, 9660.0000, 0.0000,  0, 0, 0
L 140.0000, 9690.0000, 0.0000,  120.0000, 9660.0000, 0.0000,  0, 0, 0
L 120.0000, 9660.0000, 0.0000,  140.0000, 9660.0000, 0.0000,  0, 0, 0
L 100.0000, 9630.0000, 0.0000,  140.0000, 9630.0000, 0.0000,  0, 0, 0
L 140.0000, 9660.0000, 0.0000,  140.0000, 9630.0000, 0.0000,  0, 0, 0
L 100.0000, 9660.0000, 0.0000,  120.0000, 9660.0000, 0.0000,  0, 0, 0
L 100.0000, 9660.0000, 0.0000,  100.0000, 9690.0000, 0.0000,  0, 0, 0
L 100.0000, 9630.0000, 0.0000,  100.0000, 9660.0000, 0.0000,  0, 0, 0
L 80.0000, 9630.0000, 0.0000,  50.0000, 9630.0000, 0.0000,  0, 0, 0
L 50.0000, 9630.0000, 0.0000,  50.0000, 9690.0000, 0.0000,  0, 0, 0
L 50.0000, 9690.0000, 0.0000,  80.0000, 9690.0000, 0.0000,  0, 0, 0
L 50.0000, 9660.0000, 0.0000,  80.0000, 9660.0000, 0.0000,  0, 0, 0
L 0.0000, 9690.0000, 0.0000,  0.0000, 9630.0000, 0.0000,  0, 0, 0
L 0.0000, 9630.0000, 0.0000,  30.0000, 9690.0000, 0.0000,  0, 0, 0
L 30.0000, 9690.0000, 0.0000,  30.0000, 9630.0000, 0.0000,  0, 0, 0
L -20.0000, 9630.0000, 0.0000,  -50.0000, 9630.0000, 0.0000,  0, 0, 0
L -50.0000, 9630.0000, 0.0000,  -50.0000, 9690.0000, 0.0000,  0, 0, 0
L -50.0000, 9690.0000, 0.0000,  -20.0000, 9690.0000, 0.0000,  0, 0, 0
L -50.0000, 9660.0000, 0.0000,  -20.0000, 9660.0000, 0.0000,  0, 0, 0
L -70.0000, 9660.0000, 0.0000,  -90.0000, 9660.0000, 0.0000,  0, 0, 0
L -70.0000, 9690.0000, 0.0000,  -70.0000, 9660.0000, 0.0000,  0, 0, 0
L -100.0000, 9690.0000, 0.0000,  -100.0000, 9630.0000, 0.0000,  0, 0, 0
L -100.0000, 9630.0000, 0.0000,  -70.0000, 9630.0000, 0.0000,  0, 0, 0
L -70.0000, 9690.0000, 0.0000,  -100.0000, 9690.0000, 0.0000,  0, 0, 0
L 220.0000, 9540.0000, 0.0000,  260.0000, 9540.0000, 0.0000,  255, 255, 255
L 240.0000, 9540.0000, 0.0000,  240.0000, 9600.0000, 0.0000,  255, 255, 255
L 170.0000, 9600.0000, 0.0000,  170.0000, 9540.0000, 0.0000,  255, 255, 255
L 170.0000, 9540.0000, 0.0000,  200.0000, 9600.0000, 0.0000,  255, 255, 255
L 200.0000, 9600.0000, 0.0000,  200.0000, 9540.0000, 0.0000,  255, 255, 255
L 150.0000, 9540.0000, 0.0000,  120.0000, 9540.0000, 0.0000,  255, 255, 255
L 120.0000, 9540.0000, 0.0000,  120.0000, 9600.0000, 0.0000,  255, 255, 255
L 120.0000, 9600.0000, 0.0000,  150.0000, 9600.0000, 0.0000,  255, 255, 255
L 120.0000, 9570.0000, 0.0000,  150.0000, 9570.0000, 0.0000,  255, 255, 255
L 60.0000, 9600.0000, 0.0000,  60.0000, 9540.0000, 0.0000,  255, 255, 255
L 60.0000, 9540.0000, 0.0000,  80.0000, 9570.0000, 0.0000,  255, 255, 255
L 80.0000, 9570.0000, 0.0000,  100.0000, 9540.0000, 0.0000,  255, 255, 255
L 100.0000, 9540.0000, 0.0000,  100.0000, 9600.0000, 0.0000,  255, 255, 255
L 0.0000, 9600.0000, 0.0000,  0.0000, 9540.0000, 0.0000,  255, 255, 255
L 0.0000, 9540.0000, 0.0000,  20.0000, 9570.0000, 0.0000,  255, 255, 255
L 20.0000, 9570.0000, 0.0000,  40.0000, 9540.0000, 0.0000,  255, 255, 255
L 40.0000, 9540.0000, 0.0000,  40.0000, 9600.0000, 0.0000,  255, 255, 255
L -20.0000, 9540.0000, 0.0000,  -20.0000, 9600.0000, 0.0000,  255, 255, 255
L -50.0000, 9540.0000, 0.0000,  -50.0000, 9600.0000, 0.0000,  255, 255, 255
L -50.0000, 9600.0000, 0.0000,  -20.0000, 9600.0000, 0.0000,  255, 255, 255
L -50.0000, 9540.0000, 0.0000,  -20.0000, 9540.0000, 0.0000,  255, 255, 255
L -100.0000, 9600.0000, 0.0000,  -100.0000, 9540.0000, 0.0000,  255, 255, 255
L -100.0000, 9540.0000, 0.0000,  -70.0000, 9540.0000, 0.0000,  255, 255, 255
L -70.0000, 9600.0000, 0.0000,  -100.0000, 9600.0000, 0.0000,  255, 255, 255
L 220.0000, 9510.0000, 0.0000,  200.0000, 9480.0000, 0.0000,  255, 210, 0
L 200.0000, 9480.0000, 0.0000,  220.0000, 9480.0000, 0.0000,  255, 210, 0
L 180.0000, 9450.0000, 0.0000,  220.0000, 9450.0000, 0.0000,  255, 210, 0
L 220.0000, 9480.0000, 0.0000,  220.0000, 9450.0000, 0.0000,  255, 210, 0
L 180.0000, 9480.0000, 0.0000,  200.0000, 9480.0000, 0.0000,  255, 210, 0
L 180.0000, 9480.0000, 0.0000,  180.0000, 9510.0000, 0.0000,  255, 210, 0
L 180.0000, 9450.0000, 0.0000,  180.0000, 9480.0000, 0.0000,  255, 210, 0
L 160.0000, 9450.0000, 0.0000,  130.0000, 9450.0000, 0.0000,  255, 210, 0
L 130.0000, 9450.0000, 0.0000,  130.0000, 9510.0000, 0.0000,  255, 210, 0
L 130.0000, 9510.0000, 0.0000,  160.0000, 9510.0000, 0.0000,  255, 210, 0
L 130.0000, 9480.0000, 0.0000,  160.0000, 9480.0000, 0.0000,  255, 210, 0
L 70.0000, 9480.0000, 0.0000,  110.0000, 9450.0000, 0.0000,  255, 210, 0
L 70.0000, 9480.0000, 0.0000,  110.0000, 9510.0000, 0.0000,  255, 210, 0
L 70.0000, 9480.0000, 0.0000,  70.0000, 9510.0000, 0.0000,  255, 210, 0
L 70.0000, 9450.0000, 0.0000,  70.0000, 9480.0000, 0.0000,  255, 210, 0
L 20.0000, 9510.0000, 0.0000,  20.0000, 9450.0000, 0.0000,  255, 210, 0
L 20.0000, 9450.0000, 0.0000,  50.0000, 9510.0000, 0.0000,  255, 210, 0
L 50.0000, 9510.0000, 0.0000,  50.0000, 9450.0000, 0.0000,  255, 210, 0
L -40.0000, 9510.0000, 0.0000,  -20.0000, 9450.0000, 0.0000,  255, 210, 0
L -20.0000, 9450.0000, 0.0000,  0.0000, 9510.0000, 0.0000,  255, 210, 0
L -30.0000, 9480.0000, 0.0000,  -10.0000, 9480.0000, 0.0000,  255, 210, 0
L -60.0000, 9495.0000, 0.0000,  -80.0000, 9510.0000, 0.0000,  255, 210, 0
L -80.0000, 9480.0000, 0.0000,  -60.0000, 9495.0000, 0.0000,  255, 210, 0
L -80.0000, 9450.0000, 0.0000,  -60.0000, 9465.0000, 0.0000,  255, 210, 0
L -80.0000, 9480.0000, 0.0000,  -60.0000, 9465.0000, 0.0000,  255, 210, 0
L -80.0000, 9480.0000, 0.0000,  -100.0000, 9480.0000, 0.0000,  255, 210, 0
L -100.0000, 9480.0000, 0.0000,  -100.0000, 9510.0000, 0.0000,  255, 210, 0
L -80.0000, 9510.0000, 0.0000,  -100.0000, 9510.0000, 0.0000,  255, 210, 0
L -100.0000, 9450.0000, 0.0000,  -80.0000, 9450.0000, 0.0000,  255, 210, 0
L -100.0000, 9450.0000, 0.0000,  -100.0000, 9480.0000, 0.0000,  255, 210, 0
L 250.0000, 9400.0000, 0.0000,  230.0000, 9370.0000, 0.0000,  0, 0, 0
L 230.0000, 9370.0000, 0.0000,  250.0000, 9370.0000, 0.0000,  0, 0, 0
L 210.0000, 9340.0000, 0.0000,  250.0000, 9340.0000, 0.0000,  0, 0, 0
L 250.0000, 9370.0000, 0.0000,  250.0000, 9340.0000, 0.0000,  0, 0, 0
L 210.0000, 9370.0000, 0.0000,  230.0000, 9370.0000, 0.0000,  0, 0, 0
L 210.0000, 9370.0000, 0.0000,  210.0000, 9400.0000, 0.0000,  0, 0, 0
L 210.0000, 9340.0000, 0.0000,  210.0000, 9370.0000, 0.0000,  0, 0, 0
L 190.0000, 9340.0000, 0.0000,  190.0000, 9400.0000, 0.0000,  0, 0, 0
L 160.0000, 9340.0000, 0.0000,  160.0000, 9400.0000, 0.0000,  0, 0, 0
L 160.0000, 9400.0000, 0.0000,  190.0000, 9400.0000, 0.0000,  0, 0, 0
L 160.0000, 9340.0000, 0.0000,  190.0000, 9340.0000, 0.0000,  0, 0, 0
L 140.0000, 9340.0000, 0.0000,  140.0000, 9400.0000, 0.0000,  0, 0, 0
L 110.0000, 9340.0000, 0.0000,  110.0000, 9400.0000, 0.0000,  0, 0, 0
L 110.0000, 9400.0000, 0.0000,  140.0000, 9400.0000, 0.0000,  0, 0, 0
L 110.0000, 9340.0000, 0.0000,  140.0000, 9340.0000, 0.0000,  0, 0, 0
L 60.0000, 9340.0000, 0.0000,  80.0000, 9340.0000, 0.0000,  0, 0, 0
L 80.0000, 9340.0000, 0.0000,  90.0000, 9370.0000, 0.0000,  0, 0, 0
L 90.0000, 9370.0000, 0.0000,  80.0000, 9400.0000, 0.0000,  0, 0, 0
L 80.0000, 9400.0000, 0.0000,  60.0000, 9400.0000, 0.0000,  0, 0, 0
L 70.0000, 9400.0000, 0.0000,  70.0000, 9340.0000, 0.0000,  0, 0, 0
L -10.0000, 9383.0000, 0.0000,  -10.0000, 9357.0000, 0.0000,  205, 133, 63
L -40.0000, 9357.0000, 0.0000,  -40.0000, 9330.0000, 0.0000,  205, 133, 63
L -40.0000, 9330.0000, 0.0000,  20.0000, 9330.0000, 0.0000,  0, 0, 0
L -40.0000, 9357.0000, 0.0000,  -10.0000, 9357.0000, 0.0000,  205, 133, 63
L -70.0000, 9357.0000, 0.0000,  -40.0000, 9357.0000, 0.0000,  205, 133, 63
L -70.0000, 9383.0000, 0.0000,  -10.0000, 9383.0000, 0.0000,  205, 133, 63
L -40.0000, 9410.0000, 0.0000,  -40.0000, 9383.0000, 0.0000,  205, 133, 63
L -40.0000, 9410.0000, 0.0000,  20.0000, 9410.0000, 0.0000,  0, 0, 0
L -70.0000, 9383.0000, 0.0000,  -70.0000, 9357.0000, 0.0000,  205, 133, 63
L -100.0000, 9330.0000, 0.0000,  -40.0000, 9330.0000, 0.0000,  0, 0, 0
L -100.0000, 9410.0000, 0.0000,  -40.0000, 9410.0000, 0.0000,  0, 0, 0
L 160.0000, 9200.0000, 0.0000,  180.0000, 9200.0000, 0.0000,  0, 0, 0
L 180.0000, 9200.0000, 0.0000,  190.0000, 9230.0000, 0.0000,  0, 0, 0
L 190.0000, 9230.0000, 0.0000,  180.0000, 9260.0000, 0.0000,  0, 0, 0
L 180.0000, 9260.0000, 0.0000,  160.0000, 9260.0000, 0.0000,  0, 0, 0
L 170.0000, 9260.0000, 0.0000,  170.0000, 9200.0000, 0.0000,  0, 0, 0
L 110.0000, 9260.0000, 0.0000,  110.0000, 9200.0000, 0.0000,  0, 0, 0
L 110.0000, 9200.0000, 0.0000,  140.0000, 9260.0000, 0.0000,  0, 0, 0
L 140.0000, 9260.0000, 0.0000,  140.0000, 9200.0000, 0.0000,  0, 0, 0
L 90.0000, 9200.0000, 0.0000,  60.0000, 9200.0000, 0.0000,  0, 0, 0
L 60.0000, 9200.0000, 0.0000,  60.0000, 9260.0000, 0.0000,  0, 0, 0
L 60.0000, 9260.0000, 0.0000,  90.0000, 9260.0000, 0.0000,  0, 0, 0
L 60.0000, 9230.0000, 0.0000,  90.0000, 9230.0000, 0.0000,  0, 0, 0
L 40.0000, 9230.0000, 0.0000,  20.0000, 9230.0000, 0.0000,  0, 0, 0
L 40.0000, 9260.0000, 0.0000,  40.0000, 9230.0000, 0.0000,  0, 0, 0
L 10.0000, 9260.0000, 0.0000,  10.0000, 9200.0000, 0.0000,  0, 0, 0
L 10.0000, 9200.0000, 0.0000,  40.0000, 9200.0000, 0.0000,  0, 0, 0
L 40.0000, 9260.0000, 0.0000,  10.0000, 9260.0000, 0.0000,  0, 0, 0
L -10.0000, 9200.0000, 0.0000,  -40.0000, 9200.0000, 0.0000,  0, 0, 0
L -40.0000, 9200.0000, 0.0000,  -40.0000, 9260.0000, 0.0000,  0, 0, 0
L -40.0000, 9260.0000, 0.0000,  -10.0000, 9260.0000, 0.0000,  0, 0, 0
L -40.0000, 9230.0000, 0.0000,  -10.0000, 9230.0000, 0.0000,  0, 0, 0
L -60.0000, 9260.0000, 0.0000,  -100.0000, 9260.0000, 0.0000,  0, 0, 0
L -100.0000, 9200.0000, 0.0000,  -100.0000, 9260.0000, 0.0000,  0, 0, 0
L 637.3000, -90.0000, 0.0000,  637.3000, -20.0000, 0.0000,  255, 0, 0
L 599.0000, -90.0000, 0.0000,  599.0000, -20.0000, 0.0000,  255, 0, 0
L 599.0000, -20.0000, 0.0000,  637.3000, -20.0000, 0.0000,  255, 0, 0
L 599.0000, -90.0000, 0.0000,  637.3000, -90.0000, 0.0000,  255, 0, 0
L 60.0000, -60.0000, 0.0000,  80.0000, -60.0000, 0.0000,  255, 0, 0
L 40.0000, -60.0000, 0.0000,  60.0000, -60.0000, 0.0000,  255, 0, 0
L 60.0000, -60.0000, 0.0000,  60.0000, -40.0000, 0.0000,  255, 0, 0
L 60.0000, -80.0000, 0.0000,  60.0000, -60.0000, 0.0000,  255, 0, 0
L 90.0000, -50.0000, 0.0000,  80.0000, -30.0000, 0.0000,  255, 0, 0
L 120.0000, -60.0000, 0.0000,  140.0000, -60.0000, 0.0000,  255, 0, 0
L 100.0000, -60.0000, 0.0000,  120.0000, -60.0000, 0.0000,  255, 0, 0
L -60.0000, 60.0000, 0.0000,  -80.0000, 60.0000, 0.0000,  255, 0, 0
L -40.0000, 60.0000, 0.0000,  -60.0000, 60.0000, 0.0000,  255, 0, 0
L -60.0000, 60.0000, 0.0000,  -60.0000, 40.0000, 0.0000,  255, 0, 0
L -60.0000, 80.0000, 0.0000,  -60.0000, 60.0000, 0.0000,  255, 0, 0
L -90.0000, 70.0000, 0.0000,  -100.0000, 90.0000, 0.0000,  255, 0, 0
L -120.0000, 60.0000, 0.0000,  -140.0000, 60.0000, 0.0000,  255, 0, 0
L -100.0000, 60.0000, 0.0000,  -120.0000, 60.0000, 0.0000,  255, 0, 0
L 60.0000, 60.0000, 0.0000,  80.0000, 60.0000, 0.0000,  255, 0, 0
L 40.0000, 60.0000, 0.0000,  60.0000, 60.0000, 0.0000,  255, 0, 0
L 90.0000, 70.0000, 0.0000,  80.0000, 90.0000, 0.0000,  255, 0, 0
L 120.0000, 60.0000, 0.0000,  140.0000, 60.0000, 0.0000,  255, 0, 0
L 100.0000, 60.0000, 0.0000,  120.0000, 60.0000, 0.0000,  255, 0, 0
L -60.0000, -60.0000, 0.0000,  -80.0000, -60.0000, 0.0000,  255, 0, 0
L -40.0000, -60.0000, 0.0000,  -60.0000, -60.0000, 0.0000,  255, 0, 0
L -60.0000, -60.0000, 0.0000,  -60.0000, -40.0000, 0.0000,  255, 0, 0
L -60.0000, -80.0000, 0.0000,  -60.0000, -60.0000, 0.0000,  255, 0, 0
L -90.0000, -50.0000, 0.0000,  -100.0000, -30.0000, 0.0000,  255, 0, 0
L -120.0000, -60.0000, 0.0000,  -140.0000, -60.0000, 0.0000,  255, 0, 0
L -100.0000, -60.0000, 0.0000,  -120.0000, -60.0000, 0.0000,  255, 0, 0
L -120.0000, -60.0000, 0.0000,  -120.0000, -40.0000, 0.0000,  255, 0, 0
L -120.0000, -80.0000, 0.0000,  -120.0000, -60.0000, 0.0000,  255, 0, 0
L -250.0000, 0.0000, 0.0000,  1000.0000, 0.0000, 0.0000,  255, 0, 0
L 0.0000, -250.0000, 0.0000,  0.0000, 250.0000, 0.0000,  255, 0, 0
L 460.0000, -20.0000, 0.0000,  460.0000, -90.0000, 0.0000,  255, 0, 0
L 460.0000, -90.0000, 0.0000,  450.0000, -80.0000, 0.0000,  255, 0, 0
L 480.0000, -20.0000, 0.0000,  480.0000, -90.0000, 0.0000,  255, 0, 0
L 480.0000, -90.0000, 0.0000,  520.0000, -90.0000, 0.0000,  255, 0, 0
L 520.0000, -90.0000, 0.0000,  520.0000, -20.0000, 0.0000,  255, 0, 0
L 520.0000, -20.0000, 0.0000,  480.0000, -20.0000, 0.0000,  255, 0, 0
L 540.0000, -20.0000, 0.0000,  540.0000, -90.0000, 0.0000,  255, 0, 0
L 540.0000, -90.0000, 0.0000,  580.0000, -90.0000, 0.0000,  255, 0, 0
L 580.0000, -90.0000, 0.0000,  580.0000, -20.0000, 0.0000,  255, 0, 0
L 580.0000, -20.0000, 0.0000,  540.0000, -20.0000, 0.0000,  255, 0, 0
L -20.0000, -50.0000, 0.0000,  20.0000, -50.0000, 0.0000,  255, 0, 0
L 50.0000, -20.0000, 0.0000,  50.0000, 20.0000, 0.0000,  255, 0, 0
L 20.0000, 50.0000, 0.0000,  -20.0000, 50.0000, 0.0000,  255, 0, 0
L -50.0000, 20.0000, 0.0000,  -50.0000, -20.0000, 0.0000,  255, 0, 0
L -50.0000, -20.0000, 0.0000,  -20.0000, -50.0000, 0.0000,  255, 0, 0
L 20.0000, -50.0000, 0.0000,  50.0000, -20.0000, 0.0000,  255, 0, 0
L 50.0000, 20.0000, 0.0000,  20.0000, 50.0000, 0.0000,  255, 0, 0
L -20.0000, 50.0000, 0.0000,  -50.0000, 20.0000, 0.0000,  255, 0, 0
L 1000.0000, 0.0000, 0.0000,  1000.0000, -50.0000, 0.0000,  255, 0, 0
P -1100.0000, 9800.0000, 0.0000,  0, 0, 0,  2,  Return_of_the_Exiled_(www.roteguild.org)
P -1100.0000, 9600.0000, 0.0000,  0, 0, 0,  2,  http://www.eqmaps.info
P -1100.0000, 9400.0000, 0.0000,  0, 0, 0,  2,  Revised_Map:_Brewall_Rainsinger_(Cazic-Thule)
P -1100.0000, 9200.0000, 0.0000,  0, 0, 0,  2,  Original_Map:_EverQuest_Default
