L 1000.0, 0.0, 0.0, 1000.0, -50.0, 0.0, 255, 0, 0
L -20.0, 50.0, 0.0, -50.0, 20.0, 0.0, 255, 0, 0
L 50.0, 20.0, 0.0, 20.0, 50.0, 0.0, 255, 0, 0
L 20.0, -50.0, 0.0, 50.0, -20.0, 0.0, 255, 0, 0
L -50.0, -20.0, 0.0, -20.0, -50.0, 0.0, 255, 0, 0
L -50.0, 20.0, 0.0, -50.0, -20.0, 0.0, 255, 0, 0
L 20.0, 50.0, 0.0, -20.0, 50.0, 0.0, 255, 0, 0
L 50.0, -20.0, 0.0, 50.0, 20.0, 0.0, 255, 0, 0
L -20.0, -50.0, 0.0, 20.0, -50.0, 0.0, 255, 0, 0
L 580.0, -20.0, 0.0, 540.0, -20.0, 0.0, 255, 0, 0
L 580.0, -90.0, 0.0, 580.0, -20.0, 0.0, 255, 0, 0
L 540.0, -90.0, 0.0, 580.0, -90.0, 0.0, 255, 0, 0
L 540.0, -20.0, 0.0, 540.0, -90.0, 0.0, 255, 0, 0
L 520.0, -20.0, 0.0, 480.0, -20.0, 0.0, 255, 0, 0
L 520.0, -90.0, 0.0, 520.0, -20.0, 0.0, 255, 0, 0
L 480.0, -90.0, 0.0, 520.0, -90.0, 0.0, 255, 0, 0
L 480.0, -20.0, 0.0, 480.0, -90.0, 0.0, 255, 0, 0
L 460.0, -90.0, 0.0, 450.0, -80.0, 0.0, 255, 0, 0
L 460.0, -20.0, 0.0, 460.0, -90.0, 0.0, 255, 0, 0
L 0.0, -250.0, 0.0, 0.0, 250.0, 0.0, 255, 0, 0
L -250.0, 0.0, 0.0, 1000.0, 0.0, 0.0, 255, 0, 0
L -120.0, -80.0, 0.0, -120.0, -60.0, 0.0, 255, 0, 0
L -120.0, -60.0, 0.0, -120.0, -40.0, 0.0, 255, 0, 0
L -100.0, -60.0, 0.0, -120.0, -60.0, 0.0, 255, 0, 0
L -120.0, -60.0, 0.0, -140.0, -60.0, 0.0, 255, 0, 0
L -90.0, -50.0, 0.0, -100.0, -30.0, 0.0, 255, 0, 0
L -60.0, -80.0, 0.0, -60.0, -60.0, 0.0, 255, 0, 0
L -60.0, -60.0, 0.0, -60.0, -40.0, 0.0, 255, 0, 0
L -40.0, -60.0, 0.0, -60.0, -60.0, 0.0, 255, 0, 0
L -60.0, -60.0, 0.0, -80.0, -60.0, 0.0, 255, 0, 0
L 100.0, 60.0, 0.0, 120.0, 60.0, 0.0, 255, 0, 0
L 120.0, 60.0, 0.0, 140.0, 60.0, 0.0, 255, 0, 0
L 90.0, 70.0, 0.0, 80.0, 90.0, 0.0, 255, 0, 0
L 40.0, 60.0, 0.0, 60.0, 60.0, 0.0, 255, 0, 0
L 60.0, 60.0, 0.0, 80.0, 60.0, 0.0, 255, 0, 0
L -100.0, 60.0, 0.0, -120.0, 60.0, 0.0, 255, 0, 0
L -120.0, 60.0, 0.0, -140.0, 60.0, 0.0, 255, 0, 0
L -90.0, 70.0, 0.0, -100.0, 90.0, 0.0, 255, 0, 0
L -60.0, 80.0, 0.0, -60.0, 60.0, 0.0, 255, 0, 0
L -60.0, 60.0, 0.0, -60.0, 40.0, 0.0, 255, 0, 0
L -40.0, 60.0, 0.0, -60.0, 60.0, 0.0, 255, 0, 0
L -60.0, 60.0, 0.0, -80.0, 60.0, 0.0, 255, 0, 0
L 100.0, -60.0, 0.0, 120.0, -60.0, 0.0, 255, 0, 0
L 120.0, -60.0, 0.0, 140.0, -60.0, 0.0, 255, 0, 0
L 90.0, -50.0, 0.0, 80.0, -30.0, 0.0, 255, 0, 0
L 60.0, -80.0, 0.0, 60.0, -60.0, 0.0, 255, 0, 0
L 60.0, -60.0, 0.0, 60.0, -40.0, 0.0, 255, 0, 0
L 40.0, -60.0, 0.0, 60.0, -60.0, 0.0, 255, 0, 0
L 60.0, -60.0, 0.0, 80.0, -60.0, 0.0, 255, 0, 0
L 599.0, -90.0, 0.0, 637.3, -90.0, 0.0, 255, 0, 0
L 599.0, -20.0, 0.0, 637.3, -20.0, 0.0, 255, 0, 0
L 599.0, -90.0, 0.0, 599.0, -20.0, 0.0, 255, 0, 0
L 637.3, -90.0, 0.0, 637.3, -20.0, 0.0, 255, 0, 0
L 1200, 300, 0, 1200, 360, 0, 0, 0, 0
L 1240, 360, 0, 1200, 360, 0, 0, 0, 0
L 1260, 330, 0, 1290, 330, 0, 0, 0, 0
L 1260, 360, 0, 1290, 360, 0, 0, 0, 0
L 1260, 300, 0, 1260, 360, 0, 0, 0, 0
L 1290, 300, 0, 1260, 300, 0, 0, 0, 0
L 1340, 360, 0, 1310, 360, 0, 0, 0, 0
L 1310, 300, 0, 1340, 300, 0, 0, 0, 0
L 1310, 360, 0, 1310, 300, 0, 0, 0, 0
L 1340, 360, 0, 1340, 330, 0, 0, 0, 0
L 1340, 330, 0, 1320, 330, 0, 0, 0, 0
L 1360, 330, 0, 1390, 330, 0, 0, 0, 0
L 1360, 360, 0, 1390, 360, 0, 0, 0, 0
L 1360, 300, 0, 1360, 360, 0, 0, 0, 0
L 1390, 300, 0, 1360, 300, 0, 0, 0, 0
L 1440, 360, 0, 1440, 300, 0, 0, 0, 0
L 1410, 300, 0, 1440, 360, 0, 0, 0, 0
L 1410, 360, 0, 1410, 300, 0, 0, 0, 0
L 1470, 360, 0, 1470, 300, 0, 0, 0, 0
L 1480, 360, 0, 1460, 360, 0, 0, 0, 0
L 1490, 330, 0, 1480, 360, 0, 0, 0, 0
L 1480, 300, 0, 1490, 330, 0, 0, 0, 0
L 1460, 300, 0, 1480, 300, 0, 0, 0, 0
L 1200, 510, 0, 1260, 510, 0, 0, 0, 0
L 1200, 430, 0, 1260, 430, 0, 0, 0, 0
L 1230, 483, 0, 1230, 457, 0, 205, 133, 63
L 1260, 510, 0, 1320, 510, 0, 0, 0, 0
L 1260, 510, 0, 1260, 483, 0, 205, 133, 63
L 1230, 483, 0, 1290, 483, 0, 205, 133, 63
L 1230, 457, 0, 1260, 457, 0, 205, 133, 63
L 1260, 457, 0, 1290, 457, 0, 205, 133, 63
L 1260, 430, 0, 1320, 430, 0, 0, 0, 0
L 1260, 457, 0, 1260, 430, 0, 205, 133, 63
L 1290, 483, 0, 1290, 457, 0, 205, 133, 63
L 1370, 500, 0, 1370, 440, 0, 0, 0, 0
L 1380, 500, 0, 1360, 500, 0, 0, 0, 0
L 1390, 470, 0, 1380, 500, 0, 0, 0, 0
L 1380, 440, 0, 1390, 470, 0, 0, 0, 0
L 1360, 440, 0, 1380, 440, 0, 0, 0, 0
L 1410, 440, 0, 1440, 440, 0, 0, 0, 0
L 1410, 500, 0, 1440, 500, 0, 0, 0, 0
L 1410, 440, 0, 1410, 500, 0, 0, 0, 0
L 1440, 440, 0, 1440, 500, 0, 0, 0, 0
L 1460, 440, 0, 1490, 440, 0, 0, 0, 0
L 1460, 500, 0, 1490, 500, 0, 0, 0, 0
L 1460, 440, 0, 1460, 500, 0, 0, 0, 0
L 1490, 440, 0, 1490, 500, 0, 0, 0, 0
L 1510, 440, 0, 1510, 470, 0, 0, 0, 0
L 1510, 470, 0, 1510, 500, 0, 0, 0, 0
L 1510, 470, 0, 1530, 470, 0, 0, 0, 0
L 1550, 470, 0, 1550, 440, 0, 0, 0, 0
L 1510, 440, 0, 1550, 440, 0, 0, 0, 0
L 1530, 470, 0, 1550, 470, 0, 0, 0, 0
L 1550, 500, 0, 1530, 470, 0, 0, 0, 0
L 1200, 550, 0, 1200, 580, 0, 255, 210, 0
L 1200, 550, 0, 1220, 550, 0, 255, 210, 0
L 1220, 610, 0, 1200, 610, 0, 255, 210, 0
L 1200, 580, 0, 1200, 610, 0, 255, 210, 0
L 1220, 580, 0, 1200, 580, 0, 255, 210, 0
L 1220, 580, 0, 1240, 565, 0, 255, 210, 0
L 1220, 550, 0, 1240, 565, 0, 255, 210, 0
L 1220, 580, 0, 1240, 595, 0, 255, 210, 0
L 1240, 595, 0, 1220, 610, 0, 255, 210, 0
L 1270, 580, 0, 1290, 580, 0, 255, 210, 0
L 1280, 550, 0, 1300, 610, 0, 255, 210, 0
L 1260, 610, 0, 1280, 550, 0, 255, 210, 0
L 1350, 610, 0, 1350, 550, 0, 255, 210, 0
L 1320, 550, 0, 1350, 610, 0, 255, 210, 0
L 1320, 610, 0, 1320, 550, 0, 255, 210, 0
L 1370, 550, 0, 1370, 580, 0, 255, 210, 0
L 1370, 580, 0, 1370, 610, 0, 255, 210, 0
L 1370, 580, 0, 1410, 610, 0, 255, 210, 0
L 1370, 580, 0, 1410, 550, 0, 255, 210, 0
L 1430, 580, 0, 1460, 580, 0, 255, 210, 0
L 1430, 610, 0, 1460, 610, 0, 255, 210, 0
L 1430, 550, 0, 1430, 610, 0, 255, 210, 0
L 1460, 550, 0, 1430, 550, 0, 255, 210, 0
L 1480, 550, 0, 1480, 580, 0, 255, 210, 0
L 1480, 580, 0, 1480, 610, 0, 255, 210, 0
L 1480, 580, 0, 1500, 580, 0, 255, 210, 0
L 1520, 580, 0, 1520, 550, 0, 255, 210, 0
L 1480, 550, 0, 1520, 550, 0, 255, 210, 0
L 1500, 580, 0, 1520, 580, 0, 255, 210, 0
L 1520, 610, 0, 1500, 580, 0, 255, 210, 0
L 1230, 700, 0, 1200, 700, 0, 255, 255, 255
L 1200, 640, 0, 1230, 640, 0, 255, 255, 255
L 1200, 700, 0, 1200, 640, 0, 255, 255, 255
L 1250, 640, 0, 1280, 640, 0, 255, 255, 255
L 1250, 700, 0, 1280, 700, 0, 255, 255, 255
L 1250, 640, 0, 1250, 700, 0, 255, 255, 255
L 1280, 640, 0, 1280, 700, 0, 255, 255, 255
L 1340, 640, 0, 1340, 700, 0, 255, 255, 255
L 1320, 670, 0, 1340, 640, 0, 255, 255, 255
L 1300, 640, 0, 1320, 670, 0, 255, 255, 255
L 1300, 700, 0, 1300, 640, 0, 255, 255, 255
L 1400, 640, 0, 1400, 700, 0, 255, 255, 255
L 1380, 670, 0, 1400, 640, 0, 255, 255, 255
L 1360, 640, 0, 1380, 670, 0, 255, 255, 255
L 1360, 700, 0, 1360, 640, 0, 255, 255, 255
L 1420, 670, 0, 1450, 670, 0, 255, 255, 255
L 1420, 700, 0, 1450, 700, 0, 255, 255, 255
L 1420, 640, 0, 1420, 700, 0, 255, 255, 255
L 1450, 640, 0, 1420, 640, 0, 255, 255, 255
L 1500, 700, 0, 1500, 640, 0, 255, 255, 255
L 1470, 640, 0, 1500, 700, 0, 255, 255, 255
L 1470, 700, 0, 1470, 640, 0, 255, 255, 255
L 1540, 640, 0, 1540, 700, 0, 255, 255, 255
L 1520, 640, 0, 1560, 640, 0, 255, 255, 255
L 1230, 790, 0, 1200, 790, 0, 0, 0, 0
L 1200, 730, 0, 1230, 730, 0, 0, 0, 0
L 1200, 790, 0, 1200, 730, 0, 0, 0, 0
L 1230, 790, 0, 1230, 760, 0, 0, 0, 0
L 1230, 760, 0, 1210, 760, 0, 0, 0, 0
L 1250, 760, 0, 1280, 760, 0, 0, 0, 0
L 1250, 790, 0, 1280, 790, 0, 0, 0, 0
L 1250, 730, 0, 1250, 790, 0, 0, 0, 0
L 1280, 730, 0, 1250, 730, 0, 0, 0, 0
L 1330, 790, 0, 1330, 730, 0, 0, 0, 0
L 1300, 730, 0, 1330, 790, 0, 0, 0, 0
L 1300, 790, 0, 1300, 730, 0, 0, 0, 0
L 1350, 760, 0, 1380, 760, 0, 0, 0, 0
L 1350, 790, 0, 1380, 790, 0, 0, 0, 0
L 1350, 730, 0, 1350, 790, 0, 0, 0, 0
L 1380, 730, 0, 1350, 730, 0, 0, 0, 0
L 1400, 730, 0, 1400, 760, 0, 0, 0, 0
L 1400, 760, 0, 1400, 790, 0, 0, 0, 0
L 1400, 760, 0, 1420, 760, 0, 0, 0, 0
L 1440, 760, 0, 1440, 730, 0, 0, 0, 0
L 1400, 730, 0, 1440, 730, 0, 0, 0, 0
L 1420, 760, 0, 1440, 760, 0, 0, 0, 0
L 1440, 790, 0, 1420, 760, 0, 0, 0, 0
L 1470, 760, 0, 1490, 760, 0, 0, 0, 0
L 1480, 730, 0, 1500, 790, 0, 0, 0, 0
L 1460, 790, 0, 1480, 730, 0, 0, 0, 0
L 1520, 730, 0, 1520, 790, 0, 0, 0, 0
L 1560, 790, 0, 1520, 790, 0, 0, 0, 0
L 1230, 880, 0, 1200, 880, 0, 0, 0, 255
L 1200, 820, 0, 1230, 820, 0, 0, 0, 255
L 1200, 880, 0, 1200, 820, 0, 0, 0, 255
L 1230, 880, 0, 1230, 850, 0, 0, 0, 255
L 1230, 850, 0, 1210, 850, 0, 0, 0, 255
L 1250, 820, 0, 1250, 850, 0, 0, 0, 255
L 1250, 850, 0, 1250, 880, 0, 0, 0, 255
L 1250, 850, 0, 1270, 850, 0, 0, 0, 255
L 1290, 850, 0, 1290, 820, 0, 0, 0, 255
L 1250, 820, 0, 1290, 820, 0, 0, 0, 255
L 1270, 850, 0, 1290, 850, 0, 0, 0, 255
L 1290, 880, 0, 1270, 850, 0, 0, 0, 255
L 1310, 820, 0, 1340, 820, 0, 0, 0, 255
L 1310, 880, 0, 1340, 880, 0, 0, 0, 255
L 1310, 820, 0, 1310, 880, 0, 0, 0, 255
L 1340, 820, 0, 1340, 880, 0, 0, 0, 255
L 1400, 820, 0, 1400, 880, 0, 0, 0, 255
L 1360, 820, 0, 1360, 880, 0, 0, 0, 255
L 1360, 880, 0, 1400, 880, 0, 0, 0, 255
L 1450, 880, 0, 1450, 820, 0, 0, 0, 255
L 1420, 820, 0, 1450, 880, 0, 0, 0, 255
L 1420, 880, 0, 1420, 820, 0, 0, 0, 255
L 1480, 880, 0, 1480, 820, 0, 0, 0, 255
L 1490, 880, 0, 1470, 880, 0, 0, 0, 255
L 1500, 850, 0, 1490, 880, 0, 0, 0, 255
L 1490, 820, 0, 1500, 850, 0, 0, 0, 255
L 1470, 820, 0, 1490, 820, 0, 0, 0, 255
L 1580, 820, 0, 1580, 850, 0, 0, 0, 255
L 1580, 880, 0, 1620, 880, 0, 0, 0, 255
L 1620, 850, 0, 1580, 850, 0, 0, 0, 255
L 1580, 820, 0, 1620, 820, 0, 0, 0, 255
L 1620, 850, 0, 1620, 880, 0, 0, 0, 255
L 1670, 850, 0, 1640, 850, 0, 0, 0, 255
L 1670, 820, 0, 1670, 850, 0, 0, 0, 255
L 1640, 820, 0, 1670, 820, 0, 0, 0, 255
L 1640, 880, 0, 1640, 820, 0, 0, 0, 255
L 1700, 850, 0, 1720, 850, 0, 0, 0, 255
L 1710, 820, 0, 1730, 880, 0, 0, 0, 255
L 1690, 880, 0, 1710, 820, 0, 0, 0, 255
L 1780, 880, 0, 1790, 820, 0, 0, 0, 255
L 1770, 850, 0, 1780, 880, 0, 0, 0, 255
L 1760, 880, 0, 1770, 850, 0, 0, 0, 255
L 1750, 820, 0, 1760, 880, 0, 0, 0, 255
L 1840, 880, 0, 1840, 820, 0, 0, 0, 255
L 1810, 820, 0, 1840, 880, 0, 0, 0, 255
L 1810, 880, 0, 1810, 820, 0, 0, 0, 255
L 1230, 970, 0, 1200, 970, 0, 128, 128, 128
L 1200, 910, 0, 1230, 910, 0, 128, 128, 128
L 1200, 970, 0, 1200, 910, 0, 128, 128, 128
L 1230, 970, 0, 1230, 940, 0, 128, 128, 128
L 1230, 940, 0, 1210, 940, 0, 128, 128, 128
L 1290, 910, 0, 1290, 970, 0, 128, 128, 128
L 1250, 910, 0, 1250, 970, 0, 128, 128, 128
L 1250, 970, 0, 1290, 970, 0, 128, 128, 128
L 1310, 910, 0, 1310, 970, 0, 128, 128, 128
L 1330, 910, 0, 1330, 970, 0, 128, 128, 128
L 1370, 970, 0, 1330, 970, 0, 128, 128, 128
L 1400, 970, 0, 1400, 910, 0, 128, 128, 128
L 1410, 970, 0, 1390, 970, 0, 128, 128, 128
L 1420, 940, 0, 1410, 970, 0, 128, 128, 128
L 1410, 910, 0, 1420, 940, 0, 128, 128, 128
L 1390, 910, 0, 1410, 910, 0, 128, 128, 128
L 1540, 910, 0, 1540, 970, 0, 128, 128, 128
L 1520, 940, 0, 1540, 910, 0, 128, 128, 128
L 1500, 910, 0, 1520, 940, 0, 128, 128, 128
L 1500, 970, 0, 1500, 910, 0, 128, 128, 128
L 1570, 940, 0, 1590, 940, 0, 128, 128, 128
L 1580, 910, 0, 1600, 970, 0, 128, 128, 128
L 1560, 970, 0, 1580, 910, 0, 128, 128, 128
L 1620, 910, 0, 1620, 940, 0, 128, 128, 128
L 1620, 970, 0, 1660, 970, 0, 128, 128, 128
L 1660, 940, 0, 1620, 940, 0, 128, 128, 128
L 1620, 910, 0, 1660, 910, 0, 128, 128, 128
L 1660, 940, 0, 1660, 970, 0, 128, 128, 128
L 1700, 910, 0, 1700, 970, 0, 128, 128, 128
L 1680, 910, 0, 1720, 910, 0, 128, 128, 128
L 1740, 940, 0, 1770, 940, 0, 128, 128, 128
L 1740, 970, 0, 1770, 970, 0, 128, 128, 128
L 1740, 910, 0, 1740, 970, 0, 128, 128, 128
L 1770, 910, 0, 1740, 910, 0, 128, 128, 128
L 1790, 910, 0, 1790, 940, 0, 128, 128, 128
L 1790, 940, 0, 1790, 970, 0, 128, 128, 128
L 1790, 940, 0, 1810, 940, 0, 128, 128, 128
L 1830, 940, 0, 1830, 910, 0, 128, 128, 128
L 1790, 910, 0, 1830, 910, 0, 128, 128, 128
L 1810, 940, 0, 1830, 940, 0, 128, 128, 128
L 1830, 970, 0, 1810, 940, 0, 128, 128, 128
L 1200, 1000, 0, 1200, 1030, 0, 127, 64, 0
L 1240, 1060, 0, 1240, 1030, 0, 127, 64, 0
L 1200, 1030, 0, 1200, 1060, 0, 127, 64, 0
L 1240, 1030, 0, 1240, 1000, 0, 127, 64, 0
L 1200, 1030, 0, 1240, 1030, 0, 127, 64, 0
L 1300, 1000, 0, 1300, 1060, 0, 127, 64, 0
L 1260, 1000, 0, 1260, 1060, 0, 127, 64, 0
L 1260, 1060, 0, 1300, 1060, 0, 127, 64, 0
L 1350, 1060, 0, 1350, 1000, 0, 127, 64, 0
L 1320, 1000, 0, 1350, 1060, 0, 127, 64, 0
L 1320, 1060, 0, 1320, 1000, 0, 127, 64, 0
L 1390, 1000, 0, 1390, 1060, 0, 127, 64, 0
L 1370, 1000, 0, 1410, 1000, 0, 127, 64, 0
L 1430, 1030, 0, 1460, 1030, 0, 127, 64, 0
L 1430, 1060, 0, 1460, 1060, 0, 127, 64, 0
L 1430, 1000, 0, 1430, 1060, 0, 127, 64, 0
L 1460, 1000, 0, 1430, 1000, 0, 127, 64, 0
L 1480, 1000, 0, 1480, 1030, 0, 127, 64, 0
L 1480, 1030, 0, 1480, 1060, 0, 127, 64, 0
L 1480, 1030, 0, 1500, 1030, 0, 127, 64, 0
L 1520, 1030, 0, 1520, 1000, 0, 127, 64, 0
L 1480, 1000, 0, 1520, 1000, 0, 127, 64, 0
L 1500, 1030, 0, 1520, 1030, 0, 127, 64, 0
L 1520, 1060, 0, 1500, 1030, 0, 127, 64, 0
L 1240, 1090, 0, 1240, 1150, 0, 0, 127, 0
L 1220, 1120, 0, 1240, 1090, 0, 0, 127, 0
L 1200, 1090, 0, 1220, 1120, 0, 0, 127, 0
L 1200, 1150, 0, 1200, 1090, 0, 0, 127, 0
L 1260, 1120, 0, 1290, 1120, 0, 0, 127, 0
L 1260, 1150, 0, 1290, 1150, 0, 0, 127, 0
L 1260, 1090, 0, 1260, 1150, 0, 0, 127, 0
L 1290, 1090, 0, 1260, 1090, 0, 0, 127, 0
L 1310, 1090, 0, 1310, 1120, 0, 0, 127, 0
L 1310, 1120, 0, 1310, 1150, 0, 0, 127, 0
L 1310, 1120, 0, 1330, 1120, 0, 0, 127, 0
L 1350, 1120, 0, 1350, 1090, 0, 0, 127, 0
L 1310, 1090, 0, 1350, 1090, 0, 0, 127, 0
L 1330, 1120, 0, 1350, 1120, 0, 0, 127, 0
L 1350, 1150, 0, 1330, 1120, 0, 0, 127, 0
L 1400, 1150, 0, 1370, 1150, 0, 0, 127, 0
L 1370, 1090, 0, 1400, 1090, 0, 0, 127, 0
L 1370, 1150, 0, 1370, 1090, 0, 0, 127, 0
L 1420, 1090, 0, 1420, 1120, 0, 0, 127, 0
L 1460, 1150, 0, 1460, 1120, 0, 0, 127, 0
L 1420, 1120, 0, 1420, 1150, 0, 0, 127, 0
L 1460, 1120, 0, 1460, 1090, 0, 0, 127, 0
L 1420, 1120, 0, 1460, 1120, 0, 0, 127, 0
L 1490, 1120, 0, 1510, 1120, 0, 0, 127, 0
L 1500, 1090, 0, 1520, 1150, 0, 0, 127, 0
L 1480, 1150, 0, 1500, 1090, 0, 0, 127, 0
L 1570, 1150, 0, 1570, 1090, 0, 0, 127, 0
L 1540, 1090, 0, 1570, 1150, 0, 0, 127, 0
L 1540, 1150, 0, 1540, 1090, 0, 0, 127, 0
L 1610, 1090, 0, 1610, 1150, 0, 0, 127, 0
L 1590, 1090, 0, 1630, 1090, 0, 0, 127, 0
L 1240, 1180, 0, 1240, 1240, 0, 0, 127, 127
L 1220, 1210, 0, 1240, 1180, 0, 0, 127, 127
L 1200, 1180, 0, 1220, 1210, 0, 0, 127, 127
L 1200, 1240, 0, 1200, 1180, 0, 0, 127, 127
L 1260, 1180, 0, 1260, 1240, 0, 0, 127, 127
L 1280, 1180, 0, 1280, 1210, 0, 0, 127, 127
L 1280, 1240, 0, 1320, 1240, 0, 0, 127, 127
L 1320, 1210, 0, 1280, 1210, 0, 0, 127, 127
L 1280, 1180, 0, 1320, 1180, 0, 0, 127, 127
L 1320, 1210, 0, 1320, 1240, 0, 0, 127, 127
L 1340, 1180, 0, 1340, 1210, 0, 0, 127, 127
L 1340, 1240, 0, 1380, 1240, 0, 0, 127, 127
L 1380, 1210, 0, 1340, 1210, 0, 0, 127, 127
L 1340, 1180, 0, 1380, 1180, 0, 0, 127, 127
L 1380, 1210, 0, 1380, 1240, 0, 0, 127, 127
L 1400, 1180, 0, 1400, 1240, 0, 0, 127, 127
L 1420, 1180, 0, 1450, 1180, 0, 0, 127, 127
L 1420, 1240, 0, 1450, 1240, 0, 0, 127, 127
L 1420, 1180, 0, 1420, 1240, 0, 0, 127, 127
L 1450, 1180, 0, 1450, 1240, 0, 0, 127, 127
L 1500, 1240, 0, 1500, 1180, 0, 0, 127, 127
L 1470, 1180, 0, 1500, 1240, 0, 0, 127, 127
L 1470, 1240, 0, 1470, 1180, 0, 0, 127, 127
L 1230, 1330, 0, 1230, 1270, 0, 127, 64, 0
L 1200, 1270, 0, 1230, 1330, 0, 127, 64, 0
L 1200, 1330, 0, 1200, 1270, 0, 127, 64, 0
L 1260, 1300, 0, 1280, 1300, 0, 127, 64, 0
L 1270, 1270, 0, 1290, 1330, 0, 127, 64, 0
L 1250, 1330, 0, 1270, 1270, 0, 127, 64, 0
L 1350, 1270, 0, 1350, 1330, 0, 127, 64, 0
L 1330, 1300, 0, 1350, 1270, 0, 127, 64, 0
L 1310, 1270, 0, 1330, 1300, 0, 127, 64, 0
L 1310, 1330, 0, 1310, 1270, 0, 127, 64, 0
L 1370, 1300, 0, 1400, 1300, 0, 127, 64, 0
L 1370, 1330, 0, 1400, 1330, 0, 127, 64, 0
L 1370, 1270, 0, 1370, 1330, 0, 127, 64, 0
L 1400, 1270, 0, 1370, 1270, 0, 127, 64, 0
L 1430, 1330, 0, 1430, 1270, 0, 127, 64, 0
L 1440, 1330, 0, 1420, 1330, 0, 127, 64, 0
L 1450, 1300, 0, 1440, 1330, 0, 127, 64, 0
L 1440, 1270, 0, 1450, 1300, 0, 127, 64, 0
L 1420, 1270, 0, 1440, 1270, 0, 127, 64, 0
L 1230, 1390, 0, 1200, 1390, 0, 0, 255, 0
L 1230, 1360, 0, 1230, 1390, 0, 0, 255, 0
L 1200, 1360, 0, 1230, 1360, 0, 0, 255, 0
L 1200, 1420, 0, 1200, 1360, 0, 0, 255, 0
L 1260, 1390, 0, 1280, 1390, 0, 0, 255, 0
L 1270, 1360, 0, 1290, 1420, 0, 0, 255, 0
L 1250, 1420, 0, 1270, 1360, 0, 0, 255, 0
L 1310, 1360, 0, 1310, 1390, 0, 0, 255, 0
L 1310, 1390, 0, 1310, 1420, 0, 0, 255, 0
L 1310, 1390, 0, 1330, 1390, 0, 0, 255, 0
L 1350, 1390, 0, 1350, 1360, 0, 0, 255, 0
L 1310, 1360, 0, 1350, 1360, 0, 0, 255, 0
L 1330, 1390, 0, 1350, 1390, 0, 0, 255, 0
L 1350, 1420, 0, 1330, 1390, 0, 0, 255, 0
L 1400, 1420, 0, 1370, 1420, 0, 0, 255, 0
L 1370, 1360, 0, 1400, 1360, 0, 0, 255, 0
L 1370, 1420, 0, 1370, 1360, 0, 0, 255, 0
L 1420, 1390, 0, 1450, 1390, 0, 0, 255, 0
L 1420, 1420, 0, 1450, 1420, 0, 0, 255, 0
L 1420, 1360, 0, 1420, 1420, 0, 0, 255, 0
L 1450, 1360, 0, 1420, 1360, 0, 0, 255, 0
L 1470, 1360, 0, 1470, 1420, 0, 0, 255, 0
L 1510, 1420, 0, 1470, 1420, 0, 0, 255, 0
L 1530, 1360, 0, 1530, 1390, 0, 0, 255, 0
L 1530, 1420, 0, 1570, 1420, 0, 0, 255, 0
L 1570, 1390, 0, 1530, 1390, 0, 0, 255, 0
L 1530, 1360, 0, 1570, 1360, 0, 0, 255, 0
L 1570, 1390, 0, 1570, 1420, 0, 0, 255, 0
L 1200, 1450, 0, 1200, 1480, 0, 0, 240, 240
L 1200, 1480, 0, 1200, 1510, 0, 0, 240, 240
L 1200, 1480, 0, 1220, 1480, 0, 0, 240, 240
L 1240, 1480, 0, 1240, 1450, 0, 0, 240, 240
L 1200, 1450, 0, 1240, 1450, 0, 0, 240, 240
L 1220, 1480, 0, 1240, 1480, 0, 0, 240, 240
L 1240, 1510, 0, 1220, 1480, 0, 0, 240, 240
L 1270, 1480, 0, 1290, 1480, 0, 0, 240, 240
L 1280, 1450, 0, 1300, 1510, 0, 0, 240, 240
L 1260, 1510, 0, 1280, 1450, 0, 0, 240, 240
L 1320, 1450, 0, 1320, 1510, 0, 0, 240, 240
L 1350, 1510, 0, 1350, 1450, 0, 0, 240, 240
L 1360, 1510, 0, 1340, 1510, 0, 0, 240, 240
L 1370, 1480, 0, 1360, 1510, 0, 0, 240, 240
L 1360, 1450, 0, 1370, 1480, 0, 0, 240, 240
L 1340, 1450, 0, 1360, 1450, 0, 0, 240, 240
L 1200, 1540, 0, 1200, 1570, 0, 0, 255, 0
L 1200, 1600, 0, 1240, 1600, 0, 0, 255, 0
L 1240, 1570, 0, 1200, 1570, 0, 0, 255, 0
L 1200, 1540, 0, 1240, 1540, 0, 0, 255, 0
L 1240, 1570, 0, 1240, 1600, 0, 0, 255, 0
L 1290, 1570, 0, 1260, 1570, 0, 0, 255, 0
L 1290, 1540, 0, 1290, 1570, 0, 0, 255, 0
L 1260, 1540, 0, 1290, 1540, 0, 0, 255, 0
L 1260, 1600, 0, 1260, 1540, 0, 0, 255, 0
L 1310, 1570, 0, 1340, 1570, 0, 0, 255, 0
L 1310, 1600, 0, 1340, 1600, 0, 0, 255, 0
L 1310, 1540, 0, 1310, 1600, 0, 0, 255, 0
L 1340, 1540, 0, 1310, 1540, 0, 0, 255, 0
L 1390, 1600, 0, 1360, 1600, 0, 0, 255, 0
L 1360, 1540, 0, 1390, 1540, 0, 0, 255, 0
L 1360, 1600, 0, 1360, 1540, 0, 0, 255, 0
L 1410, 1540, 0, 1410, 1600, 0, 0, 255, 0
L 1440, 1570, 0, 1460, 1570, 0, 0, 255, 0
L 1450, 1540, 0, 1470, 1600, 0, 0, 255, 0
L 1430, 1600, 0, 1450, 1540, 0, 0, 255, 0
L 1490, 1540, 0, 1490, 1600, 0, 0, 255, 0
L 1530, 1600, 0, 1490, 1600, 0, 0, 255, 0
L 1640, 1600, 0, 1610, 1600, 0, 0, 255, 0
L 1610, 1540, 0, 1640, 1540, 0, 0, 255, 0
L 1610, 1600, 0, 1610, 1540, 0, 0, 255, 0
L 1700, 1540, 0, 1700, 1600, 0, 0, 255, 0
L 1660, 1540, 0, 1660, 1600, 0, 0, 255, 0
L 1660, 1600, 0, 1700, 1600, 0, 0, 255, 0
L 1720, 1540, 0, 1720, 1570, 0, 0, 255, 0
L 1720, 1570, 0, 1720, 1600, 0, 0, 255, 0
L 1720, 1570, 0, 1740, 1570, 0, 0, 255, 0
L 1760, 1570, 0, 1760, 1540, 0, 0, 255, 0
L 1720, 1540, 0, 1760, 1540, 0, 0, 255, 0
L 1740, 1570, 0, 1760, 1570, 0, 0, 255, 0
L 1760, 1600, 0, 1740, 1570, 0, 0, 255, 0
L 1780, 1540, 0, 1780, 1570, 0, 0, 255, 0
L 1780, 1570, 0, 1780, 1600, 0, 0, 255, 0
L 1780, 1570, 0, 1800, 1570, 0, 0, 255, 0
L 1820, 1570, 0, 1820, 1540, 0, 0, 255, 0
L 1780, 1540, 0, 1820, 1540, 0, 0, 255, 0
L 1800, 1570, 0, 1820, 1570, 0, 0, 255, 0
L 1820, 1600, 0, 1800, 1570, 0, 0, 255, 0
L 1840, 1570, 0, 1870, 1570, 0, 0, 255, 0
L 1840, 1600, 0, 1870, 1600, 0, 0, 255, 0
L 1840, 1540, 0, 1840, 1600, 0, 0, 255, 0
L 1870, 1540, 0, 1840, 1540, 0, 0, 255, 0
L 1920, 1600, 0, 1920, 1540, 0, 0, 255, 0
L 1890, 1540, 0, 1920, 1600, 0, 0, 255, 0
L 1890, 1600, 0, 1890, 1540, 0, 0, 255, 0
L 1970, 1600, 0, 1940, 1600, 0, 0, 255, 0
L 1940, 1540, 0, 1970, 1540, 0, 0, 255, 0
L 1940, 1600, 0, 1940, 1540, 0, 0, 255, 0
L 2010, 1570, 0, 2010, 1600, 0, 0, 255, 0
L 2010, 1570, 0, 2030, 1540, 0, 0, 255, 0
L 1990, 1540, 0, 2010, 1570, 0, 0, 255, 0
L 1200, 1630, 0, 1200, 1660, 0, 255, 0, 0
L 1200, 1690, 0, 1240, 1690, 0, 255, 0, 0
L 1240, 1660, 0, 1200, 1660, 0, 255, 0, 0
L 1200, 1630, 0, 1240, 1630, 0, 255, 0, 0
L 1240, 1660, 0, 1240, 1690, 0, 255, 0, 0
L 1300, 1630, 0, 1300, 1690, 0, 255, 0, 0
L 1260, 1630, 0, 1260, 1690, 0, 255, 0, 0
L 1260, 1690, 0, 1300, 1690, 0, 255, 0, 0
L 1350, 1690, 0, 1320, 1690, 0, 255, 0, 0
L 1320, 1630, 0, 1350, 1630, 0, 255, 0, 0
L 1320, 1690, 0, 1320, 1630, 0, 255, 0, 0
L 1400, 1690, 0, 1370, 1690, 0, 255, 0, 0
L 1370, 1630, 0, 1400, 1630, 0, 255, 0, 0
L 1370, 1690, 0, 1370, 1630, 0, 255, 0, 0
L 1420, 1630, 0, 1450, 1630, 0, 255, 0, 0
L 1420, 1690, 0, 1450, 1690, 0, 255, 0, 0
L 1420, 1630, 0, 1420, 1690, 0, 255, 0, 0
L 1450, 1630, 0, 1450, 1690, 0, 255, 0, 0
L 1470, 1630, 0, 1470, 1660, 0, 255, 0, 0
L 1470, 1660, 0, 1470, 1690, 0, 255, 0, 0
L 1470, 1660, 0, 1490, 1660, 0, 255, 0, 0
L 1510, 1660, 0, 1510, 1630, 0, 255, 0, 0
L 1470, 1630, 0, 1510, 1630, 0, 255, 0, 0
L 1490, 1660, 0, 1510, 1660, 0, 255, 0, 0
L 1510, 1690, 0, 1490, 1660, 0, 255, 0, 0
L 1220, 1720, 0, 1220, 1780, 0, 255, 255, 0
L 1200, 1720, 0, 1240, 1720, 0, 255, 255, 0
L 1260, 1750, 0, 1290, 1750, 0, 255, 255, 0
L 1260, 1780, 0, 1290, 1780, 0, 255, 255, 0
L 1260, 1720, 0, 1260, 1780, 0, 255, 255, 0
L 1290, 1720, 0, 1260, 1720, 0, 255, 255, 0
L 1310, 1720, 0, 1310, 1780, 0, 255, 255, 0
L 1350, 1780, 0, 1310, 1780, 0, 255, 255, 0
L 1370, 1750, 0, 1400, 1750, 0, 255, 255, 0
L 1370, 1780, 0, 1400, 1780, 0, 255, 255, 0
L 1370, 1720, 0, 1370, 1780, 0, 255, 255, 0
L 1400, 1720, 0, 1370, 1720, 0, 255, 255, 0
L 1450, 1750, 0, 1420, 1750, 0, 255, 255, 0
L 1450, 1720, 0, 1450, 1750, 0, 255, 255, 0
L 1420, 1720, 0, 1450, 1720, 0, 255, 255, 0
L 1420, 1780, 0, 1420, 1720, 0, 255, 255, 0
L 1470, 1720, 0, 1500, 1720, 0, 255, 255, 0
L 1470, 1780, 0, 1500, 1780, 0, 255, 255, 0
L 1470, 1720, 0, 1470, 1780, 0, 255, 255, 0
L 1500, 1720, 0, 1500, 1780, 0, 255, 255, 0
L 1520, 1720, 0, 1520, 1750, 0, 255, 255, 0
L 1520, 1750, 0, 1520, 1780, 0, 255, 255, 0
L 1520, 1750, 0, 1540, 1750, 0, 255, 255, 0
L 1560, 1750, 0, 1560, 1720, 0, 255, 255, 0
L 1520, 1720, 0, 1560, 1720, 0, 255, 255, 0
L 1540, 1750, 0, 1560, 1750, 0, 255, 255, 0
L 1560, 1780, 0, 1540, 1750, 0, 255, 255, 0
L 1600, 1720, 0, 1600, 1780, 0, 255, 255, 0
L 1580, 1720, 0, 1620, 1720, 0, 255, 255, 0
L 1220, 1810, 0, 1220, 1870, 0, 128, 0, 128
L 1200, 1810, 0, 1240, 1810, 0, 128, 0, 128
L 1260, 1810, 0, 1260, 1840, 0, 128, 0, 128
L 1260, 1840, 0, 1260, 1870, 0, 128, 0, 128
L 1260, 1840, 0, 1280, 1840, 0, 128, 0, 128
L 1300, 1840, 0, 1300, 1810, 0, 128, 0, 128
L 1260, 1810, 0, 1300, 1810, 0, 128, 0, 128
L 1280, 1840, 0, 1300, 1840, 0, 128, 0, 128
L 1300, 1870, 0, 1280, 1840, 0, 128, 0, 128
L 1330, 1840, 0, 1350, 1840, 0, 128, 0, 128
L 1340, 1810, 0, 1360, 1870, 0, 128, 0, 128
L 1320, 1870, 0, 1340, 1810, 0, 128, 0, 128
L 1390, 1870, 0, 1390, 1810, 0, 128, 0, 128
L 1400, 1870, 0, 1380, 1870, 0, 128, 0, 128
L 1410, 1840, 0, 1400, 1870, 0, 128, 0, 128
L 1400, 1810, 0, 1410, 1840, 0, 128, 0, 128
L 1380, 1810, 0, 1400, 1810, 0, 128, 0, 128
L 1430, 1840, 0, 1460, 1840, 0, 128, 0, 128
L 1430, 1870, 0, 1460, 1870, 0, 128, 0, 128
L 1430, 1810, 0, 1430, 1870, 0, 128, 0, 128
L 1460, 1810, 0, 1430, 1810, 0, 128, 0, 128
L 1480, 1810, 0, 1480, 1840, 0, 128, 0, 128
L 1480, 1870, 0, 1520, 1870, 0, 128, 0, 128
L 1520, 1840, 0, 1480, 1840, 0, 128, 0, 128
L 1480, 1810, 0, 1520, 1810, 0, 128, 0, 128
L 1520, 1840, 0, 1520, 1870, 0, 128, 0, 128
L 1540, 1810, 0, 1540, 1840, 0, 128, 0, 128
L 1540, 1840, 0, 1540, 1870, 0, 128, 0, 128
L 1540, 1840, 0, 1580, 1870, 0, 128, 0, 128
L 1540, 1840, 0, 1580, 1810, 0, 128, 0, 128
L 1600, 1810, 0, 1600, 1870, 0, 128, 0, 128
L 1620, 1810, 0, 1620, 1870, 0, 128, 0, 128
L 1660, 1870, 0, 1620, 1870, 0, 128, 0, 128
L 1680, 1810, 0, 1680, 1870, 0, 128, 0, 128
L 1720, 1870, 0, 1680, 1870, 0, 128, 0, 128
L 1830, 1870, 0, 1800, 1870, 0, 128, 0, 128
L 1800, 1810, 0, 1830, 1810, 0, 128, 0, 128
L 1800, 1870, 0, 1800, 1810, 0, 128, 0, 128
L 1850, 1810, 0, 1880, 1810, 0, 128, 0, 128
L 1850, 1870, 0, 1880, 1870, 0, 128, 0, 128
L 1850, 1810, 0, 1850, 1870, 0, 128, 0, 128
L 1880, 1810, 0, 1880, 1870, 0, 128, 0, 128
L 1930, 1870, 0, 1930, 1810, 0, 128, 0, 128
L 1900, 1810, 0, 1930, 1870, 0, 128, 0, 128
L 1900, 1870, 0, 1900, 1810, 0, 128, 0, 128
L 1970, 1810, 0, 1970, 1870, 0, 128, 0, 128
L 1950, 1810, 0, 1990, 1810, 0, 128, 0, 128
L 2020, 1840, 0, 2040, 1840, 0, 128, 0, 128
L 2030, 1810, 0, 2050, 1870, 0, 128, 0, 128
L 2010, 1870, 0, 2030, 1810, 0, 128, 0, 128
L 2070, 1810, 0, 2070, 1870, 0, 128, 0, 128
L 2120, 1870, 0, 2120, 1810, 0, 128, 0, 128
L 2090, 1810, 0, 2120, 1870, 0, 128, 0, 128
L 2090, 1870, 0, 2090, 1810, 0, 128, 0, 128
L 2140, 1840, 0, 2170, 1840, 0, 128, 0, 128
L 2140, 1870, 0, 2170, 1870, 0, 128, 0, 128
L 2140, 1810, 0, 2140, 1870, 0, 128, 0, 128
L 2170, 1810, 0, 2140, 1810, 0, 128, 0, 128
L 2190, 1810, 0, 2190, 1840, 0, 128, 0, 128
L 2190, 1840, 0, 2190, 1870, 0, 128, 0, 128
L 2190, 1840, 0, 2210, 1840, 0, 128, 0, 128
L 2230, 1840, 0, 2230, 1810, 0, 128, 0, 128
L 2190, 1810, 0, 2230, 1810, 0, 128, 0, 128
L 2210, 1840, 0, 2230, 1840, 0, 128, 0, 128
L 2230, 1870, 0, 2210, 1840, 0, 128, 0, 128
L 1220, 1900, 0, 1220, 1960, 0, 255, 255, 0
L 1200, 1900, 0, 1240, 1900, 0, 255, 255, 0
L 1260, 1900, 0, 1260, 1930, 0, 255, 255, 0
L 1260, 1930, 0, 1260, 1960, 0, 255, 255, 0
L 1260, 1930, 0, 1280, 1930, 0, 255, 255, 0
L 1300, 1930, 0, 1300, 1900, 0, 255, 255, 0
L 1260, 1900, 0, 1300, 1900, 0, 255, 255, 0
L 1280, 1930, 0, 1300, 1930, 0, 255, 255, 0
L 1300, 1960, 0, 1280, 1930, 0, 255, 255, 0
L 1330, 1930, 0, 1350, 1930, 0, 255, 255, 0
L 1340, 1900, 0, 1360, 1960, 0, 255, 255, 0
L 1320, 1960, 0, 1340, 1900, 0, 255, 255, 0
L 1410, 1930, 0, 1380, 1930, 0, 255, 255, 0
L 1410, 1900, 0, 1410, 1930, 0, 255, 255, 0
L 1380, 1900, 0, 1410, 1900, 0, 255, 255, 0
L 1380, 1960, 0, 1380, 1900, 0, 255, 255, 0
L 1230, 1990, 0, 1200, 1990, 0, 255, 0, 0
L 1200, 2050, 0, 1230, 1990, 0, 255, 0, 0
L 1200, 2050, 0, 1230, 2050, 0, 255, 0, 0
L 1250, 1990, 0, 1280, 1990, 0, 255, 0, 0
L 1250, 2050, 0, 1280, 2050, 0, 255, 0, 0
L 1250, 1990, 0, 1250, 2050, 0, 255, 0, 0
L 1280, 1990, 0, 1280, 2050, 0, 255, 0, 0
L 1330, 2050, 0, 1330, 1990, 0, 255, 0, 0
L 1300, 1990, 0, 1330, 2050, 0, 255, 0, 0
L 1300, 2050, 0, 1300, 1990, 0, 255, 0, 0
L 1350, 2020, 0, 1380, 2020, 0, 255, 0, 0
L 1350, 2050, 0, 1380, 2050, 0, 255, 0, 0
L 1350, 1990, 0, 1350, 2050, 0, 255, 0, 0
L 1380, 1990, 0, 1350, 1990, 0, 255, 0, 0
P 200, 300, 0, 0, 0, 0, 2, The_Drowning_Crypt_(GUKB)
P 200, 500, 0, 0, 0, 0, 2, Original_Map:_Brewall_Rainsinger_(Cazic-Thule)
P 200, 700, 0, 0, 0, 0, 2, http://www.eqmaps.info
P 200, 900, 0, 0, 0, 0, 2, Return_of_the_Exiled_(www.roteguild.org)
P 200, 1100, 0, 127, 64, 0, 2, Corpseripper
P 200, 1300, 0, 127, 64, 0, 2, Ecstatic_Kor_Zealot
P 200, 1500, 0, 127, 64, 0, 2, Seething_Pariah
