P 300.0000, 5200.0000, 0.0000,  127, 64, 0,  2,  20._the_ghoul_lord_-_PH=_
P 300.0000, 5000.0000, 0.0000,  127, 64, 0,  2,  19._the_ghoul_arch_magus_-_PH=_
P 300.0000, 4800.0000, 0.0000,  127, 64, 0,  2,  18._the_froglok_king_-_PH=_
P 300.0000, 4600.0000, 0.0000,  127, 64, 0,  2,  17._a_reanimated_hand_-_PH=_
P 300.0000, 4400.0000, 0.0000,  127, 64, 0,  2,  16._a_minotaur_patriarch_-_PH=_
P 300.0000, 4200.0000, 0.0000,  127, 64, 0,  2,  15._a_minotaur_elder_-_PH=_
P 300.0000, 4000.0000, 0.0000,  127, 64, 0,  2,  14._a_ghoul_supplier_-_PH=_
P 300.0000, 3800.0000, 0.0000,  127, 64, 0,  2,  13._a_ghoul_sentinel_-_PH=_
P 300.0000, 3600.0000, 0.0000,  127, 64, 0,  2,  12._a_ghoul_savant_-_PH=_
P 300.0000, 3400.0000, 0.0000,  127, 64, 0,  2,  11._a_ghoul_sage_-_PH=_
P 300.0000, 3200.0000, 0.0000,  127, 64, 0,  2,  ?10._a_ghoul_ritualist_-_PH=_
P 300.0000, 3000.0000, 0.0000,  127, 64, 0,  2,  9._a_ghoul_executioner_-_PH=_
P 300.0000, 2800.0000, 0.0000,  127, 64, 0,  2,  8._a_ghoul_cavalier_-_PH=_
P 300.0000, 2600.0000, 0.0000,  127, 64, 0,  2,  7._a_ghoul_assassin_-_PH=_
P 300.0000, 2400.0000, 0.0000,  127, 64, 0,  2,  6._a_froglok_yun_priest_-_PH=_
P 300.0000, 2200.0000, 0.0000,  127, 64, 0,  2,  5._a_froglok_tactician_-_PH=_
P 300.0000, 2000.0000, 0.0000,  127, 64, 0,  2,  4._a_froglok_noble_-_PH=_
P 300.0000, 1800.0000, 0.0000,  127, 64, 0,  2,  3._a_froglok_herbalist_-_PH=_
P 300.0000, 1600.0000, 0.0000,  127, 64, 0,  2,  2._a_froglok_crusader_-_PH=_
P 300.0000, 1400.0000, 0.0000,  127, 64, 0,  2,  1._a_frenzied_ghoul_-_PH=_
P 748.0000, -1556.0000, -171.0000,  127, 64, 0,  2,  the_ghoul_lord_(Hunter)
P 832.4410, -1170.5240, -194.3870,  127, 64, 0,  2,  the_ghoul_arch_magus_(Hunter)
P -19.7140, 106.6080, -232.9050,  127, 64, 0,  2,  the_froglok_king_(Hunter)
P 689.3650, -1145.3979, -125.9370,  0, 0, 0,  2,  a_reanimated_hand_(Hunter)
P 651.0000, -1140.0000, -195.0000,  127, 64, 0,  2,  a_reanimated_hand_(Hunter)
P -106.0000, -657.0000, -210.0000,  127, 64, 0,  2,  a_minotaur_patriarch_(Hunter,Roam)
P 303.0000, -923.0000, -221.0000,  127, 64, 0,  2,  a_minotaur_elder_(Hunter)
P 766.0000, -634.0000, -110.0000,  127, 64, 0,  2,  a_ghoul_supplier_(Hunter)
P 1117.0000, -833.0000, 0.0000,  127, 64, 0,  2,  a_ghoul_sentinel_(Hunter)
P 603.2490, -582.5690, -167.9350,  127, 64, 0,  2,  a_ghoul_savant_(Hunter)
P 730.9030, -511.6610, -195.9040,  127, 64, 0,  2,  a_ghoul_sage_(Hunter)
P 884.0000, -625.0000, 0.0000,  127, 64, 0,  2,  a_ghoul_executioner_(Hunter)
P 609.0000, -578.0000, 0.0000,  127, 64, 0,  2,  a_ghoul_cavalier_(Hunter)
P 774.9370, -638.0790, -111.8520,  127, 64, 0,  2,  a_ghoul_assassin_(Hunter)
P 432.0000, -211.0000, -251.0000,  127, 64, 0,  2,  a_froglok_yun_priest_(Hunter)
P 23.0000, 76.0000, -224.0000,  127, 64, 0,  2,  a_froglok_tactician_(Hunter)
P 105.4750, -368.0600, -235.1890,  127, 64, 0,  2,  a_froglok_noble_(Hunter)
P 261.0000, -19.0000, -223.0000,  127, 64, 0,  2,  a_froglok_herbalist_(Hunter)
P 595.0000, -231.0000, -265.0000,  127, 64, 0,  2,  a_froglok_crusader_(Hunter)
P 1056.4340, -1063.4340, -193.9350,  127, 64, 0,  2,  a_frenzied_ghoul_(Hunter)
P 479.5702, -1645.5670, -88.1623,  0, 0, 240,  1,  GS:_Scepter
P 751.0000, -1074.0000, -252.0000,  0, 0, 0,  2,  a_spectral_shimmer
P 611.0000, -924.0000, 0.0000,  240, 240, 240,  2,  Froglok_Slaves
P 749.7380, -1075.2500, -251.9050,  0, 0, 0,  2,  Corrupted_Gnome_Explorer
P 368.6750, -947.5320, -197.3160,  0, 0, 0,  2,  Raster
P 450.3690, -621.4590, -196.5300,  0, 0, 0,  2,  Evil_Eye
P 414.3339, -926.8065, -140.6750,  240, 240, 240,  2,  Spider_Room
P 582.0928, -1019.8928, -138.6765,  240, 240, 240,  2,  Bedroom
P 707.7200, -667.2970, -169.6620,  255, 255, 0,  2,  Pit
P 764.0000, -1070.0000, -251.0000,  255, 255, 0,  2,  TRAP
P 732.0000, -1069.0000, -251.0000,  255, 255, 0,  2,  TRAP
P 749.8360, -1114.0880, -251.9050,  255, 255, 0,  2,  TRAP
P 903.5710, -903.7690, -223.9050,  255, 255, 0,  2,  TRAP
P 646.8740, -759.7520, -139.9370,  255, 255, 255,  2,  Bridge
P 734.4970, -629.2490, -167.5450,  255, 255, 255,  2,  Up
P 614.3390, -580.7220, -167.8090,  255, 255, 255,  2,  Down
P 554.5800, -684.3730, -144.3950,  255, 255, 255,  2,  Ladder
P 714.2610, -634.7940, -167.9360,  255, 255, 255,  2,  Stairs_up
P 666.1640, -633.5590, -195.9050,  255, 255, 255,  2,  Bottom_of_stairs
P 428.0000, -1567.0000, -108.0000,  255, 255, 255,  2,  Waterfall_(up)
P 665.0000, -615.0000, -195.0000,  255, 255, 255,  2,  Up
P 684.0000, -836.0000, -195.0000,  255, 255, 255,  2,  Safe_Hall
P -359.6200, -946.1960, -224.9680,  255, 255, 255,  2,  Safe_Hall
P 200.0000, -1211.0000, -93.0000,  255, 0, 0,  2,  Succor
P 200.0000, -1211.0000, -83.0000,  255, 0, 0,  3,  to_Upper_Guk
P -77.0000, 140.0000, -238.0000,  255, 0, 0,  3,  to_Innothule_swamp
P -635.0000, -1110.0000, -90.0000,  255, 0, 0,  3,  to_Upper_Guk
P 17.0000, -1648.0000, -103.0000,  255, 0, 0,  3,  to_Upper_Guk
P -15.0000, -1490.0000, -100.0000,  255, 0, 0,  3,  to_Upper_Guk
