L -303.0, 510.0, 5.0, -305.0, 515.0, 6.0, 0, 0, 0
L -303.0, 501.0, 4.0, -303.0, 510.0, 5.0, 0, 0, 0
L -313.0, 498.0, 3.0, -303.0, 501.0, 4.0, 0, 0, 0
L -314.0, 483.0, 5.0, -313.0, 498.0, 3.0, 0, 0, 0
L -298.0, 462.0, 15.0, -314.0, 483.0, 5.0, 0, 0, 0
L -295.0, 459.0, 15.0, -298.0, 462.0, 15.0, 0, 0, 0
L -294.0, 387.0, 5.0, -295.0, 459.0, 15.0, 0, 0, 0
L -302.0, 376.0, 9.0, -294.0, 387.0, 5.0, 0, 0, 0
L -314.0, 360.0, 9.0, -302.0, 376.0, 9.0, 0, 0, 0
L -315.0, 344.0, 5.0, -314.0, 360.0, 9.0, 0, 0, 0
L -303.0, 341.0, 5.0, -315.0, 344.0, 5.0, 0, 0, 0
L -302.0, 330.0, 4.0, -303.0, 341.0, 5.0, 0, 0, 0
L -309.0, 329.0, 4.0, -302.0, 330.0, 4.0, 0, 0, 0
L -315.0, 328.0, 4.0, -309.0, 329.0, 4.0, 0, 0, 0
L -315.0, 327.0, 4.0, -315.0, 328.0, 4.0, 0, 0, 0
L -316.0, 322.0, 4.0, -315.0, 327.0, 4.0, 0, 0, 0
L -323.0, 316.0, 4.0, -316.0, 322.0, 4.0, 0, 0, 0
L -330.0, 313.0, 4.0, -323.0, 316.0, 4.0, 0, 0, 0
L -330.0, 300.0, 4.0, -330.0, 313.0, 4.0, 0, 0, 0
L -340.0, 296.0, 6.0, -330.0, 300.0, 4.0, 0, 0, 0
L -345.0, 297.0, 4.0, -340.0, 296.0, 6.0, 0, 0, 0
L -367.0, 298.0, 10.0, -345.0, 297.0, 4.0, 0, 0, 0
L -368.0, 321.0, 19.0, -367.0, 298.0, 10.0, 0, 0, 0
L -378.0, 324.0, 8.0, -368.0, 321.0, 19.0, 0, 0, 0
L -392.0, 326.0, 9.0, -378.0, 324.0, 8.0, 0, 0, 0
L -392.0, 328.0, 9.0, -392.0, 326.0, 9.0, 0, 0, 0
L -453.0, 329.0, 6.0, -392.0, 328.0, 9.0, 0, 0, 0
L -458.0, 371.0, 12.0, -453.0, 329.0, 6.0, 0, 0, 0
L -458.0, 372.0, 12.0, -458.0, 371.0, 12.0, 0, 0, 0
L -464.0, 382.0, 16.0, -458.0, 372.0, 12.0, 0, 0, 0
L -466.0, 388.0, 15.0, -464.0, 382.0, 16.0, 0, 0, 0
L -469.0, 388.0, 10.0, -466.0, 388.0, 15.0, 0, 0, 0
L -471.0, 388.0, 7.0, -469.0, 388.0, 10.0, 0, 0, 0
L -479.0, 386.0, 5.0, -471.0, 388.0, 7.0, 0, 0, 0
L -501.0, 386.0, 7.0, -479.0, 386.0, 5.0, 0, 0, 0
L -503.0, 374.0, 10.0, -501.0, 386.0, 7.0, 0, 0, 0
L -502.0, 365.0, 12.0, -503.0, 374.0, 10.0, 0, 0, 0
L -505.0, 363.0, 13.0, -502.0, 365.0, 12.0, 0, 0, 0
L -507.0, 363.0, 13.0, -505.0, 363.0, 13.0, 0, 0, 0
L -512.0, 365.0, 18.0, -507.0, 363.0, 13.0, 0, 0, 0
L -515.0, 364.0, 20.0, -512.0, 365.0, 18.0, 0, 0, 0
L -521.0, 361.0, 22.0, -515.0, 364.0, 20.0, 0, 0, 0
L -522.0, 361.0, 22.0, -521.0, 361.0, 22.0, 0, 0, 0
L -523.0, 357.0, 16.0, -522.0, 361.0, 22.0, 0, 0, 0
L -522.0, 356.0, 11.0, -523.0, 357.0, 16.0, 0, 0, 0
L -521.0, 354.0, 8.0, -522.0, 356.0, 11.0, 0, 0, 0
L -516.0, 351.0, 5.0, -521.0, 354.0, 8.0, 0, 0, 0
L -515.0, 351.0, 5.0, -516.0, 351.0, 5.0, 0, 0, 0
L -501.0, 348.0, 5.0, -515.0, 351.0, 5.0, 0, 0, 0
L -503.0, 341.0, 7.0, -501.0, 348.0, 5.0, 0, 0, 0
L -503.0, 313.0, 7.0, -503.0, 341.0, 7.0, 0, 0, 0
L -461.0, 300.0, 7.0, -503.0, 313.0, 7.0, 0, 0, 0
L -456.0, 308.0, 4.0, -461.0, 300.0, 7.0, 0, 0, 0
L -453.0, 309.0, 5.0, -456.0, 308.0, 4.0, 0, 0, 0
L -451.0, 309.0, 5.0, -453.0, 309.0, 5.0, 0, 0, 0
L -448.0, 295.0, 9.0, -451.0, 309.0, 5.0, 0, 0, 0
L -438.0, 291.0, 7.0, -448.0, 295.0, 9.0, 0, 0, 0
L -410.0, 282.0, 9.0, -438.0, 291.0, 7.0, 0, 0, 0
L -394.0, 282.0, 7.0, -410.0, 282.0, 9.0, 0, 0, 0
L -391.0, 294.0, 9.0, -394.0, 282.0, 7.0, 0, 0, 0
L -392.0, 305.0, 5.0, -391.0, 294.0, 9.0, 0, 0, 0
L -384.0, 304.0, 4.0, -392.0, 305.0, 5.0, 0, 0, 0
L -384.0, 302.0, 4.0, -384.0, 304.0, 4.0, 0, 0, 0
L -385.0, 279.0, 4.0, -384.0, 302.0, 4.0, 0, 0, 0
L -347.0, 279.0, 4.0, -385.0, 279.0, 4.0, 0, 0, 0
L -340.0, 280.0, 5.0, -347.0, 279.0, 4.0, 0, 0, 0
L -331.0, 280.0, 4.0, -340.0, 280.0, 5.0, 0, 0, 0
L -331.0, 274.0, 4.0, -331.0, 280.0, 4.0, 0, 0, 0
L -328.0, 255.0, 3.0, -331.0, 274.0, 4.0, 0, 0, 0
L -327.0, 254.0, 3.0, -328.0, 255.0, 3.0, 0, 0, 0
L -298.0, 252.0, 4.0, -327.0, 254.0, 3.0, 0, 0, 0
L -294.0, 252.0, 4.0, -298.0, 252.0, 4.0, 0, 0, 0
L -287.0, 252.0, 6.0, -294.0, 252.0, 4.0, 0, 0, 0
L -287.0, 245.0, 10.0, -287.0, 252.0, 6.0, 0, 0, 0
L -285.0, 234.0, 13.0, -287.0, 245.0, 10.0, 0, 0, 0
L -284.0, 234.0, 13.0, -285.0, 234.0, 13.0, 0, 0, 0
L -276.0, 237.0, 10.0, -284.0, 234.0, 13.0, 0, 0, 0
L -270.0, 243.0, 6.0, -276.0, 237.0, 10.0, 0, 0, 0
L -271.0, 250.0, 5.0, -270.0, 243.0, 6.0, 0, 0, 0
L -264.0, 252.0, 4.0, -271.0, 250.0, 5.0, 0, 0, 0
L -257.0, 255.0, 4.0, -264.0, 252.0, 4.0, 0, 0, 0
L -257.0, 262.0, 5.0, -257.0, 255.0, 4.0, 0, 0, 0
L -253.0, 263.0, 6.0, -257.0, 262.0, 5.0, 0, 0, 0
L -251.0, 263.0, 6.0, -253.0, 263.0, 6.0, 0, 0, 0
L -231.0, 262.0, 14.0, -251.0, 263.0, 6.0, 0, 0, 0
L -224.0, 263.0, 16.0, -231.0, 262.0, 14.0, 0, 0, 0
L -218.0, 262.0, 18.0, -224.0, 263.0, 16.0, 0, 0, 0
L -197.0, 262.0, 25.0, -218.0, 262.0, 18.0, 0, 0, 0
L -196.0, 262.0, 25.0, -197.0, 262.0, 25.0, 0, 0, 0
L -185.0, 263.0, 27.0, -196.0, 262.0, 25.0, 0, 0, 0
L -177.0, 262.0, 25.0, -185.0, 263.0, 27.0, 0, 0, 0
L -168.0, 262.0, 26.0, -177.0, 262.0, 25.0, 0, 0, 0
L -159.0, 264.0, 28.0, -168.0, 262.0, 26.0, 0, 0, 0
L -156.0, 258.0, 31.0, -159.0, 264.0, 28.0, 0, 0, 0
L -156.0, 236.0, 38.0, -156.0, 258.0, 31.0, 0, 0, 0
L -148.0, 235.0, 26.0, -156.0, 236.0, 38.0, 0, 0, 0
L -140.0, 235.0, 26.0, -148.0, 235.0, 26.0, 0, 0, 0
L -134.0, 236.0, 24.0, -140.0, 235.0, 26.0, 0, 0, 0
L -134.0, 230.0, 25.0, -134.0, 236.0, 24.0, 0, 0, 0
L -134.0, 221.0, 24.0, -134.0, 230.0, 25.0, 0, 0, 0
L -129.0, 216.0, 22.0, -134.0, 221.0, 24.0, 0, 0, 0
L -120.0, 209.0, 17.0, -129.0, 216.0, 22.0, 0, 0, 0
L -117.0, 207.0, 16.0, -120.0, 209.0, 17.0, 0, 0, 0
L -110.0, 200.0, 12.0, -117.0, 207.0, 16.0, 0, 0, 0
L -106.0, 195.0, 12.0, -110.0, 200.0, 12.0, 0, 0, 0
L -101.0, 191.0, 13.0, -106.0, 195.0, 12.0, 0, 0, 0
L -91.0, 187.0, 12.0, -101.0, 191.0, 13.0, 0, 0, 0
L -86.0, 184.0, 6.0, -91.0, 187.0, 12.0, 0, 0, 0
L -75.0, 176.0, 1.0, -86.0, 184.0, 6.0, 0, 0, 0
L -51.0, 176.0, 1.0, -75.0, 176.0, 1.0, 0, 0, 0
L -45.0, 176.0, 1.0, -51.0, 176.0, 1.0, 0, 0, 0
L -44.0, 171.0, 1.0, -45.0, 176.0, 1.0, 0, 0, 0
L -50.0, 170.0, 0.0, -44.0, 171.0, 1.0, 0, 0, 0
L -174.0, -223.0, -11.0, -168.0, -225.0, -12.0, 0, 0, 0
L -192.0, -227.0, -10.0, -174.0, -223.0, -11.0, 0, 0, 0
L -201.0, -228.0, -7.0, -192.0, -227.0, -10.0, 0, 0, 0
L -201.0, -253.0, -10.0, -201.0, -228.0, -7.0, 0, 0, 0
L -177.0, -257.0, -12.0, -201.0, -253.0, -10.0, 0, 0, 0
L -175.0, -268.0, -8.0, -177.0, -257.0, -12.0, 0, 0, 0
L -176.0, -273.0, -5.0, -175.0, -268.0, -8.0, 0, 0, 0
L -177.0, -278.0, -3.0, -176.0, -273.0, -5.0, 0, 0, 0
L -185.0, -278.0, -1.0, -177.0, -278.0, -3.0, 0, 0, 0
L -193.0, -275.0, -6.0, -185.0, -278.0, -1.0, 0, 0, 0
L -205.0, -277.0, -13.0, -193.0, -275.0, -6.0, 0, 0, 0
L -274.0, -277.0, -12.0, -205.0, -277.0, -13.0, 0, 0, 0
L -274.0, -276.0, -12.0, -274.0, -277.0, -12.0, 0, 0, 0
L -278.0, -262.0, -11.0, -274.0, -276.0, -12.0, 0, 0, 0
L -277.0, -249.0, -9.0, -278.0, -262.0, -11.0, 0, 0, 0
L -277.0, -238.0, -8.0, -277.0, -249.0, -9.0, 0, 0, 0
L -277.0, -228.0, -10.0, -277.0, -238.0, -8.0, 0, 0, 0
L -278.0, -221.0, -11.0, -277.0, -228.0, -10.0, 0, 0, 0
L -276.0, -208.0, -8.0, -278.0, -221.0, -11.0, 0, 0, 0
L -265.0, -204.0, -9.0, -276.0, -208.0, -8.0, 0, 0, 0
L -255.0, -204.0, -7.0, -265.0, -204.0, -9.0, 0, 0, 0
L -224.0, -204.0, -12.0, -255.0, -204.0, -7.0, 0, 0, 0
L -205.0, -207.0, -12.0, -224.0, -204.0, -12.0, 0, 0, 0
L -198.0, -207.0, -11.0, -205.0, -207.0, -12.0, 0, 0, 0
L -177.0, -206.0, -12.0, -198.0, -207.0, -11.0, 0, 0, 0
L -169.0, -207.0, -12.0, -177.0, -206.0, -12.0, 0, 0, 0
L -84.0, -309.0, -11.0, -84.0, -296.0, -12.0, 0, 0, 0
L -84.0, -313.0, -9.0, -84.0, -309.0, -11.0, 0, 0, 0
L -82.0, -320.0, -11.0, -84.0, -313.0, -9.0, 0, 0, 0
L -64.0, -313.0, -12.0, -65.0, -320.0, -10.0, 0, 0, 0
L 280.0, -94.0, 26.0, 280.0, -75.0, 26.0, 0, 0, 0
L 278.0, -104.0, 26.0, 280.0, -94.0, 26.0, 0, 0, 0
L 279.0, -126.0, 19.0, 278.0, -104.0, 26.0, 0, 0, 0
L 279.0, -127.0, 19.0, 279.0, -126.0, 19.0, 0, 0, 0
L 279.0, -136.0, 16.0, 279.0, -127.0, 19.0, 0, 0, 0
L 261.0, -91.0, 26.0, 261.0, -75.0, 26.0, 0, 0, 0
L 262.0, -97.0, 27.0, 261.0, -91.0, 26.0, 0, 0, 0
L 261.0, -106.0, 27.0, 262.0, -97.0, 27.0, 0, 0, 0
L 261.0, -124.0, 20.0, 261.0, -106.0, 27.0, 0, 0, 0
L 262.0, -129.0, 18.0, 261.0, -124.0, 20.0, 0, 0, 0
L 262.0, -136.0, 18.0, 262.0, -129.0, 18.0, 0, 0, 0
L 257.0, -137.0, 20.0, 262.0, -136.0, 18.0, 0, 0, 0
L 244.0, -136.0, 21.0, 257.0, -137.0, 20.0, 0, 0, 0
L 239.0, -137.0, 16.0, 244.0, -136.0, 21.0, 0, 0, 0
L 232.0, -144.0, 14.0, 239.0, -137.0, 16.0, 0, 0, 0
L 232.0, -158.0, 16.0, 232.0, -144.0, 14.0, 0, 0, 0
L 237.0, -169.0, 16.0, 232.0, -158.0, 16.0, 0, 0, 0
L 241.0, -173.0, 16.0, 237.0, -169.0, 16.0, 0, 0, 0
L 264.0, -173.0, 16.0, 241.0, -173.0, 16.0, 0, 0, 0
L 275.0, -172.0, 16.0, 264.0, -173.0, 16.0, 0, 0, 0
L 277.0, -172.0, 16.0, 275.0, -172.0, 16.0, 0, 0, 0
L 278.0, -183.0, 15.0, 277.0, -172.0, 16.0, 0, 0, 0
L 278.0, -204.0, 15.0, 278.0, -183.0, 15.0, 0, 0, 0
L 279.0, -210.0, 15.0, 278.0, -204.0, 15.0, 0, 0, 0
L 299.0, -136.0, 16.0, 279.0, -136.0, 16.0, 0, 0, 0
L 308.0, -145.0, 15.0, 299.0, -136.0, 16.0, 0, 0, 0
L 308.0, -162.0, 16.0, 308.0, -145.0, 15.0, 0, 0, 0
L 304.0, -169.0, 16.0, 308.0, -162.0, 16.0, 0, 0, 0
L 297.0, -172.0, 17.0, 304.0, -169.0, 16.0, 0, 0, 0
L 296.0, -183.0, 15.0, 297.0, -172.0, 17.0, 0, 0, 0
L 296.0, -200.0, 15.0, 296.0, -183.0, 15.0, 0, 0, 0
L 295.0, -204.0, 15.0, 296.0, -200.0, 15.0, 0, 0, 0
L 296.0, -211.0, 15.0, 295.0, -204.0, 15.0, 0, 0, 0
L 298.0, -211.0, 15.0, 296.0, -211.0, 15.0, 0, 0, 0
L 321.0, -210.0, 15.0, 298.0, -211.0, 15.0, 0, 0, 0
L 323.0, -222.0, 15.0, 321.0, -210.0, 15.0, 0, 0, 0
L 322.0, -231.0, 16.0, 323.0, -222.0, 15.0, 0, 0, 0
L 328.0, -232.0, 19.0, 322.0, -231.0, 16.0, 0, 0, 0
L 344.0, -232.0, 19.0, 328.0, -232.0, 19.0, 0, 0, 0
L 365.0, -252.0, 15.0, 344.0, -232.0, 19.0, 0, 0, 0
L 368.0, -267.0, 8.0, 365.0, -252.0, 15.0, 0, 0, 0
L 369.0, -268.0, 7.0, 368.0, -267.0, 8.0, 0, 0, 0
L 368.0, -275.0, 5.0, 369.0, -268.0, 7.0, 0, 0, 0
L 368.0, -279.0, 6.0, 368.0, -275.0, 5.0, 0, 0, 0
L 367.0, -283.0, 7.0, 368.0, -279.0, 6.0, 0, 0, 0
L 367.0, -288.0, 6.0, 367.0, -283.0, 7.0, 0, 0, 0
L 366.0, -291.0, 9.0, 367.0, -288.0, 6.0, 0, 0, 0
L 279.0, -224.0, 15.0, 279.0, -210.0, 15.0, 0, 0, 0
L 283.0, -226.0, 15.0, 279.0, -224.0, 15.0, 0, 0, 0
L 293.0, -225.0, 15.0, 283.0, -226.0, 15.0, 0, 0, 0
L 298.0, -224.0, 15.0, 293.0, -225.0, 15.0, 0, 0, 0
L 305.0, -226.0, 16.0, 298.0, -224.0, 15.0, 0, 0, 0
L 303.0, -233.0, 17.0, 305.0, -226.0, 16.0, 0, 0, 0
L 302.0, -233.0, 17.0, 303.0, -233.0, 17.0, 0, 0, 0
L 296.0, -293.0, -10.0, 304.5, -294.0, -11.0, 0, 0, 0
L 293.0, -300.0, -11.0, 296.0, -293.0, -10.0, 0, 0, 0
L 293.0, -305.0, -11.0, 293.0, -300.0, -11.0, 0, 0, 0
L 293.0, -312.0, -11.0, 293.0, -305.0, -11.0, 0, 0, 0
L 293.0, -319.0, -10.0, 293.0, -312.0, -11.0, 0, 0, 0
L 287.0, -322.0, -11.0, 293.0, -319.0, -10.0, 0, 0, 0
L 280.0, -321.0, -11.0, 287.0, -322.0, -11.0, 0, 0, 0
L 276.0, -320.0, -11.0, 280.0, -321.0, -11.0, 0, 0, 0
L 272.0, -322.0, -11.0, 276.0, -320.0, -11.0, 0, 0, 0
L 253.0, -322.0, -11.0, 272.0, -322.0, -11.0, 0, 0, 0
L 241.0, -321.0, -11.0, 253.0, -322.0, -11.0, 0, 0, 0
L 224.0, -322.0, -11.0, 241.0, -321.0, -11.0, 0, 0, 0
L 220.0, -321.0, -11.0, 224.0, -322.0, -11.0, 0, 0, 0
L 214.0, -321.0, -11.0, 220.0, -321.0, -11.0, 0, 0, 0
L 201.0, -322.0, -11.0, 214.0, -321.0, -11.0, 0, 0, 0
L 198.0, -312.0, -11.0, 201.0, -322.0, -11.0, 0, 0, 0
L 199.0, -307.0, -11.0, 198.0, -312.0, -11.0, 0, 0, 0
L 200.0, -302.0, -11.0, 199.0, -307.0, -11.0, 0, 0, 0
L 198.0, -295.0, -10.0, 200.0, -302.0, -11.0, 0, 0, 0
L 191.0, -297.0, -12.0, 198.0, -295.0, -10.0, 0, 0, 0
L 191.0, -299.0, -12.0, 191.0, -297.0, -12.0, 0, 0, 0
L 192.0, -316.0, -11.0, 191.0, -299.0, -12.0, 0, 0, 0
L 182.0, -317.0, -12.0, 192.0, -316.0, -11.0, 0, 0, 0
L 174.0, -317.0, -11.0, 182.0, -317.0, -12.0, 0, 0, 0
L 165.0, -316.0, -12.0, 174.0, -317.0, -11.0, 0, 0, 0
L 160.0, -316.0, -11.0, 165.0, -316.0, -12.0, 0, 0, 0
L 157.0, -316.0, -11.0, 160.0, -316.0, -11.0, 0, 0, 0
L 146.0, -317.0, -11.0, 157.0, -316.0, -11.0, 0, 0, 0
L 146.0, -291.0, -8.0, 146.0, -317.0, -11.0, 0, 0, 0
L 146.0, -285.0, -7.0, 146.0, -291.0, -8.0, 0, 0, 0
L 148.0, -278.0, -6.0, 146.0, -285.0, -7.0, 0, 0, 0
L 151.0, -266.0, -4.0, 148.0, -278.0, -6.0, 0, 0, 0
L 148.0, -262.0, -11.0, 151.0, -266.0, -4.0, 0, 0, 0
L 144.0, -260.0, -11.0, 148.0, -262.0, -11.0, 0, 0, 0
L 85.0, -260.0, -6.0, 144.0, -260.0, -11.0, 0, 0, 0
L 81.0, -256.0, -9.0, 85.0, -260.0, -6.0, 0, 0, 0
L 72.0, -255.0, -6.0, 81.0, -256.0, -9.0, 0, 0, 0
L 66.0, -253.0, -6.0, 72.0, -255.0, -6.0, 0, 0, 0
L 64.0, -252.0, -11.0, 66.0, -253.0, -6.0, 0, 0, 0
L 57.0, -255.0, -11.0, 64.0, -252.0, -11.0, 0, 0, 0
L 57.0, -230.0, -11.0, 57.0, -255.0, -11.0, 0, 0, 0
L 37.0, -228.0, -10.0, 57.0, -230.0, -11.0, 0, 0, 0
L 31.0, -227.0, -9.0, 37.0, -228.0, -10.0, 0, 0, 0
L 26.0, -227.0, -9.0, 31.0, -227.0, -9.0, 0, 0, 0
L 23.0, -229.0, -12.0, 26.0, -227.0, -9.0, 0, 0, 0
L 11.0, -227.0, -12.0, 23.0, -229.0, -12.0, 0, 0, 0
L 6.0, -230.0, -12.0, 11.0, -227.0, -12.0, 0, 0, 0
L 5.0, -238.0, -13.0, 6.0, -230.0, -12.0, 0, 0, 0
L -26.0, -258.0, -26.0, 5.0, -238.0, -13.0, 0, 0, 0
L -35.0, -267.0, -24.0, -26.0, -258.0, -26.0, 0, 0, 0
L -54.0, -292.0, -13.0, -35.0, -267.0, -24.0, 0, 0, 0
L -55.0, -293.0, -13.0, -54.0, -292.0, -13.0, 0, 0, 0
L -63.0, -295.0, -12.0, -55.0, -293.0, -13.0, 0, 0, 0
L -64.0, -313.0, -12.0, -63.0, -295.0, -12.0, 0, 0, 0
L -90.0, -294.0, -13.0, -84.0, -296.0, -12.0, 0, 0, 0
L -94.0, -294.0, -13.0, -90.0, -294.0, -13.0, 0, 0, 0
L -97.0, -288.0, -15.0, -94.0, -294.0, -13.0, 0, 0, 0
L -113.0, -263.0, -26.0, -97.0, -288.0, -15.0, 0, 0, 0
L -138.0, -241.0, -17.0, -113.0, -263.0, -26.0, 0, 0, 0
L -139.0, -239.0, -17.0, -138.0, -241.0, -17.0, 0, 0, 0
L -140.0, -236.0, -16.0, -139.0, -239.0, -17.0, 0, 0, 0
L -144.0, -228.0, -13.0, -140.0, -236.0, -16.0, 0, 0, 0
L -150.0, -225.0, -12.0, -144.0, -228.0, -13.0, 0, 0, 0
L -168.0, -225.0, -12.0, -150.0, -225.0, -12.0, 0, 0, 0
L -151.0, -205.0, -12.0, -169.0, -207.0, -12.0, 0, 0, 0
L -148.0, -195.0, -13.0, -151.0, -205.0, -12.0, 0, 0, 0
L -120.0, -178.0, -25.0, -148.0, -195.0, -13.0, 0, 0, 0
L -118.0, -176.0, -26.0, -120.0, -178.0, -25.0, 0, 0, 0
L -100.0, -154.0, -18.0, -118.0, -176.0, -26.0, 0, 0, 0
L -82.0, -141.0, -13.0, -100.0, -154.0, -18.0, 0, 0, 0
L -80.0, -124.0, -11.0, -82.0, -141.0, -13.0, 0, 0, 0
L -81.0, -113.0, -11.0, -80.0, -124.0, -11.0, 0, 0, 0
L -83.0, -113.0, -11.0, -81.0, -113.0, -11.0, 0, 0, 0
L -111.0, -114.0, -10.0, -83.0, -113.0, -11.0, 0, 0, 0
L -119.0, -110.0, -10.0, -111.0, -114.0, -10.0, 0, 0, 0
L -125.0, -106.0, -10.0, -119.0, -110.0, -10.0, 0, 0, 0
L -125.0, -93.0, -12.0, -125.0, -106.0, -10.0, 0, 0, 0
L -125.0, -85.0, -11.0, -125.0, -93.0, -12.0, 0, 0, 0
L -117.0, -78.0, -10.0, -125.0, -85.0, -11.0, 0, 0, 0
L -105.0, -77.0, -10.0, -117.0, -78.0, -10.0, 0, 0, 0
L -101.0, -78.0, -10.0, -105.0, -77.0, -10.0, 0, 0, 0
L -95.0, -77.0, -9.0, -101.0, -78.0, -10.0, 0, 0, 0
L -96.0, -69.0, -8.0, -95.0, -77.0, -9.0, 0, 0, 0
L -96.0, -54.0, -1.0, -96.0, -69.0, -8.0, 0, 0, 0
L -94.0, -44.0, 1.0, -96.0, -54.0, -1.0, 0, 0, 0
L -95.0, -39.0, 0.0, -94.0, -44.0, 1.0, 0, 0, 0
L -96.0, -18.0, 0.0, -95.0, -39.0, 0.0, 0, 0, 0
L -97.0, -4.0, 0.0, -96.0, -18.0, 0.0, 0, 0, 0
L -156.0, -4.0, 2.0, -97.0, -4.0, 0.0, 0, 0, 0
L -157.0, 0.0, 3.0, -156.0, -4.0, 2.0, 0, 0, 0
L -156.0, 6.0, 4.0, -157.0, 0.0, 3.0, 0, 0, 0
L -155.0, 15.0, 5.0, -156.0, 6.0, 4.0, 0, 0, 0
L -156.0, 18.0, 1.0, -155.0, 15.0, 5.0, 0, 0, 0
L -157.0, 22.0, 0.0, -156.0, 18.0, 1.0, 0, 0, 0
L -160.0, 35.0, 0.0, -157.0, 22.0, 0.0, 0, 0, 0
L -161.0, 35.0, -1.0, -160.0, 35.0, 0.0, 0, 0, 0
L -163.0, 26.0, 0.0, -161.0, 35.0, -1.0, 0, 0, 0
L -189.0, 26.0, 0.0, -163.0, 26.0, 0.0, 0, 0, 0
L -196.0, 26.0, 0.0, -189.0, 26.0, 0.0, 0, 0, 0
L -197.0, 52.0, 0.0, -196.0, 26.0, 0.0, 0, 0, 0
L -193.0, 61.0, 0.0, -197.0, 52.0, 0.0, 0, 0, 0
L -188.0, 67.0, 0.0, -193.0, 61.0, 0.0, 0, 0, 0
L -163.0, 68.0, 0.0, -188.0, 67.0, 0.0, 0, 0, 0
L -160.0, 54.0, 2.0, -163.0, 68.0, 0.0, 0, 0, 0
L -159.0, 54.0, 3.0, -160.0, 54.0, 2.0, 0, 0, 0
L -156.0, 68.0, 7.0, -159.0, 54.0, 3.0, 0, 0, 0
L -130.0, 68.0, 4.0, -156.0, 68.0, 7.0, 0, 0, 0
L -121.0, 67.0, 4.0, -130.0, 68.0, 4.0, 0, 0, 0
L -100.0, 67.0, 1.0, -121.0, 67.0, 4.0, 0, 0, 0
L -99.0, 74.0, 0.0, -100.0, 67.0, 1.0, 0, 0, 0
L -99.0, 91.0, 0.0, -99.0, 74.0, 0.0, 0, 0, 0
L -75.0, 91.0, 0.0, -99.0, 91.0, 0.0, 0, 0, 0
L -72.0, 113.0, 1.0, -75.0, 91.0, 0.0, 0, 0, 0
L -72.0, 127.0, 0.0, -72.0, 113.0, 1.0, 0, 0, 0
L -72.0, 170.0, 0.0, -72.0, 127.0, 0.0, 0, 0, 0
L -50.0, 170.0, 0.0, -72.0, 170.0, 0.0, 0, 0, 0
L 8.0, 299.0, 17.0, 14.0, 307.0, 23.0, 0, 0, 0
L -2.0, 292.0, 21.0, 8.0, 299.0, 17.0, 0, 0, 0
L -3.0, 289.0, 22.0, -2.0, 292.0, 21.0, 0, 0, 0
L -5.0, 271.0, 24.0, -3.0, 289.0, 22.0, 0, 0, 0
L -5.0, 265.0, 23.0, -5.0, 271.0, 24.0, 0, 0, 0
L -6.0, 247.0, 25.0, -5.0, 265.0, 23.0, 0, 0, 0
L 1.0, 246.0, 25.0, -6.0, 247.0, 25.0, 0, 0, 0
L 2.0, 250.0, 25.0, 1.0, 246.0, 25.0, 0, 0, 0
L 1.0, 264.0, 25.0, 2.0, 250.0, 25.0, 0, 0, 0
L 5.0, 271.0, 25.0, 1.0, 264.0, 25.0, 0, 0, 0
L 35.0, 273.0, 25.0, 5.0, 271.0, 25.0, 0, 0, 0
L 46.0, 272.0, 27.0, 35.0, 273.0, 25.0, 0, 0, 0
L 49.0, 271.0, 27.0, 46.0, 272.0, 27.0, 0, 0, 0
L 55.0, 272.0, 25.0, 49.0, 271.0, 27.0, 0, 0, 0
L 59.0, 301.0, 25.0, 55.0, 272.0, 25.0, 0, 0, 0
L 102.0, 298.0, 25.0, 59.0, 301.0, 25.0, 0, 0, 0
L 103.0, 298.0, 25.0, 102.0, 298.0, 25.0, 0, 0, 0
L 106.0, 278.0, 28.0, 103.0, 298.0, 25.0, 0, 0, 0
L 110.0, 273.0, 25.0, 106.0, 278.0, 28.0, 0, 0, 0
L 118.0, 274.0, 26.0, 110.0, 273.0, 25.0, 0, 0, 0
L 121.0, 274.0, 26.0, 118.0, 274.0, 26.0, 0, 0, 0
L 132.0, 273.0, 28.0, 121.0, 274.0, 26.0, 0, 0, 0
L 134.0, 273.0, 28.0, 132.0, 273.0, 28.0, 0, 0, 0
L 149.0, 275.0, 30.0, 134.0, 273.0, 28.0, 0, 0, 0
L 160.0, 267.0, 27.0, 149.0, 275.0, 30.0, 0, 0, 0
L 161.0, 245.0, 30.0, 160.0, 267.0, 27.0, 0, 0, 0
L 158.0, 233.0, 27.0, 161.0, 245.0, 30.0, 0, 0, 0
L 156.0, 225.0, 25.0, 158.0, 233.0, 27.0, 0, 0, 0
L 156.0, 219.0, 25.0, 156.0, 225.0, 25.0, 0, 0, 0
L 161.0, 217.0, 26.0, 156.0, 219.0, 25.0, 0, 0, 0
L 167.0, 217.0, 26.0, 161.0, 217.0, 26.0, 0, 0, 0
L 175.0, 221.0, 26.0, 167.0, 217.0, 26.0, 0, 0, 0
L 175.0, 234.0, 28.0, 175.0, 221.0, 26.0, 0, 0, 0
L 174.0, 251.0, 25.0, 175.0, 234.0, 28.0, 0, 0, 0
L 175.0, 258.0, 21.0, 174.0, 251.0, 25.0, 0, 0, 0
L 175.0, 265.0, 17.0, 175.0, 258.0, 21.0, 0, 0, 0
L 175.0, 267.0, 17.0, 175.0, 265.0, 17.0, 0, 0, 0
L 175.0, 277.0, 14.0, 175.0, 267.0, 17.0, 0, 0, 0
L 174.0, 292.0, 10.0, 175.0, 277.0, 14.0, 0, 0, 0
L 175.0, 299.0, 7.0, 174.0, 292.0, 10.0, 0, 0, 0
L 176.0, 303.0, 3.0, 175.0, 299.0, 7.0, 0, 0, 0
L 176.0, 308.0, 1.0, 176.0, 303.0, 3.0, 0, 0, 0
L 176.0, 317.0, 0.0, 176.0, 308.0, 1.0, 0, 0, 0
L 176.0, 338.0, 0.0, 176.0, 317.0, 0.0, 0, 0, 0
L 177.0, 344.0, 0.0, 176.0, 338.0, 0.0, 0, 0, 0
L 176.0, 355.0, 0.0, 177.0, 344.0, 0.0, 0, 0, 0
L 181.0, 358.0, 0.0, 176.0, 355.0, 0.0, 0, 0, 0
L 186.0, 359.0, 0.0, 181.0, 358.0, 0.0, 0, 0, 0
L 204.0, 362.0, 1.0, 186.0, 359.0, 0.0, 0, 0, 0
L 202.0, 367.0, 0.0, 204.0, 362.0, 1.0, 0, 0, 0
L 199.0, 367.0, -1.0, 202.0, 367.0, 0.0, 0, 0, 0
L 181.0, 366.0, 0.0, 199.0, 367.0, -1.0, 0, 0, 0
L 181.0, 468.0, 0.0, 181.0, 366.0, 0.0, 0, 0, 0
L 163.0, 540.0, -1.0, 163.0, 546.0, -2.0, 0, 0, 0
L 171.0, 540.0, 2.0, 163.0, 540.0, -1.0, 0, 0, 0
L 183.0, 539.0, 3.0, 171.0, 540.0, 2.0, 0, 0, 0
L 194.0, 540.0, 4.0, 183.0, 539.0, 3.0, 0, 0, 0
L 209.0, 540.0, -2.0, 194.0, 540.0, 4.0, 0, 0, 0
L 209.0, 513.0, -2.0, 209.0, 540.0, -2.0, 0, 0, 0
L 202.0, 514.0, 0.0, 209.0, 513.0, -2.0, 0, 0, 0
L 202.0, 504.0, -1.0, 202.0, 514.0, 0.0, 0, 0, 0
L 202.0, 484.0, -1.0, 202.0, 504.0, -1.0, 0, 0, 0
L 200.0, 470.0, 1.0, 201.0, 481.0, 0.0, 0, 0, 0
L 207.0, 469.0, 4.0, 200.0, 470.0, 1.0, 0, 0, 0
L 252.0, 469.0, 3.0, 207.0, 469.0, 4.0, 0, 0, 0
L 253.0, 430.0, 5.0, 252.0, 469.0, 3.0, 0, 0, 0
L 225.0, 426.0, 0.0, 253.0, 430.0, 5.0, 0, 0, 0
L 225.0, 424.0, 0.0, 225.0, 426.0, 0.0, 0, 0, 0
L 253.0, 422.0, 0.0, 225.0, 424.0, 0.0, 0, 0, 0
L 253.0, 417.0, 0.0, 253.0, 422.0, 0.0, 0, 0, 0
L 254.0, 410.0, 1.0, 253.0, 417.0, 0.0, 0, 0, 0
L 259.0, 411.0, 0.0, 254.0, 410.0, 1.0, 0, 0, 0
L 274.0, 410.0, 5.0, 259.0, 411.0, 0.0, 0, 0, 0
L 275.0, 410.0, 6.0, 274.0, 410.0, 5.0, 0, 0, 0
L 274.0, 397.0, 15.0, 275.0, 410.0, 6.0, 0, 0, 0
L 271.0, 395.0, 13.0, 274.0, 397.0, 15.0, 0, 0, 0
L 268.0, 395.0, 9.0, 271.0, 395.0, 13.0, 0, 0, 0
L 252.0, 391.0, 0.0, 268.0, 395.0, 9.0, 0, 0, 0
L 252.0, 389.0, 0.0, 252.0, 391.0, 0.0, 0, 0, 0
L 253.0, 367.0, 0.0, 252.0, 389.0, 0.0, 0, 0, 0
L 246.0, 366.0, 0.0, 253.0, 367.0, 0.0, 0, 0, 0
L 244.0, 371.0, 0.0, 246.0, 366.0, 0.0, 0, 0, 0
L 237.0, 371.0, 0.0, 244.0, 371.0, 0.0, 0, 0, 0
L 237.0, 367.0, 1.0, 237.0, 371.0, 0.0, 0, 0, 0
L 234.0, 366.0, 0.0, 237.0, 367.0, 1.0, 0, 0, 0
L 224.0, 367.0, -1.0, 234.0, 366.0, 0.0, 0, 0, 0
L 221.0, 360.0, 3.0, 224.0, 367.0, -1.0, 0, 0, 0
L 221.0, 348.0, 9.0, 221.0, 360.0, 3.0, 0, 0, 0
L 217.0, 343.0, 11.0, 221.0, 348.0, 9.0, 0, 0, 0
L 208.0, 343.0, 0.0, 217.0, 343.0, 11.0, 0, 0, 0
L 201.0, 344.0, 0.0, 208.0, 343.0, 0.0, 0, 0, 0
L 193.0, 344.0, 0.0, 201.0, 344.0, 0.0, 0, 0, 0
L 194.0, 338.0, 0.0, 193.0, 344.0, 0.0, 0, 0, 0
L 194.0, 319.0, 1.0, 194.0, 338.0, 0.0, 0, 0, 0
L 194.0, 311.0, 3.0, 194.0, 319.0, 1.0, 0, 0, 0
L 194.0, 299.0, 8.0, 194.0, 311.0, 3.0, 0, 0, 0
L 195.0, 239.0, 27.0, 194.0, 299.0, 8.0, 0, 0, 0
L 194.0, 231.0, 26.0, 195.0, 239.0, 27.0, 0, 0, 0
L 193.0, 224.0, 26.0, 194.0, 231.0, 26.0, 0, 0, 0
L 196.0, 218.0, 25.0, 193.0, 224.0, 26.0, 0, 0, 0
L 196.0, 213.0, 25.0, 196.0, 218.0, 25.0, 0, 0, 0
L 198.0, 208.0, 26.0, 196.0, 213.0, 25.0, 0, 0, 0
L 199.0, 203.0, 26.0, 198.0, 208.0, 26.0, 0, 0, 0
L 183.0, 201.0, 25.0, 199.0, 203.0, 26.0, 0, 0, 0
L 174.0, 201.0, 26.0, 183.0, 201.0, 25.0, 0, 0, 0
L 162.0, 202.0, 26.0, 174.0, 201.0, 26.0, 0, 0, 0
L 161.0, 195.0, 25.0, 162.0, 202.0, 26.0, 0, 0, 0
L 135.0, 161.0, 25.0, 139.0, 158.0, 25.0, 0, 0, 0
L 127.0, 161.0, 25.0, 135.0, 161.0, 25.0, 0, 0, 0
L 122.0, 157.0, 25.0, 127.0, 161.0, 25.0, 0, 0, 0
L 112.0, 144.0, 24.0, 122.0, 157.0, 25.0, 0, 0, 0
L 101.0, 139.0, 25.0, 112.0, 144.0, 24.0, 0, 0, 0
L 100.0, 138.0, 25.0, 101.0, 139.0, 25.0, 0, 0, 0
L 74.0, 134.0, 30.0, 100.0, 138.0, 25.0, 0, 0, 0
L 67.0, 135.0, 30.0, 74.0, 134.0, 30.0, 0, 0, 0
L 55.0, 137.0, 27.0, 67.0, 135.0, 30.0, 0, 0, 0
L 56.0, 154.0, 29.0, 55.0, 137.0, 27.0, 0, 0, 0
L 56.0, 155.0, 29.0, 56.0, 154.0, 29.0, 0, 0, 0
L 57.0, 162.0, 29.0, 56.0, 155.0, 29.0, 0, 0, 0
L 56.0, 166.0, 29.0, 57.0, 162.0, 29.0, 0, 0, 0
L 56.0, 170.0, 30.0, 56.0, 166.0, 29.0, 0, 0, 0
L 55.0, 186.0, 28.0, 56.0, 170.0, 30.0, 0, 0, 0
L 56.0, 195.0, 25.0, 55.0, 186.0, 28.0, 0, 0, 0
L 66.0, 199.0, 25.0, 56.0, 195.0, 25.0, 0, 0, 0
L 78.0, 203.0, 25.0, 66.0, 199.0, 25.0, 0, 0, 0
L 79.0, 214.0, 25.0, 78.0, 203.0, 25.0, 0, 0, 0
L 78.0, 220.0, 25.0, 79.0, 214.0, 25.0, 0, 0, 0
L 78.0, 239.0, 25.0, 78.0, 220.0, 25.0, 0, 0, 0
L 60.0, 249.0, 25.0, 78.0, 239.0, 25.0, 0, 0, 0
L 55.0, 255.0, 27.0, 60.0, 249.0, 25.0, 0, 0, 0
L 45.0, 256.0, 25.0, 55.0, 255.0, 27.0, 0, 0, 0
L 19.0, 254.0, 25.0, 45.0, 256.0, 25.0, 0, 0, 0
L 18.0, 228.0, 27.0, 19.0, 254.0, 25.0, 0, 0, 0
L 17.0, 228.0, 28.0, 18.0, 228.0, 27.0, 0, 0, 0
L 7.0, 232.0, 27.0, 17.0, 228.0, 28.0, 0, 0, 0
L -3.0, 229.0, 26.0, 7.0, 232.0, 27.0, 0, 0, 0
L -5.0, 223.0, 24.0, -3.0, 229.0, 26.0, 0, 0, 0
L -5.0, 219.0, 24.0, -5.0, 223.0, 24.0, 0, 0, 0
L 14.0, 209.0, 24.0, -5.0, 219.0, 24.0, 0, 0, 0
L 17.0, 195.0, 24.0, 14.0, 209.0, 24.0, 0, 0, 0
L 19.0, 188.0, 24.0, 17.0, 195.0, 24.0, 0, 0, 0
L 19.0, 187.0, 24.0, 19.0, 188.0, 24.0, 0, 0, 0
L 26.0, 176.0, 24.0, 19.0, 187.0, 24.0, 0, 0, 0
L 3.0, 176.0, 5.0, 26.0, 176.0, 24.0, 0, 0, 0
L -3.0, 176.0, 5.0, 3.0, 176.0, 5.0, 0, 0, 0
L -15.0, 177.0, 5.0, -3.0, 176.0, 5.0, 0, 0, 0
L -27.0, 177.0, 5.0, -15.0, 177.0, 5.0, 0, 0, 0
L -27.0, 168.0, 7.0, -27.0, 177.0, 5.0, 0, 0, 0
L -27.0, 158.0, 11.0, -27.0, 168.0, 7.0, 0, 0, 0
L -34.0, 153.0, 7.0, -27.0, 158.0, 11.0, 0, 0, 0
L -51.0, 153.0, 0.0, -34.0, 153.0, 7.0, 0, 0, 0
L -54.0, 131.0, 0.0, -51.0, 153.0, 0.0, 0, 0, 0
L -54.0, 117.0, 0.0, -54.0, 131.0, 0.0, 0, 0, 0
L -54.0, 74.0, 0.0, -54.0, 117.0, 0.0, 0, 0, 0
L -70.0, 74.0, 0.0, -54.0, 74.0, 0.0, 0, 0, 0
L -81.0, 74.0, 1.0, -70.0, 74.0, 0.0, 0, 0, 0
L -82.0, 69.0, 0.0, -81.0, 74.0, 1.0, 0, 0, 0
L -79.0, 67.0, 0.0, -82.0, 69.0, 0.0, 0, 0, 0
L -77.0, 67.0, 0.0, -79.0, 67.0, 0.0, 0, 0, 0
L -54.0, 68.0, 0.0, -77.0, 67.0, 0.0, 0, 0, 0
L -55.0, 39.0, 0.0, -54.0, 68.0, 0.0, 0, 0, 0
L -54.0, 36.0, 0.0, -55.0, 39.0, 0.0, 0, 0, 0
L -48.0, 36.0, 4.0, -54.0, 36.0, 0.0, 0, 0, 0
L -41.0, 36.0, 6.0, -48.0, 36.0, 4.0, 0, 0, 0
L -31.0, 34.0, 13.0, -41.0, 36.0, 6.0, 0, 0, 0
L -33.0, 24.0, 16.0, -31.0, 34.0, 13.0, 0, 0, 0
L -34.0, 23.0, 15.0, -33.0, 24.0, 16.0, 0, 0, 0
L -39.0, 22.0, 11.0, -34.0, 23.0, 15.0, 0, 0, 0
L -42.0, 21.0, 8.0, -39.0, 22.0, 11.0, 0, 0, 0
L -47.0, 19.0, 2.0, -42.0, 21.0, 8.0, 0, 0, 0
L -55.0, 16.0, -1.0, -47.0, 19.0, 2.0, 0, 0, 0
L -55.0, 14.0, -1.0, -55.0, 16.0, -1.0, 0, 0, 0
L -54.0, -4.0, 0.0, -55.0, 14.0, -1.0, 0, 0, 0
L -62.0, -4.0, -1.0, -54.0, -4.0, 0.0, 0, 0, 0
L -74.0, -4.0, 0.0, -62.0, -4.0, -1.0, 0, 0, 0
L -77.0, -16.0, 0.0, -74.0, -4.0, 0.0, 0, 0, 0
L -77.0, -32.0, 0.0, -77.0, -16.0, 0.0, 0, 0, 0
L -78.0, -37.0, 1.0, -77.0, -32.0, 0.0, 0, 0, 0
L -78.0, -46.0, 0.0, -78.0, -37.0, 1.0, 0, 0, 0
L -78.0, -68.0, -7.0, -78.0, -46.0, 0.0, 0, 0, 0
L -79.0, -75.0, -10.0, -78.0, -68.0, -7.0, 0, 0, 0
L -72.0, -77.0, -10.0, -79.0, -75.0, -10.0, 0, 0, 0
L -58.0, -77.0, -10.0, -72.0, -77.0, -10.0, 0, 0, 0
L -52.0, -82.0, -9.0, -58.0, -77.0, -10.0, 0, 0, 0
L -50.0, -84.0, -8.0, -52.0, -82.0, -9.0, 0, 0, 0
L -49.0, -105.0, -2.0, -50.0, -84.0, -8.0, 0, 0, 0
L -59.0, -111.0, -11.0, -49.0, -105.0, -2.0, 0, 0, 0
L -60.0, -121.0, -12.0, -59.0, -111.0, -11.0, 0, 0, 0
L -60.0, -138.0, -12.0, -60.0, -121.0, -12.0, 0, 0, 0
L -51.0, -140.0, -13.0, -60.0, -138.0, -12.0, 0, 0, 0
L -40.0, -157.0, -19.0, -51.0, -140.0, -13.0, 0, 0, 0
L -35.0, -165.0, -16.0, -40.0, -157.0, -19.0, 0, 0, 0
L -29.0, -174.0, -14.0, -35.0, -165.0, -16.0, 0, 0, 0
L 3.0, -199.0, -14.0, -29.0, -174.0, -14.0, 0, 0, 0
L 5.0, -206.0, -12.0, 3.0, -199.0, -14.0, 0, 0, 0
L 5.0, -208.0, -12.0, 5.0, -206.0, -12.0, 0, 0, 0
L 22.0, -209.0, -11.0, 5.0, -208.0, -12.0, 0, 0, 0
L 31.0, -210.0, -11.0, 22.0, -209.0, -11.0, 0, 0, 0
L 74.0, -210.0, -11.0, 31.0, -210.0, -11.0, 0, 0, 0
L 74.0, -230.0, -11.0, 74.0, -210.0, -11.0, 0, 0, 0
L 74.0, -237.0, -10.0, 74.0, -230.0, -11.0, 0, 0, 0
L 80.0, -237.0, -11.0, 74.0, -237.0, -10.0, 0, 0, 0
L 82.0, -229.0, -11.0, 80.0, -237.0, -11.0, 0, 0, 0
L 82.0, -227.0, -10.0, 82.0, -229.0, -11.0, 0, 0, 0
L 92.0, -221.0, -11.0, 82.0, -227.0, -10.0, 0, 0, 0
L 98.0, -214.0, -11.0, 92.0, -221.0, -11.0, 0, 0, 0
L 136.0, -225.0, -6.0, 98.0, -214.0, -11.0, 0, 0, 0
L 140.0, -240.0, -11.0, 136.0, -225.0, -6.0, 0, 0, 0
L 144.0, -240.0, -10.0, 140.0, -240.0, -11.0, 0, 0, 0
L 146.0, -229.0, -6.0, 144.0, -240.0, -10.0, 0, 0, 0
L 190.0, -243.0, -11.0, 146.0, -229.0, -6.0, 0, 0, 0
L 186.0, -254.0, -11.0, 190.0, -243.0, -11.0, 0, 0, 0
L 187.0, -261.0, -11.0, 186.0, -254.0, -11.0, 0, 0, 0
L 192.0, -268.0, -11.0, 187.0, -261.0, -11.0, 0, 0, 0
L 191.0, -276.0, -11.0, 192.0, -268.0, -11.0, 0, 0, 0
L 198.0, -277.0, -11.0, 191.0, -276.0, -11.0, 0, 0, 0
L 215.0, -279.0, -11.0, 198.0, -277.0, -11.0, 0, 0, 0
L 214.0, -299.0, -11.0, 215.0, -279.0, -11.0, 0, 0, 0
L 213.0, -302.0, -11.0, 214.0, -299.0, -11.0, 0, 0, 0
L 212.0, -305.0, -11.0, 213.0, -302.0, -11.0, 0, 0, 0
L 219.0, -305.0, -11.0, 212.0, -305.0, -11.0, 0, 0, 0
L 236.0, -304.0, -10.0, 219.0, -305.0, -11.0, 0, 0, 0
L 251.0, -304.0, -11.0, 236.0, -304.0, -10.0, 0, 0, 0
L 272.0, -305.0, -11.0, 251.0, -304.0, -11.0, 0, 0, 0
L 275.0, -306.0, -11.0, 272.0, -305.0, -11.0, 0, 0, 0
L 277.0, -306.0, -11.0, 275.0, -306.0, -11.0, 0, 0, 0
L 277.0, -299.0, -11.0, 277.0, -306.0, -11.0, 0, 0, 0
L 277.0, -285.0, -4.0, 277.0, -299.0, -11.0, 0, 0, 0
L 282.0, -282.0, -10.0, 277.0, -285.0, -4.0, 0, 0, 0
L 288.0, -282.0, -9.0, 282.0, -282.0, -10.0, 0, 0, 0
L 289.0, -278.0, -9.0, 288.0, -282.0, -9.0, 0, 0, 0
L 294.0, -278.0, -10.0, 289.0, -278.0, -9.0, 0, 0, 0
L 298.3, -282.8, -9.0, 294.0, -278.0, -10.0, 0, 0, 0
L 309.0, -279.6, -11.0, 298.3, -282.8, -9.0, 0, 0, 0
L 360.0, -340.0, 18.0, 366.0, -339.0, 21.0, 0, 0, 0
L 358.0, -346.0, 18.0, 360.0, -340.0, 18.0, 0, 0, 0
L 358.0, -363.0, 16.0, 358.0, -346.0, 18.0, 0, 0, 0
L 337.0, -363.0, 15.0, 358.0, -363.0, 16.0, 0, 0, 0
L 334.0, -362.0, 15.0, 337.0, -363.0, 15.0, 0, 0, 0
L 332.0, -362.0, 15.0, 334.0, -362.0, 15.0, 0, 0, 0
L 331.0, -368.0, 15.0, 332.0, -362.0, 15.0, 0, 0, 0
L 332.0, -388.0, 16.0, 331.0, -368.0, 15.0, 0, 0, 0
L 331.0, -399.0, 15.0, 332.0, -388.0, 16.0, 0, 0, 0
L 332.0, -415.0, 15.0, 331.0, -399.0, 15.0, 0, 0, 0
L 330.0, -424.0, 15.0, 332.0, -415.0, 15.0, 0, 0, 0
L 333.0, -428.0, 15.0, 330.0, -424.0, 15.0, 0, 0, 0
L 335.0, -428.0, 15.0, 333.0, -428.0, 15.0, 0, 0, 0
L 359.0, -428.0, 15.0, 335.0, -428.0, 15.0, 0, 0, 0
L 341.0, -449.0, 15.0, 340.0, -569.0, 15.0, 0, 0, 0
L 340.0, -569.0, 15.0, 321.0, -570.0, 15.0, 0, 0, 0
L 321.0, -570.0, 15.0, 321.0, -606.0, 17.0, 0, 0, 0
L 321.0, -606.0, 17.0, 346.0, -607.0, 19.0, 0, 0, 0
L 346.0, -607.0, 19.0, 356.0, -607.0, 17.0, 0, 0, 0
L 356.0, -607.0, 17.0, 360.0, -607.0, 16.0, 0, 0, 0
L 360.0, -607.0, 16.0, 365.0, -606.0, 15.0, 0, 0, 0
L 365.0, -606.0, 15.0, 378.0, -605.0, 15.0, 0, 0, 0
L 378.0, -605.0, 15.0, 378.0, -570.0, 19.0, 0, 0, 0
L 378.0, -570.0, 19.0, 358.0, -568.0, 15.0, 0, 0, 0
L 358.0, -568.0, 15.0, 358.0, -490.0, 15.0, 0, 0, 0
L 358.0, -490.0, 15.0, 356.0, -487.0, 14.0, 0, 0, 0
L 356.0, -487.0, 14.0, 358.0, -479.0, 15.0, 0, 0, 0
L 330.0, -443.0, 15.0, 316.0, -443.0, 15.0, 0, 0, 0
L 316.0, -443.0, 15.0, 314.0, -428.0, 15.0, 0, 0, 0
L 314.0, -428.0, 15.0, 314.0, -420.0, 15.0, 0, 0, 0
L 314.0, -420.0, 15.0, 315.0, -399.0, 15.0, 0, 0, 0
L 315.0, -399.0, 15.0, 314.0, -389.0, 16.0, 0, 0, 0
L 314.0, -389.0, 16.0, 314.0, -386.0, 16.0, 0, 0, 0
L 314.0, -386.0, 16.0, 315.0, -368.0, 15.0, 0, 0, 0
L 315.0, -368.0, 15.0, 314.0, -361.0, 15.0, 0, 0, 0
L 314.0, -361.0, 15.0, 317.0, -347.0, 15.0, 0, 0, 0
L 317.0, -347.0, 15.0, 331.0, -348.0, 15.0, 0, 0, 0
L 331.0, -348.0, 15.0, 342.0, -346.0, 16.0, 0, 0, 0
L 342.0, -346.0, 16.0, 339.0, -340.0, 16.0, 0, 0, 0
L 339.0, -340.0, 16.0, 335.0, -341.0, 16.0, 0, 0, 0
L 335.0, -341.0, 16.0, 320.0, -340.0, 16.0, 0, 0, 0
L 320.0, -340.0, 16.0, 313.0, -333.0, 18.0, 0, 0, 0
L 313.0, -333.0, 18.0, 306.0, -325.0, 18.0, 0, 0, 0
L 306.0, -325.0, 18.0, 300.0, -313.0, 15.0, 0, 0, 0
L 300.0, -313.0, 15.0, 300.0, -300.0, 7.0, 0, 0, 0
L 300.0, -300.0, 7.0, 301.0, -297.0, 3.0, 0, 0, 0
L 301.0, -297.0, 3.0, 304.5, -294.0, -11.0, 0, 0, 0
L -35.0, 321.0, -2.0, -35.0, 342.0, -3.0, 0, 0, 0
L -35.0, 342.0, -3.0, -10.0, 342.0, -3.0, 0, 0, 0
L -10.0, 342.0, -3.0, -8.0, 342.0, -3.0, 0, 0, 0
L -8.0, 342.0, -3.0, -8.0, 352.0, -2.0, 0, 0, 0
L -8.0, 352.0, -2.0, -7.0, 370.0, 0.0, 0, 0, 0
L -7.0, 370.0, 0.0, -8.0, 382.0, 1.0, 0, 0, 0
L -8.0, 382.0, 1.0, -10.0, 400.0, 0.0, 0, 0, 0
L -10.0, 400.0, 0.0, -17.0, 397.0, 0.0, 0, 0, 0
L -17.0, 397.0, 0.0, -22.0, 393.0, -1.0, 0, 0, 0
L -22.0, 393.0, -1.0, -42.0, 394.0, -1.0, 0, 0, 0
L -42.0, 394.0, -1.0, -42.0, 430.0, -1.0, 0, 0, 0
L -42.0, 430.0, -1.0, -16.0, 430.0, -1.0, 0, 0, 0
L -16.0, 430.0, -1.0, -15.0, 421.0, -1.0, 0, 0, 0
L -15.0, 421.0, -1.0, -10.0, 420.0, 1.0, 0, 0, 0
L -10.0, 420.0, 1.0, -5.0, 423.0, -1.0, 0, 0, 0
L -5.0, 423.0, -1.0, -7.0, 432.0, 0.0, 0, 0, 0
L -7.0, 432.0, 0.0, -8.0, 442.0, 1.0, 0, 0, 0
L -8.0, 442.0, 1.0, -8.0, 453.0, 5.0, 0, 0, 0
L -8.0, 453.0, 5.0, -9.0, 464.0, 10.0, 0, 0, 0
L -9.0, 464.0, 10.0, -9.0, 470.0, 13.0, 0, 0, 0
L -9.0, 470.0, 13.0, -10.0, 481.0, 14.0, 0, 0, 0
L -10.0, 481.0, 14.0, -10.0, 483.0, 13.0, 0, 0, 0
L -4.0, 503.0, 11.0, 4.0, 499.0, 12.0, 0, 0, 0
L 4.0, 499.0, 12.0, 9.0, 494.0, 11.0, 0, 0, 0
L 9.0, 494.0, 11.0, 11.0, 492.0, 12.0, 0, 0, 0
L 11.0, 492.0, 12.0, 12.0, 489.0, 17.0, 0, 0, 0
L 12.0, 489.0, 17.0, 11.0, 484.0, 16.0, 0, 0, 0
L 11.0, 484.0, 16.0, 10.0, 478.0, 13.0, 0, 0, 0
L 10.0, 478.0, 13.0, 10.0, 465.0, 10.0, 0, 0, 0
L 10.0, 465.0, 10.0, 9.0, 448.0, 3.0, 0, 0, 0
L 9.0, 448.0, 3.0, 10.0, 432.0, 0.0, 0, 0, 0
L 10.0, 432.0, 0.0, 10.0, 396.0, 2.0, 0, 0, 0
L 10.0, 396.0, 2.0, 10.0, 380.0, 0.0, 0, 0, 0
L 10.0, 380.0, 0.0, 10.0, 365.0, 0.0, 0, 0, 0
L 10.0, 365.0, 0.0, 10.0, 349.0, -3.0, 0, 0, 0
L 10.0, 349.0, -3.0, 10.0, 339.0, -3.0, 0, 0, 0
L 10.0, 339.0, -3.0, 8.0, 328.0, -3.0, 0, 0, 0
L 8.0, 328.0, -3.0, -9.0, 329.0, -3.0, 0, 0, 0
L -9.0, 329.0, -3.0, -11.0, 329.0, -3.0, 0, 0, 0
L -11.0, 329.0, -3.0, -18.0, 325.0, -2.0, 0, 0, 0
L -18.0, 325.0, -2.0, -12.0, 319.0, -1.0, 0, 0, 0
L -12.0, 319.0, -1.0, -5.0, 317.0, 4.0, 0, 0, 0
L -5.0, 317.0, 4.0, 14.0, 307.0, 23.0, 0, 0, 0
L -35.0, 321.0, -2.0, -57.0, 321.0, -4.0, 0, 0, 0
L -57.0, 321.0, -4.0, -77.0, 321.0, -2.0, 0, 0, 0
L -77.0, 321.0, -2.0, -91.0, 315.0, 8.0, 0, 0, 0
L -91.0, 315.0, 8.0, -96.0, 313.0, 12.0, 0, 0, 0
L -96.0, 313.0, 12.0, -101.0, 313.0, 17.0, 0, 0, 0
L -101.0, 313.0, 17.0, -110.0, 311.0, 19.0, 0, 0, 0
L -110.0, 311.0, 19.0, -111.0, 310.0, 18.0, 0, 0, 0
L -111.0, 310.0, 18.0, -113.0, 309.0, 18.0, 0, 0, 0
L -113.0, 309.0, 18.0, -117.0, 307.0, 19.0, 0, 0, 0
L -117.0, 307.0, 19.0, -119.0, 305.0, 20.0, 0, 0, 0
L -119.0, 305.0, 20.0, -120.0, 304.0, 20.0, 0, 0, 0
L -120.0, 304.0, 20.0, -124.0, 299.0, 24.0, 0, 0, 0
L -124.0, 299.0, 24.0, -125.0, 291.0, 24.0, 0, 0, 0
L -125.0, 291.0, 24.0, -128.0, 282.0, 21.0, 0, 0, 0
L -128.0, 282.0, 21.0, -130.0, 274.0, 20.0, 0, 0, 0
L -130.0, 274.0, 20.0, -130.0, 272.0, 20.0, 0, 0, 0
L -130.0, 272.0, 20.0, -132.0, 268.0, 22.0, 0, 0, 0
L -132.0, 268.0, 22.0, -134.0, 262.0, 24.0, 0, 0, 0
L -134.0, 262.0, 24.0, -135.0, 252.0, 25.0, 0, 0, 0
L -135.0, 252.0, 25.0, -141.0, 255.0, 25.0, 0, 0, 0
L -141.0, 255.0, 25.0, -142.0, 258.0, 25.0, 0, 0, 0
L -142.0, 258.0, 25.0, -141.0, 266.0, 25.0, 0, 0, 0
L -141.0, 266.0, 25.0, -140.0, 273.0, 25.0, 0, 0, 0
L -140.0, 273.0, 25.0, -142.0, 279.0, 25.0, 0, 0, 0
L -142.0, 279.0, 25.0, -154.0, 280.0, 25.0, 0, 0, 0
L -154.0, 280.0, 25.0, -160.0, 278.0, 25.0, 0, 0, 0
L -160.0, 278.0, 25.0, -173.0, 280.0, 25.0, 0, 0, 0
L -173.0, 280.0, 25.0, -184.0, 279.0, 26.0, 0, 0, 0
L -184.0, 279.0, 26.0, -186.0, 279.0, 26.0, 0, 0, 0
L -186.0, 279.0, 26.0, -198.0, 279.0, 25.0, 0, 0, 0
L -198.0, 279.0, 25.0, -208.0, 280.0, 21.0, 0, 0, 0
L -208.0, 280.0, 21.0, -217.0, 280.0, 18.0, 0, 0, 0
L -217.0, 280.0, 18.0, -226.0, 279.0, 16.0, 0, 0, 0
L -226.0, 279.0, 16.0, -234.0, 280.0, 15.0, 0, 0, 0
L -234.0, 280.0, 15.0, -243.0, 280.0, 18.0, 0, 0, 0
L -243.0, 280.0, 18.0, -252.0, 278.0, 11.0, 0, 0, 0
L -252.0, 278.0, 11.0, -258.0, 280.0, 8.0, 0, 0, 0
L -258.0, 280.0, 8.0, -259.0, 281.0, 7.0, 0, 0, 0
L -259.0, 281.0, 7.0, -260.0, 285.0, 6.0, 0, 0, 0
L -260.0, 285.0, 6.0, -261.0, 291.0, 4.0, 0, 0, 0
L -261.0, 291.0, 4.0, -261.0, 306.0, 7.0, 0, 0, 0
L -261.0, 306.0, 7.0, -263.0, 316.0, 8.0, 0, 0, 0
L -263.0, 316.0, 8.0, -263.0, 318.0, 8.0, 0, 0, 0
L -263.0, 318.0, 8.0, -264.0, 322.0, 7.0, 0, 0, 0
L -264.0, 322.0, 7.0, -276.0, 329.0, 7.0, 0, 0, 0
L -276.0, 329.0, 7.0, -283.0, 328.0, 8.0, 0, 0, 0
L -283.0, 328.0, 8.0, -287.0, 332.0, 5.0, 0, 0, 0
L -287.0, 332.0, 5.0, -285.0, 342.0, 4.0, 0, 0, 0
L -285.0, 342.0, 4.0, -272.0, 344.0, 6.0, 0, 0, 0
L -272.0, 344.0, 6.0, -269.0, 345.0, 6.0, 0, 0, 0
L -269.0, 345.0, 6.0, -264.0, 345.0, 4.0, 0, 0, 0
L -264.0, 345.0, 4.0, -258.0, 355.0, 4.0, 0, 0, 0
L -258.0, 355.0, 4.0, -254.0, 364.0, 4.0, 0, 0, 0
L -254.0, 364.0, 4.0, -249.0, 373.0, 4.0, 0, 0, 0
L -249.0, 373.0, 4.0, -242.0, 384.0, 3.0, 0, 0, 0
L -242.0, 384.0, 3.0, -241.0, 393.0, 4.0, 0, 0, 0
L -241.0, 393.0, 4.0, -239.0, 400.0, 4.0, 0, 0, 0
L -239.0, 400.0, 4.0, -238.0, 421.0, 4.0, 0, 0, 0
L -238.0, 421.0, 4.0, -238.0, 428.0, 7.0, 0, 0, 0
L -238.0, 428.0, 7.0, -241.0, 431.0, 6.0, 0, 0, 0
L -241.0, 431.0, 6.0, -241.0, 433.0, 6.0, 0, 0, 0
L -241.0, 433.0, 6.0, -240.0, 436.0, 5.0, 0, 0, 0
L -240.0, 436.0, 5.0, -241.0, 451.0, 4.0, 0, 0, 0
L -241.0, 451.0, 4.0, -243.0, 462.0, 4.0, 0, 0, 0
L -243.0, 462.0, 4.0, -272.0, 501.0, 2.0, 0, 0, 0
L -272.0, 501.0, 2.0, -280.0, 502.0, 4.0, 0, 0, 0
L -280.0, 502.0, 4.0, -281.0, 501.0, 4.0, 0, 0, 0
L -281.0, 501.0, 4.0, -287.0, 504.0, 5.0, 0, 0, 0
L -287.0, 504.0, 5.0, -286.0, 511.0, 5.0, 0, 0, 0
L -286.0, 511.0, 5.0, -284.0, 518.0, 7.0, 0, 0, 0
L -284.0, 518.0, 7.0, -285.0, 530.0, 5.0, 0, 0, 0
L -285.0, 530.0, 5.0, -285.0, 540.0, -1.0, 0, 0, 0
L -285.0, 540.0, -1.0, -285.0, 553.0, -7.0, 0, 0, 0
L -285.0, 553.0, -7.0, -284.0, 561.0, -8.0, 0, 0, 0
L -284.0, 561.0, -8.0, -285.0, 590.0, -19.0, 0, 0, 0
L -285.0, 590.0, -19.0, -284.0, 599.0, -21.0, 0, 0, 0
L -284.0, 599.0, -21.0, -269.0, 598.0, -11.0, 0, 0, 0
L -269.0, 598.0, -11.0, -251.0, 610.0, -13.0, 0, 0, 0
L -251.0, 610.0, -13.0, -247.0, 613.0, -16.0, 0, 0, 0
L -247.0, 613.0, -16.0, -244.0, 617.0, -18.0, 0, 0, 0
L -244.0, 617.0, -18.0, -243.0, 630.0, -28.0, 0, 0, 0
L -243.0, 630.0, -28.0, -239.0, 633.0, -29.0, 0, 0, 0
L -239.0, 633.0, -29.0, -230.0, 645.0, -30.0, 0, 0, 0
L -230.0, 645.0, -30.0, -234.0, 657.0, -35.0, 0, 0, 0
L -234.0, 657.0, -35.0, -236.0, 662.0, -38.0, 0, 0, 0
L -236.0, 662.0, -38.0, -236.0, 663.0, -38.0, 0, 0, 0
L -236.0, 663.0, -38.0, -239.0, 669.0, -41.0, 0, 0, 0
L -239.0, 669.0, -41.0, -240.0, 672.0, -40.0, 0, 0, 0
L -240.0, 672.0, -40.0, -241.0, 674.0, -40.0, 0, 0, 0
L -241.0, 674.0, -40.0, -247.0, 683.0, -44.0, 0, 0, 0
L -247.0, 683.0, -44.0, -252.0, 690.0, -45.0, 0, 0, 0
L -252.0, 690.0, -45.0, -259.0, 702.0, -41.0, 0, 0, 0
L -259.0, 702.0, -41.0, -262.0, 703.0, -41.0, 0, 0, 0
L -262.0, 703.0, -41.0, -263.0, 714.0, -41.0, 0, 0, 0
L -263.0, 714.0, -41.0, -262.0, 751.0, -52.0, 0, 0, 0
L -262.0, 751.0, -52.0, -253.0, 755.0, -51.0, 0, 0, 0
L -253.0, 755.0, -51.0, -242.0, 755.0, -55.0, 0, 0, 0
L -242.0, 755.0, -55.0, -232.0, 755.0, -58.0, 0, 0, 0
L -232.0, 755.0, -58.0, -227.0, 756.0, -57.0, 0, 0, 0
L -227.0, 756.0, -57.0, -221.0, 754.0, -57.0, 0, 0, 0
L -221.0, 754.0, -57.0, -222.0, 749.0, -58.0, 0, 0, 0
L -222.0, 749.0, -58.0, -223.0, 742.0, -58.0, 0, 0, 0
L -223.0, 742.0, -58.0, -251.0, 743.0, -58.0, 0, 0, 0
L -251.0, 743.0, -58.0, -251.0, 719.0, -58.0, 0, 0, 0
L -251.0, 719.0, -58.0, -221.0, 719.0, -58.0, 0, 0, 0
L -221.0, 719.0, -58.0, -228.0, 726.0, -58.0, 0, 0, 0
L -228.0, 726.0, -58.0, -227.0, 734.0, -58.0, 0, 0, 0
L -227.0, 734.0, -58.0, -223.0, 731.0, -59.0, 0, 0, 0
L -223.0, 731.0, -59.0, -218.0, 722.0, -58.0, 0, 0, 0
L -218.0, 722.0, -58.0, -202.0, 709.0, -59.0, 0, 0, 0
L -202.0, 709.0, -59.0, -201.0, 709.0, -59.0, 0, 0, 0
L -201.0, 709.0, -59.0, -200.0, 696.0, -58.0, 0, 0, 0
L -200.0, 696.0, -58.0, -209.0, 695.0, -58.0, 0, 0, 0
L -209.0, 695.0, -58.0, -209.0, 669.0, -58.0, 0, 0, 0
L -209.0, 669.0, -58.0, -178.0, 669.0, -58.0, 0, 0, 0
L -178.0, 669.0, -58.0, -178.0, 695.0, -58.0, 0, 0, 0
L -178.0, 695.0, -58.0, -188.0, 697.0, -58.0, 0, 0, 0
L -188.0, 697.0, -58.0, -186.0, 709.0, -58.0, 0, 0, 0
L -186.0, 709.0, -58.0, -180.0, 712.0, -58.0, 0, 0, 0
L -180.0, 712.0, -58.0, -164.0, 728.0, -59.0, 0, 0, 0
L -164.0, 728.0, -59.0, -160.0, 734.0, -58.0, 0, 0, 0
L -160.0, 734.0, -58.0, -151.0, 733.0, -58.0, 0, 0, 0
L -151.0, 733.0, -58.0, -150.0, 724.0, -58.0, 0, 0, 0
L -150.0, 724.0, -58.0, -124.0, 724.0, -58.0, 0, 0, 0
L -124.0, 724.0, -58.0, -124.0, 755.0, -58.0, 0, 0, 0
L -124.0, 755.0, -58.0, -150.0, 755.0, -58.0, 0, 0, 0
L -150.0, 755.0, -58.0, -154.0, 745.0, -58.0, 0, 0, 0
L -154.0, 745.0, -58.0, -164.0, 747.0, -57.0, 0, 0, 0
L -164.0, 747.0, -57.0, -163.0, 777.0, -59.0, 0, 0, 0
L -163.0, 777.0, -59.0, -161.0, 785.0, -58.0, 0, 0, 0
L -161.0, 785.0, -58.0, -154.0, 778.0, -58.0, 0, 0, 0
L -154.0, 778.0, -58.0, -148.0, 772.0, -58.0, 0, 0, 0
L -148.0, 772.0, -58.0, -145.0, 768.0, -58.0, 0, 0, 0
L -145.0, 768.0, -58.0, -124.0, 768.0, -58.0, 0, 0, 0
L -124.0, 768.0, -58.0, -124.0, 799.0, -58.0, 0, 0, 0
L -124.0, 799.0, -58.0, -126.0, 799.0, -55.0, 0, 0, 0
L -126.0, 799.0, -55.0, -150.0, 799.0, -58.0, 0, 0, 0
L -150.0, 799.0, -58.0, -153.0, 789.0, -58.0, 0, 0, 0
L -153.0, 789.0, -58.0, -164.0, 793.0, -58.0, 0, 0, 0
L -164.0, 793.0, -58.0, -169.0, 802.0, -58.0, 0, 0, 0
L -169.0, 802.0, -58.0, -183.0, 815.0, -51.0, 0, 0, 0
L -183.0, 815.0, -51.0, -188.0, 818.0, -56.0, 0, 0, 0
L -188.0, 818.0, -56.0, -187.0, 828.0, -58.0, 0, 0, 0
L -187.0, 828.0, -58.0, -178.0, 829.0, -58.0, 0, 0, 0
L -178.0, 829.0, -58.0, -178.0, 855.0, -58.0, 0, 0, 0
L -178.0, 855.0, -58.0, -209.0, 855.0, -58.0, 0, 0, 0
L -209.0, 855.0, -58.0, -207.0, 853.0, -58.0, 0, 0, 0
L -207.0, 853.0, -58.0, -202.0, 853.0, -58.0, 0, 0, 0
L -202.0, 853.0, -58.0, -206.0, 845.0, -58.0, 0, 0, 0
L -206.0, 845.0, -58.0, -209.0, 838.0, -58.0, 0, 0, 0
L -209.0, 838.0, -58.0, -209.0, 829.0, -58.0, 0, 0, 0
L -209.0, 829.0, -58.0, -199.0, 825.0, -58.0, 0, 0, 0
L -199.0, 825.0, -58.0, -200.0, 816.0, -58.0, 0, 0, 0
L -200.0, 816.0, -58.0, -207.0, 812.0, -58.0, 0, 0, 0
L -207.0, 812.0, -58.0, -223.0, 796.0, -58.0, 0, 0, 0
L -223.0, 796.0, -58.0, -226.0, 791.0, -58.0, 0, 0, 0
L -226.0, 791.0, -58.0, -227.0, 791.0, -58.0, 0, 0, 0
L -227.0, 791.0, -58.0, -228.0, 800.0, -58.0, 0, 0, 0
L -228.0, 800.0, -58.0, -227.0, 805.0, -58.0, 0, 0, 0
L -227.0, 805.0, -58.0, -240.0, 805.0, -57.0, 0, 0, 0
L -240.0, 805.0, -57.0, -243.0, 805.0, -53.0, 0, 0, 0
L -243.0, 805.0, -53.0, -251.0, 802.0, -54.0, 0, 0, 0
L -251.0, 802.0, -54.0, -251.0, 781.0, -58.0, 0, 0, 0
L -251.0, 781.0, -58.0, -222.0, 775.0, -58.0, 0, 0, 0
L -222.0, 775.0, -58.0, -221.0, 774.0, -58.0, 0, 0, 0
L -221.0, 774.0, -58.0, -223.0, 768.0, -57.0, 0, 0, 0
L -223.0, 768.0, -57.0, -231.0, 769.0, -58.0, 0, 0, 0
L -231.0, 769.0, -58.0, -240.0, 769.0, -57.0, 0, 0, 0
L -240.0, 769.0, -57.0, -266.0, 768.0, -53.0, 0, 0, 0
L -266.0, 768.0, -53.0, -280.0, 745.0, -50.0, 0, 0, 0
L -280.0, 745.0, -50.0, -280.0, 711.0, -41.0, 0, 0, 0
L -280.0, 711.0, -41.0, -281.0, 703.0, -40.0, 0, 0, 0
L -281.0, 703.0, -40.0, -293.0, 704.0, -41.0, 0, 0, 0
L -293.0, 704.0, -41.0, -297.0, 703.0, -41.0, 0, 0, 0
L -297.0, 703.0, -41.0, -304.0, 704.0, -40.0, 0, 0, 0
L -304.0, 704.0, -40.0, -303.0, 717.0, -43.0, 0, 0, 0
L -303.0, 717.0, -43.0, -303.0, 745.0, -57.0, 0, 0, 0
L -303.0, 745.0, -57.0, -305.0, 753.0, -58.0, 0, 0, 0
L -305.0, 753.0, -58.0, -309.0, 757.0, -58.0, 0, 0, 0
L -309.0, 757.0, -58.0, -312.0, 762.0, -54.0, 0, 0, 0
L -312.0, 762.0, -54.0, -313.0, 764.0, -54.0, 0, 0, 0
L -313.0, 764.0, -54.0, -317.0, 770.0, -56.0, 0, 0, 0
L -317.0, 770.0, -56.0, -317.0, 772.0, -56.0, 0, 0, 0
L -317.0, 772.0, -56.0, -321.0, 777.0, -58.0, 0, 0, 0
L -321.0, 777.0, -58.0, -320.0, 830.0, -58.0, 0, 0, 0
L -320.0, 830.0, -58.0, -309.0, 858.0, -58.0, 0, 0, 0
L -309.0, 858.0, -58.0, -307.0, 874.0, -58.0, 0, 0, 0
L -307.0, 874.0, -58.0, -301.0, 880.0, -58.0, 0, 0, 0
L -301.0, 880.0, -58.0, -301.0, 898.0, -58.0, 0, 0, 0
L -301.0, 898.0, -58.0, -332.0, 898.0, -58.0, 0, 0, 0
L -332.0, 898.0, -58.0, -332.0, 872.0, -58.0, 0, 0, 0
L -332.0, 872.0, -58.0, -322.0, 867.0, -58.0, 0, 0, 0
L -322.0, 867.0, -58.0, -325.0, 857.0, -59.0, 0, 0, 0
L -325.0, 857.0, -59.0, -334.0, 851.0, -58.0, 0, 0, 0
L -334.0, 851.0, -58.0, -346.0, 839.0, -59.0, 0, 0, 0
L -346.0, 839.0, -59.0, -349.0, 832.0, -58.0, 0, 0, 0
L -349.0, 832.0, -58.0, -360.0, 834.0, -58.0, 0, 0, 0
L -360.0, 834.0, -58.0, -361.0, 842.0, -58.0, 0, 0, 0
L -361.0, 842.0, -58.0, -386.0, 841.0, -58.0, 0, 0, 0
L -386.0, 841.0, -58.0, -386.0, 811.0, -56.0, 0, 0, 0
L -386.0, 811.0, -56.0, -377.0, 811.0, -58.0, 0, 0, 0
L -377.0, 811.0, -58.0, -369.0, 811.0, -58.0, 0, 0, 0
L -369.0, 811.0, -58.0, -365.0, 811.0, -54.0, 0, 0, 0
L -365.0, 811.0, -54.0, -360.0, 812.0, -55.0, 0, 0, 0
L -360.0, 812.0, -55.0, -358.0, 821.0, -58.0, 0, 0, 0
L -358.0, 821.0, -58.0, -346.0, 819.0, -59.0, 0, 0, 0
L -346.0, 819.0, -59.0, -347.0, 786.0, -50.0, 0, 0, 0
L -347.0, 786.0, -50.0, -348.0, 786.0, -50.0, 0, 0, 0
L -348.0, 786.0, -50.0, -354.0, 788.0, -52.0, 0, 0, 0
L -354.0, 788.0, -52.0, -360.0, 791.0, -54.0, 0, 0, 0
L -360.0, 791.0, -54.0, -361.0, 798.0, -55.0, 0, 0, 0
L -361.0, 798.0, -55.0, -386.0, 798.0, -58.0, 0, 0, 0
L -386.0, 798.0, -58.0, -386.0, 767.0, -58.0, 0, 0, 0
L -386.0, 767.0, -58.0, -360.0, 767.0, -58.0, 0, 0, 0
L -360.0, 767.0, -58.0, -359.0, 776.0, -58.0, 0, 0, 0
L -359.0, 776.0, -58.0, -354.0, 777.0, -58.0, 0, 0, 0
L -354.0, 777.0, -58.0, -345.0, 774.0, -58.0, 0, 0, 0
L -345.0, 774.0, -58.0, -340.0, 764.0, -60.0, 0, 0, 0
L -340.0, 764.0, -60.0, -333.0, 757.0, -58.0, 0, 0, 0
L -333.0, 757.0, -58.0, -326.0, 752.0, -58.0, 0, 0, 0
L -326.0, 752.0, -58.0, -319.0, 751.0, -58.0, 0, 0, 0
L -319.0, 751.0, -58.0, -320.0, 741.0, -55.0, 0, 0, 0
L -320.0, 741.0, -55.0, -320.0, 711.0, -41.0, 0, 0, 0
L -320.0, 711.0, -41.0, -320.0, 703.0, -39.0, 0, 0, 0
L -320.0, 703.0, -39.0, -326.0, 697.0, -41.0, 0, 0, 0
L -326.0, 697.0, -41.0, -330.0, 689.0, -43.0, 0, 0, 0
L -330.0, 689.0, -43.0, -337.0, 682.0, -45.0, 0, 0, 0
L -337.0, 682.0, -45.0, -348.0, 672.0, -40.0, 0, 0, 0
L -348.0, 672.0, -40.0, -348.0, 670.0, -40.0, 0, 0, 0
L -348.0, 670.0, -40.0, -351.0, 663.0, -40.0, 0, 0, 0
L -351.0, 663.0, -40.0, -353.0, 658.0, -39.0, 0, 0, 0
L -353.0, 658.0, -39.0, -354.0, 655.0, -39.0, 0, 0, 0
L -354.0, 655.0, -39.0, -355.0, 649.0, -41.0, 0, 0, 0
L -355.0, 649.0, -41.0, -358.0, 639.0, -40.0, 0, 0, 0
L -358.0, 639.0, -40.0, -344.0, 629.0, -29.0, 0, 0, 0
L -344.0, 629.0, -29.0, -341.0, 614.0, -22.0, 0, 0, 0
L -341.0, 614.0, -22.0, -318.0, 598.0, -19.0, 0, 0, 0
L -318.0, 598.0, -19.0, -309.0, 598.0, -22.0, 0, 0, 0
L -309.0, 598.0, -22.0, -302.0, 595.0, -20.0, 0, 0, 0
L -302.0, 595.0, -20.0, -303.0, 591.0, -20.0, 0, 0, 0
L -303.0, 591.0, -20.0, -305.0, 583.0, -18.0, 0, 0, 0
L -305.0, 583.0, -18.0, -305.0, 580.0, -16.0, 0, 0, 0
L -305.0, 580.0, -16.0, -305.0, 578.0, -13.0, 0, 0, 0
L -305.0, 578.0, -13.0, -305.0, 575.0, -13.0, 0, 0, 0
L -305.0, 575.0, -13.0, -304.0, 570.0, -13.0, 0, 0, 0
L -304.0, 570.0, -13.0, -305.0, 556.0, -9.0, 0, 0, 0
L -305.0, 556.0, -9.0, -305.0, 546.0, -3.0, 0, 0, 0
L -305.0, 546.0, -3.0, -306.0, 538.0, -1.0, 0, 0, 0
L -306.0, 538.0, -1.0, -306.0, 537.0, 2.0, 0, 0, 0
L -306.0, 537.0, 2.0, -305.0, 525.0, 6.0, 0, 0, 0
L -305.0, 525.0, 6.0, -305.0, 515.0, 6.0, 0, 0, 0
L 181.0, 468.0, 0.0, 185.0, 471.0, 1.0, 0, 0, 0
L 185.0, 471.0, 1.0, 184.0, 482.0, 0.0, 0, 0, 0
L 184.0, 482.0, 0.0, 183.0, 490.0, 0.0, 0, 0, 0
L 183.0, 490.0, 0.0, 183.0, 504.0, -1.0, 0, 0, 0
L 183.0, 504.0, -1.0, 183.0, 514.0, -1.0, 0, 0, 0
L 183.0, 514.0, -1.0, 175.0, 513.0, -2.0, 0, 0, 0
L 175.0, 513.0, -2.0, 164.0, 512.0, 0.0, 0, 0, 0
L 164.0, 512.0, 0.0, 134.0, 512.0, -2.0, 0, 0, 0
L 134.0, 512.0, -2.0, 130.0, 518.0, 0.0, 0, 0, 0
L 130.0, 518.0, 0.0, 123.0, 514.0, -1.0, 0, 0, 0
L 123.0, 514.0, -1.0, 122.0, 512.0, -2.0, 0, 0, 0
L 122.0, 512.0, -2.0, 106.0, 511.0, -2.0, 0, 0, 0
L 106.0, 511.0, -2.0, 103.0, 511.0, -2.0, 0, 0, 0
L 103.0, 511.0, -2.0, 93.0, 510.0, 0.0, 0, 0, 0
L 93.0, 510.0, 0.0, 89.0, 511.0, 7.0, 0, 0, 0
L 89.0, 511.0, 7.0, 67.0, 512.0, 3.0, 0, 0, 0
L 67.0, 512.0, 3.0, 57.0, 511.0, 0.0, 0, 0, 0
L 57.0, 511.0, 0.0, 45.0, 511.0, 0.0, 0, 0, 0
L 45.0, 511.0, 0.0, 45.0, 519.0, 1.0, 0, 0, 0
L 45.0, 519.0, 1.0, 47.0, 526.0, 1.0, 0, 0, 0
L 47.0, 526.0, 1.0, 47.0, 583.0, -2.0, 0, 0, 0
L 47.0, 583.0, -2.0, 72.0, 582.0, -2.0, 0, 0, 0
L 72.0, 582.0, -2.0, 78.0, 586.0, 0.0, 0, 0, 0
L 78.0, 586.0, 0.0, 77.0, 593.0, -1.0, 0, 0, 0
L 77.0, 593.0, -1.0, 77.0, 616.0, -9.0, 0, 0, 0
L 77.0, 616.0, -9.0, 77.0, 627.0, -11.0, 0, 0, 0
L 77.0, 627.0, -11.0, 78.0, 648.0, -19.0, 0, 0, 0
L 78.0, 648.0, -19.0, 78.0, 655.0, -20.0, 0, 0, 0
L 78.0, 655.0, -20.0, 78.0, 690.0, -21.0, 0, 0, 0
L 80.0, 697.0, -18.0, 88.0, 699.0, -20.0, 0, 0, 0
L 88.0, 699.0, -20.0, 97.0, 699.0, -22.0, 0, 0, 0
L 97.0, 699.0, -22.0, 145.0, 702.0, -22.0, 0, 0, 0
L 145.0, 702.0, -22.0, 151.0, 706.0, -22.0, 0, 0, 0
L 151.0, 706.0, -22.0, 152.0, 707.0, -22.0, 0, 0, 0
L 152.0, 707.0, -22.0, 146.0, 712.0, -22.0, 0, 0, 0
L 146.0, 712.0, -22.0, 145.0, 711.0, -22.0, 0, 0, 0
L 145.0, 711.0, -22.0, 124.0, 705.0, -19.0, 0, 0, 0
L 124.0, 705.0, -19.0, 118.0, 705.0, -19.0, 0, 0, 0
L 118.0, 705.0, -19.0, 88.0, 708.0, -22.0, 0, 0, 0
L 88.0, 708.0, -22.0, 84.0, 720.0, -22.0, 0, 0, 0
L 84.0, 720.0, -22.0, 88.0, 762.0, -22.0, 0, 0, 0
L 88.0, 762.0, -22.0, 156.0, 761.0, -22.0, 0, 0, 0
L 156.0, 761.0, -22.0, 160.0, 729.0, -22.0, 0, 0, 0
L 160.0, 729.0, -22.0, 153.0, 723.0, -22.0, 0, 0, 0
L 153.0, 723.0, -22.0, 156.0, 720.0, -22.0, 0, 0, 0
L 156.0, 720.0, -22.0, 162.0, 719.0, -22.0, 0, 0, 0
L 162.0, 719.0, -22.0, 178.0, 725.0, -18.0, 0, 0, 0
L 178.0, 725.0, -18.0, 211.0, 725.0, -20.0, 0, 0, 0
L 211.0, 725.0, -20.0, 213.0, 724.0, -20.0, 0, 0, 0
L 213.0, 724.0, -20.0, 220.0, 718.0, -22.0, 0, 0, 0
L 220.0, 718.0, -22.0, 222.0, 718.0, -22.0, 0, 0, 0
L 222.0, 718.0, -22.0, 226.0, 723.0, -22.0, 0, 0, 0
L 226.0, 723.0, -22.0, 225.0, 735.0, -22.0, 0, 0, 0
L 225.0, 735.0, -22.0, 225.0, 736.0, -22.0, 0, 0, 0
L 225.0, 736.0, -22.0, 221.0, 749.0, -22.0, 0, 0, 0
L 221.0, 749.0, -22.0, 219.0, 756.0, -22.0, 0, 0, 0
L 219.0, 756.0, -22.0, 223.0, 762.0, -22.0, 0, 0, 0
L 223.0, 762.0, -22.0, 292.0, 760.0, -22.0, 0, 0, 0
L 292.0, 760.0, -22.0, 291.0, 707.0, -22.0, 0, 0, 0
L 291.0, 707.0, -22.0, 237.0, 706.0, -22.0, 0, 0, 0
L 237.0, 706.0, -22.0, 237.0, 713.0, -22.0, 0, 0, 0
L 237.0, 713.0, -22.0, 236.0, 716.0, -22.0, 0, 0, 0
L 236.0, 716.0, -22.0, 231.0, 711.0, -22.0, 0, 0, 0
L 231.0, 711.0, -22.0, 226.0, 704.0, -22.0, 0, 0, 0
L 226.0, 704.0, -22.0, 236.0, 699.0, -22.0, 0, 0, 0
L 236.0, 699.0, -22.0, 298.0, 698.0, -22.0, 0, 0, 0
L 298.0, 698.0, -22.0, 298.0, 697.0, -22.0, 0, 0, 0
L 298.0, 697.0, -22.0, 299.0, 653.0, -22.0, 0, 0, 0
L 299.0, 653.0, -22.0, 300.0, 643.0, -18.0, 0, 0, 0
L 300.0, 643.0, -18.0, 300.0, 642.0, -17.0, 0, 0, 0
L 300.0, 642.0, -17.0, 299.0, 623.0, -11.0, 0, 0, 0
L 299.0, 623.0, -11.0, 300.0, 610.0, -8.0, 0, 0, 0
L 300.0, 610.0, -8.0, 300.0, 590.0, -1.0, 0, 0, 0
L 300.0, 590.0, -1.0, 300.0, 581.0, -1.0, 0, 0, 0
L 300.0, 581.0, -1.0, 301.0, 575.0, -2.0, 0, 0, 0
L 301.0, 575.0, -2.0, 301.0, 512.0, -2.0, 0, 0, 0
L 301.0, 512.0, -2.0, 257.0, 511.0, -2.0, 0, 0, 0
L 257.0, 511.0, -2.0, 245.0, 510.0, 4.0, 0, 0, 0
L 245.0, 510.0, 4.0, 239.0, 511.0, 10.0, 0, 0, 0
L 239.0, 511.0, 10.0, 232.0, 514.0, 7.0, 0, 0, 0
L 232.0, 514.0, 7.0, 219.0, 516.0, 0.0, 0, 0, 0
L 219.0, 516.0, 0.0, 216.0, 517.0, -1.0, 0, 0, 0
L 216.0, 517.0, -1.0, 215.0, 548.0, -2.0, 0, 0, 0
L 215.0, 548.0, -2.0, 216.0, 555.0, -2.0, 0, 0, 0
L 216.0, 555.0, -2.0, 215.0, 556.0, -2.0, 0, 0, 0
L 215.0, 556.0, -2.0, 208.0, 555.0, -2.0, 0, 0, 0
L 208.0, 555.0, -2.0, 208.0, 546.0, -2.0, 0, 0, 0
L 208.0, 546.0, -2.0, 170.0, 547.0, -2.0, 0, 0, 0
L 170.0, 547.0, -2.0, 163.0, 546.0, -2.0, 0, 0, 0
L 169.0, 610.0, -1.0, 182.0, 611.0, 1.0, 0, 0, 0
L 209.0, 607.0, -1.0, 209.0, 579.0, -2.0, 0, 0, 0
L 209.0, 579.0, -2.0, 209.0, 571.0, 0.0, 0, 0, 0
L 209.0, 571.0, 0.0, 218.0, 572.0, 0.0, 0, 0, 0
L 218.0, 572.0, 0.0, 223.0, 579.0, -2.0, 0, 0, 0
L 223.0, 579.0, -2.0, 225.0, 580.0, -2.0, 0, 0, 0
L 225.0, 580.0, -2.0, 231.0, 583.0, -2.0, 0, 0, 0
L 231.0, 583.0, -2.0, 242.0, 584.0, -2.0, 0, 0, 0
L 242.0, 584.0, -2.0, 252.0, 583.0, -2.0, 0, 0, 0
L 252.0, 583.0, -2.0, 257.0, 582.0, 0.0, 0, 0, 0
L 257.0, 582.0, 0.0, 266.0, 583.0, -2.0, 0, 0, 0
L 266.0, 583.0, -2.0, 277.0, 583.0, -2.0, 0, 0, 0
L 277.0, 583.0, -2.0, 281.0, 582.0, -2.0, 0, 0, 0
L 281.0, 582.0, -2.0, 285.0, 586.0, 0.0, 0, 0, 0
L 285.0, 586.0, 0.0, 284.0, 593.0, 0.0, 0, 0, 0
L 284.0, 593.0, 0.0, 284.0, 598.0, -2.0, 0, 0, 0
L 284.0, 598.0, -2.0, 283.0, 604.0, -4.0, 0, 0, 0
L 283.0, 604.0, -4.0, 283.0, 610.0, -6.0, 0, 0, 0
L 283.0, 610.0, -6.0, 284.0, 617.0, -10.0, 0, 0, 0
L 284.0, 617.0, -10.0, 283.0, 637.0, -15.0, 0, 0, 0
L 283.0, 637.0, -15.0, 284.0, 648.0, -20.0, 0, 0, 0
L 284.0, 648.0, -20.0, 283.0, 662.0, -22.0, 0, 0, 0
L 283.0, 662.0, -22.0, 284.0, 677.0, -22.0, 0, 0, 0
L 284.0, 677.0, -22.0, 282.0, 684.0, -22.0, 0, 0, 0
L 282.0, 684.0, -22.0, 271.0, 683.0, -22.0, 0, 0, 0
L 271.0, 683.0, -22.0, 255.0, 682.0, -22.0, 0, 0, 0
L 255.0, 682.0, -22.0, 252.0, 683.0, -22.0, 0, 0, 0
L 252.0, 683.0, -22.0, 248.0, 676.0, -22.0, 0, 0, 0
L 248.0, 676.0, -22.0, 252.0, 674.0, -22.0, 0, 0, 0
L 252.0, 674.0, -22.0, 257.0, 675.0, -22.0, 0, 0, 0
L 257.0, 675.0, -22.0, 264.0, 676.0, -21.0, 0, 0, 0
L 264.0, 676.0, -21.0, 264.0, 630.0, -22.0, 0, 0, 0
L 264.0, 630.0, -22.0, 218.0, 630.0, -22.0, 0, 0, 0
L 218.0, 630.0, -22.0, 218.0, 656.0, -21.0, 0, 0, 0
L 218.0, 656.0, -21.0, 218.0, 676.0, -22.0, 0, 0, 0
L 218.0, 676.0, -22.0, 226.0, 676.0, -22.0, 0, 0, 0
L 226.0, 676.0, -22.0, 235.0, 677.0, -22.0, 0, 0, 0
L 235.0, 677.0, -22.0, 233.0, 682.0, -22.0, 0, 0, 0
L 233.0, 682.0, -22.0, 227.0, 682.0, -22.0, 0, 0, 0
L 227.0, 682.0, -22.0, 216.0, 686.0, -22.0, 0, 0, 0
L 216.0, 686.0, -22.0, 204.0, 704.0, -22.0, 0, 0, 0
L 204.0, 704.0, -22.0, 197.0, 703.0, -22.0, 0, 0, 0
L 197.0, 703.0, -22.0, 198.0, 696.0, -22.0, 0, 0, 0
L 198.0, 696.0, -22.0, 207.0, 691.0, -22.0, 0, 0, 0
L 207.0, 691.0, -22.0, 212.0, 683.0, -22.0, 0, 0, 0
L 212.0, 683.0, -22.0, 212.0, 630.0, -22.0, 0, 0, 0
L 212.0, 630.0, -22.0, 166.0, 630.0, -21.0, 0, 0, 0
L 166.0, 630.0, -21.0, 168.0, 639.0, -22.0, 0, 0, 0
L 168.0, 639.0, -22.0, 166.0, 646.0, -22.0, 0, 0, 0
L 166.0, 646.0, -22.0, 167.0, 674.0, -21.0, 0, 0, 0
L 167.0, 674.0, -21.0, 168.0, 680.0, -22.0, 0, 0, 0
L 168.0, 680.0, -22.0, 172.0, 692.0, -22.0, 0, 0, 0
L 172.0, 692.0, -22.0, 175.0, 697.0, -22.0, 0, 0, 0
L 175.0, 697.0, -22.0, 182.0, 698.0, -22.0, 0, 0, 0
L 182.0, 698.0, -22.0, 181.0, 705.0, -22.0, 0, 0, 0
L 181.0, 705.0, -22.0, 174.0, 703.0, -22.0, 0, 0, 0
L 174.0, 703.0, -22.0, 174.0, 702.0, -22.0, 0, 0, 0
L 174.0, 702.0, -22.0, 161.0, 684.0, -22.0, 0, 0, 0
L 161.0, 684.0, -22.0, 152.0, 682.0, -22.0, 0, 0, 0
L 152.0, 682.0, -22.0, 146.0, 682.0, -22.0, 0, 0, 0
L 146.0, 682.0, -22.0, 147.0, 674.0, -22.0, 0, 0, 0
L 147.0, 674.0, -22.0, 155.0, 673.0, -22.0, 0, 0, 0
L 155.0, 673.0, -22.0, 160.0, 672.0, -22.0, 0, 0, 0
L 160.0, 672.0, -22.0, 160.0, 630.0, -22.0, 0, 0, 0
L 160.0, 630.0, -22.0, 114.0, 630.0, -20.0, 0, 0, 0
L 114.0, 630.0, -20.0, 114.0, 676.0, -22.0, 0, 0, 0
L 114.0, 676.0, -22.0, 123.0, 675.0, -22.0, 0, 0, 0
L 123.0, 675.0, -22.0, 130.0, 676.0, -22.0, 0, 0, 0
L 130.0, 676.0, -22.0, 128.0, 683.0, -22.0, 0, 0, 0
L 128.0, 683.0, -22.0, 123.0, 682.0, -22.0, 0, 0, 0
L 123.0, 682.0, -22.0, 98.0, 684.0, -22.0, 0, 0, 0
L 98.0, 684.0, -22.0, 94.0, 683.0, -22.0, 0, 0, 0
L 94.0, 683.0, -22.0, 93.0, 682.0, -22.0, 0, 0, 0
L 93.0, 682.0, -22.0, 95.0, 671.0, -22.0, 0, 0, 0
L 95.0, 671.0, -22.0, 95.0, 655.0, -22.0, 0, 0, 0
L 95.0, 655.0, -22.0, 94.0, 644.0, -19.0, 0, 0, 0
L 94.0, 644.0, -19.0, 95.0, 637.0, -15.0, 0, 0, 0
L 95.0, 637.0, -15.0, 95.0, 624.0, -10.0, 0, 0, 0
L 95.0, 624.0, -10.0, 94.0, 611.0, -9.0, 0, 0, 0
L 94.0, 611.0, -9.0, 95.0, 607.0, -7.0, 0, 0, 0
L 95.0, 607.0, -7.0, 95.0, 591.0, 0.0, 0, 0, 0
L 95.0, 591.0, 0.0, 93.0, 587.0, 0.0, 0, 0, 0
L 93.0, 587.0, 0.0, 97.0, 582.0, -1.0, 0, 0, 0
L 97.0, 582.0, -1.0, 102.0, 583.0, -2.0, 0, 0, 0
L 102.0, 583.0, -2.0, 125.0, 583.0, -2.0, 0, 0, 0
L 125.0, 583.0, -2.0, 124.0, 539.0, -2.0, 0, 0, 0
L 124.0, 539.0, -2.0, 127.0, 533.0, -1.0, 0, 0, 0
L 127.0, 533.0, -1.0, 134.0, 534.0, -1.0, 0, 0, 0
L 134.0, 534.0, -1.0, 136.0, 537.0, -2.0, 0, 0, 0
L 136.0, 537.0, -2.0, 137.0, 538.0, -2.0, 0, 0, 0
L 137.0, 538.0, -2.0, 139.0, 540.0, -2.0, 0, 0, 0
L 139.0, 540.0, -2.0, 148.0, 540.0, -2.0, 0, 0, 0
L 148.0, 540.0, -2.0, 146.0, 548.0, -2.0, 0, 0, 0
L 146.0, 548.0, -2.0, 137.0, 547.0, -2.0, 0, 0, 0
L 137.0, 547.0, -2.0, 132.0, 546.0, -2.0, 0, 0, 0
L 132.0, 546.0, -2.0, 132.0, 610.0, -2.0, 0, 0, 0
L 132.0, 610.0, -2.0, 169.0, 610.0, -1.0, 0, 0, 0
L -4.0, 503.0, 11.0, -15.0, 505.0, 13.0, 0, 0, 0
L -15.0, 505.0, 13.0, -18.0, 505.0, 15.0, 0, 0, 0
L -18.0, 505.0, 15.0, -24.0, 504.0, 15.0, 0, 0, 0
L -24.0, 504.0, 15.0, -29.0, 504.0, 17.0, 0, 0, 0
L -29.0, 504.0, 17.0, -38.0, 506.0, 23.0, 0, 0, 0
L -38.0, 506.0, 23.0, -43.0, 505.0, 23.0, 0, 0, 0
L -43.0, 505.0, 23.0, -51.0, 505.0, 23.0, 0, 0, 0
L -51.0, 505.0, 23.0, -56.0, 505.0, 24.0, 0, 0, 0
L -56.0, 505.0, 24.0, -77.0, 505.0, 34.0, 0, 0, 0
L -77.0, 505.0, 34.0, -80.0, 506.0, 37.0, 0, 0, 0
L -80.0, 506.0, 37.0, -86.0, 506.0, 37.0, 0, 0, 0
L -86.0, 506.0, 37.0, -95.0, 505.0, 37.0, 0, 0, 0
L -95.0, 505.0, 37.0, -98.0, 506.0, 36.0, 0, 0, 0
L -98.0, 506.0, 36.0, -101.0, 512.0, 34.0, 0, 0, 0
L -101.0, 512.0, 34.0, -100.0, 522.0, 40.0, 0, 0, 0
L -100.0, 522.0, 40.0, -100.0, 525.0, 41.0, 0, 0, 0
L -100.0, 525.0, 41.0, -100.0, 534.0, 43.0, 0, 0, 0
L -100.0, 534.0, 43.0, -101.0, 541.0, 44.0, 0, 0, 0
L -101.0, 541.0, 44.0, -101.0, 551.0, 47.0, 0, 0, 0
L -101.0, 551.0, 47.0, -102.0, 560.0, 49.0, 0, 0, 0
L -102.0, 560.0, 49.0, -102.0, 567.0, 53.0, 0, 0, 0
L -102.0, 567.0, 53.0, -103.0, 575.0, 52.0, 0, 0, 0
L -103.0, 575.0, 52.0, -97.0, 578.0, 53.0, 0, 0, 0
L -97.0, 578.0, 53.0, -90.0, 581.0, 49.0, 0, 0, 0
L -90.0, 581.0, 49.0, -75.0, 579.0, 49.0, 0, 0, 0
L -75.0, 579.0, 49.0, -74.0, 576.0, 49.0, 0, 0, 0
L -74.0, 576.0, 49.0, -39.0, 575.0, 49.0, 0, 0, 0
L -39.0, 575.0, 49.0, -37.0, 575.0, 49.0, 0, 0, 0
L -37.0, 575.0, 49.0, -37.0, 600.0, 53.0, 0, 0, 0
L -37.0, 600.0, 53.0, -26.0, 601.0, 59.0, 0, 0, 0
L -26.0, 601.0, 59.0, -18.0, 601.0, 61.0, 0, 0, 0
L -18.0, 601.0, 61.0, -10.0, 600.0, 66.0, 0, 0, 0
L -10.0, 600.0, 66.0, 0.0, 601.0, 67.0, 0, 0, 0
L 0.0, 601.0, 67.0, 5.0, 607.0, 66.0, 0, 0, 0
L 5.0, 607.0, 66.0, 10.0, 613.0, 65.0, 0, 0, 0
L 10.0, 613.0, 65.0, 11.0, 618.0, 68.0, 0, 0, 0
L 11.0, 618.0, 68.0, 11.0, 623.0, 66.0, 0, 0, 0
L 11.0, 623.0, 66.0, 10.0, 634.0, 67.0, 0, 0, 0
L 10.0, 634.0, 67.0, 8.0, 636.0, 67.0, 0, 0, 0
L 8.0, 636.0, 67.0, 7.0, 636.0, 66.0, 0, 0, 0
L 7.0, 636.0, 66.0, -4.0, 635.0, 74.0, 0, 0, 0
L -4.0, 635.0, 74.0, -7.0, 635.0, 74.0, 0, 0, 0
L -10.0, 624.0, 67.0, -11.0, 619.0, 65.0, 0, 0, 0
L -11.0, 619.0, 65.0, -13.0, 619.0, 65.0, 0, 0, 0
L -13.0, 619.0, 65.0, -22.0, 617.0, 61.0, 0, 0, 0
L -22.0, 617.0, 61.0, -29.0, 617.0, 56.0, 0, 0, 0
L -29.0, 617.0, 56.0, -39.0, 617.0, 57.0, 0, 0, 0
L -39.0, 617.0, 57.0, -44.0, 619.0, 51.0, 0, 0, 0
L -44.0, 619.0, 51.0, -44.0, 620.0, 51.0, 0, 0, 0
L -44.0, 620.0, 51.0, -41.0, 626.0, 53.0, 0, 0, 0
L -41.0, 626.0, 53.0, -40.0, 630.0, 52.0, 0, 0, 0
L -40.0, 630.0, 52.0, -39.0, 637.0, 49.0, 0, 0, 0
L -39.0, 637.0, 49.0, -129.0, 637.0, 52.0, 0, 0, 0
L -129.0, 637.0, 52.0, -128.0, 575.0, 49.0, 0, 0, 0
L -128.0, 575.0, 49.0, -118.0, 574.0, 54.0, 0, 0, 0
L -118.0, 574.0, 54.0, -116.0, 568.0, 53.0, 0, 0, 0
L -116.0, 568.0, 53.0, -117.0, 564.0, 52.0, 0, 0, 0
L -117.0, 564.0, 52.0, -119.0, 556.0, 51.0, 0, 0, 0
L -119.0, 556.0, 51.0, -119.0, 554.0, 51.0, 0, 0, 0
L -119.0, 554.0, 51.0, -119.0, 542.0, 48.0, 0, 0, 0
L -119.0, 542.0, 48.0, -119.0, 540.0, 48.0, 0, 0, 0
L -119.0, 540.0, 48.0, -119.0, 515.0, 38.0, 0, 0, 0
L -119.0, 515.0, 38.0, -118.0, 495.0, 37.0, 0, 0, 0
L -118.0, 495.0, 37.0, -111.0, 489.0, 35.0, 0, 0, 0
L -111.0, 489.0, 35.0, -104.0, 485.0, 39.0, 0, 0, 0
L -104.0, 485.0, 39.0, -101.0, 485.0, 38.0, 0, 0, 0
L -101.0, 485.0, 38.0, -97.0, 487.0, 34.0, 0, 0, 0
L -97.0, 487.0, 34.0, -89.0, 486.0, 35.0, 0, 0, 0
L -89.0, 486.0, 35.0, -81.0, 485.0, 37.0, 0, 0, 0
L -81.0, 485.0, 37.0, -77.0, 488.0, 31.0, 0, 0, 0
L -77.0, 488.0, 31.0, -58.0, 486.0, 24.0, 0, 0, 0
L -58.0, 486.0, 24.0, -41.0, 485.0, 23.0, 0, 0, 0
L -41.0, 485.0, 23.0, -32.0, 485.0, 19.0, 0, 0, 0
L -32.0, 485.0, 19.0, -22.0, 485.0, 16.0, 0, 0, 0
L -22.0, 485.0, 16.0, -12.0, 484.0, 13.0, 0, 0, 0
L -12.0, 484.0, 13.0, -10.0, 483.0, 13.0, 0, 0, 0
L 358.0, -479.0, 15.0, 359.0, -428.0, 15.0, 0, 0, 0
L 366.0, -291.0, 9.0, 366.0, -339.0, 21.0, 0, 0, 0
L 341.0, -449.0, 15.0, 330.0, -443.0, 15.0, 0, 0, 0
L 574.0, -572.0, 41.0, 571.0, -575.0, 41.0, 0, 204, 0
L 423.0, -510.0, 41.0, 416.0, -510.0, 41.0, 0, 204, 0
L 427.0, -517.0, 41.0, 423.0, -510.0, 41.0, 0, 204, 0
L 405.0, -511.0, 41.0, 403.0, -507.0, 41.0, 0, 204, 0
L 427.0, -528.0, 41.0, 427.0, -517.0, 41.0, 0, 204, 0
L 427.0, -539.0, 41.0, 426.0, -533.0, 41.0, 0, 204, 0
L 429.0, -539.0, 41.0, 427.0, -539.0, 41.0, 0, 204, 0
L 449.0, -537.0, 41.0, 429.0, -539.0, 41.0, 0, 204, 0
L 426.0, -533.0, 41.0, 427.0, -528.0, 41.0, 0, 204, 0
L 409.0, -511.0, 41.0, 405.0, -511.0, 41.0, 0, 204, 0
L 416.0, -510.0, 41.0, 409.0, -511.0, 41.0, 0, 204, 0
L 533.0, -543.0, 41.0, 532.0, -543.0, 41.0, 0, 204, 0
L 574.0, -542.0, 41.0, 574.0, -572.0, 41.0, 0, 204, 0
L 721.0, -555.0, 41.0, 719.0, -554.0, 41.0, 0, 204, 0
L 715.0, -590.0, 41.0, 708.0, -592.0, 41.0, 0, 204, 0
L 614.0, -564.0, 41.0, 615.0, -571.0, 41.0, 0, 204, 0
L 652.0, -546.0, 41.0, 645.0, -545.0, 41.0, 0, 204, 0
L 653.0, -562.0, 41.0, 644.0, -563.0, 41.0, 0, 204, 0
L 514.0, -545.0, 41.0, 514.0, -546.0, 41.0, 0, 204, 0
L 708.0, -592.0, 41.0, 693.0, -592.0, 41.0, 0, 204, 0
L 693.0, -592.0, 41.0, 688.0, -587.0, 41.0, 0, 204, 0
L 541.0, -540.0, 41.0, 533.0, -543.0, 41.0, 0, 204, 0
L 719.0, -535.0, 41.0, 721.0, -528.0, 41.0, 0, 204, 0
L 677.0, -546.0, 41.0, 652.0, -546.0, 41.0, 0, 204, 0
L 684.0, -568.0, 41.0, 681.0, -561.0, 41.0, 0, 204, 0
L 678.0, -546.0, 41.0, 677.0, -546.0, 41.0, 0, 204, 0
L 568.0, -545.0, 41.0, 541.0, -540.0, 41.0, 0, 204, 0
L 505.0, -552.0, 41.0, 506.0, -546.0, 41.0, 0, 204, 0
L 613.0, -545.0, 41.0, 574.0, -542.0, 41.0, 0, 204, 0
L 684.0, -539.0, 41.0, 685.0, -542.0, 41.0, 0, 204, 0
L 714.0, -551.0, 41.0, 719.0, -536.0, 41.0, 0, 204, 0
L 615.0, -545.0, 41.0, 613.0, -545.0, 41.0, 0, 204, 0
L 688.0, -587.0, 41.0, 684.0, -582.0, 41.0, 0, 204, 0
L 452.0, -537.0, 41.0, 449.0, -537.0, 41.0, 0, 204, 0
L 532.0, -543.0, 41.0, 514.0, -545.0, 41.0, 0, 204, 0
L 681.0, -561.0, 41.0, 676.0, -562.0, 41.0, 0, 204, 0
L 462.0, -538.0, 41.0, 452.0, -537.0, 41.0, 0, 204, 0
L 676.0, -562.0, 41.0, 670.0, -563.0, 41.0, 0, 204, 0
L 670.0, -563.0, 41.0, 653.0, -562.0, 41.0, 0, 204, 0
L 504.0, -558.0, 41.0, 505.0, -552.0, 41.0, 0, 204, 0
L 620.0, -580.0, 41.0, 623.0, -572.0, 41.0, 0, 204, 0
L 623.0, -572.0, 41.0, 655.0, -573.0, 41.0, 0, 204, 0
L 514.0, -546.0, 41.0, 512.0, -549.0, 41.0, 0, 204, 0
L 513.0, -562.0, 41.0, 505.0, -563.0, 41.0, 0, 204, 0
L 642.0, -544.0, 41.0, 623.0, -544.0, 41.0, 0, 204, 0
L 654.0, -612.0, 41.0, 637.0, -614.0, 41.0, 0, 204, 0
L 571.0, -575.0, 41.0, 568.0, -545.0, 41.0, 0, 204, 0
L 685.0, -542.0, 41.0, 686.0, -549.0, 41.0, 0, 204, 0
L 693.0, -516.0, 41.0, 684.0, -525.0, 41.0, 0, 204, 0
L 645.0, -545.0, 41.0, 642.0, -544.0, 41.0, 0, 204, 0
L 717.0, -581.0, 41.0, 721.0, -570.0, 41.0, 0, 204, 0
L 719.0, -536.0, 41.0, 719.0, -535.0, 41.0, 0, 204, 0
L 505.0, -563.0, 41.0, 504.0, -558.0, 41.0, 0, 204, 0
L 721.0, -528.0, 41.0, 719.0, -523.0, 41.0, 0, 204, 0
L 513.0, -560.0, 41.0, 513.0, -562.0, 41.0, 0, 204, 0
L 686.0, -549.0, 41.0, 678.0, -546.0, 41.0, 0, 204, 0
L 719.0, -554.0, 41.0, 714.0, -551.0, 41.0, 0, 204, 0
L 655.0, -573.0, 41.0, 654.0, -612.0, 41.0, 0, 204, 0
L 483.0, -537.0, 41.0, 462.0, -538.0, 41.0, 0, 204, 0
L 623.0, -544.0, 41.0, 615.0, -545.0, 41.0, 0, 204, 0
L 714.0, -591.0, 41.0, 717.0, -581.0, 41.0, 0, 204, 0
L 684.0, -525.0, 41.0, 684.0, -539.0, 41.0, 0, 204, 0
L 721.0, -570.0, 41.0, 721.0, -555.0, 41.0, 0, 204, 0
L 644.0, -563.0, 41.0, 622.0, -562.0, 41.0, 0, 204, 0
L 712.0, -516.0, 41.0, 693.0, -516.0, 41.0, 0, 204, 0
L 719.0, -523.0, 41.0, 712.0, -516.0, 41.0, 0, 204, 0
L 504.0, -537.0, 41.0, 483.0, -537.0, 41.0, 0, 204, 0
L 684.0, -582.0, 41.0, 684.0, -568.0, 41.0, 0, 204, 0
L 506.0, -546.0, 41.0, 504.0, -537.0, 41.0, 0, 204, 0
L 622.0, -562.0, 41.0, 614.0, -564.0, 41.0, 0, 204, 0
L 512.0, -549.0, 41.0, 513.0, -560.0, 41.0, 0, 204, 0
L 293.0, -507.0, 41.0, 283.0, -508.0, 41.0, 0, 204, 0
L 401.0, -538.0, 41.0, 400.0, -541.0, 41.0, 0, 204, 0
L 574.0, -613.0, 41.0, 571.0, -586.0, 41.0, 0, 204, 0
L 424.0, -554.0, 41.0, 411.0, -553.0, 41.0, 0, 204, 0
L 295.0, -515.0, 41.0, 293.0, -507.0, 41.0, 0, 204, 0
L 565.0, -612.0, 41.0, 557.0, -614.0, 41.0, 0, 204, 0
L 502.0, -582.0, 41.0, 489.0, -580.0, 41.0, 0, 204, 0
L 410.0, -539.0, 41.0, 411.0, -533.0, 41.0, 0, 204, 0
L 399.0, -546.0, 41.0, 398.0, -548.0, 41.0, 0, 204, 0
L 315.0, -562.0, 41.0, 295.0, -541.0, 41.0, 0, 204, 0
L 637.0, -614.0, 41.0, 621.0, -614.0, 41.0, 0, 204, 0
L 534.0, -614.0, 41.0, 512.0, -610.0, 41.0, 0, 204, 0
L 489.0, -580.0, 41.0, 489.0, -579.0, 41.0, 0, 204, 0
L 319.0, -563.0, 41.0, 315.0, -562.0, 41.0, 0, 204, 0
L 411.0, -553.0, 41.0, 410.0, -539.0, 41.0, 0, 204, 0
L 274.0, -499.0, 41.0, 275.0, -497.0, 41.0, 0, 204, 0
L 400.0, -541.0, 41.0, 399.0, -545.0, 41.0, 0, 204, 0
L 286.0, -491.0, 41.0, 295.0, -490.0, 41.0, 0, 204, 0
L 478.0, -555.0, 41.0, 463.0, -555.0, 41.0, 0, 204, 0
L 275.0, -497.0, 41.0, 280.0, -493.0, 41.0, 0, 204, 0
L 612.0, -613.0, 41.0, 609.0, -614.0, 41.0, 0, 204, 0
L 597.0, -614.0, 41.0, 574.0, -613.0, 41.0, 0, 204, 0
L 275.0, -504.0, 41.0, 275.0, -503.0, 41.0, 0, 204, 0
L 536.0, -623.0, 41.0, 537.0, -621.0, 41.0, 0, 204, 0
L 491.0, -558.0, 41.0, 488.0, -553.0, 41.0, 0, 204, 0
L 429.0, -553.0, 41.0, 426.0, -554.0, 41.0, 0, 204, 0
L 404.0, -528.0, 41.0, 403.0, -529.0, 41.0, 0, 204, 0
L 556.0, -629.0, 41.0, 552.0, -635.0, 41.0, 0, 204, 0
L 399.0, -545.0, 41.0, 399.0, -546.0, 41.0, 0, 204, 0
L 378.0, -563.0, 41.0, 319.0, -563.0, 41.0, 0, 204, 0
L 571.0, -586.0, 41.0, 569.0, -588.0, 41.0, 0, 204, 0
L 280.0, -493.0, 41.0, 286.0, -491.0, 41.0, 0, 204, 0
L 613.0, -612.0, 41.0, 612.0, -613.0, 41.0, 0, 204, 0
L 557.0, -614.0, 41.0, 556.0, -629.0, 41.0, 0, 204, 0
L 486.0, -553.0, 41.0, 478.0, -555.0, 41.0, 0, 204, 0
L 403.0, -529.0, 41.0, 401.0, -538.0, 41.0, 0, 204, 0
L 621.0, -614.0, 41.0, 619.0, -602.0, 41.0, 0, 204, 0
L 505.0, -582.0, 41.0, 502.0, -582.0, 41.0, 0, 204, 0
L 450.0, -555.0, 41.0, 429.0, -553.0, 41.0, 0, 204, 0
L 426.0, -554.0, 41.0, 424.0, -554.0, 41.0, 0, 204, 0
L 283.0, -508.0, 41.0, 275.0, -504.0, 41.0, 0, 204, 0
L 552.0, -635.0, 41.0, 546.0, -631.0, 41.0, 0, 204, 0
L 539.0, -620.0, 41.0, 534.0, -614.0, 41.0, 0, 204, 0
L 382.0, -563.0, 41.0, 378.0, -563.0, 41.0, 0, 204, 0
L 569.0, -588.0, 41.0, 568.0, -610.0, 41.0, 0, 204, 0
L 411.0, -533.0, 41.0, 408.0, -527.0, 41.0, 0, 204, 0
L 568.0, -610.0, 41.0, 565.0, -612.0, 41.0, 0, 204, 0
L 408.0, -527.0, 41.0, 404.0, -528.0, 41.0, 0, 204, 0
L 609.0, -614.0, 41.0, 597.0, -614.0, 41.0, 0, 204, 0
L 398.0, -548.0, 41.0, 385.0, -561.0, 41.0, 0, 204, 0
L 512.0, -610.0, 41.0, 512.0, -582.0, 41.0, 0, 204, 0
L 489.0, -579.0, 41.0, 491.0, -558.0, 41.0, 0, 204, 0
L 295.0, -541.0, 41.0, 295.0, -515.0, 41.0, 0, 204, 0
L 537.0, -621.0, 41.0, 539.0, -620.0, 41.0, 0, 204, 0
L 512.0, -582.0, 41.0, 505.0, -582.0, 41.0, 0, 204, 0
L 463.0, -555.0, 41.0, 450.0, -555.0, 41.0, 0, 204, 0
L 385.0, -561.0, 41.0, 382.0, -563.0, 41.0, 0, 204, 0
L 275.0, -503.0, 41.0, 274.0, -499.0, 41.0, 0, 204, 0
L 488.0, -553.0, 41.0, 486.0, -553.0, 41.0, 0, 204, 0
L 546.0, -631.0, 41.0, 536.0, -623.0, 41.0, 0, 204, 0
L 408.0, -455.0, 41.0, 416.0, -458.0, 41.0, 0, 204, 0
L 425.0, -463.0, 41.0, 425.0, -471.0, 41.0, 0, 204, 0
L 297.0, -475.0, 41.0, 299.0, -468.0, 41.0, 0, 204, 0
L 403.0, -450.0, 41.0, 404.0, -454.0, 41.0, 0, 204, 0
L 403.0, -474.0, 41.0, 404.0, -480.0, 41.0, 0, 204, 0
L 424.0, -472.0, 41.0, 410.0, -472.0, 41.0, 0, 204, 0
L 299.0, -468.0, 41.0, 301.0, -465.0, 41.0, 0, 204, 0
L 323.0, -449.0, 41.0, 403.0, -450.0, 41.0, 0, 204, 0
L 404.0, -480.0, 41.0, 403.0, -507.0, 41.0, 0, 204, 0
L 405.0, -455.0, 41.0, 408.0, -455.0, 41.0, 0, 204, 0
L 302.0, -463.0, 41.0, 307.0, -459.0, 41.0, 0, 204, 0
L 315.0, -452.0, 41.0, 323.0, -449.0, 41.0, 0, 204, 0
L 425.0, -471.0, 41.0, 424.0, -472.0, 41.0, 0, 204, 0
L 296.0, -482.0, 41.0, 297.0, -475.0, 41.0, 0, 204, 0
L 404.0, -454.0, 41.0, 405.0, -455.0, 41.0, 0, 204, 0
L 416.0, -458.0, 41.0, 425.0, -463.0, 41.0, 0, 204, 0
L 410.0, -472.0, 41.0, 403.0, -474.0, 41.0, 0, 204, 0
L 295.0, -490.0, 41.0, 296.0, -482.0, 41.0, 0, 204, 0
L 301.0, -465.0, 41.0, 302.0, -463.0, 41.0, 0, 204, 0
L 307.0, -459.0, 41.0, 315.0, -452.0, 41.0, 0, 204, 0
L 161.0, 168.0, 26.0, 161.0, 195.0, 26.0, 0, 0, 0
L 153.0, 159.0, 26.0, 161.0, 168.0, 26.0, 0, 0, 0
L 139.0, 158.0, 26.0, 153.0, 159.0, 26.0, 0, 0, 0
L 280.0, -75.0, 26.0, 282.0, -64.0, 26.0, 0, 0, 0
L 302.0, -23.0, 26.0, 303.0, -14.0, 26.0, 0, 0, 0
L 276.0, 15.0, 26.0, 282.0, 15.0, 26.0, 0, 0, 0
L 300.0, -62.0, 26.0, 303.0, -56.0, 26.0, 0, 0, 0
L 303.0, -56.0, 26.0, 302.0, -45.0, 26.0, 0, 0, 0
L 282.0, 15.0, 26.0, 303.0, 15.0, 26.0, 0, 0, 0
L 278.0, 8.0, 26.0, 276.0, 15.0, 26.0, 0, 0, 0
L 301.0, 7.0, 26.0, 280.0, 8.0, 26.0, 0, 0, 0
L 285.0, -63.0, 26.0, 300.0, -62.0, 26.0, 0, 0, 0
L 303.0, -14.0, 26.0, 301.0, 7.0, 26.0, 0, 0, 0
L 302.0, -43.0, 26.0, 307.0, -40.0, 26.0, 0, 0, 0
L 308.0, -24.0, 26.0, 302.0, -23.0, 26.0, 0, 0, 0
L 302.0, -45.0, 26.0, 302.0, -43.0, 26.0, 0, 0, 0
L 282.0, -64.0, 26.0, 285.0, -63.0, 26.0, 0, 0, 0
L 280.0, 8.0, 26.0, 278.0, 8.0, 26.0, 0, 0, 0
L 329.0, 116.0, 26.0, 330.0, 107.0, 26.0, 0, 0, 0
L 362.0, -65.0, 26.0, 352.0, -67.0, 26.0, 0, 0, 0
L 303.0, 56.0, 26.0, 303.0, 15.0, 26.0, 0, 0, 0
L 415.0, -60.0, 26.0, 415.0, -62.0, 26.0, 0, 0, 0
L 381.0, -45.0, 26.0, 375.0, -34.0, 26.0, 0, 0, 0
L 330.0, 107.0, 26.0, 328.0, 94.0, 26.0, 0, 0, 0
L 332.0, 118.0, 26.0, 329.0, 116.0, 26.0, 0, 0, 0
L 334.0, 118.0, 26.0, 332.0, 118.0, 26.0, 0, 0, 0
L 383.0, 176.0, 26.0, 380.0, 172.0, 26.0, 0, 0, 0
L 363.0, 117.0, 26.0, 334.0, 118.0, 26.0, 0, 0, 0
L 414.0, -67.0, 26.0, 387.0, -68.0, 26.0, 0, 0, 0
L 375.0, -34.0, 26.0, 375.0, -16.0, 26.0, 0, 0, 0
L 404.0, -43.0, 26.0, 402.0, -44.0, 26.0, 0, 0, 0
L 412.0, -39.0, 26.0, 404.0, -43.0, 26.0, 0, 0, 0
L 367.0, -48.0, 26.0, 371.0, -48.0, 26.0, 0, 0, 0
L 308.0, -24.0, 26.0, 314.0, -23.0, 26.0, 0, 0, 0
L 375.0, 152.0, 26.0, 363.0, 117.0, 26.0, 0, 0, 0
L 378.0, 161.0, 26.0, 375.0, 152.0, 26.0, 0, 0, 0
L 368.0, 170.0, 26.0, 370.0, 163.0, 26.0, 0, 0, 0
L 362.0, -51.0, 26.0, 367.0, -48.0, 26.0, 0, 0, 0
L 314.0, -23.0, 26.0, 326.0, -24.0, 26.0, 0, 0, 0
L 352.0, -67.0, 26.0, 351.0, -68.0, 26.0, 0, 0, 0
L 312.0, -68.0, 26.0, 310.0, -44.0, 26.0, 0, 0, 0
L 412.0, -55.0, 26.0, 413.0, -56.0, 26.0, 0, 0, 0
L 375.0, -16.0, 26.0, 411.0, -16.0, 26.0, 0, 0, 0
L 371.0, -48.0, 26.0, 381.0, -45.0, 26.0, 0, 0, 0
L 412.0, -23.0, 26.0, 412.0, -39.0, 26.0, 0, 0, 0
L 353.0, -51.0, 26.0, 362.0, -51.0, 26.0, 0, 0, 0
L 328.0, 94.0, 26.0, 304.0, 93.0, 26.0, 0, 0, 0
L 415.0, -62.0, 26.0, 414.0, -67.0, 26.0, 0, 0, 0
L 380.0, 172.0, 26.0, 368.0, 170.0, 26.0, 0, 0, 0
L 402.0, -44.0, 26.0, 401.0, -45.0, 26.0, 0, 0, 0
L 384.0, 179.0, 26.0, 383.0, 176.0, 26.0, 0, 0, 0
L 387.0, -68.0, 26.0, 373.0, -70.0, 26.0, 0, 0, 0
L 310.0, -44.0, 26.0, 307.0, -40.0, 26.0, 0, 0, 0
L 411.0, -16.0, 26.0, 412.0, -23.0, 26.0, 0, 0, 0
L 413.0, -56.0, 26.0, 415.0, -60.0, 26.0, 0, 0, 0
L 304.0, 93.0, 26.0, 302.0, 67.0, 26.0, 0, 0, 0
L 326.0, -24.0, 26.0, 327.0, -49.0, 26.0, 0, 0, 0
L 401.0, -45.0, 26.0, 406.0, -49.0, 26.0, 0, 0, 0
L 368.0, -70.0, 26.0, 362.0, -65.0, 26.0, 0, 0, 0
L 327.0, -49.0, 26.0, 353.0, -51.0, 26.0, 0, 0, 0
L 370.0, 163.0, 26.0, 378.0, 161.0, 26.0, 0, 0, 0
L 351.0, -68.0, 26.0, 317.0, -68.0, 26.0, 0, 0, 0
L 406.0, -49.0, 26.0, 412.0, -55.0, 26.0, 0, 0, 0
L 302.0, 67.0, 26.0, 303.0, 56.0, 26.0, 0, 0, 0
L 373.0, -70.0, 26.0, 368.0, -70.0, 26.0, 0, 0, 0
L 317.0, -68.0, 26.0, 312.0, -68.0, 26.0, 0, 0, 0
L 285.0, 72.0, 26.0, 285.0, 111.0, 26.0, 0, 0, 0
L 313.0, 111.0, 26.0, 311.0, 118.0, 26.0, 0, 0, 0
L 202.0, -40.0, 26.0, 204.0, -62.0, 26.0, 0, 0, 0
L 250.0, 8.0, 26.0, 241.0, 7.0, 26.0, 0, 0, 0
L 369.0, 235.0, 26.0, 371.0, 228.0, 26.0, 0, 0, 0
L 345.0, 171.0, 26.0, 323.0, 171.0, 26.0, 0, 0, 0
L 366.0, 248.0, 26.0, 369.0, 242.0, 26.0, 0, 0, 0
L 290.0, 171.0, 26.0, 290.0, 229.0, 26.0, 0, 0, 0
L 305.0, 163.0, 26.0, 345.0, 163.0, 26.0, 0, 0, 0
L 371.0, 228.0, 26.0, 383.0, 229.0, 26.0, 0, 0, 0
L 369.0, 242.0, 26.0, 369.0, 235.0, 26.0, 0, 0, 0
L 323.0, 171.0, 26.0, 290.0, 171.0, 26.0, 0, 0, 0
L 288.0, 150.0, 26.0, 289.0, 157.0, 26.0, 0, 0, 0
L 307.0, 111.0, 26.0, 313.0, 111.0, 26.0, 0, 0, 0
L 249.0, -61.0, 26.0, 253.0, -63.0, 26.0, 0, 0, 0
L 204.0, -63.0, 26.0, 242.0, -62.0, 26.0, 0, 0, 0
L 253.0, -63.0, 26.0, 261.0, -65.0, 26.0, 0, 0, 0
L 200.0, 5.0, 26.0, 200.0, 4.0, 26.0, 0, 0, 0
L 234.0, 9.0, 26.0, 223.0, 9.0, 26.0, 0, 0, 0
L 357.0, 245.0, 26.0, 359.0, 248.0, 26.0, 0, 0, 0
L 355.0, 241.0, 26.0, 357.0, 245.0, 26.0, 0, 0, 0
L 257.0, 8.0, 26.0, 250.0, 8.0, 26.0, 0, 0, 0
L 290.0, 117.0, 26.0, 289.0, 146.0, 26.0, 0, 0, 0
L 289.0, 146.0, 26.0, 288.0, 150.0, 26.0, 0, 0, 0
L 295.0, 117.0, 26.0, 290.0, 117.0, 26.0, 0, 0, 0
L 359.0, 248.0, 26.0, 360.0, 248.0, 26.0, 0, 0, 0
L 290.0, 229.0, 26.0, 347.0, 229.0, 26.0, 0, 0, 0
L 299.0, 161.0, 26.0, 305.0, 163.0, 26.0, 0, 0, 0
L 347.0, 229.0, 26.0, 353.0, 229.0, 26.0, 0, 0, 0
L 242.0, -62.0, 26.0, 249.0, -61.0, 26.0, 0, 0, 0
L 200.0, 4.0, 26.0, 200.0, -30.0, 26.0, 0, 0, 0
L 258.0, 15.0, 26.0, 257.0, 8.0, 26.0, 0, 0, 0
L 391.0, 200.0, 26.0, 384.0, 179.0, 26.0, 0, 0, 0
L 258.0, 32.0, 26.0, 258.0, 15.0, 26.0, 0, 0, 0
L 311.0, 118.0, 26.0, 304.0, 117.0, 26.0, 0, 0, 0
L 223.0, 9.0, 26.0, 200.0, 5.0, 26.0, 0, 0, 0
L 289.0, 157.0, 26.0, 299.0, 161.0, 26.0, 0, 0, 0
L 394.0, 209.0, 26.0, 391.0, 200.0, 26.0, 0, 0, 0
L 284.0, 33.0, 26.0, 258.0, 32.0, 26.0, 0, 0, 0
L 362.0, 250.0, 26.0, 366.0, 248.0, 26.0, 0, 0, 0
L 383.0, 229.0, 26.0, 394.0, 229.0, 26.0, 0, 0, 0
L 360.0, 248.0, 26.0, 362.0, 250.0, 26.0, 0, 0, 0
L 354.0, 234.0, 26.0, 355.0, 241.0, 26.0, 0, 0, 0
L 285.0, 111.0, 26.0, 307.0, 111.0, 26.0, 0, 0, 0
L 285.0, 58.0, 26.0, 285.0, 72.0, 26.0, 0, 0, 0
L 353.0, 229.0, 26.0, 354.0, 234.0, 26.0, 0, 0, 0
L 394.0, 229.0, 26.0, 394.0, 209.0, 26.0, 0, 0, 0
L 304.0, 117.0, 26.0, 295.0, 117.0, 26.0, 0, 0, 0
L 200.0, -30.0, 26.0, 202.0, -40.0, 26.0, 0, 0, 0
L 204.0, -62.0, 26.0, 204.0, -63.0, 26.0, 0, 0, 0
L 285.0, 58.0, 26.0, 284.0, 33.0, 26.0, 0, 0, 0
L 261.0, -65.0, 26.0, 261.0, -75.0, 26.0, 0, 0, 0
L 241.0, 7.0, 26.0, 234.0, 9.0, 26.0, 0, 0, 0
L 345.0, 163.0, 26.0, 345.0, 171.0, 26.0, 0, 0, 0
L 300.9, -277.1, 15.9, 302.0, -233.0, 17.0, 0, 0, 0
L 309.0, -279.6, -11.0, 300.9, -277.1, 15.9, 0, 0, 0
L -135.0, -497.0, -11.0, -136.0, -500.0, -11.0, 0, 0, 0
L -173.0, -450.0, -11.0, -173.0, -442.0, -11.0, 0, 0, 0
L -172.0, -435.0, -11.0, -117.0, -435.0, -11.0, 0, 0, 0
L -159.0, -481.0, -11.0, -172.0, -479.0, -11.0, 0, 0, 0
L -150.0, -481.0, -11.0, -159.0, -481.0, -11.0, 0, 0, 0
L -150.0, -490.0, -11.0, -149.0, -485.0, -11.0, 0, 0, 0
L -110.0, -350.0, -11.0, -108.0, -346.0, -11.0, 0, 0, 0
L -88.0, -346.0, -11.0, -85.0, -348.0, -11.0, 0, 0, 0
L -108.0, -346.0, -11.0, -88.0, -346.0, -11.0, 0, 0, 0
L -77.0, -398.0, -11.0, -75.0, -406.0, -11.0, 0, 0, 0
L -91.0, -456.0, -11.0, -99.0, -481.0, -11.0, 0, 0, 0
L -84.0, -437.0, -11.0, -91.0, -456.0, -11.0, 0, 0, 0
L -93.0, -435.0, -11.0, -84.0, -437.0, -11.0, 0, 0, 0
L -94.0, -428.0, -11.0, -93.0, -435.0, -11.0, 0, 0, 0
L -133.0, -483.0, -11.0, -135.0, -497.0, -11.0, 0, 0, 0
L -130.0, -480.0, -11.0, -133.0, -483.0, -11.0, 0, 0, 0
L -84.0, -348.0, -11.0, -82.0, -341.0, -11.0, 0, 0, 0
L -72.0, -392.0, -11.0, -77.0, -398.0, -11.0, 0, 0, 0
L -115.0, -430.0, -11.0, -114.0, -370.0, -11.0, 0, 0, 0
L -172.0, -479.0, -11.0, -173.0, -450.0, -11.0, 0, 0, 0
L -99.0, -481.0, -11.0, -130.0, -480.0, -11.0, 0, 0, 0
L -69.0, -380.0, -11.0, -69.0, -384.0, -11.0, 0, 0, 0
L -75.0, -406.0, -11.0, -76.0, -412.0, -11.0, 0, 0, 0
L -149.0, -485.0, -11.0, -150.0, -481.0, -11.0, 0, 0, 0
L -117.0, -435.0, -11.0, -115.0, -430.0, -11.0, 0, 0, 0
L -70.0, -369.0, -11.0, -69.0, -380.0, -11.0, 0, 0, 0
L -81.0, -427.0, -11.0, -94.0, -428.0, -11.0, 0, 0, 0
L -69.0, -384.0, -11.0, -72.0, -392.0, -11.0, 0, 0, 0
L -81.0, -369.0, -11.0, -70.0, -369.0, -11.0, 0, 0, 0
L -91.0, -373.0, -11.0, -81.0, -369.0, -11.0, 0, 0, 0
L -147.0, -497.0, -11.0, -150.0, -490.0, -11.0, 0, 0, 0
L -136.0, -500.0, -11.0, -147.0, -497.0, -11.0, 0, 0, 0
L -85.0, -348.0, -11.0, -84.0, -348.0, -11.0, 0, 0, 0
L -76.0, -412.0, -11.0, -81.0, -427.0, -11.0, 0, 0, 0
L -82.0, -340.0, -11.0, -82.0, -320.0, -11.0, 0, 0, 0
L -82.0, -341.0, -11.0, -82.0, -340.0, -11.0, 0, 0, 0
L -110.0, -360.0, -11.0, -110.0, -350.0, -11.0, 0, 0, 0
L -108.0, -367.0, -11.0, -110.0, -360.0, -11.0, 0, 0, 0
L -109.0, -368.0, -11.0, -108.0, -367.0, -11.0, 0, 0, 0
L -114.0, -370.0, -11.0, -109.0, -368.0, -11.0, 0, 0, 0
L -173.0, -442.0, -11.0, -172.0, -435.0, -11.0, 0, 0, 0
L -65.0, -341.0, -11.0, -65.0, -350.0, -11.0, 0, 0, 0
L -65.0, -320.0, -11.0, -65.0, -341.0, -11.0, 0, 0, 0
L -93.0, -365.0, -11.0, -91.0, -373.0, -11.0, 0, 0, 0
L -84.0, -361.0, -11.0, -85.0, -361.0, -11.0, 0, 0, 0
L -68.0, -363.0, -11.0, -84.0, -361.0, -11.0, 0, 0, 0
L -85.0, -361.0, -11.0, -93.0, -365.0, -11.0, 0, 0, 0
L -65.0, -350.0, -11.0, -68.0, -363.0, -11.0, 0, 0, 0
L 209.0, 607.0, -1.0, 182.0, 611.0, 1.0, 0, 0, 0
L 202.0, 484.0, -1.0, 201.0, 481.0, 0.0, 0, 0, 0
L 80.0, 697.0, -18.0, 78.0, 690.0, -21.0, 0, 0, 0
L -7.0, 635.0, 74.0, -10.0, 624.0, 67.0, 0, 0, 0
L -42.4, 175.8, 2.9, -62.5, 204.7, 8.5, 127, 64, 0
L -62.5, 204.7, 8.5, -73.3, 240.0, 10.5, 127, 64, 0
L -73.3, 240.0, 10.5, -73.2, 247.7, 10.5, 127, 64, 0
L -73.2, 247.7, 10.5, -121.0, 263.7, 13.4, 127, 64, 0
L -120.7, 274.6, 13.4, -73.0, 257.4, 13.4, 127, 64, 0
L -73.0, 257.4, 13.4, -69.0, 264.6, 13.4, 127, 64, 0
L -69.0, 264.6, 13.4, -62.5, 261.9, 13.4, 127, 64, 0
L -62.5, 261.9, 13.4, -61.7, 250.0, 13.4, 127, 64, 0
L -61.7, 250.0, 13.4, -19.3, 274.5, 13.5, 127, 64, 0
L -19.3, 264.1, 14.1, -64.0, 237.4, 14.1, 127, 64, 0
L -64.0, 237.4, 14.1, -52.2, 203.3, 14.1, 127, 64, 0
L -52.2, 203.3, 14.1, -30.7, 175.3, 12.4, 127, 64, 0
L -11.7, 175.6, 9.7, -22.4, 183.9, 9.5, 0, 0, 255
L -22.4, 183.9, 9.5, -34.9, 203.8, 9.5, 0, 0, 255
L -34.9, 203.8, 9.5, -22.1, 207.9, 9.5, 0, 0, 255
L -22.1, 207.9, 9.5, -37.2, 221.3, 9.5, 0, 0, 255
L -37.2, 221.3, 9.5, -46.7, 240.3, 9.5, 0, 0, 255
L -46.7, 240.3, 9.5, -47.7, 247.3, 9.8, 0, 0, 255
L -48.0, 260.5, 9.9, -46.9, 270.1, 9.9, 0, 0, 255
L -46.9, 270.1, 9.9, -40.9, 278.4, 9.9, 0, 0, 255
L -24.7, 310.4, 9.8, -39.8, 283.0, 9.8, 0, 0, 255
L -39.8, 283.0, 9.8, -40.9, 278.4, 9.6, 0, 0, 255
L -24.7, 310.4, 9.6, -15.4, 303.7, 9.6, 0, 0, 255
L -15.4, 303.7, 9.6, -14.3, 306.9, 9.6, 0, 0, 255
L -14.3, 306.9, 9.6, -11.8, 320.6, 9.6, 0, 0, 255
L -83.8, 320.6, 18.5, -84.1, 313.2, 17.9, 0, 0, 255
L -84.1, 313.2, 17.8, -75.1, 311.5, 16.9, 0, 0, 255
L -75.1, 311.5, 16.8, -80.1, 300.4, 16.1, 0, 0, 255
L -80.1, 300.4, 15.9, -98.9, 280.9, 14.5, 0, 0, 255
L -98.9, 280.9, 14.4, -91.0, 264.7, 13.1, 0, 0, 255
L -91.9, 252.7, 12.4, -95.2, 241.0, 11.5, 0, 0, 255
L -95.2, 241.0, 11.4, -102.0, 242.4, 11.2, 0, 0, 255
L -102.0, 242.4, 11.2, -98.3, 199.9, 10.3, 0, 0, 255
L -98.3, 199.9, 10.3, -84.1, 205.6, 9.9, 0, 0, 255
L -84.1, 205.6, 9.9, -71.8, 190.3, 9.8, 0, 0, 255
L -71.8, 190.3, 9.8, -76.0, 175.7, 9.6, 0, 0, 255
L 323.1, -448.6, 42.5, 324.2, -491.4, 42.5, 150, 150, 150
L 324.2, -491.4, 42.5, 374.7, -485.7, 42.3, 127, 64, 0
L 374.7, -485.7, 42.3, 375.3, -448.6, 42.5, 150, 150, 150
L 373.7, -563.4, 42.5, 374.2, -499.4, 42.0, 150, 150, 150
L 374.2, -499.4, 42.0, 324.1, -504.7, 42.5, 127, 64, 0
L 324.1, -504.7, 42.5, 323.8, -563.4, 42.5, 150, 150, 150
L 355.0, -446.5, 20.9, 359.1, -474.5, 24.4, 205, 133, 63
L 359.1, -474.5, 24.4, 353.1, -475.1, 24.5, 205, 133, 63
L 353.1, -475.1, 24.5, 349.9, -446.7, 20.9, 205, 133, 63
L 349.9, -446.7, 20.9, 355.0, -446.5, 20.9, 205, 133, 63
L 366.4, -260.5, 16.5, 351.3, -261.0, 16.5, 150, 150, 150
L 351.3, -261.0, 16.5, 355.6, -311.8, 16.4, 127, 64, 0
L 355.6, -311.8, 16.4, 366.4, -312.5, 16.5, 150, 150, 150
L 299.6, -312.6, 16.5, 342.4, -312.2, 16.5, 150, 150, 150
L 342.4, -312.2, 16.5, 336.4, -261.3, 16.5, 127, 64, 0
L 336.4, -261.3, 16.5, 299.6, -261.5, 16.3, 150, 150, 150
L 298.6, -287.1, -4.9, 300.0, -283.0, -4.9, 205, 133, 63
L 300.0, -283.0, -4.9, 325.9, -277.0, 3.2, 205, 133, 63
L 326.4, -282.9, 3.2, 298.6, -287.1, -4.9, 205, 133, 63
L 326.4, -282.9, 3.2, 325.9, -277.0, 3.2, 205, 133, 63
L 619.0, -602.0, 41.0, 614.9, -602.0, 41.0, 0, 204, 0
L 614.9, -602.0, 41.0, 613.0, -612.0, 41.0, 0, 204, 0
L 620.0, -580.0, 41.0, 616.7, -580.0, 41.0, 0, 204, 0
L 616.7, -580.0, 41.0, 615.0, -571.0, 41.0, 0, 204, 0
