P 0, 300, 0, 0, 0, 0, 2, Original_Map:_Goodurden_of_the_Realm_of_Insanity
P 0, 500, 0, 0, 0, 0, 2, Revised_Map:_Brewall_Rainsinger_(Cazic-Thule)
P 0, 700, 0, 0, 0, 0, 2, www.eqmaps.info
P 0, 900, 0, 0, 0, 0, 2, Return_of_the_Exiled_(www.roteguild.org)
P 0, 1100, 0, 0, 0, 0, 2, Height_Filter:_45/20
L 47, -845, -147, 47, -850, -127, 0, 0, 240
L 36, -848, -167, 19, -840, -167, 0, 0, 240
L 19, -840, -167, 9, -847, -167, 0, 0, 240
L 9, -847, -167, 10, -853, -127, 0, 0, 240
L -3, -867, -127, -3, -861, -167, 0, 0, 240
L -3, -861, -167, -12, -868, -167, 0, 0, 240
L -12, -868, -167, -27, -866, -167, 0, 0, 240
L -27, -866, -167, -27, -832, -167, 0, 0, 240
L -27, -832, -167, -13, -820, -167, 0, 0, 240
L -13, -820, -167, 2, -824, -167, 0, 0, 240
L 2, -824, -167, 14, -799, -167, 0, 0, 240
L 14, -799, -167, 19, -802, -167, 0, 0, 240
L 19, -802, -167, 27, -799, -167, 0, 0, 240
L 27, -799, -167, 28, -770, -167, 0, 0, 240
L 41, -770, -167, 41, -811, -167, 0, 0, 240
L 41, -811, -167, 33, -816, -167, 0, 0, 240
L 33, -816, -167, 33, -816, -167, 0, 0, 240
L 33, -816, -167, 18, -812, -167, 0, 0, 240
L 18, -812, -167, 19, -824, -167, 0, 0, 240
L 19, -824, -167, 42, -837, -167, 0, 0, 240
L -13, -811, -82, 0, -798, -82, 139, 69, 19
L 1, -924, -80, 3, -924, -80, 139, 69, 19
L -41, 28, 0, -13, 28, 0, 0, 0, 0
L -13, 13, 0, -13, 28, 0, 0, 0, 0
L -28, 41, 0, 0, 41, 0, 0, 0, 0
L 0, 41, 0, 0, 13, 0, 0, 0, 0
L -28, 69, 0, -28, 41, 0, 0, 0, 0
L -40, 68, 0, -29, 68, 0, 0, 0, 0
L -40, 56, 0, -40, 29, 0, 0, 0, 0
L -40, 56, 0, -40, 68, 0, 199, 21, 133
L -13, 13, 0, -26, 0, 0, 0, 0, 0
L -26, 0, 0, -26, -26, 0, 0, 0, 0
L -26, -26, 0, -13, -26, 0, 0, 0, 0
L -13, -26, 0, -13, -41, 0, 0, 0, 0
L -13, -41, 0, -13, -84, -13, 0, 0, 0
L -13, -84, -13, -27, -98, -12, 0, 0, 0
L -27, -98, -12, -27, -154, -13, 0, 0, 0
L -27, -154, -13, -41, -168, -13, 0, 0, 0
L -41, -168, -13, -57, -178, -13, 0, 0, 0
L -57, -178, -13, -57, -197, -13, 0, 0, 0
L -57, -197, -13, -45, -205, -13, 0, 0, 0
L -45, -205, -13, -41, -205, -13, 0, 0, 0
L -41, -205, -13, -35, -210, -13, 0, 0, 0
L -14, -210, -13, -18, -198, -13, 0, 0, 0
L -18, -198, -13, -38, -192, -13, 0, 0, 0
L -38, -192, -13, -38, -185, -13, 0, 0, 0
L -38, -185, -13, -28, -181, -13, 0, 0, 0
L -28, -181, -13, -14, -167, -13, 0, 0, 0
L 69, -167, -11, 69, -154, -11, 0, 0, 0
L 69, -154, -11, 58, -154, -13, 0, 0, 240
L 58, -154, -13, 56, -164, -13, 0, 0, 240
L 56, -164, -13, 49, -166, -13, 0, 0, 240
L 49, -166, -13, 37, -162, -13, 0, 0, 240
L 69, -167, -11, -14, -167, -13, 0, 0, 0
L 37, -162, -13, 37, -145, -13, 0, 0, 240
L 37, -145, -13, 52, -133, -14, 0, 0, 240
L 52, -133, -14, 69, -139, -15, 0, 0, 240
L 69, -139, -14, 69, -126, -10, 0, 0, 0
L 69, -126, -10, 57, -120, -13, 0, 0, 0
L 57, -120, -13, 52, -120, -13, 0, 0, 0
L 52, -120, -13, 38, -128, -14, 0, 0, 0
L 38, -128, -14, 14, -154, -13, 0, 0, 0
L 14, -154, -13, -14, -154, -13, 0, 0, 0
L -14, -154, -13, -14, -125, -13, 0, 0, 0
L -14, -125, -13, 13, -124, -13, 0, 0, 0
L 13, -124, -13, 27, -111, -13, 0, 0, 0
L 27, -111, -13, 27, -84, -13, 0, 0, 0
L 27, -84, -13, 0, -84, -13, 0, 0, 0
L 0, -84, -13, 0, -41, 0, 0, 0, 0
L 0, -41, 0, 13, -27, 0, 0, 0, 0
L 13, -27, 0, 27, -27, 0, 0, 0, 0
L 27, -27, 0, 27, 0, 0, 0, 0, 0
L 27, 0, 0, 0, 13, 0, 0, 0, 0
L -27, -210, -26, -40, -224, -26, 0, 0, 240
L -40, -224, -26, -41, -250, -26, 0, 0, 240
L -41, -265, -27, -41, -250, -26, 0, 0, 240
L -41, -265, -26, -26, -278, -26, 0, 0, 240
L -25, -278, -26, 0, -278, -28, 0, 0, 240
L 0, -278, -28, 0, -308, -28, 0, 0, 240
L 13, -278, -29, 13, -306, -28, 0, 0, 240
L 13, -278, -29, 28, -278, -26, 0, 0, 240
L 28, -278, -26, 28, -293, -26, 0, 0, 240
L 28, -293, -26, 43, -308, -26, 0, 0, 240
L 43, -308, -26, 44, -311, -26, 0, 0, 240
L 44, -311, -26, 56, -321, -40, 0, 0, 240
L 70, -329, -40, 72, -350, -40, 0, 0, 240
L 56, -321, -40, 70, -329, -40, 0, 0, 240
L 73, -362, -41, 100, -362, -40, 0, 0, 240
L 100, -362, -40, 110, -362, -40, 240, 240, 0
L 110, -362, -40, 111, -322, -40, 0, 0, 240
L 111, -322, -40, 84, -295, -40, 0, 0, 240
L 84, -295, -40, 59, -298, -40, 0, 0, 240
L 59, -298, -40, 41, -271, -30, 0, 0, 240
L 59, -298, -40, 56, -308, -41, 0, 0, 240
L 56, -308, -41, 43, -308, -41, 0, 0, 240
L 41, -271, -30, 41, -235, -26, 0, 0, 240
L 41, -235, -26, 55, -223, -28, 0, 0, 240
L 55, -223, -28, 69, -223, -29, 0, 0, 240
L 69, -223, -29, 69, -210, -28, 0, 0, 240
L 69, -210, -28, 67, -200, -28, 0, 0, 240
L 67, -200, -28, 52, -198, -28, 0, 0, 240
L 52, -198, -28, 43, -206, -28, 0, 0, 240
L 43, -206, -28, 40, -222, -28, 0, 0, 240
L 38, -224, -28, 40, -222, -28, 0, 0, 240
L 28, -221, -26, 15, -208, -26, 0, 0, 240
L 15, -208, -26, 0, -208, -26, 0, 0, 240
L 0, -208, -26, 0, -210, -26, 0, 0, 240
L 0, -210, -26, -27, -210, -26, 0, 0, 240
L 29, -221, -27, 27, -223, -28, 0, 0, 240
L 38, -224, -28, 27, -223, -26, 0, 0, 240
L 27, -223, -26, 14, -210, -26, 0, 0, 240
L 14, -210, -26, 0, -210, -26, 0, 0, 240
L 9, -310, -28, 9, -304, -28, 139, 69, 19
L 9, -304, -28, 4, -304, -28, 139, 69, 19
L 4, -304, -28, 4, -310, -28, 139, 69, 19
L 13, -308, -12, 27, -322, -12, 0, 0, 0
L 27, -322, -12, 27, -350, -12, 0, 0, 0
L 27, -350, -12, 42, -366, -22, 0, 0, 0
L 42, -366, -22, 42, -330, -29, 0, 0, 0
L 42, -330, -29, 55, -323, -29, 0, 0, 0
L 55, -323, -29, 69, -330, -30, 0, 0, 0
L 69, -330, -30, 69, -335, -30, 0, 0, 0
L 69, -335, -30, 69, -350, -37, 0, 0, 0
L 69, -350, -37, 73, -350, -41, 0, 0, 0
L 73, -350, -41, 73, -362, -41, 0, 0, 0
L 73, -362, -41, 58, -362, -41, 0, 0, 0
L 58, -362, -41, 58, -335, -31, 0, 0, 0
L 55, -334, -30, 58, -335, -31, 0, 0, 0
L 55, -334, -30, 55, -376, -21, 0, 0, 0
L 55, -376, -21, 27, -376, -13, 0, 0, 0
L 27, -376, -13, 11, -376, -13, 0, 0, 0
L 11, -376, -13, 27, -392, -13, 0, 0, 0
L 27, -392, -13, 27, -406, -13, 0, 0, 0
L 27, -406, -13, 41, -420, -13, 0, 0, 0
L 41, -420, -13, 41, -448, -13, 0, 0, 0
L 14, -448, -13, 14, -391, -13, 0, 0, 0
L 14, -391, -13, 0, -376, -13, 0, 0, 0
L 0, -376, -13, -14, -376, -13, 0, 0, 0
L -14, -376, -13, -14, -390, -13, 0, 0, 0
L -14, -390, -13, -27, -390, -13, 0, 0, 0
L -27, -390, -13, -48, -384, -13, 0, 0, 0
L -48, -384, -14, -56, -404, -14, 0, 0, 0
L -56, -404, -14, -83, -404, -14, 0, 0, 0
L -83, -404, -14, -83, -378, -14, 0, 0, 0
L -83, -378, -14, -55, -378, -14, 0, 0, 0
L -55, -378, -13, -55, -348, -13, 0, 0, 0
L -55, -348, -13, -112, -377, -13, 0, 0, 0
L -112, -377, -13, -112, -392, -13, 0, 0, 0
L -112, -392, -13, -98, -392, -13, 0, 0, 0
L -98, -393, -13, -98, -418, -13, 0, 0, 0
L -98, -418, -13, -129, -418, -13, 0, 0, 0
L -129, -418, -13, -139, -413, -13, 0, 0, 0
L -139, -413, -13, -139, -390, -13, 0, 0, 0
L -139, -390, -13, -154, -390, -13, 0, 0, 0
L -154, -390, -13, -168, -445, -13, 0, 0, 0
L -168, -445, -13, -168, -448, -13, 0, 0, 0
L -168, -448, -13, -140, -476, -12, 0, 0, 0
L -140, -476, -12, -140, -503, -12, 0, 0, 0
L -140, -503, -12, -168, -517, -12, 0, 0, 0
L -168, -517, -13, -168, -530, -13, 0, 0, 0
L -168, -530, -13, -196, -530, -13, 0, 0, 0
L -196, -530, -13, -196, -574, -13, 0, 0, 0
L -196, -574, -13, -181, -574, -13, 0, 0, 0
L -181, -574, -13, -181, -546, -13, 0, 0, 0
L -181, -546, -13, -154, -546, -13, 0, 0, 0
L -154, -546, -13, -69, -546, -27, 0, 0, 0
L -69, -546, -27, -41, -546, -27, 0, 0, 0
L -41, -546, -27, -13, -532, -27, 0, 0, 0
L -13, -532, -28, -13, -504, -28, 0, 0, 0
L -13, -504, -28, 0, -476, -28, 0, 0, 0
L 0, -476, -27, 0, -470, -27, 0, 0, 0
L 0, -470, -27, 14, -448, -27, 0, 0, 0
L 14, -448, -27, 56, -448, -27, 0, 0, 0
L 56, -448, -27, 56, -444, -27, 0, 0, 0
L 56, -444, -27, 70, -428, -27, 0, 0, 0
L 70, -428, -27, 99, -420, -27, 0, 0, 0
L 99, -420, -28, 86, -389, -37, 0, 0, 0
L 86, -389, -37, 86, -385, -38, 0, 0, 0
L 86, -385, -38, 97, -378, -41, 0, 0, 240
L 97, -378, -41, 111, -377, -41, 0, 0, 240
L 111, -377, -41, 111, -420, -28, 0, 0, 0
L 111, -420, -27, 125, -448, -27, 0, 0, 0
L 125, -448, -27, 125, -489, -27, 0, 0, 0
L 125, -489, -27, 83, -530, -27, 0, 0, 0
L 83, -530, -27, 69, -530, -31, 0, 0, 0
L 69, -530, -31, 13, -559, -29, 0, 0, 0
L 13, -559, -29, 15, -571, -27, 0, 0, 0
L 15, -571, -27, 15, -584, -27, 0, 0, 0
L 15, -584, -27, 13, -584, -27, 0, 0, 0
L 13, -584, -27, 13, -589, -27, 0, 0, 0
L 13, -589, -27, 16, -589, -27, 0, 0, 0
L 16, -588, -27, 16, -589, -27, 0, 0, 0
L 16, -588, -27, 28, -588, -27, 0, 0, 0
L 28, -588, -12, 28, -588, -12, 0, 240, 240
L 56, -586, -20, 53, -586, -22, 0, 240, 240
L 41, -586, -27, 41, -600, -27, 0, 0, 0
L 41, -600, -27, 16, -600, -27, 0, 0, 0
L 16, -600, -27, 0, -600, -27, 0, 0, 0
L 0, -600, -27, 0, -588, -27, 0, 0, 0
L 0, -588, -27, 2, -588, -27, 0, 0, 0
L 2, -588, -27, 2, -584, -27, 0, 0, 0
L 0, -584, -27, 2, -584, -27, 0, 0, 0
L 0, -584, -27, 0, -572, -27, 0, 0, 0
L 0, -572, -27, -13, -572, -27, 0, 0, 0
L -13, -572, -27, -13, -558, -27, 0, 0, 0
L -13, -558, -27, -68, -558, -27, 0, 0, 0
L -68, -558, -27, -154, -558, -14, 0, 0, 0
L -154, -558, -13, -168, -573, -13, 0, 0, 0
L -168, -573, -13, -168, -584, -13, 0, 0, 0
L -168, -584, -13, -182, -584, -13, 0, 0, 0
L -182, -584, -13, -182, -588, -13, 0, 0, 0
L -182, -588, -13, -180, -588, -13, 0, 0, 0
L -180, -588, -13, -176, -590, -13, 0, 0, 0
L -176, -590, -13, -176, -599, -13, 0, 0, 0
L -176, -599, -13, -180, -600, -13, 0, 0, 0
L -180, -600, -13, -209, -600, -13, 0, 0, 0
L -209, -600, -13, -209, -599, -13, 0, 0, 0
L -209, -599, -13, -212, -599, -13, 0, 0, 0
L -212, -599, -13, -212, -602, -13, 0, 0, 0
L -212, -602, -13, -210, -602, -13, 0, 0, 0
L -210, -602, -13, -210, -699, -13, 0, 0, 0
L -210, -699, -13, -224, -713, -13, 0, 0, 0
L -224, -713, -13, -224, -740, -13, 0, 0, 0
L -224, -740, -13, -238, -740, -13, 0, 0, 0
L -238, -740, -13, -238, -768, -13, 0, 0, 0
L -238, -768, -13, -278, -768, -13, 0, 0, 0
L -278, -768, -13, -278, -728, -13, 0, 0, 0
L -278, -728, -13, -237, -728, -13, 0, 0, 0
L -237, -728, -13, -237, -713, -13, 0, 0, 0
L -237, -713, -13, -251, -699, -13, 0, 0, 0
L -251, -699, -13, -251, -588, -13, 0, 0, 0
L -251, -588, -13, -193, -588, -13, 0, 0, 0
L -193, -588, -13, -193, -584, -13, 0, 0, 0
L -193, -584, -13, -195, -584, -13, 0, 0, 0
L -209, -532, -13, -211, -532, -13, 0, 0, 0
L -211, -532, -13, -211, -558, -13, 0, 0, 0
L -209, -531, -13, -222, -503, -13, 0, 0, 0
L -222, -503, -13, -208, -475, -13, 0, 0, 0
L -208, -475, -12, -223, -461, -12, 0, 0, 0
L -223, -461, -12, -223, -446, -12, 0, 0, 0
L -223, -446, -12, -237, -446, -12, 0, 0, 0
L -237, -446, -12, -236, -434, -12, 0, 0, 0
L -236, -434, -12, -210, -434, -12, 0, 0, 0
L -210, -434, -12, -190, -448, -12, 0, 0, 0
L -190, -448, -13, -181, -448, -13, 0, 0, 0
L -181, -448, -13, -181, -364, -13, 0, 0, 0
L -181, -364, -13, -139, -364, -13, 0, 0, 0
L -211, -558, -13, -209, -558, -13, 0, 0, 0
L -209, -558, -13, -209, -577, -13, 0, 0, 0
L -209, -577, -13, -195, -584, -13, 0, 0, 0
L -209, -532, -13, -209, -531, -13, 0, 0, 0
L -111, -265, 0, -139, -265, 0, 0, 0, 0
L -139, -265, 0, -152, -253, 1, 0, 0, 0
L -152, -253, 1, -153, -223, 0, 0, 0, 0
L -153, -223, 0, -181, -223, 0, 0, 0, 0
L -181, -223, 0, -181, -209, 0, 0, 0, 0
L -181, -209, 0, -195, -195, 0, 0, 0, 0
L -195, -195, 0, -195, -182, 0, 0, 0, 0
L -195, -182, 0, -181, -182, 0, 0, 0, 0
L -181, -182, 0, -181, -167, 0, 0, 0, 0
L -195, -167, 0, -195, -154, 0, 0, 0, 0
L -195, -154, 0, -152, -154, 0, 0, 0, 0
L -152, -154, 0, -146, -154, -1, 0, 0, 240
L -146, -154, -1, -146, -181, -1, 0, 0, 240
L -146, -181, -1, -152, -181, 0, 0, 0, 240
L -152, -181, 0, -152, -154, 0, 0, 0, 240
L -181, -167, 0, -195, -167, 0, 0, 0, 0
L -152, -181, 0, -154, -181, 0, 0, 0, 0
L -154, -181, 0, -169, -211, 0, 0, 0, 0
L -169, -211, 0, -153, -208, 0, 0, 0, 0
L -153, -208, 0, -153, -196, 0, 0, 0, 0
L -153, -196, 0, -84, -196, 2, 0, 0, 0
L -84, -196, 2, -70, -212, 2, 0, 0, 0
L -70, -212, 2, -70, -238, 0, 0, 0, 0
L -70, -238, -3, -43, -238, -4, 0, 0, 240
L -43, -251, -4, -97, -250, -2, 0, 0, 240
L -97, -250, -2, -115, -241, -3, 0, 0, 240
L -115, -241, -3, -138, -196, -4, 0, 0, 240
L -70, -238, -3, -97, -238, -4, 0, 0, 240
L -97, -238, -4, -114, -224, -4, 0, 0, 240
L -114, -224, -4, -126, -196, -4, 0, 0, 240
L -96, -230, 0, -112, -253, 1, 139, 69, 19
L -112, -253, 1, -110, -254, 1, 139, 69, 19
L -110, -254, 1, -94, -232, 0, 139, 69, 19
L -94, -232, 0, -96, -230, 0, 139, 69, 19
L -126, -196, -4, -126, -140, -4, 0, 0, 240
L -126, -140, -4, -138, -140, -4, 0, 0, 240
L -138, -196, -4, -138, -140, -4, 0, 0, 240
L -70, -250, 0, -98, -265, 0, 0, 0, 0
L -98, -265, 0, -98, -294, -14, 0, 0, 0
L -98, -294, -14, -70, -294, -14, 0, 0, 0
L -70, -294, -14, -70, -307, -14, 0, 0, 0
L -70, -307, -14, -84, -320, -14, 0, 0, 0
L -84, -320, -14, -144, -320, -13, 0, 0, 0
L -144, -320, -13, -154, -331, -13, 0, 0, 0
L -154, -331, -13, -154, -340, -13, 0, 0, 0
L -154, -340, -13, -128, -340, -13, 0, 0, 0
L -128, -340, -13, -124, -344, -13, 0, 0, 0
L -124, -344, -13, -124, -364, -13, 0, 0, 0
L -124, -364, -13, -111, -364, -13, 0, 0, 0
L -111, -364, -13, -55, -322, -13, 0, 0, 0
L -55, -322, -13, -41, -308, -13, 0, 0, 0
L -41, -308, -13, -41, -306, -13, 0, 0, 0
L -41, -306, -13, -39, -304, -13, 0, 0, 0
L -39, -304, -13, -39, -292, -13, 0, 0, 0
L -39, -292, -13, -42, -292, -13, 0, 0, 0
L -42, -292, -13, -48, -296, -13, 0, 0, 0
L -48, -296, -13, -53, -296, -13, 0, 0, 0
L -53, -296, -13, -56, -293, -13, 0, 0, 0
L -56, -293, -13, -56, -270, -13, 0, 0, 0
L -56, -270, -13, -40, -266, -13, 0, 0, 0
L -38, -275, -13, -21, -252, -13, 139, 69, 19
L -21, -252, -13, -19, -253, -13, 139, 69, 19
L -19, -253, -13, -36, -276, -13, 139, 69, 19
L -36, -276, -13, -38, -275, -13, 139, 69, 19
L 13, -247, -13, 50, -256, 2, 139, 69, 19
L 50, -256, 2, 49, -259, 2, 139, 69, 19
L 49, -259, 2, 12, -250, -13, 139, 69, 19
L 12, -250, -13, 13, -247, -13, 139, 69, 19
L -17, -231, -13, -23, -204, -13, 139, 69, 19
L -23, -204, -13, -21, -203, -13, 139, 69, 19
L -21, -203, -13, -14, -230, -13, 139, 69, 19
L -14, -230, -13, -17, -231, -13, 139, 69, 19
L -12, -224, -13, -13, -224, -13, 139, 69, 19
L -13, -224, -13, -27, -237, -13, 139, 69, 19
L -27, -237, -13, -27, -251, -13, 139, 69, 19
L -27, -251, -13, -13, -265, -13, 139, 69, 19
L -13, -265, -13, 0, -265, -13, 139, 69, 19
L 0, -265, -13, 13, -251, -13, 139, 69, 19
L 13, -251, -13, 13, -238, -13, 139, 69, 19
L 13, -238, -13, 0, -224, -13, 139, 69, 19
L 0, -224, -13, 0, -232, -13, 139, 69, 19
L 0, -232, -13, 1, -232, -13, 139, 69, 19
L 1, -232, -13, 6, -238, -13, 139, 69, 19
L 6, -238, -13, 6, -251, -13, 139, 69, 19
L 6, -251, -13, 0, -257, -13, 139, 69, 19
L 0, -257, -13, -13, -257, -13, 139, 69, 19
L -13, -257, -13, -20, -251, -13, 139, 69, 19
L -20, -251, -13, -20, -238, -13, 139, 69, 19
L -20, -238, -13, -14, -233, -13, 139, 69, 19
L -14, -233, -13, -12, -233, -13, 139, 69, 19
L -12, -233, -13, -12, -224, -13, 139, 69, 19
L 0, -182, 0, 26, -182, 0, 0, 0, 0
L 26, -182, 0, 27, -182, 0, 0, 0, 0
L 26, -182, 0, 14, -195, 0, 0, 0, 240
L 14, -195, 0, 0, -203, 0, 0, 0, 240
L 0, -203, 0, 0, -203, 0, 0, 0, 240
L 0, -203, 0, 0, -182, 0, 0, 0, 0
L 0, -203, -3, 0, -208, -3, 0, 0, 240
L 27, -182, -3, 40, -195, -3, 0, 0, 240
L 40, -195, -3, 29, -221, -3, 0, 0, 240
L 13, -306, -29, 13, -308, -13, 0, 0, 0
L -66, -387, -14, -76, -387, -14, 240, 0, 0
L -76, -387, -14, -76, -397, -14, 240, 0, 0
L -76, -397, -14, -65, -397, -14, 240, 0, 0
L -65, -397, -14, -66, -387, -14, 240, 0, 0
L -35, -210, -13, -27, -210, -13, 0, 0, 0
L 69, -139, -14, 72, -141, -16, 0, 0, 240
L 72, -141, -16, 98, -140, -18, 0, 0, 240
L 98, -140, -18, 100, -137, -18, 0, 0, 240
L 100, -137, -18, 107, -136, -17, 0, 0, 240
L 107, -136, -17, 111, -133, -17, 0, 0, 240
L 111, -133, -17, 117, -136, -17, 0, 0, 240
L 117, -136, -17, 129, -164, -18, 0, 0, 240
L 129, -164, -18, 140, -169, -18, 0, 0, 240
L 140, -169, -18, 140, -148, -17, 0, 0, 240
L 140, -148, -17, 148, -148, -17, 0, 0, 240
L 148, -148, -17, 148, -141, -17, 0, 0, 240
L 148, -141, -17, 147, -136, -17, 0, 0, 240
L 147, -136, -17, 154, -128, -18, 0, 0, 240
L 154, -128, -18, 140, -128, -19, 0, 0, 240
L 140, -128, -19, 132, -123, -19, 0, 0, 240
L 132, -123, -19, 126, -115, -19, 0, 0, 240
L 126, -115, -19, 126, -108, -19, 0, 0, 240
L 126, -108, -19, 134, -104, -19, 0, 0, 240
L 134, -96, -17, 134, -104, -19, 0, 0, 240
L 134, -96, -17, 140, -90, -17, 0, 0, 240
L 140, -90, -17, 148, -86, -17, 0, 0, 240
L 148, -86, -17, 154, -84, -17, 0, 0, 240
L 154, -84, -17, 181, -85, -17, 0, 0, 240
L 181, -85, -17, 189, -88, -17, 0, 0, 240
L 189, -88, -17, 192, -94, -17, 0, 0, 240
L 196, -100, -17, 209, -112, -17, 0, 0, 240
L 209, -112, -17, 223, -112, -17, 0, 0, 240
L 223, -112, -17, 226, -116, -17, 0, 0, 240
L 226, -116, -17, 222, -141, -17, 0, 0, 240
L 222, -141, -17, 238, -130, -17, 0, 0, 240
L 238, -130, -17, 238, -88, -17, 0, 0, 240
L 238, -88, -17, 248, -84, -17, 0, 0, 240
L 248, -84, -17, 266, -84, -17, 0, 0, 240
L 266, -84, -17, 266, -56, -17, 0, 0, 240
L 266, -56, -17, 272, -44, -17, 0, 0, 240
L 272, -44, -17, 279, -43, -17, 0, 0, 240
L 279, -43, -17, 287, -48, -18, 0, 0, 240
L 287, -48, -18, 293, -56, -18, 0, 0, 240
L 293, -56, -18, 308, -70, -13, 0, 0, 240
L 308, -70, -13, 308, -83, -13, 0, 0, 240
L 308, -83, -13, 293, -97, -18, 0, 0, 240
L 293, -97, -18, 287, -100, -18, 0, 0, 240
L 287, -100, -18, 266, -100, -20, 0, 0, 240
L 266, -100, -20, 249, -111, -18, 0, 0, 240
L 249, -111, -18, 264, -126, -16, 0, 0, 240
L 264, -126, -16, 264, -140, -16, 0, 0, 240
L 264, -140, -16, 270, -146, -16, 0, 0, 240
L 270, -146, -16, 270, -157, -17, 0, 0, 240
L 270, -157, -17, 265, -166, -17, 0, 0, 240
L 265, -166, -17, 237, -152, -16, 0, 0, 240
L 237, -152, -17, 208, -181, -17, 0, 0, 240
L 208, -181, -17, 208, -194, -17, 0, 0, 240
L 208, -194, -17, 222, -196, -16, 0, 0, 240
L 222, -196, -16, 222, -210, -16, 0, 0, 240
L 222, -210, -17, 236, -224, -17, 0, 0, 240
L 236, -224, -17, 236, -236, -17, 0, 0, 240
L 236, -236, -17, 210, -236, -17, 0, 0, 240
L 210, -236, -17, 204, -219, -16, 0, 0, 240
L 204, -219, -16, 196, -205, -17, 0, 0, 240
L 196, -205, -17, 196, -154, -16, 0, 0, 240
L 210, -146, -17, 196, -154, -16, 0, 0, 240
L 210, -146, -16, 210, -139, -17, 0, 0, 240
L 210, -139, -16, 197, -125, -16, 0, 0, 240
L 197, -125, -16, 190, -117, -16, 0, 0, 240
L 190, -117, -16, 182, -111, -17, 0, 0, 240
L 182, -111, -17, 168, -111, -16, 0, 0, 240
L 168, -111, -16, 156, -109, -17, 0, 0, 240
L 146, -109, -16, 146, -118, -17, 0, 0, 240
L 156, -109, -17, 146, -109, -16, 0, 0, 240
L 146, -118, -16, 155, -118, -17, 0, 0, 240
L 155, -118, -16, 163, -120, -16, 0, 0, 240
L 163, -120, -16, 174, -131, -16, 0, 0, 240
L 174, -131, -16, 170, -136, -16, 0, 0, 240
L 170, -136, -16, 178, -142, -16, 0, 0, 240
L 178, -142, -16, 178, -149, -16, 0, 0, 240
L 178, -149, -16, 171, -155, -17, 0, 0, 240
L 171, -155, -17, 162, -168, -17, 0, 0, 240
L 162, -168, -17, 162, -191, -17, 0, 0, 240
L 162, -191, -17, 153, -207, -17, 0, 0, 240
L 153, -207, -17, 140, -216, -16, 0, 0, 240
L 140, -216, -16, 130, -204, -16, 0, 0, 240
L 130, -204, -16, 118, -187, -16, 0, 0, 240
L 118, -187, -16, 118, -175, -16, 0, 0, 240
L 118, -175, -16, 112, -167, -16, 0, 0, 240
L 112, -167, -16, 106, -150, -18, 0, 0, 240
L 106, -150, -18, 97, -152, -18, 0, 0, 240
L 97, -152, -18, 83, -152, -16, 0, 0, 240
L 83, -152, -16, 70, -151, -17, 0, 0, 240
L 70, -151, -17, 69, -154, -11, 0, 0, 240
L 62, -155, -11, 67, -155, -11, 139, 69, 19
L 67, -155, -11, 65, -134, -13, 139, 69, 19
L 65, -134, -13, 62, -131, -13, 127, 64, 0
L 62, -131, -13, 60, -131, -13, 127, 64, 0
L 60, -131, -13, 62, -155, -11, 139, 69, 19
L 135, -96, -17, 134, -88, -13, 0, 0, 0
L 134, -88, -13, 141, -79, -13, 0, 0, 0
L 141, -79, -13, 134, -77, -12, 0, 0, 0
L 134, -77, -12, 124, -69, -13, 0, 0, 0
L 124, -69, -13, 124, -60, -13, 0, 0, 0
L 124, -60, -13, 134, -50, -12, 0, 0, 0
L 134, -50, -12, 139, -49, -12, 0, 0, 0
L 139, -49, -12, 146, -60, -10, 0, 0, 0
L 146, -60, -10, 146, -68, -13, 0, 0, 0
L 146, -68, -13, 154, -71, -13, 0, 0, 0
L 154, -71, -13, 162, -58, -13, 0, 0, 0
L 162, -58, -13, 168, -54, -13, 0, 0, 0
L 168, -54, -13, 170, -52, -13, 0, 0, 0
L 170, -52, -13, 170, -49, -13, 0, 0, 0
L 168, -47, -13, 170, -49, -13, 0, 0, 0
L 168, -47, -13, 168, -34, -13, 0, 0, 0
L 168, -34, -13, 182, -24, -12, 0, 0, 0
L 182, -24, -12, 182, -10, -11, 0, 0, 0
L 182, -10, -11, 188, 0, -11, 0, 0, 0
L 188, 0, -11, 188, 12, -12, 0, 0, 0
L 188, 12, -12, 182, 22, -12, 0, 0, 0
L 182, 22, -12, 161, 25, -13, 0, 0, 0
L 161, 25, -13, 152, 14, -13, 0, 0, 0
L 152, 14, -13, 152, 6, -13, 0, 0, 0
L 152, 6, -13, 139, -6, -13, 0, 0, 0
L 139, -6, -13, 126, -3, -13, 0, 0, 0
L 126, -3, -13, 126, 0, -13, 0, 0, 0
L 126, 0, -13, 112, 14, -13, 0, 0, 0
L 112, 14, -13, 112, 41, -13, 0, 0, 0
L 112, 41, -13, 140, 55, -12, 0, 0, 0
L 140, 55, -12, 153, 55, -12, 0, 0, 0
L 153, 55, -12, 161, 43, -12, 0, 0, 0
L 161, 43, -12, 203, 35, -11, 0, 0, 0
L 203, 35, -11, 215, 35, -13, 0, 0, 0
L 215, 35, -13, 230, 13, -12, 0, 0, 0
L 230, 13, -12, 230, -8, -12, 0, 0, 0
L 230, -8, -12, 238, -11, -13, 0, 0, 0
L 238, -11, -13, 238, 30, -17, 0, 0, 0
L 238, 30, -17, 232, 36, -14, 0, 0, 0
L 232, 36, -14, 232, 64, -15, 0, 0, 0
L 232, 64, -15, 227, 77, -16, 0, 0, 0
L 227, 77, -16, 246, 97, -16, 0, 0, 0
L 246, 97, -16, 259, 100, -16, 0, 0, 0
L 259, 100, -16, 269, 93, -15, 0, 0, 0
L 269, 93, -15, 288, 57, -15, 0, 0, 0
L 288, 57, -15, 288, 43, -16, 0, 0, 0
L 288, 43, -16, 297, 35, -13, 0, 0, 0
L 297, 35, -13, 307, 28, -14, 0, 0, 0
L 307, 28, -14, 324, 33, -15, 0, 0, 0
L 324, 33, -15, 324, 43, -14, 0, 0, 0
L 324, 43, -14, 334, 49, -13, 0, 0, 0
L 334, 49, -13, 349, 52, -11, 0, 0, 0
L 349, 52, -11, 368, 28, -15, 0, 0, 0
L 368, 28, -15, 368, -3, -15, 0, 0, 0
L 368, -3, -15, 359, -5, -12, 0, 0, 0
L 359, -5, -12, 344, -19, -13, 0, 0, 0
L 344, -27, -13, 344, -27, -13, 0, 0, 0
L 344, -27, -13, 344, -19, -13, 0, 0, 0
L 344, -27, -13, 334, -41, -13, 0, 0, 0
L 334, -41, -13, 334, -56, -13, 0, 0, 0
L 334, -56, -13, 358, -98, -13, 0, 0, 0
L 358, -98, -13, 364, -112, -13, 0, 0, 0
L 364, -112, -13, 364, -116, -13, 0, 0, 0
L 364, -116, -13, 372, -116, -13, 0, 0, 0
L 372, -116, -13, 372, -108, -13, 0, 0, 0
L 372, -108, -13, 378, -108, -13, 0, 0, 0
L 378, -108, -13, 378, -112, -13, 0, 0, 0
L 378, -112, -13, 406, -112, -27, 0, 0, 0
L 406, -108, -27, 406, -112, -27, 0, 0, 0
L 406, -108, -27, 412, -108, -27, 0, 0, 0
L 412, -108, -27, 412, -116, -27, 0, 0, 0
L 412, -116, -27, 420, -116, -27, 0, 0, 0
L 420, -112, -27, 420, -116, -27, 0, 0, 0
L 420, -112, -27, 462, -112, -27, 0, 0, 0
L 462, -112, -27, 462, -100, -27, 0, 0, 0
L 462, -100, -27, 474, -100, -27, 0, 0, 0
L 474, -100, -27, 474, -125, -27, 0, 0, 0
L 474, -125, -27, 460, -135, -27, 0, 0, 0
L 460, -135, -27, 460, -154, -27, 0, 0, 0
L 460, -154, -27, 454, -154, -27, 0, 0, 0
L 454, -154, -27, 454, -158, -28, 0, 0, 0
L 454, -158, -28, 489, -158, -28, 0, 0, 0
L 494, -233, -28, 494, -161, -28, 0, 0, 0
L 494, -233, -28, 494, -238, -21, 150, 150, 150
L 494, -238, -21, 494, -260, -15, 0, 0, 0
L 392, -264, -15, 495, -264, -13, 0, 0, 0
L 392, -260, -15, 392, -244, -15, 0, 0, 0
L 392, -244, -15, 392, -232, -21, 0, 0, 0
L 392, -232, -21, 393, -228, -28, 150, 150, 150
L 393, -228, -27, 373, -226, -27, 0, 0, 0
L 373, -226, -27, 350, -223, -27, 0, 0, 0
L 350, -223, -27, 350, -194, -27, 0, 0, 0
L 362, -182, -27, 362, -210, -27, 0, 0, 0
L 362, -210, -27, 373, -216, -27, 0, 0, 0
L 373, -216, -27, 392, -218, -27, 0, 0, 0
L 392, -218, -27, 392, -162, -28, 0, 0, 0
L 398, -158, -28, 432, -158, -28, 0, 0, 0
L 432, -158, -28, 432, -154, -27, 0, 0, 0
L 432, -154, -27, 420, -154, -27, 0, 0, 0
L 420, -154, -27, 420, -126, -27, 0, 0, 0
L 420, -126, -27, 412, -126, -27, 0, 0, 0
L 412, -126, -27, 412, -134, -27, 0, 0, 0
L 412, -134, -27, 406, -134, -27, 0, 0, 0
L 406, -134, -27, 406, -130, -27, 0, 0, 0
L 406, -130, -27, 378, -130, -13, 0, 0, 0
L 378, -130, -13, 378, -134, -13, 0, 0, 0
L 378, -134, -13, 372, -134, -13, 0, 0, 0
L 372, -134, -13, 372, -126, -13, 0, 0, 0
L 372, -126, -13, 364, -126, -13, 0, 0, 0
L 447, -178, -39, 440, -178, -39, 0, 0, 240
L 440, -178, -39, 436, -180, -39, 0, 0, 240
L 436, -180, -39, 434, -184, -39, 0, 0, 240
L 434, -184, -39, 434, -191, -39, 0, 0, 240
L 434, -191, -39, 436, -195, -39, 0, 0, 240
L 436, -195, -39, 440, -196, -39, 0, 0, 240
L 440, -196, -39, 447, -196, -39, 0, 0, 240
L 447, -196, -39, 451, -195, -39, 0, 0, 240
L 451, -195, -39, 452, -191, -39, 0, 0, 240
L 452, -191, -39, 452, -184, -39, 0, 0, 240
L 451, -180, -39, 452, -184, -39, 0, 0, 240
L 451, -180, -39, 447, -178, -39, 0, 0, 240
L 393, -228, -28, 404, -226, -28, 150, 150, 150
L 404, -226, -28, 422, -224, -28, 150, 150, 150
L 422, -224, -28, 439, -224, -28, 150, 150, 150
L 439, -224, -28, 455, -228, -28, 150, 150, 150
L 455, -228, -28, 474, -228, -28, 150, 150, 150
L 494, -233, -28, 494, -233, -28, 150, 150, 150
L 494, -233, -28, 490, -230, -28, 150, 150, 150
L 486, -230, -28, 490, -230, -28, 150, 150, 150
L 484, -238, -21, 473, -238, -21, 150, 150, 150
L 473, -238, -21, 456, -237, -21, 150, 150, 150
L 456, -237, -21, 421, -236, -21, 150, 150, 150
L 421, -236, -21, 403, -239, -21, 150, 150, 150
L 403, -239, -21, 392, -244, -15, 150, 150, 150
L 486, -233, -28, 486, -227, -28, 150, 150, 150
L 486, -227, -27, 474, -227, -27, 150, 150, 150
L 474, -233, -28, 474, -227, -28, 150, 150, 150
L 474, -233, -21, 486, -233, -21, 150, 150, 150
L 474, -231, -22, 486, -231, -22, 150, 150, 150
L 486, -231, -23, 474, -231, -23, 150, 150, 150
L 474, -230, -24, 486, -230, -24, 150, 150, 150
L 486, -229, -25, 474, -229, -25, 150, 150, 150
L 474, -228, -26, 486, -228, -26, 150, 150, 150
L 476, -238, -19, 476, -244, -17, 150, 150, 150
L 484, -238, -19, 484, -244, -16, 150, 150, 150
L 484, -244, -15, 476, -244, -15, 150, 150, 150
L 476, -242, -16, 484, -242, -16, 150, 150, 150
L 484, -241, -17, 476, -241, -17, 150, 150, 150
L 476, -240, -18, 484, -240, -18, 150, 150, 150
L 484, -239, -20, 476, -239, -19, 150, 150, 150
L 484, -238, -21, 494, -238, -21, 150, 150, 150
L 364, -129, -13, 364, -126, -13, 0, 0, 0
L 364, -129, -13, 359, -136, -13, 0, 0, 0
L 359, -136, -13, 348, -129, -13, 0, 0, 0
L 348, -129, -13, 336, -125, -13, 0, 0, 0
L 336, -125, -13, 322, -113, -13, 0, 0, 0
L 322, -113, -13, 322, -91, -13, 0, 0, 0
L 322, -91, -13, 314, -89, -13, 0, 0, 0
L 314, -89, -13, 308, -83, -13, 0, 0, 0
L 192, -94, -17, 194, -81, -12, 0, 0, 0
L 194, -81, -12, 193, -60, -11, 0, 0, 0
L 189, -56, -12, 193, -60, -11, 0, 0, 0
L 189, -56, -12, 180, -52, -13, 0, 0, 0
L 180, -52, -13, 180, -49, -13, 0, 0, 0
L 196, -23, -13, 196, -21, -13, 0, 0, 0
L 196, -21, -13, 201, -10, -13, 0, 0, 0
L 201, -10, -13, 216, -21, -13, 0, 0, 0
L 216, -21, -13, 222, -31, -13, 0, 0, 0
L 222, -31, -13, 232, -37, -12, 0, 0, 0
L 232, -37, -12, 237, -37, -12, 0, 0, 0
L 237, -37, -12, 249, -31, -14, 0, 0, 0
L 249, -31, -14, 258, -15, -15, 0, 0, 0
L 258, -15, -15, 258, 12, -15, 0, 0, 0
L 258, 12, -15, 280, 30, -13, 0, 0, 0
L 280, 10, -13, 280, 10, -13, 0, 0, 0
L 280, 10, -13, 280, 30, -13, 0, 0, 0
L 280, 10, -13, 290, 0, -13, 0, 0, 0
L 290, 0, -13, 307, -8, -13, 0, 0, 0
L 307, -8, -13, 324, 0, -13, 0, 0, 0
L 324, 0, -13, 324, -5, -13, 0, 0, 0
L 324, -5, -13, 328, -20, -13, 0, 0, 0
L 328, -20, -13, 328, -22, -13, 0, 0, 0
L 328, -22, -13, 322, -28, -12, 0, 0, 0
L 322, -28, -12, 322, -56, -13, 0, 0, 0
L 322, -56, -13, 312, -60, -13, 0, 0, 0
L 312, -60, -13, 308, -70, -13, 0, 0, 0
L 196, -23, -13, 187, -33, -13, 0, 0, 0
L 187, -33, -13, 180, -49, -13, 0, 0, 0
L 362, -182, -27, 322, -182, -27, 0, 0, 0
L 322, -182, -27, 322, -196, -27, 0, 0, 0
L 322, -196, -27, 322, -237, -41, 0, 0, 0
L 322, -237, -41, 322, -251, -41, 0, 0, 0
L 322, -251, -41, 322, -294, -69, 0, 255, 0
L 322, -294, -69, 322, -308, -69, 0, 255, 0
L 350, -194, -27, 334, -194, -27, 0, 0, 0
L 334, -238, -41, 334, -251, -41, 0, 0, 0
L 334, -251, -41, 334, -293, -69, 0, 255, 0
L 334, -293, -69, 334, -334, -69, 0, 255, 0
L 334, -334, -69, 320, -334, -69, 0, 255, 0
L 320, -334, -69, 320, -350, -69, 0, 255, 0
L 320, -350, -69, 334, -350, -69, 0, 255, 0
L 334, -350, -69, 334, -376, -69, 0, 255, 0
L 334, -376, -69, 320, -376, -69, 0, 255, 0
L 320, -376, -69, 320, -393, -69, 0, 255, 0
L 320, -393, -69, 320, -396, -69, 0, 255, 0
L 320, -420, -69, 348, -420, -69, 0, 255, 0
L 348, -420, -69, 348, -474, -69, 0, 255, 0
L 348, -474, -69, 322, -474, -69, 0, 255, 0
L 322, -474, -69, 307, -488, -69, 0, 255, 0
L 307, -488, -69, 280, -488, -69, 0, 255, 0
L 280, -488, -69, 280, -474, -69, 0, 255, 0
L 280, -474, -69, 266, -474, -69, 0, 255, 0
L 266, -474, -69, 266, -462, -69, 0, 255, 0
L 266, -462, -69, 280, -462, -69, 0, 255, 0
L 280, -462, -69, 281, -448, -69, 0, 255, 0
L 281, -448, -69, 307, -448, -69, 0, 255, 0
L 307, -448, -69, 322, -462, -69, 0, 255, 0
L 322, -462, -69, 336, -462, -69, 0, 255, 0
L 336, -462, -69, 336, -432, -69, 0, 255, 0
L 336, -432, -69, 308, -432, -69, 0, 255, 0
L 308, -432, -69, 308, -418, -69, 0, 255, 0
L 308, -418, -69, 294, -418, -69, 0, 255, 0
L 294, -418, -69, 294, -396, -69, 0, 255, 0
L 294, -394, -69, 320, -394, -69, 240, 240, 0
L 294, -394, -69, 294, -376, -69, 0, 255, 0
L 294, -376, -69, 278, -376, -69, 0, 255, 0
L 278, -376, -69, 278, -390, -69, 0, 255, 0
L 278, -390, -69, 252, -390, -69, 0, 255, 0
L 252, -390, -69, 252, -376, -69, 0, 255, 0
L 252, -376, -69, 236, -376, -69, 0, 255, 0
L 236, -390, -69, 236, -376, -69, 0, 255, 0
L 236, -390, -70, 209, -376, -71, 0, 255, 0
L 209, -376, -71, 201, -381, -69, 0, 255, 0
L 201, -381, -69, 179, -394, -71, 0, 255, 0
L 179, -394, -71, 152, -405, -70, 0, 255, 0
L 152, -405, -71, 152, -419, -71, 0, 255, 0
L 152, -419, -71, 152, -419, -71, 0, 255, 0
L 152, -419, -71, 149, -424, -69, 0, 255, 0
L 149, -424, -69, 131, -428, -70, 0, 255, 0
L 131, -428, -70, 111, -426, -69, 0, 255, 0
L 111, -426, -70, 97, -461, -70, 0, 255, 0
L 97, -461, -70, 84, -486, -68, 0, 255, 0
L 84, -486, -68, 40, -587, -69, 0, 255, 0
L 40, -587, -69, 54, -643, -69, 0, 255, 0
L 54, -643, -69, 40, -714, -85, 0, 255, 0
L 40, -714, -85, 55, -770, -84, 0, 255, 0
L 55, -770, -84, 67, -772, -83, 0, 255, 0
L 67, -772, -83, 72, -786, -83, 0, 255, 0
L 72, -786, -83, 70, -802, -83, 0, 255, 0
L 70, -802, -83, 55, -796, -83, 0, 255, 0
L 28, -797, -82, 28, -792, -82, 0, 255, 0
L 28, -792, -82, 42, -784, -82, 0, 255, 0
L 42, -784, -82, 56, -784, -83, 0, 255, 0
L 56, -784, -83, 56, -781, -84, 0, 255, 0
L 56, -781, -84, 44, -775, -83, 0, 255, 0
L 44, -775, -83, 42, -769, -85, 0, 255, 0
L 42, -769, -85, 15, -727, -83, 0, 255, 0
L 15, -727, -83, 14, -700, -81, 0, 255, 0
L 14, -700, -81, 43, -643, -69, 0, 255, 0
L 43, -643, -69, 28, -601, -69, 0, 255, 0
L 28, -601, -69, 28, -574, -69, 0, 255, 0
L 28, -574, -69, 37, -560, -70, 0, 255, 0
L 37, -560, -70, 56, -532, -69, 0, 255, 0
L 56, -532, -69, 56, -496, -69, 0, 255, 0
L 56, -496, -69, 54, -488, -69, 0, 255, 0
L 54, -488, -69, 27, -488, -72, 0, 255, 0
L 27, -488, -72, -44, -546, -72, 0, 255, 0
L -44, -546, -72, -98, -587, -69, 0, 0, 240
L -98, -587, -69, -112, -615, -69, 139, 69, 19
L -112, -615, -69, -126, -657, -69, 139, 69, 19
L -168, -726, -69, -181, -726, -69, 0, 0, 240
L -168, -726, -69, -126, -657, -69, 0, 0, 240
L -181, -726, -69, -196, -726, -69, 0, 255, 0
L -196, -726, -69, -196, -796, -69, 0, 255, 0
L -196, -796, -69, -336, -796, -69, 0, 255, 0
L -336, -796, -69, -336, -823, -69, 0, 255, 0
L -337, -823, -69, -336, -823, -69, 0, 255, 0
L -336, -823, -69, -378, -824, -69, 0, 255, 0
L -378, -824, -69, -378, -838, -69, 0, 255, 0
L -378, -838, -69, -390, -838, -69, 0, 255, 0
L -390, -838, -69, -390, -822, -69, 0, 255, 0
L -390, -822, -69, -394, -822, -69, 0, 255, 0
L -394, -822, -69, -394, -824, -69, 0, 255, 0
L -394, -824, -69, -420, -824, -69, 0, 255, 0
L -420, -824, -69, -448, -853, -69, 0, 255, 0
L -448, -853, -69, -448, -882, -69, 0, 255, 0
L -448, -882, -69, -392, -882, -69, 0, 255, 0
L -392, -882, -69, -392, -951, -68, 0, 255, 0
L -392, -951, -68, -402, -981, -69, 0, 255, 0
L -402, -981, -69, -411, -1010, -71, 0, 255, 0
L -411, -1010, -69, -392, -1012, -70, 0, 255, 0
L -392, -1012, -70, -380, -1026, -70, 0, 255, 0
L -380, -1026, -70, -350, -1036, -69, 0, 255, 0
L -350, -1036, -69, -294, -1036, -72, 0, 255, 0
L -294, -1036, -72, -294, -1049, -69, 0, 255, 0
L -294, -1049, -69, -293, -1060, -69, 0, 255, 0
L -293, -1060, -69, -294, -1060, -69, 0, 255, 0
L -294, -1060, -69, -294, -1064, -69, 0, 255, 0
L -294, -1064, -69, -280, -1064, -69, 0, 255, 0
L -280, -1092, -69, -252, -1092, -65, 0, 255, 0
L -252, -1092, -65, -252, -1118, -65, 0, 255, 0
L -252, -1118, -65, -280, -1118, -69, 0, 255, 0
L -280, -1118, -69, -280, -1146, -69, 0, 255, 0
L -280, -1146, -69, -310, -1146, -69, 0, 255, 0
L -310, -1146, -69, -310, -1150, -69, 0, 255, 0
L -308, -1150, -69, -310, -1150, -69, 0, 255, 0
L -308, -1150, -69, -308, -1176, -69, 0, 255, 0
L -280, -1092, -69, -280, -1064, -69, 0, 255, 0
L -196, -1176, -83, -196, -1203, -83, 0, 255, 0
L -196, -1203, -83, -196, -1260, -97, 0, 255, 0
L -222, -1202, -83, -255, -1202, -83, 0, 255, 0
L -255, -1202, -83, -308, -1202, -69, 0, 255, 0
L -308, -1202, -69, -334, -1202, -69, 0, 255, 0
L -334, -1202, -69, -334, -1150, -69, 0, 255, 0
L -334, -1150, -69, -332, -1150, -69, 0, 255, 0
L -332, -1150, -69, -332, -1146, -69, 0, 255, 0
L -332, -1146, -69, -362, -1146, -69, 0, 255, 0
L -362, -1146, -69, -362, -1121, -69, 0, 255, 0
L -362, -1121, -69, -390, -1118, -65, 0, 255, 0
L -390, -1118, -65, -390, -1092, -65, 0, 255, 0
L -389, -1092, -65, -362, -1091, -69, 0, 255, 0
L -362, -1091, -69, -362, -1064, -69, 0, 255, 0
L -362, -1064, -69, -304, -1064, -69, 0, 255, 0
L -304, -1064, -69, -304, -1060, -69, 0, 255, 0
L -306, -1060, -69, -304, -1060, -69, 0, 255, 0
L -306, -1060, -69, -306, -1051, -69, 0, 255, 0
L -306, -1051, -69, -355, -1049, -69, 0, 255, 0
L -355, -1049, -69, -379, -1050, -69, 0, 255, 0
L -379, -1050, -69, -409, -1042, -69, 0, 255, 0
L -409, -1042, -69, -421, -1034, -69, 0, 255, 0
L -421, -1034, -69, -430, -1011, -69, 0, 255, 0
L -430, -1011, -69, -430, -1007, -69, 0, 255, 0
L -430, -1007, -69, -418, -981, -70, 0, 255, 0
L -418, -979, -69, -418, -981, -70, 0, 255, 0
L -418, -979, -69, -404, -950, -69, 0, 255, 0
L -404, -950, -69, -407, -894, -69, 0, 255, 0
L -407, -894, -69, -460, -894, -69, 0, 255, 0
L -460, -894, -69, -460, -852, -69, 0, 255, 0
L -460, -852, -69, -475, -852, -69, 0, 255, 0
L -475, -852, -69, -489, -838, -69, 0, 255, 0
L -489, -838, -69, -534, -838, -69, 0, 255, 0
L -534, -838, -69, -519, -853, -69, 0, 255, 0
L -519, -853, -69, -531, -866, -69, 0, 255, 0
L -531, -866, -69, -544, -843, -69, 0, 255, 0
L -544, -843, -69, -544, -821, -69, 0, 255, 0
L -544, -821, -69, -531, -799, -69, 0, 255, 0
L -531, -799, -69, -519, -811, -69, 0, 255, 0
L -519, -811, -69, -534, -826, -69, 0, 255, 0
L -534, -826, -69, -488, -826, -69, 0, 255, 0
L -488, -826, -69, -488, -810, -69, 0, 255, 0
L -488, -810, -69, -516, -810, -69, 0, 255, 0
L -516, -810, -69, -516, -783, -69, 0, 255, 0
L -516, -783, -69, -530, -782, -69, 0, 255, 0
L -530, -782, -69, -530, -769, -69, 0, 255, 0
L -530, -769, -69, -544, -741, -69, 0, 255, 0
L -544, -741, -69, -544, -713, -71, 0, 255, 0
L -544, -713, -71, -530, -685, -71, 0, 255, 0
L -530, -685, -71, -530, -671, -69, 0, 255, 0
L -530, -671, -69, -516, -643, -70, 0, 255, 0
L -516, -643, -70, -516, -629, -69, 0, 255, 0
L -516, -629, -69, -503, -602, -70, 0, 255, 0
L -503, -602, -70, -489, -588, -69, 0, 255, 0
L -489, -588, -69, -462, -588, -68, 0, 255, 0
L -462, -588, -68, -448, -602, -83, 0, 255, 0
L -448, -602, -83, -419, -588, -83, 0, 255, 0
L -419, -588, -83, -392, -602, -83, 0, 255, 0
L -392, -602, -83, -378, -616, -83, 0, 255, 0
L -378, -616, -83, -335, -616, -86, 0, 255, 0
L -335, -616, -86, -324, -608, -84, 0, 255, 0
L -324, -608, -84, -324, -599, -83, 0, 255, 0
L -324, -599, -83, -320, -587, -83, 0, 255, 0
L -320, -587, -83, -320, -548, -83, 0, 255, 0
L -320, -548, -83, -319, -546, -83, 0, 255, 0
L -319, -546, -83, -264, -546, -83, 0, 255, 0
L -264, -546, -97, -264, -476, -97, 0, 255, 0
L -264, -476, -97, -222, -462, -97, 0, 255, 0
L -222, -462, -97, -222, -414, -97, 0, 255, 0
L -222, -414, -97, -194, -392, -96, 0, 255, 0
L -194, -392, -96, -194, -350, -97, 0, 255, 0
L -194, -350, -97, -152, -322, -99, 0, 255, 0
L -152, -322, -99, -152, -308, -97, 0, 255, 0
L -152, -308, -97, -138, -294, -98, 0, 255, 0
L -138, -294, -98, -138, -279, -97, 0, 255, 0
L -138, -279, -97, -152, -257, -97, 0, 255, 0
L -152, -257, -97, -152, -251, -97, 0, 255, 0
L -152, -251, -97, -166, -237, -97, 0, 255, 0
L -166, -237, -97, -166, -222, -97, 0, 255, 0
L -166, -222, -97, -161, -218, -97, 0, 0, 240
L -161, -218, -97, -140, -218, -97, 0, 0, 240
L -140, -218, -97, -140, -218, -97, 0, 255, 0
L -140, -224, -97, -126, -252, -99, 0, 255, 0
L -126, -252, -99, -126, -323, -99, 0, 255, 0
L -126, -323, -99, -41, -294, -85, 0, 255, 0
L -41, -294, -85, -14, -294, -86, 0, 255, 0
L -14, -294, -86, 14, -309, -83, 0, 255, 0
L 14, -309, -83, 28, -294, -83, 0, 255, 0
L 28, -294, -83, 56, -280, -84, 0, 255, 0
L 56, -280, -84, 56, -264, -84, 0, 255, 0
L 56, -264, -84, 48, -257, -83, 0, 255, 0
L 48, -257, -83, 46, -251, -83, 0, 255, 0
L 46, -251, -83, 46, -242, -83, 0, 255, 0
L 46, -242, -83, 54, -234, -83, 0, 255, 0
L 54, -234, -83, 75, -234, -83, 0, 255, 0
L 75, -234, -83, 74, -257, -83, 0, 255, 0
L 74, -257, -83, 69, -264, -84, 0, 255, 0
L 69, -264, -84, 69, -280, -84, 0, 255, 0
L 69, -280, -84, 84, -280, -84, 0, 255, 0
L 84, -280, -84, 84, -264, -84, 0, 255, 0
L 84, -264, -84, 78, -257, -83, 0, 255, 0
L 78, -257, -83, 78, -246, -83, 0, 255, 0
L 78, -246, -83, 86, -236, -83, 0, 255, 0
L 86, -236, -83, 99, -236, -83, 0, 255, 0
L 108, -247, -83, 109, -262, -83, 0, 255, 0
L 108, -247, -83, 99, -236, -83, 0, 255, 0
L 109, -262, -83, 97, -262, -84, 0, 255, 0
L 97, -262, -84, 97, -280, -84, 0, 255, 0
L 97, -280, -84, 111, -280, -83, 0, 255, 0
L 111, -280, -83, 125, -294, -84, 0, 255, 0
L 125, -294, -84, 142, -294, -84, 0, 255, 0
L 142, -294, -84, 142, -288, -83, 0, 255, 0
L 142, -288, -83, 156, -280, -83, 0, 255, 0
L 156, -280, -83, 171, -285, -83, 0, 255, 0
L 171, -285, -83, 170, -297, -83, 0, 255, 0
L 170, -297, -83, 160, -307, -83, 0, 255, 0
L 160, -307, -83, 124, -306, -84, 0, 255, 0
L 124, -306, -84, 124, -350, -84, 0, 255, 0
L 124, -350, -84, 142, -350, -84, 0, 255, 0
L 142, -350, -84, 142, -341, -83, 0, 255, 0
L 142, -341, -83, 159, -341, -83, 0, 255, 0
L 159, -341, -83, 162, -357, -83, 0, 255, 0
L 162, -357, -83, 162, -357, -83, 0, 255, 0
L 153, -363, -83, 153, -363, -83, 0, 255, 0
L 153, -363, -83, 162, -357, -83, 0, 255, 0
L 153, -363, -83, 124, -362, -84, 0, 255, 0
L 124, -362, -84, 124, -369, -83, 0, 255, 0
L 124, -369, -83, 105, -375, -83, 0, 0, 240
L 105, -375, -83, 91, -377, -83, 0, 0, 240
L 91, -377, -83, 84, -375, -83, 0, 0, 240
L 84, -375, -83, 64, -375, -83, 0, 0, 240
L 64, -375, -83, 56, -370, -83, 0, 0, 240
L 56, -370, -83, 38, -371, -83, 0, 0, 240
L 38, -371, -83, 24, -367, -83, 0, 0, 240
L 24, -367, -83, 14, -363, -83, 0, 0, 240
L 14, -363, -83, -28, -376, -83, 0, 255, 0
L -28, -376, -83, -70, -419, -84, 0, 255, 0
L -70, -419, -84, -70, -462, -71, 0, 255, 0
L -70, -462, -70, -42, -490, -70, 0, 255, 0
L -42, -490, -70, -42, -519, -70, 0, 255, 0
L -42, -519, -70, 28, -462, -71, 0, 255, 0
L 28, -462, -71, 84, -462, -71, 0, 255, 0
L 84, -462, -71, 84, -420, -69, 0, 255, 0
L 84, -420, -69, 112, -406, -69, 0, 255, 0
L 112, -406, -69, 140, -406, -71, 0, 255, 0
L 140, -406, -69, 140, -401, -69, 0, 255, 0
L 140, -401, -69, 144, -386, -69, 0, 255, 0
L 144, -386, -69, 180, -360, -73, 0, 255, 0
L 180, -360, -73, 202, -350, -69, 0, 255, 0
L 202, -350, -69, 210, -350, -69, 0, 255, 0
L 210, -350, -69, 210, -335, -72, 0, 255, 0
L 210, -335, -72, 196, -293, -73, 0, 255, 0
L 196, -293, -73, 196, -280, -73, 0, 255, 0
L 196, -280, -73, 210, -266, -72, 0, 255, 0
L 210, -266, -72, 238, -252, -70, 0, 255, 0
L 238, -252, -70, 252, -252, -71, 0, 255, 0
L 252, -248, -73, 252, -252, -71, 0, 255, 0
L 252, -248, -73, 294, -224, -69, 0, 255, 0
L 294, -224, -70, 294, -196, -69, 0, 255, 0
L 294, -196, -69, 306, -196, -69, 0, 255, 0
L 306, -196, -69, 306, -237, -70, 0, 255, 0
L 306, -237, -70, 292, -252, -70, 0, 255, 0
L 292, -252, -71, 320, -266, -70, 0, 255, 0
L 320, -266, -70, 320, -292, -69, 0, 255, 0
L 320, -292, -69, 306, -292, -69, 0, 255, 0
L 306, -292, -69, 306, -308, -69, 0, 255, 0
L 306, -308, -69, 322, -308, -69, 0, 255, 0
L 294, -350, -69, 278, -350, -69, 0, 255, 0
L 278, -350, -69, 278, -334, -69, 0, 255, 0
L 278, -334, -69, 294, -334, -69, 0, 255, 0
L 294, -334, -69, 294, -350, -69, 0, 255, 0
L 294, -308, -69, 278, -308, -69, 0, 255, 0
L 278, -308, -69, 278, -292, -69, 0, 255, 0
L 278, -292, -69, 294, -292, -69, 0, 255, 0
L 294, -292, -69, 294, -308, -69, 0, 255, 0
L 252, -292, -69, 252, -308, -69, 0, 255, 0
L 252, -308, -69, 236, -308, -69, 0, 255, 0
L 236, -308, -69, 236, -292, -69, 0, 255, 0
L 236, -292, -69, 252, -292, -69, 0, 255, 0
L 252, -334, -69, 236, -334, -69, 0, 255, 0
L 236, -334, -69, 236, -350, -69, 0, 255, 0
L 236, -350, -69, 252, -350, -69, 0, 255, 0
L 252, -350, -69, 252, -334, -69, 0, 255, 0
L -55, -516, -69, -55, -489, -69, 0, 255, 0
L -55, -489, -69, -82, -475, -69, 0, 255, 0
L -82, -475, -69, -83, -461, -70, 0, 255, 0
L -83, -461, -70, -83, -419, -83, 0, 255, 0
L -83, -419, -83, -83, -406, -83, 0, 255, 0
L -83, -406, -83, -55, -378, -85, 0, 255, 0
L -55, -378, -85, -27, -364, -83, 0, 255, 0
L -27, -364, -83, 14, -350, -83, 0, 255, 0
L 14, -350, -83, 14, -320, -83, 0, 255, 0
L 14, -320, -83, -13, -320, -83, 0, 255, 0
L -13, -320, -83, -41, -306, -83, 0, 255, 0
L -41, -306, -83, -70, -321, -85, 0, 255, 0
L -70, -321, -85, -126, -349, -100, 0, 255, 0
L -126, -349, -100, -168, -363, -96, 0, 255, 0
L -168, -363, -96, -168, -392, -96, 0, 255, 0
L -168, -392, -96, -140, -434, -97, 0, 255, 0
L -140, -434, -97, -140, -476, -97, 0, 255, 0
L -140, -476, -97, -111, -477, -97, 0, 255, 0
L -111, -477, -97, -85, -490, -97, 0, 255, 0
L -85, -490, -97, -100, -504, -97, 0, 255, 0
L -100, -504, -97, -100, -519, -97, 0, 255, 0
L -100, -519, -97, -70, -514, -97, 0, 255, 0
L -70, -514, -97, -55, -516, -97, 0, 255, 0
L -55, -516, -97, -98, -530, -97, 0, 255, 0
L -98, -530, -97, -126, -573, -97, 0, 255, 0
L -126, -573, -97, -126, -601, -97, 0, 255, 0
L -126, -601, -97, -140, -629, -97, 0, 255, 0
L -140, -629, -97, -140, -643, -97, 0, 255, 0
L -140, -643, -97, -168, -684, -97, 0, 255, 0
L -168, -684, -97, -194, -698, -97, 0, 255, 0
L -194, -698, -97, -194, -672, -97, 0, 255, 0
L -194, -672, -97, -166, -644, -97, 0, 255, 0
L -166, -644, -97, -166, -627, -97, 0, 255, 0
L -166, -627, -97, -196, -657, -97, 0, 255, 0
L -196, -657, -97, -196, -670, -97, 0, 255, 0
L -222, -670, -97, -196, -670, -97, 0, 255, 0
L -222, -670, -97, -222, -629, -97, 0, 255, 0
L -222, -629, -97, -250, -615, -97, 0, 255, 0
L -250, -615, -97, -250, -573, -97, 0, 255, 0
L -250, -573, -97, -264, -559, -97, 0, 255, 0
L -264, -559, -97, -264, -559, -97, 0, 255, 0
L -264, -559, -97, -264, -546, -97, 0, 255, 0
L -261, -550, -97, -266, -550, -83, 255, 165, 0
L -266, -550, -83, -266, -553, -83, 255, 165, 0
L -266, -553, -83, -261, -553, -97, 255, 165, 0
L -261, -553, -97, -261, -550, -97, 255, 165, 0
L -264, -558, -83, -294, -558, -85, 0, 255, 0
L -294, -558, -85, -294, -571, -85, 0, 255, 0
L -294, -571, -85, -298, -573, -84, 0, 255, 0
L -298, -573, -84, -308, -587, -82, 0, 255, 0
L -308, -587, -82, -308, -615, -83, 0, 255, 0
L -308, -615, -83, -322, -628, -84, 0, 255, 0
L -322, -628, -84, -336, -628, -86, 0, 255, 0
L -336, -628, -86, -378, -642, -83, 0, 255, 0
L -378, -642, -83, -392, -656, -83, 0, 255, 0
L -392, -656, -83, -405, -656, -83, 0, 255, 0
L -405, -656, -83, -433, -642, -83, 0, 255, 0
L -433, -642, -83, -446, -629, -83, 0, 255, 0
L -440, -612, -83, -449, -612, -70, 255, 165, 0
L -449, -612, -70, -449, -615, -70, 255, 165, 0
L -449, -615, -70, -440, -615, -83, 255, 165, 0
L -440, -615, -83, -440, -612, -83, 255, 165, 0
L -446, -629, -83, -461, -614, -70, 0, 255, 0
L -461, -614, -70, -490, -614, -71, 0, 255, 0
L -490, -614, -71, -532, -727, -69, 0, 255, 0
L -532, -727, -69, -520, -770, -69, 0, 255, 0
L -520, -770, -69, -490, -770, -69, 0, 255, 0
L -490, -770, -69, -490, -782, -69, 0, 255, 0
L -490, -782, -69, -504, -783, -69, 0, 255, 0
L -504, -783, -69, -504, -783, -69, 0, 255, 0
L -504, -783, -69, -504, -798, -69, 0, 255, 0
L -504, -798, -69, -489, -798, -69, 0, 255, 0
L -489, -798, -69, -475, -784, -69, 0, 255, 0
L -475, -784, -69, -460, -784, -69, 0, 255, 0
L -460, -784, -69, -460, -756, -69, 0, 255, 0
L -460, -756, -69, -420, -756, -69, 0, 255, 0
L -420, -756, -69, -420, -772, -69, 0, 255, 0
L -420, -772, -69, -416, -772, -69, 0, 255, 0
L -416, -772, -69, -416, -756, -69, 0, 255, 0
L -416, -756, -69, -406, -756, -69, 0, 255, 0
L -394, -768, -69, -394, -768, -69, 0, 255, 0
L -406, -756, -69, -406, -782, -69, 0, 255, 0
L -406, -782, -69, -432, -782, -69, 0, 255, 0
L -432, -782, -69, -432, -768, -69, 0, 255, 0
L -432, -768, -69, -448, -768, -69, 0, 255, 0
L -448, -768, -69, -448, -784, -69, 0, 255, 0
L -448, -784, -69, -420, -812, -69, 0, 255, 0
L -390, -812, -69, -390, -798, -69, 0, 255, 0
L -390, -798, -69, -378, -798, -69, 0, 255, 0
L -378, -798, -69, -378, -812, -69, 0, 255, 0
L -394, -810, -69, -394, -812, -69, 0, 255, 0
L -390, -812, -69, -394, -812, -69, 0, 255, 0
L -394, -810, -69, -420, -812, -69, 0, 255, 0
L -378, -812, -69, -348, -812, -69, 0, 255, 0
L -348, -812, -69, -348, -784, -69, 0, 255, 0
L -348, -784, -69, -264, -784, -69, 0, 255, 0
L -264, -784, -69, -264, -768, -69, 0, 255, 0
L -264, -768, -69, -292, -768, -69, 0, 255, 0
L -292, -768, -69, -292, -728, -69, 0, 255, 0
L -292, -728, -69, -252, -728, -69, 0, 255, 0
L -252, -728, -69, -252, -784, -69, 0, 255, 0
L -260, -742, -69, -260, -758, -13, 255, 165, 0
L -260, -758, -13, -255, -758, -13, 255, 165, 0
L -255, -758, -13, -255, -742, -69, 255, 165, 0
L -255, -742, -69, -260, -742, -69, 255, 165, 0
L -252, -784, -69, -208, -784, -69, 0, 255, 0
L -208, -784, -69, -208, -714, -69, 0, 255, 0
L -208, -714, -69, -194, -714, -69, 0, 255, 0
L -194, -714, -69, -194, -699, -69, 0, 255, 0
L -138, -574, -97, -168, -574, -97, 0, 255, 0
L -168, -574, -97, -168, -558, -97, 0, 255, 0
L -168, -558, -97, -138, -558, -97, 0, 255, 0
L -138, -558, -97, -138, -574, -97, 0, 255, 0
L -155, -220, -97, -153, -202, -97, 139, 69, 19
L -153, -202, -97, -156, -202, -97, 139, 69, 19
L -156, -202, -97, -159, -220, -97, 139, 69, 19
L -159, -220, -97, -155, -220, -97, 139, 69, 19
L -167, -209, -97, -160, -203, -97, 0, 0, 240
L -160, -203, -97, -140, -203, -97, 0, 0, 240
L -140, -203, -97, -140, -203, -97, 0, 255, 0
L -140, -196, -97, -148, -196, -97, 0, 255, 0
L -148, -196, -97, -148, -192, -97, 0, 255, 0
L -148, -192, -97, -140, -192, -97, 0, 255, 0
L -140, -192, -97, -140, -180, -97, 0, 255, 0
L -140, -180, -97, -98, -180, -97, 0, 255, 0
L -98, -180, -97, -98, -140, -97, 0, 255, 0
L -98, -140, -97, -140, -140, -97, 0, 255, 0
L -140, -140, -97, -140, -56, -97, 0, 255, 0
L -140, -42, -97, -166, -42, -97, 0, 255, 0
L -166, -42, -97, -166, -56, -97, 0, 255, 0
L -166, -56, -97, -196, -56, -97, 0, 255, 0
L -196, -56, -97, -224, -28, -97, 0, 255, 0
L -224, -28, -97, -224, -13, -97, 0, 255, 0
L -224, -13, -97, -216, -7, -97, 0, 255, 0
L -216, -7, -97, -208, 2, -97, 0, 255, 0
L -208, 2, -97, -182, 0, -97, 0, 255, 0
L -182, 0, -97, -178, 8, -97, 0, 255, 0
L -178, 8, -97, -178, 21, -97, 0, 255, 0
L -178, 21, -97, -182, 27, -97, 0, 255, 0
L -182, 27, -97, -188, 29, -97, 0, 255, 0
L -188, 29, -97, -197, 29, -97, 0, 255, 0
L -209, 27, -97, -197, 29, -97, 0, 255, 0
L -209, 27, -97, -231, 9, -97, 0, 255, 0
L -231, 9, -97, -234, 3, -97, 0, 255, 0
L -234, 3, -97, -234, -28, -97, 0, 255, 0
L -234, -28, -97, -240, -28, -97, 0, 255, 0
L -240, -28, -97, -240, 0, -97, 0, 255, 0
L -240, 0, -97, -252, 0, -97, 0, 255, 0
L -252, 0, -97, -252, 27, -97, 0, 255, 0
L -253, 27, -97, -292, 27, -97, 0, 255, 0
L -292, 27, -97, -292, 0, -97, 0, 255, 0
L -292, 0, -97, -306, 0, -97, 0, 255, 0
L -306, 0, -97, -306, -13, -97, 0, 255, 0
L -294, -13, -97, -250, -13, -97, 0, 255, 0
L -306, -13, -97, -306, -15, -97, 0, 255, 0
L -306, -28, -97, -320, -28, -97, 0, 255, 0
L -320, -28, -97, -320, -55, -97, 0, 255, 0
L -320, -55, -97, -306, -55, -97, 0, 255, 0
L -306, -55, -97, -306, -66, -97, 0, 255, 0
L -306, -67, -97, -278, -67, -97, 0, 255, 0
L -278, -67, -97, -278, -72, -97, 0, 255, 0
L -278, -72, -97, -306, -72, -97, 0, 255, 0
L -306, -72, -97, -306, -72, -97, 0, 255, 0
L -306, -72, -97, -306, -84, -97, 0, 255, 0
L -306, -84, -97, -320, -84, -97, 0, 255, 0
L -320, -84, -97, -320, -111, -96, 0, 255, 0
L -320, -111, -96, -294, -111, -97, 0, 255, 0
L -294, -111, -97, -294, -83, -97, 0, 255, 0
L -294, -83, -97, -279, -83, -97, 0, 255, 0
L -279, -83, -97, -250, -111, -97, 0, 255, 0
L -250, -111, -97, -250, -126, -97, 0, 255, 0
L -250, -126, -97, -278, -126, -95, 0, 255, 0
L -278, -126, -95, -278, -152, -97, 0, 255, 0
L -278, -152, -97, -252, -152, -97, 0, 255, 0
L -252, -152, -97, -252, -138, -97, 0, 255, 0
L -252, -138, -97, -240, -138, -97, 0, 255, 0
L -240, -138, -97, -240, -111, -97, 0, 255, 0
L -240, -111, -97, -234, -111, -97, 0, 255, 0
L -234, -111, -97, -234, -138, -97, 0, 255, 0
L -234, -138, -97, -224, -138, -97, 0, 255, 0
L -224, -138, -97, -224, -111, -97, 0, 255, 0
L -224, -111, -97, -196, -83, -97, 0, 255, 0
L -196, -83, -97, -166, -83, -97, 0, 255, 0
L -166, -83, -97, -166, -140, -97, 0, 255, 0
L -166, -140, -97, -208, -141, -97, 0, 255, 0
L -208, -141, -97, -208, -180, -97, 0, 255, 0
L -208, -180, -97, -166, -180, -97, 0, 255, 0
L -166, -180, -97, -166, -192, -97, 0, 255, 0
L -166, -192, -97, -158, -192, -97, 0, 255, 0
L -158, -192, -97, -158, -196, -97, 0, 255, 0
L -158, -196, -97, -166, -196, -97, 0, 255, 0
L -166, -196, -97, -166, -198, -97, 0, 255, 0
L -166, -198, -97, -172, -202, -97, 0, 255, 0
L -172, -202, -97, -172, -205, -97, 0, 255, 0
L -172, -205, -97, -167, -209, -97, 0, 255, 0
L -140, -56, -97, -140, -51, -97, 0, 255, 0
L -140, -56, -97, -160, -56, -97, 205, 133, 63
L -160, -56, -97, -160, -51, -97, 205, 133, 63
L -140, -51, -97, -140, -42, -97, 0, 255, 0
L -160, -51, -97, -140, -51, -97, 205, 133, 63
L -222, -84, -97, -222, -55, -97, 150, 150, 150
L -222, -55, -97, -252, -55, -97, 150, 150, 150
L -252, -55, -97, -252, -84, -97, 150, 150, 150
L -252, -84, -97, -222, -84, -97, 150, 150, 150
L -220, -74, -97, -230, -74, -111, 255, 165, 0
L -230, -74, -111, -230, -72, -111, 255, 165, 0
L -230, -72, -111, -220, -72, -97, 255, 165, 0
L -220, -72, -97, -220, -74, -97, 255, 165, 0
L -226, -58, -111, -248, -58, -111, 0, 255, 0
L -248, -58, -111, -248, -81, -111, 0, 255, 0
L -248, -81, -111, -226, -81, -111, 0, 255, 0
L -226, -81, -111, -226, -58, -111, 0, 255, 0
L -250, -28, -97, -279, -56, -97, 0, 255, 0
L -279, -56, -97, -294, -56, -97, 0, 255, 0
L -294, -56, -97, -294, -15, -97, 0, 255, 0
L -250, -13, -97, -250, -28, -97, 0, 255, 0
L -196, -152, -97, -111, -152, -97, 0, 255, 0
L -111, -152, -97, -111, -168, -97, 0, 255, 0
L -111, -168, -97, -196, -168, -97, 0, 255, 0
L -196, -168, -97, -196, -152, -97, 0, 255, 0
L -140, -203, -97, -140, -196, -97, 0, 255, 0
L -140, -203, -97, -112, -210, -111, 0, 0, 240
L -112, -210, -111, -98, -210, -111, 0, 0, 240
L -98, -210, -111, -98, -222, -111, 0, 0, 240
L -98, -222, -111, -111, -222, -111, 0, 0, 240
L -111, -222, -111, -131, -218, -106, 0, 0, 240
L -140, -218, -97, -140, -224, -97, 0, 255, 0
L -140, -218, -97, -131, -218, -106, 0, 0, 240
L -166, -222, -97, -196, -222, -104, 0, 0, 240
L -196, -222, -103, -209, -236, -102, 0, 0, 240
L -209, -236, -102, -222, -222, -102, 0, 0, 240
L -222, -222, -102, -222, -210, -100, 0, 0, 240
L -222, -210, -100, -209, -197, -102, 0, 0, 240
L -209, -197, -102, -196, -210, -102, 0, 0, 240
L -196, -210, -102, -169, -210, -102, 0, 0, 240
L -167, -209, -97, -167, -209, -97, 0, 255, 0
L -167, -209, -97, -169, -210, -102, 0, 0, 240
L -194, -404, -97, -183, -404, -97, 0, 255, 0
L -180, -407, -97, -183, -404, -97, 0, 255, 0
L -180, -407, -97, -180, -418, -97, 0, 255, 0
L -180, -418, -97, -183, -420, -97, 0, 255, 0
L -183, -420, -97, -194, -420, -97, 0, 255, 0
L -194, -420, -97, -196, -418, -97, 0, 255, 0
L -196, -418, -97, -196, -407, -96, 0, 255, 0
L -196, -407, -96, -194, -404, -97, 0, 255, 0
L -194, -699, -69, -167, -686, -69, 139, 69, 19
L -167, -686, -69, -138, -644, -69, 139, 69, 19
L -138, -644, -69, -138, -630, -69, 139, 69, 19
L -138, -630, -69, -125, -602, -69, 139, 69, 19
L -125, -602, -69, -125, -574, -69, 139, 69, 19
L -125, -574, -69, -97, -532, -69, 139, 69, 19
L -97, -532, -69, -54, -517, -69, 139, 69, 19
L -55, -515, -69, -54, -517, -69, 0, 255, 0
L -98, -590, -83, -111, -616, -83, 0, 255, 0
L -111, -616, -83, -124, -657, -83, 0, 255, 0
L -125, -658, -83, -124, -824, -83, 0, 255, 0
L -112, -812, -83, -112, -671, -83, 0, 255, 0
L -112, -671, -83, -98, -630, -83, 0, 255, 0
L -98, -630, -83, -98, -587, -83, 0, 255, 0
L -44, -546, -72, -14, -643, -87, 0, 0, 240
L -14, -643, -87, -14, -713, -87, 0, 0, 240
L -14, -713, -87, -42, -741, -87, 0, 0, 240
L -42, -741, -86, -56, -768, -87, 0, 0, 240
L -56, -768, -87, -97, -782, -87, 0, 0, 240
L -97, -782, -87, -126, -783, -86, 0, 0, 240
L -126, -783, -86, -154, -796, -87, 0, 0, 240
L -154, -796, -87, -182, -825, -87, 0, 0, 240
L -182, -825, -87, -196, -867, -86, 0, 0, 240
L -222, -866, -86, -222, -847, -86, 0, 0, 240
L -222, -847, -86, -197, -814, -87, 0, 0, 240
L -197, -814, -87, -181, -798, -86, 0, 0, 240
L -181, -798, -86, -167, -798, -86, 0, 0, 240
L -167, -798, -86, -152, -769, -86, 0, 0, 240
L -152, -769, -86, -166, -755, -86, 0, 0, 240
L -166, -755, -86, -166, -740, -87, 0, 0, 240
L -166, -740, -87, -180, -740, -86, 0, 0, 240
L -180, -740, -86, -181, -726, -69, 0, 0, 240
L -222, -866, -86, -236, -893, -85, 0, 0, 240
L -236, -893, -85, -236, -927, -88, 0, 0, 240
L -236, -927, -88, -230, -941, -92, 0, 0, 240
L -230, -941, -92, -230, -973, -94, 0, 0, 240
L -230, -973, -94, -240, -987, -94, 0, 0, 240
L -240, -987, -94, -240, -1043, -95, 0, 0, 240
L -240, -1043, -95, -218, -1081, -93, 0, 0, 240
L -218, -1081, -93, -218, -1089, -92, 0, 0, 240
L -218, -1089, -92, -192, -1124, -87, 0, 0, 240
L -192, -1141, -88, -192, -1124, -87, 0, 0, 240
L -192, -1141, -88, -164, -1177, -97, 0, 0, 240
L -164, -1183, -99, -164, -1177, -97, 0, 0, 240
L -164, -1183, -99, -132, -1221, -99, 0, 0, 240
L -132, -1229, -99, -132, -1221, -99, 0, 0, 240
L -132, -1229, -99, -107, -1259, -102, 0, 0, 240
L -107, -1259, -102, -106, -1273, -99, 0, 0, 240
L -106, -1273, -99, -97, -1303, -95, 0, 0, 240
L -97, -1303, -95, -97, -1315, -90, 0, 0, 240
L -97, -1315, -90, -92, -1325, -88, 0, 0, 240
L -92, -1325, -88, -94, -1351, -91, 0, 0, 240
L -94, -1351, -91, -96, -1358, -96, 0, 0, 240
L -96, -1358, -96, -97, -1365, -102, 0, 0, 240
L -97, -1365, -102, -112, -1354, -104, 0, 0, 240
L -112, -1354, -104, -139, -1350, -106, 0, 0, 240
L -139, -1350, -106, -181, -1354, -109, 0, 0, 240
L -181, -1354, -109, -194, -1363, -111, 0, 0, 240
L -194, -1412, -109, -194, -1363, -111, 0, 0, 240
L -194, -1412, -109, -167, -1440, -111, 0, 0, 240
L -167, -1440, -111, -165, -1440, -111, 0, 0, 240
L -165, -1440, -111, -145, -1448, -102, 0, 0, 240
L -116, -1454, -99, -98, -1452, -111, 0, 0, 240
L -98, -1452, -111, -84, -1444, -111, 0, 0, 240
L -84, -1381, -111, -84, -1351, -99, 0, 0, 240
L -84, -1351, -99, -70, -1325, -98, 0, 0, 240
L -70, -1325, -98, -67, -1304, -104, 0, 0, 240
L -67, -1304, -104, -74, -1260, -105, 0, 0, 240
L -74, -1260, -105, -102, -1220, -101, 0, 0, 240
L -102, -1220, -101, -102, -1220, -101, 0, 0, 240
L -102, -1220, -101, -156, -1126, -86, 0, 0, 240
L -156, -1126, -86, -186, -1081, -84, 0, 0, 240
L -186, -1081, -84, -204, -1033, -101, 0, 0, 240
L -204, -1033, -101, -201, -1006, -102, 0, 0, 240
L -201, -1006, -102, -200, -969, -101, 0, 0, 240
L -200, -969, -101, -200, -941, -104, 0, 0, 240
L -200, -941, -104, -206, -911, -113, 0, 0, 240
L -206, -911, -113, -196, -867, -86, 0, 0, 240
L -124, -824, -83, -124, -824, -83, 0, 255, 0
L -124, -824, -83, -70, -824, -83, 0, 255, 0
L -70, -824, -83, -28, -810, -85, 0, 255, 0
L -28, -810, -85, -13, -811, -82, 0, 255, 0
L -13, -811, -82, -13, -818, -82, 139, 69, 19
L -13, -818, -82, 2, -823, -81, 139, 69, 19
L 2, -823, -81, 2, -824, -81, 139, 69, 19
L 2, -824, -81, 20, -823, -80, 139, 69, 19
L 20, -839, -80, 19, -842, -72, 139, 69, 19
L 19, -842, -72, 9, -847, -71, 139, 69, 19
L 9, -847, -71, 1, -829, -71, 139, 69, 19
L 1, -829, -71, -1, -849, -71, 139, 69, 19
L -1, -849, -71, -3, -863, -71, 139, 69, 19
L -3, -863, -71, -12, -870, -71, 139, 69, 19
L -12, -870, -71, -27, -868, -71, 139, 69, 19
L -27, -868, -71, -41, -891, -71, 0, 255, 0
L -41, -891, -71, -41, -894, -71, 0, 255, 0
L -41, -894, -71, -22, -891, -71, 139, 69, 19
L -22, -891, -71, -18, -887, -71, 139, 69, 19
L -18, -887, -71, -12, -871, -71, 139, 69, 19
L -12, -871, -71, -2, -864, -71, 139, 69, 19
L -2, -864, -71, 6, -870, -71, 139, 69, 19
L 21, -878, -72, 23, -877, -72, 139, 69, 19
L 29, -877, -72, 29, -862, -73, 139, 69, 19
L 35, -859, -74, 35, -849, -74, 139, 69, 19
L 35, -849, -74, 47, -849, -75, 139, 69, 19
L 47, -849, -75, 47, -845, -75, 139, 69, 19
L 47, -845, -75, 42, -836, -75, 139, 69, 19
L 42, -836, -75, 32, -824, -80, 139, 69, 19
L 41, -824, -80, 55, -796, -83, 139, 69, 19
L 28, -796, -82, 42, -811, -82, 0, 255, 0
L 34, -817, -78, 42, -811, -82, 139, 69, 19
L 34, -817, -78, 19, -802, -81, 139, 69, 19
L 19, -802, -81, 0, -798, -82, 139, 69, 19
L 0, -798, -82, -27, -798, -83, 0, 255, 0
L -27, -798, -83, -69, -812, -85, 0, 255, 0
L -69, -812, -85, -112, -812, -83, 0, 255, 0
L 27, -877, -72, 25, -894, -74, 139, 69, 19
L 22, -895, -74, 23, -877, -72, 139, 69, 19
L 15, -896, -74, 22, -895, -74, 139, 69, 19
L 29, -894, -74, 37, -901, -73, 139, 69, 19
L 37, -901, -73, 38, -902, -81, 139, 69, 19
L 56, -897, -83, 41, -902, -81, 139, 69, 19
L 41, -902, -81, 38, -902, -81, 139, 69, 19
L 30, -920, -79, 30, -922, -79, 139, 69, 19
L 30, -922, -79, 37, -926, -79, 139, 69, 19
L 37, -926, -79, 42, -923, -83, 139, 69, 19
L 30, -920, -79, 28, -913, -77, 139, 69, 19
L 12, -913, -76, 28, -913, -77, 139, 69, 19
L 12, -913, -76, 8, -918, -79, 139, 69, 19
L 8, -918, -79, 4, -923, -79, 139, 69, 19
L 4, -923, -79, 3, -924, -80, 139, 69, 19
L 4, -900, -79, 8, -896, -79, 139, 69, 19
L 4, -900, -79, -3, -896, -82, 139, 69, 19
L -3, -896, -82, -11, -909, -82, 139, 69, 19
L -11, -909, -82, -13, -923, -82, 139, 69, 19
L -13, -923, -82, -12, -925, -82, 139, 69, 19
L -12, -925, -82, -27, -938, -87, 0, 255, 0
L 1, -934, -81, -1, -934, -83, 139, 69, 19
L -1, -934, -83, -28, -950, -84, 0, 255, 0
L 15, -896, -74, 8, -896, -79, 139, 69, 19
L 32, -824, -80, 41, -824, -80, 139, 69, 19
L -33, -891, -71, -31, -900, -98, 255, 165, 0
L -31, -900, -98, -29, -900, -98, 255, 165, 0
L -29, -900, -98, -31, -890, -71, 255, 165, 0
L -31, -890, -71, -33, -891, -71, 255, 165, 0
L -41, -894, -98, -40, -899, -98, 0, 255, 0
L -40, -899, -98, -31, -906, -98, 0, 255, 0
L -31, -906, -98, -22, -906, -98, 139, 69, 19
L -22, -906, -98, -22, -890, -98, 139, 69, 19
L -25, -906, -98, -29, -906, -98, 255, 165, 0
L -29, -906, -98, -27, -911, -128, 255, 165, 0
L -27, -911, -128, -24, -911, -128, 255, 165, 0
L -24, -911, -128, -25, -906, -98, 255, 165, 0
L -31, -909, -128, -14, -921, -127, 70, 130, 180
L -14, -921, -127, -12, -909, -127, 70, 130, 180
L -12, -909, -127, -4, -894, -127, 70, 130, 180
L -4, -894, -127, 3, -898, -127, 70, 130, 180
L 3, -898, -127, 7, -894, -128, 70, 130, 180
L 7, -894, -128, 16, -892, -127, 70, 130, 180
L 16, -894, -128, 16, -892, -127, 70, 130, 180
L 16, -894, -128, 30, -892, -128, 70, 130, 180
L 30, -892, -128, 38, -900, -128, 70, 130, 180
L 38, -900, -128, 41, -900, -127, 70, 130, 180
L 41, -900, -127, 55, -894, -128, 70, 130, 180
L 55, -894, -128, 68, -867, -127, 70, 130, 180
L 68, -867, -127, 59, -862, -127, 70, 130, 180
L 59, -862, -127, 47, -850, -127, 70, 130, 180
L 36, -848, -167, 36, -860, -127, 0, 0, 240
L 36, -860, -127, 30, -864, -127, 70, 130, 180
L 30, -864, -127, 30, -878, -128, 70, 130, 180
L 30, -878, -128, 19, -880, -127, 70, 130, 180
L 19, -880, -127, 19, -856, -128, 70, 130, 180
L 19, -856, -128, 10, -853, -127, 70, 130, 180
L 10, -853, -127, 8, -875, -127, 70, 130, 180
L 8, -875, -127, -3, -867, -127, 70, 130, 180
L -3, -867, -127, -16, -887, -128, 70, 130, 180
L -21, -892, -128, -16, -887, -128, 70, 130, 180
L -21, -892, -128, -21, -908, -128, 70, 130, 180
L -31, -909, -128, -21, -908, -128, 70, 130, 180
L 56, -897, -83, 69, -910, -83, 0, 255, 0
L 69, -910, -83, 97, -910, -83, 0, 255, 0
L 97, -910, -83, 96, -923, -85, 0, 255, 0
L 96, -923, -85, 110, -939, -87, 0, 255, 0
L 110, -939, -87, 111, -966, -86, 0, 255, 0
L 111, -966, -86, 115, -995, -87, 0, 255, 0
L 115, -995, -87, 115, -1034, -84, 0, 255, 0
L 115, -1034, -84, 137, -1048, -86, 0, 255, 0
L 137, -1048, -86, 138, -1077, -82, 0, 255, 0
L 138, -1077, -82, 162, -1148, -86, 0, 255, 0
L 162, -1148, -86, 194, -1148, -83, 0, 255, 0
L 194, -1189, -83, 194, -1189, -83, 0, 255, 0
L 194, -1189, -83, 194, -1148, -83, 0, 255, 0
L 194, -1189, -83, 195, -1202, -83, 0, 255, 0
L 195, -1202, -83, 182, -1202, -83, 240, 0, 255
L 182, -1202, -83, 182, -1159, -83, 0, 255, 0
L 182, -1159, -83, 166, -1175, -83, 0, 255, 0
L 166, -1175, -83, 166, -1232, -83, 0, 255, 0
L 166, -1232, -83, 179, -1236, -83, 0, 255, 0
L 179, -1236, -83, 188, -1249, -82, 0, 255, 0
L 188, -1249, -82, 188, -1265, -82, 0, 255, 0
L 188, -1265, -82, 179, -1278, -83, 0, 255, 0
L 179, -1278, -83, 167, -1286, -84, 0, 255, 0
L 167, -1286, -84, 154, -1286, -84, 0, 255, 0
L 140, -1276, -83, 140, -1276, -83, 0, 255, 0
L 140, -1276, -83, 154, -1286, -84, 0, 255, 0
L 140, -1276, -83, 130, -1264, -84, 0, 255, 0
L 130, -1264, -84, 95, -1278, -87, 0, 255, 0
L 95, -1278, -87, 65, -1298, -83, 0, 255, 0
L 65, -1298, -83, 65, -1312, -87, 0, 255, 0
L 65, -1312, -87, 84, -1323, -85, 0, 255, 0
L 84, -1323, -85, 82, -1352, -83, 0, 255, 0
L 82, -1352, -83, 65, -1362, -83, 0, 255, 0
L 65, -1362, -83, 43, -1370, -83, 0, 255, 0
L 43, -1370, -83, 25, -1374, -83, 0, 255, 0
L 25, -1374, -83, 6, -1372, -84, 0, 255, 0
L 6, -1372, -84, -8, -1372, -84, 0, 255, 0
L -8, -1372, -84, 1, -1383, -83, 0, 255, 0
L 1, -1383, -83, 4, -1397, -83, 0, 255, 0
L 4, -1397, -83, 1, -1404, -84, 0, 255, 0
L 1, -1404, -84, 1, -1418, -84, 0, 255, 0
L 1, -1418, -84, -2, -1437, -84, 0, 255, 0
L -2, -1437, -84, -8, -1461, -83, 0, 255, 0
L -8, -1461, -83, -12, -1485, -83, 0, 255, 0
L -11, -1485, -83, -29, -1485, -83, 0, 0, 240
L -29, -1485, -83, -31, -1467, -83, 0, 255, 0
L -31, -1467, -83, -31, -1461, -83, 0, 255, 0
L -31, -1461, -83, -40, -1445, -83, 0, 255, 0
L -40, -1445, -83, -40, -1438, -83, 0, 255, 0
L -40, -1438, -83, -31, -1438, -83, 0, 255, 0
L -31, -1438, -83, -31, -1434, -84, 0, 255, 0
L -31, -1434, -84, -44, -1434, -83, 0, 255, 0
L -44, -1434, -83, -44, -1454, -82, 0, 255, 0
L -44, -1454, -82, -70, -1474, -84, 0, 255, 0
L -70, -1474, -84, -83, -1470, -84, 0, 255, 0
L -83, -1470, -84, -82, -1468, -84, 0, 255, 0
L -82, -1468, -84, -89, -1468, -83, 0, 255, 0
L -89, -1468, -83, -96, -1457, -81, 0, 255, 0
L -96, -1457, -81, -97, -1451, -81, 0, 255, 0
L -82, -1358, -84, -84, -1381, -83, 0, 255, 0
L -82, -1358, -84, -63, -1338, -86, 0, 255, 0
L -63, -1338, -86, -41, -1328, -87, 0, 255, 0
L -41, -1328, -87, -21, -1305, -88, 0, 255, 0
L -21, -1305, -88, -21, -1269, -84, 0, 255, 0
L -21, -1269, -84, -33, -1249, -83, 0, 255, 0
L -33, -1249, -83, -33, -1222, -82, 0, 255, 0
L -33, -1222, -82, -54, -1210, -83, 0, 255, 0
L -54, -1210, -83, -55, -1189, -83, 0, 255, 0
L -55, -1189, -83, -68, -1175, -83, 0, 255, 0
L -68, -1175, -83, -69, -1161, -84, 0, 255, 0
L -69, -1161, -84, -96, -1137, -84, 0, 255, 0
L -96, -1137, -84, -97, -1099, -83, 0, 255, 0
L -97, -1099, -83, -89, -1081, -83, 0, 255, 0
L -89, -1081, -83, -89, -1079, -83, 0, 255, 0
L -89, -1079, -83, -78, -1069, -84, 0, 255, 0
L -78, -1069, -84, -96, -1053, -83, 0, 255, 0
L -96, -1053, -83, -98, -1047, -83, 0, 255, 0
L -98, -1047, -83, -111, -1029, -83, 0, 255, 0
L -111, -1029, -83, -110, -1022, -83, 0, 255, 0
L -110, -1022, -83, -55, -994, -83, 0, 255, 0
L -55, -994, -83, -55, -978, -85, 0, 255, 0
L -55, -978, -85, -69, -978, -83, 0, 255, 0
L -69, -978, -83, -80, -957, -83, 0, 255, 0
L -80, -957, -83, -80, -938, -84, 0, 255, 0
L -80, -938, -84, -27, -938, -87, 0, 255, 0
L -28, -950, -84, -70, -950, -85, 0, 255, 0
L -70, -950, -85, -70, -954, -83, 0, 255, 0
L -70, -954, -83, -56, -960, -85, 0, 255, 0
L -56, -960, -85, -20, -982, -82, 0, 255, 0
L -20, -982, -82, -14, -994, -83, 0, 255, 0
L -14, -994, -83, 27, -1008, -83, 0, 255, 0
L 27, -1008, -83, 88, -1008, -86, 0, 255, 0
L 88, -1008, -86, 98, -993, -84, 0, 255, 0
L 98, -993, -84, 98, -965, -84, 0, 255, 0
L 98, -965, -84, 91, -942, -84, 0, 255, 0
L 91, -942, -84, 84, -931, -83, 0, 255, 0
L 84, -931, -83, 84, -922, -83, 0, 255, 0
L 84, -922, -83, 42, -924, -83, 0, 255, 0
L 42, -924, -83, 42, -923, -83, 0, 255, 0
L 88, -1032, -83, 88, -1039, -83, 0, 255, 0
L 88, -1039, -83, 98, -1062, -84, 0, 255, 0
L 98, -1062, -84, 122, -1077, -85, 0, 255, 0
L 122, -1077, -85, 122, -1089, -83, 0, 255, 0
L 137, -1118, -86, 122, -1089, -83, 0, 255, 0
L 137, -1118, -86, 83, -1114, -85, 0, 255, 0
L 83, -1114, -85, 41, -1086, -85, 0, 255, 0
L 41, -1086, -85, 0, -1074, -80, 0, 255, 0
L 0, -1074, -80, -43, -1064, -82, 0, 255, 0
L -43, -1064, -82, -72, -1049, -85, 0, 255, 0
L -72, -1049, -85, -88, -1036, -82, 0, 255, 0
L -88, -1036, -82, -97, -1025, -85, 0, 255, 0
L -97, -1025, -85, -83, -1020, -83, 0, 255, 0
L -83, -1020, -83, -59, -1028, -83, 0, 255, 0
L -59, -1028, -83, -41, -1034, -83, 0, 255, 0
L -41, -1034, -83, -14, -1034, -83, 0, 255, 0
L -14, -1034, -83, 27, -1020, -83, 0, 255, 0
L 27, -1020, -83, 74, -1032, -83, 0, 255, 0
L 74, -1032, -83, 88, -1032, -84, 0, 255, 0
L 112, -1164, -83, 154, -1174, -86, 0, 255, 0
L 154, -1174, -86, 154, -1212, -83, 0, 255, 0
L 154, -1212, -83, 154, -1217, -83, 0, 255, 0
L 154, -1217, -83, 154, -1232, -86, 0, 255, 0
L 144, -1216, -83, 144, -1216, -83, 0, 255, 0
L 154, -1232, -86, 140, -1234, -86, 0, 255, 0
L 140, -1234, -86, 130, -1247, -88, 0, 255, 0
L 130, -1247, -88, 38, -1291, -84, 0, 255, 0
L 38, -1291, -84, 23, -1284, -85, 0, 255, 0
L 23, -1284, -85, 0, -1270, -85, 0, 255, 0
L 0, -1270, -85, 0, -1239, -85, 0, 255, 0
L 0, -1239, -85, -14, -1223, -84, 0, 255, 0
L -14, -1223, -84, -14, -1204, -84, 0, 255, 0
L -14, -1204, -84, -34, -1190, -83, 0, 255, 0
L -34, -1190, -83, -35, -1161, -85, 0, 255, 0
L -35, -1161, -85, -78, -1130, -85, 0, 255, 0
L -78, -1130, -85, -80, -1105, -83, 0, 255, 0
L -80, -1105, -83, -70, -1086, -86, 0, 255, 0
L -70, -1086, -86, -41, -1076, -82, 0, 255, 0
L -41, -1076, -82, 42, -1104, -85, 0, 255, 0
L 42, -1104, -85, 84, -1132, -83, 0, 255, 0
L 84, -1132, -83, 112, -1161, -85, 0, 255, 0
L 112, -1164, -83, 112, -1161, -85, 0, 255, 0
L 66, -1330, -86, 66, -1335, -85, 0, 255, 0
L 66, -1335, -85, 44, -1350, -87, 0, 255, 0
L 44, -1350, -87, 26, -1356, -87, 0, 255, 0
L 26, -1356, -87, 5, -1356, -83, 0, 255, 0
L 5, -1356, -83, -13, -1354, -84, 0, 255, 0
L -13, -1354, -84, -27, -1365, -84, 0, 255, 0
L -27, -1365, -84, -29, -1374, -84, 0, 255, 0
L -29, -1374, -84, -37, -1374, -83, 0, 255, 0
L -37, -1374, -83, -46, -1381, -83, 0, 255, 0
L -46, -1381, -83, -47, -1383, -83, 0, 255, 0
L -47, -1383, -83, -53, -1389, -83, 0, 255, 0
L -53, -1389, -83, -53, -1402, -83, 0, 255, 0
L -55, -1402, -83, -53, -1402, -83, 0, 255, 0
L -55, -1402, -83, -55, -1445, -83, 0, 255, 0
L -55, -1445, -83, -61, -1456, -84, 0, 255, 0
L -61, -1456, -84, -70, -1456, -84, 0, 255, 0
L -70, -1456, -84, -70, -1445, -83, 0, 255, 0
L -70, -1445, -83, -64, -1435, -81, 0, 255, 0
L -64, -1435, -81, -64, -1393, -81, 0, 255, 0
L -64, -1393, -81, -70, -1385, -83, 0, 255, 0
L -70, -1385, -83, -70, -1371, -86, 0, 255, 0
L -70, -1371, -86, -64, -1356, -83, 0, 255, 0
L -64, -1356, -83, -42, -1348, -83, 0, 255, 0
L -42, -1348, -83, -22, -1338, -83, 0, 255, 0
L -22, -1338, -83, 0, -1321, -87, 0, 255, 0
L 0, -1321, -87, 0, -1304, -87, 0, 255, 0
L 0, -1304, -87, 24, -1306, -85, 0, 255, 0
L 24, -1306, -85, 44, -1320, -84, 0, 255, 0
L 44, -1320, -84, 66, -1330, -86, 0, 255, 0
L -21, -1473, -83, -22, -1515, -83, 139, 69, 19
L -22, -1515, -83, -25, -1515, -83, 139, 69, 19
L -25, -1515, -83, -23, -1473, -83, 139, 69, 19
L -23, -1473, -83, -21, -1473, -83, 139, 69, 19
L -28, -1501, -83, -29, -1503, -83, 0, 255, 0
L -29, -1503, -83, -26, -1512, -83, 0, 255, 0
L -26, -1512, -83, -69, -1512, -83, 0, 255, 0
L -69, -1512, -83, -69, -1538, -83, 0, 255, 0
L -69, -1538, -83, -42, -1538, -83, 0, 255, 0
L -42, -1538, -83, -14, -1524, -83, 0, 255, 0
L -14, -1524, -83, -14, -1513, -83, 0, 255, 0
L -14, -1513, -83, -12, -1501, -83, 0, 255, 0
L -28, -1501, -83, -37, -1500, -98, 0, 0, 240
L -78, -1506, -98, -37, -1500, -98, 0, 0, 240
L -78, -1506, -98, -95, -1504, -98, 0, 0, 240
L -95, -1504, -98, -115, -1494, -98, 0, 0, 240
L -115, -1494, -98, -130, -1480, -98, 0, 0, 240
L -130, -1480, -98, -130, -1479, -98, 0, 0, 240
L -130, -1479, -98, -138, -1463, -99, 0, 0, 240
L -138, -1463, -99, -138, -1454, -99, 0, 0, 240
L -138, -1454, -99, -145, -1448, -102, 0, 0, 240
L -116, -1454, -99, -116, -1471, -99, 0, 0, 240
L -116, -1471, -98, -96, -1488, -98, 0, 0, 240
L -96, -1488, -98, -77, -1488, -98, 0, 0, 240
L -77, -1488, -98, -59, -1486, -98, 0, 0, 240
L -59, -1486, -98, -37, -1486, -97, 0, 0, 240
L -28, -1485, -83, -37, -1486, -97, 0, 0, 240
L 2, -1500, -97, 21, -1516, -98, 0, 0, 240
L 21, -1516, -98, 43, -1526, -98, 0, 0, 240
L 76, -1517, -99, 43, -1504, -103, 0, 0, 240
L 76, -1517, -99, 83, -1552, -99, 199, 21, 133
L 43, -1504, -103, 19, -1490, -102, 0, 0, 240
L 19, -1490, -102, 1, -1486, -97, 0, 0, 240
L 1, -1486, -97, -11, -1485, -83, 0, 0, 240
L -13, -1501, -83, 2, -1500, -97, 0, 0, 240
L -13, -1501, -83, -28, -1501, -83, 0, 0, 240
L -80, -1424, -83, -126, -1400, -83, 139, 69, 19
L -126, -1400, -83, -128, -1403, -83, 139, 69, 19
L -128, -1403, -83, -81, -1427, -83, 139, 69, 19
L -81, -1427, -83, -80, -1424, -83, 139, 69, 19
L -120, -1407, -83, -116, -1396, -83, 0, 255, 0
L -116, -1396, -83, -120, -1388, -83, 0, 255, 0
L -120, -1388, -83, -125, -1386, -83, 0, 255, 0
L -125, -1386, -83, -132, -1373, -83, 0, 255, 0
L -132, -1373, -83, -145, -1374, -83, 0, 255, 0
L -145, -1374, -83, -156, -1376, -83, 0, 255, 0
L -156, -1376, -83, -166, -1380, -83, 0, 255, 0
L -166, -1380, -83, -169, -1393, -83, 0, 255, 0
L -169, -1393, -83, -169, -1401, -83, 0, 255, 0
L -165, -1409, -83, -169, -1401, -83, 0, 255, 0
L -165, -1409, -83, -155, -1418, -83, 0, 255, 0
L -155, -1418, -83, -145, -1421, -83, 0, 255, 0
L -145, -1421, -83, -132, -1420, -83, 0, 255, 0
L -132, -1420, -83, -126, -1417, -83, 0, 255, 0
L -126, -1417, -83, -120, -1407, -83, 0, 255, 0
L -150, -1386, -83, -165, -1345, -83, 139, 69, 19
L -165, -1345, -83, -168, -1347, -83, 139, 69, 19
L -168, -1347, -83, -152, -1387, -83, 139, 69, 19
L -152, -1387, -83, -150, -1386, -83, 139, 69, 19
L -157, -1401, -83, -159, -1399, -83, 139, 69, 19
L -159, -1399, -83, -186, -1431, -83, 139, 69, 19
L -186, -1431, -83, -184, -1433, -83, 139, 69, 19
L -184, -1433, -83, -157, -1401, -83, 139, 69, 19
L -194, -1363, -86, -194, -1357, -83, 0, 255, 0
L -194, -1357, -83, -182, -1348, -83, 0, 255, 0
L -182, -1348, -83, -153, -1343, -83, 0, 255, 0
L -153, -1343, -83, -139, -1343, -83, 0, 255, 0
L -139, -1343, -83, -112, -1347, -83, 0, 255, 0
L -112, -1347, -83, -96, -1358, -83, 0, 255, 0
L -98, -1355, -97, -99, -1329, -97, 0, 255, 0
L -99, -1329, -97, -112, -1318, -97, 0, 255, 0
L -112, -1318, -97, -140, -1316, -97, 0, 255, 0
L -140, -1316, -97, -140, -1260, -97, 0, 255, 0
L -140, -1260, -97, -196, -1260, -97, 0, 255, 0
L -222, -1286, -97, -166, -1286, -97, 0, 255, 0
L -166, -1286, -97, -166, -1316, -97, 0, 255, 0
L -166, -1316, -97, -181, -1318, -97, 0, 255, 0
L -181, -1318, -97, -194, -1329, -97, 0, 255, 0
L -194, -1329, -97, -194, -1357, -97, 0, 255, 0
L -191, -1348, -97, -187, -1352, -83, 139, 69, 19
L -187, -1352, -83, -186, -1351, -83, 139, 69, 19
L -186, -1351, -83, -189, -1347, -97, 139, 69, 19
L -189, -1347, -97, -191, -1348, -97, 139, 69, 19
L -145, -1339, -97, -145, -1344, -83, 139, 69, 19
L -145, -1344, -83, -143, -1344, -83, 139, 69, 19
L -143, -1344, -83, -143, -1339, -97, 139, 69, 19
L -143, -1339, -97, -145, -1339, -97, 139, 69, 19
L -105, -1346, -97, -109, -1351, -83, 139, 69, 19
L -109, -1351, -83, -106, -1352, -83, 139, 69, 19
L -106, -1352, -83, -103, -1348, -97, 139, 69, 19
L -103, -1348, -97, -105, -1346, -97, 139, 69, 19
L -168, -1439, -84, -170, -1452, -84, 0, 255, 0
L -170, -1452, -84, -182, -1454, -84, 0, 255, 0
L -182, -1454, -84, -182, -1469, -83, 0, 255, 0
L -182, -1469, -83, -196, -1482, -87, 0, 255, 0
L -196, -1482, -87, -210, -1511, -85, 0, 255, 0
L -210, -1511, -85, -208, -1524, -85, 0, 255, 0
L -208, -1524, -85, -224, -1538, -83, 0, 255, 0
L -224, -1538, -83, -243, -1534, -86, 0, 255, 0
L -243, -1534, -86, -273, -1544, -83, 0, 255, 0
L -273, -1544, -83, -309, -1536, -83, 0, 255, 0
L -309, -1536, -83, -341, -1524, -83, 0, 255, 0
L -341, -1524, -83, -373, -1500, -83, 0, 255, 0
L -373, -1500, -83, -408, -1494, -83, 0, 255, 0
L -408, -1494, -83, -420, -1524, -83, 0, 255, 0
L -420, -1524, -83, -429, -1520, -83, 0, 255, 0
L -429, -1520, -83, -447, -1534, -83, 0, 255, 0
L -447, -1534, -83, -447, -1465, -83, 0, 0, 240
L -447, -1465, -83, -463, -1433, -81, 0, 0, 240
L -463, -1433, -81, -490, -1417, -83, 0, 0, 240
L -490, -1417, -83, -511, -1411, -83, 0, 0, 240
L -511, -1411, -83, -531, -1414, -82, 0, 0, 240
L -531, -1414, -82, -544, -1412, -82, 0, 0, 240
L -544, -1412, -82, -544, -1359, -85, 0, 255, 0
L -544, -1359, -85, -538, -1347, -86, 0, 255, 0
L -538, -1347, -86, -506, -1305, -85, 0, 255, 0
L -506, -1305, -85, -506, -1296, -85, 0, 255, 0
L -506, -1296, -85, -517, -1296, -84, 0, 255, 0
L -517, -1296, -84, -531, -1290, -83, 0, 255, 0
L -531, -1289, -83, -531, -1287, -83, 0, 0, 240
L -531, -1287, -83, -518, -1274, -84, 0, 0, 240
L -518, -1274, -84, -508, -1274, -84, 0, 255, 0
L -508, -1274, -84, -494, -1291, -84, 0, 255, 0
L -494, -1291, -84, -495, -1307, -84, 0, 255, 0
L -495, -1307, -84, -508, -1339, -83, 0, 255, 0
L -508, -1339, -83, -524, -1354, -84, 0, 255, 0
L -524, -1354, -84, -532, -1371, -84, 0, 255, 0
L -532, -1371, -84, -518, -1386, -82, 0, 255, 0
L -518, -1386, -82, -475, -1386, -82, 0, 255, 0
L -475, -1386, -82, -464, -1390, -81, 0, 255, 0
L -464, -1390, -81, -448, -1392, -78, 0, 255, 0
L -448, -1392, -78, -430, -1402, -83, 0, 255, 0
L -430, -1402, -83, -420, -1413, -87, 0, 255, 0
L -420, -1413, -87, -406, -1451, -83, 0, 255, 0
L -406, -1451, -83, -374, -1477, -81, 0, 255, 0
L -374, -1477, -81, -342, -1506, -83, 0, 255, 0
L -342, -1506, -83, -310, -1520, -81, 0, 255, 0
L -310, -1520, -81, -273, -1528, -84, 0, 255, 0
L -273, -1528, -84, -243, -1520, -86, 0, 255, 0
L -243, -1520, -86, -222, -1512, -87, 0, 255, 0
L -222, -1512, -87, -222, -1469, -88, 0, 255, 0
L -222, -1469, -88, -236, -1455, -83, 0, 255, 0
L -236, -1455, -83, -236, -1441, -83, 0, 255, 0
L -236, -1441, -83, -236, -1398, -97, 0, 255, 0
L -236, -1398, -97, -266, -1398, -97, 0, 255, 0
L -266, -1398, -97, -266, -1440, -97, 0, 255, 0
L -266, -1440, -97, -292, -1440, -97, 0, 255, 0
L -292, -1440, -97, -292, -1414, -97, 0, 255, 0
L -292, -1414, -97, -278, -1414, -97, 0, 255, 0
L -278, -1414, -97, -278, -1370, -97, 0, 255, 0
L -278, -1370, -97, -308, -1370, -97, 0, 255, 0
L -308, -1370, -97, -308, -1412, -97, 0, 255, 0
L -308, -1412, -97, -336, -1412, -97, 0, 255, 0
L -336, -1412, -97, -336, -1440, -97, 0, 255, 0
L -348, -1440, -97, -348, -1440, -97, 0, 255, 0
L -348, -1400, -97, -320, -1400, -97, 0, 255, 0
L -320, -1400, -97, -320, -1370, -97, 0, 255, 0
L -320, -1370, -97, -360, -1370, -97, 0, 255, 0
L -360, -1358, -97, -320, -1358, -97, 0, 255, 0
L -320, -1358, -97, -320, -1342, -97, 0, 255, 0
L -320, -1342, -97, -375, -1342, -97, 0, 255, 0
L -375, -1342, -97, -375, -1330, -97, 0, 255, 0
L -362, -1330, -97, -362, -1317, -97, 0, 255, 0
L -362, -1317, -97, -350, -1317, -97, 0, 255, 0
L -350, -1317, -97, -350, -1330, -97, 0, 255, 0
L -362, -1330, -97, -375, -1330, -97, 0, 255, 0
L -350, -1330, -97, -308, -1330, -97, 0, 255, 0
L -308, -1330, -97, -308, -1358, -97, 0, 255, 0
L -308, -1358, -97, -266, -1358, -97, 0, 255, 0
L -266, -1358, -97, -266, -1386, -97, 0, 255, 0
L -266, -1386, -97, -224, -1386, -96, 0, 255, 0
L -224, -1387, -96, -224, -1413, -96, 0, 255, 0
L -224, -1413, -96, -224, -1442, -87, 0, 255, 0
L -224, -1442, -87, -208, -1442, -86, 0, 255, 0
L -208, -1442, -86, -208, -1427, -83, 0, 255, 0
L -208, -1427, -83, -194, -1412, -88, 0, 255, 0
L -544, -1412, -82, -574, -1414, -88, 0, 0, 240
L -574, -1414, -88, -588, -1389, -90, 0, 0, 240
L -588, -1389, -90, -616, -1375, -94, 0, 0, 240
L -616, -1375, -94, -616, -1363, -95, 0, 0, 240
L -616, -1363, -95, -588, -1348, -99, 0, 0, 240
L -588, -1348, -99, -574, -1336, -101, 0, 0, 240
L -574, -1336, -101, -574, -1300, -96, 0, 0, 240
L -574, -1300, -96, -546, -1300, -103, 0, 0, 240
L -546, -1300, -103, -531, -1289, -99, 0, 0, 240
L -518, -1274, -102, -518, -1246, -103, 0, 0, 240
L -518, -1246, -103, -533, -1203, -98, 0, 0, 240
L -533, -1203, -98, -538, -1194, -101, 0, 0, 240
L -538, -1194, -101, -546, -1190, -98, 0, 0, 240
L -546, -1190, -98, -569, -1190, -100, 0, 0, 240
L -569, -1190, -100, -573, -1196, -99, 0, 0, 240
L -573, -1196, -99, -587, -1198, -103, 0, 0, 240
L -587, -1198, -103, -600, -1217, -99, 0, 0, 240
L -600, -1217, -99, -600, -1245, -99, 0, 0, 240
L -600, -1245, -99, -586, -1287, -95, 0, 0, 240
L -586, -1287, -95, -598, -1295, -92, 0, 0, 240
L -598, -1295, -92, -598, -1313, -91, 0, 0, 240
L -598, -1313, -91, -615, -1332, -87, 0, 0, 240
L -615, -1332, -87, -632, -1348, -86, 0, 0, 240
L -632, -1348, -86, -642, -1365, -86, 0, 0, 240
L -642, -1365, -86, -642, -1371, -86, 0, 0, 240
L -642, -1371, -86, -632, -1388, -86, 0, 0, 240
L -632, -1388, -86, -614, -1410, -86, 0, 0, 240
L -614, -1410, -86, -595, -1419, -87, 0, 0, 240
L -595, -1419, -87, -586, -1429, -86, 0, 0, 240
L -586, -1429, -87, -586, -1435, -86, 0, 0, 240
L -586, -1435, -86, -572, -1455, -86, 0, 0, 240
L -572, -1455, -86, -572, -1458, -87, 0, 0, 240
L -572, -1458, -87, -547, -1480, -86, 0, 0, 240
L -547, -1480, -86, -530, -1525, -86, 0, 0, 240
L -530, -1525, -87, -551, -1540, -86, 0, 0, 240
L -551, -1540, -86, -579, -1554, -86, 0, 0, 240
L -579, -1554, -86, -596, -1573, -87, 0, 0, 240
L -596, -1573, -87, -614, -1599, -86, 0, 0, 240
L -614, -1599, -86, -614, -1626, -86, 0, 0, 240
L -614, -1626, -86, -597, -1644, -87, 0, 0, 240
L -597, -1644, -87, -579, -1664, -87, 0, 0, 240
L -579, -1664, -87, -557, -1680, -83, 0, 0, 240
L -557, -1680, -83, -556, -1619, -83, 0, 0, 240
L -556, -1619, -83, -543, -1610, -82, 0, 255, 0
L -543, -1610, -82, -535, -1606, -81, 0, 255, 0
L -535, -1606, -81, -519, -1606, -80, 0, 255, 0
L -519, -1606, -80, -501, -1614, -79, 0, 255, 0
L -501, -1614, -79, -470, -1610, -77, 0, 255, 0
L -470, -1610, -77, -446, -1635, -77, 0, 255, 0
L -446, -1635, -77, -446, -1678, -77, 0, 255, 0
L -446, -1678, -77, -470, -1698, -77, 0, 255, 0
L -470, -1698, -77, -489, -1694, -77, 0, 255, 0
L -489, -1694, -77, -501, -1686, -79, 0, 255, 0
L -501, -1686, -79, -512, -1696, -80, 0, 255, 0
L -512, -1696, -80, -525, -1696, -80, 0, 255, 0
L -525, -1696, -80, -535, -1692, -82, 0, 255, 0
L -535, -1692, -82, -543, -1694, -82, 0, 255, 0
L -543, -1694, -82, -557, -1680, -83, 0, 255, 0
L -557, -1620, -83, -580, -1628, -86, 0, 0, 240
L -580, -1628, -86, -580, -1598, -87, 0, 0, 240
L -580, -1598, -87, -552, -1572, -87, 0, 0, 240
L -552, -1572, -87, -532, -1564, -87, 0, 0, 240
L -532, -1564, -87, -511, -1546, -86, 0, 0, 240
L -511, -1546, -87, -488, -1566, -87, 0, 0, 240
L -488, -1566, -87, -488, -1570, -87, 0, 0, 240
L -488, -1570, -87, -447, -1594, -86, 0, 0, 240
L -447, -1594, -86, -432, -1608, -86, 0, 0, 240
L -432, -1612, -87, -432, -1608, -86, 0, 0, 240
L -432, -1612, -87, -405, -1636, -86, 0, 0, 240
L -405, -1636, -86, -346, -1660, -87, 0, 0, 240
L -344, -1621, -86, -406, -1610, -87, 0, 0, 240
L -406, -1610, -87, -407, -1581, -86, 0, 0, 240
L -407, -1581, -86, -434, -1568, -87, 0, 0, 240
L -434, -1568, -87, -449, -1553, -86, 0, 0, 240
L -449, -1553, -87, -447, -1534, -83, 0, 0, 240
L -346, -1660, -87, -344, -1621, -86, 199, 21, 133
L -517, -1285, -83, -515, -1283, -83, 139, 69, 19
L -515, -1283, -83, -543, -1253, -83, 139, 69, 19
L -543, -1253, -83, -546, -1255, -83, 139, 69, 19
L -546, -1255, -83, -517, -1285, -83, 139, 69, 19
L -523, -1290, -83, -526, -1292, -83, 139, 69, 19
L -526, -1292, -83, -548, -1256, -83, 139, 69, 19
L -548, -1256, -83, -545, -1255, -83, 139, 69, 19
L -545, -1255, -83, -523, -1290, -83, 139, 69, 19
L -561, -1244, -83, -561, -1241, -83, 139, 69, 19
L -561, -1241, -83, -602, -1234, -83, 139, 69, 19
L -602, -1234, -83, -603, -1236, -83, 139, 69, 19
L -603, -1236, -83, -561, -1244, -83, 139, 69, 19
L -563, -1237, -83, -562, -1234, -83, 139, 69, 19
L -562, -1234, -83, -602, -1223, -83, 139, 69, 19
L -602, -1223, -83, -603, -1226, -83, 139, 69, 19
L -603, -1226, -83, -563, -1237, -83, 139, 69, 19
L -554, -1236, -83, -551, -1236, -83, 139, 69, 19
L -551, -1236, -83, -546, -1184, -83, 139, 69, 19
L -546, -1184, -83, -550, -1183, -83, 139, 69, 19
L -550, -1183, -83, -554, -1236, -83, 139, 69, 19
L -569, -1190, -89, -568, -1187, -83, 0, 255, 0
L -568, -1187, -83, -557, -1174, -85, 0, 255, 0
L -557, -1174, -85, -573, -1174, -83, 0, 255, 0
L -573, -1174, -83, -587, -1160, -83, 0, 255, 0
L -587, -1160, -83, -614, -1160, -83, 0, 255, 0
L -614, -1160, -83, -614, -1120, -89, 0, 255, 0
L -602, -1108, -89, -602, -1148, -84, 0, 255, 0
L -602, -1148, -83, -587, -1148, -83, 0, 255, 0
L -587, -1148, -83, -575, -1134, -83, 0, 255, 0
L -614, -1120, -89, -602, -1108, -89, 240, 0, 255
L -575, -1134, -83, -548, -1148, -83, 0, 255, 0
L -548, -1148, -83, -546, -1176, -83, 0, 255, 0
L -546, -1176, -83, -538, -1180, -83, 0, 255, 0
L -538, -1180, -83, -538, -1194, -83, 0, 255, 0
L -600, -1217, -87, -621, -1212, -84, 0, 255, 0
L -621, -1212, -84, -631, -1212, -83, 0, 255, 0
L -631, -1212, -83, -636, -1214, -85, 0, 255, 0
L -636, -1214, -85, -636, -1241, -86, 0, 255, 0
L -636, -1241, -86, -646, -1253, -84, 0, 255, 0
L -646, -1253, -84, -658, -1269, -82, 0, 255, 0
L -658, -1269, -82, -658, -1275, -82, 0, 255, 0
L -658, -1275, -82, -647, -1288, -83, 0, 255, 0
L -647, -1288, -83, -631, -1292, -83, 0, 255, 0
L -631, -1292, -83, -618, -1285, -81, 0, 255, 0
L -618, -1285, -81, -618, -1263, -81, 0, 255, 0
L -618, -1263, -81, -623, -1252, -84, 0, 255, 0
L -623, -1252, -84, -609, -1248, -83, 0, 255, 0
L -609, -1248, -83, -602, -1244, -83, 0, 255, 0
L -83, -378, -47, -56, -378, -47, 0, 0, 240
L -56, -378, -47, -42, -392, -47, 0, 0, 240
L -42, -392, -47, -13, -406, -46, 0, 0, 240
L -13, -406, -45, 14, -392, -45, 0, 0, 240
L 14, -392, -45, 28, -392, -45, 0, 0, 240
L 28, -392, -45, 79, -372, -45, 0, 0, 240
L 101, -366, -45, 100, -362, -40, 0, 0, 240
L 101, -366, -45, 98, -366, -45, 0, 0, 240
L 98, -366, -45, 79, -372, -45, 0, 0, 240
L 111, -366, -45, 108, -366, -45, 0, 0, 240
L 108, -366, -45, 110, -362, -40, 0, 0, 240
L 111, -366, -45, 111, -377, -41, 0, 0, 240
L 73, -532, -13, 70, -532, -13, 255, 165, 0
L 70, -532, -13, 73, -508, -27, 255, 165, 0
L 73, -508, -27, 75, -508, -27, 255, 165, 0
L 75, -508, -27, 73, -532, -13, 255, 165, 0
L 70, -532, -13, 70, -558, -11, 0, 0, 0
L 70, -558, -11, 84, -568, -12, 0, 0, 0
L 84, -568, -12, 98, -572, -10, 0, 0, 0
L 98, -572, -10, 152, -572, -15, 0, 0, 0
L 152, -572, -15, 152, -532, -15, 0, 0, 0
L 152, -532, -15, 180, -447, -12, 0, 0, 0
L 180, -447, -12, 180, -418, -13, 0, 0, 0
L 180, -418, -13, 195, -418, -13, 0, 0, 0
L 195, -418, -13, 222, -405, -13, 0, 0, 0
L 222, -405, -13, 209, -393, -12, 150, 150, 150
L 209, -393, -12, 180, -407, -13, 0, 0, 0
L 180, -407, -11, 180, -378, -11, 0, 0, 0
L 180, -378, -11, 167, -365, -12, 0, 0, 0
L 167, -365, -12, 140, -378, -13, 0, 0, 0
L 140, -378, -13, 140, -405, -13, 0, 0, 0
L 140, -405, -13, 169, -433, -12, 0, 0, 0
L 169, -433, -12, 140, -462, -13, 0, 0, 0
L 140, -462, -13, 126, -462, -13, 0, 0, 0
L 125, -488, -13, 141, -488, -13, 0, 0, 0
L 141, -488, -13, 140, -518, -13, 0, 0, 0
L 125, -488, -13, 126, -462, -13, 150, 150, 150
L 140, -518, -13, 126, -546, -13, 0, 0, 0
L 126, -546, -13, 98, -546, -10, 0, 0, 0
L 98, -546, -10, 83, -546, -13, 0, 0, 0
L 83, -546, -13, 83, -531, -13, 0, 0, 0
L 208, -403, -13, 217, -398, 0, 255, 165, 0
L 217, -398, 0, 215, -395, 0, 255, 165, 0
L 215, -395, 0, 206, -401, -13, 255, 165, 0
L 206, -401, -13, 208, -403, -13, 255, 165, 0
L 222, -405, -13, 233, -404, 0, 0, 0, 0
L 233, -404, 0, 236, -398, 0, 0, 0, 0
L 236, -398, 0, 221, -384, 1, 0, 0, 0
L 221, -384, 1, 208, -378, 1, 0, 0, 0
L 208, -378, 0, 208, -335, 0, 0, 0, 0
L 208, -335, 0, 236, -321, 0, 0, 0, 0
L 236, -321, 0, 236, -308, 0, 0, 0, 0
L 236, -308, 0, 231, -292, 0, 0, 0, 0
L 231, -292, 0, 222, -280, -1, 0, 0, 0
L 222, -280, -1, 222, -266, 0, 0, 0, 0
L 222, -266, 0, 167, -238, 0, 0, 0, 0
L 167, -238, 0, 153, -224, 0, 0, 0, 0
L 153, -224, 0, 140, -224, 0, 0, 0, 0
L 140, -224, 0, 126, -238, 0, 0, 0, 0
L 126, -238, 0, 112, -238, 0, 0, 0, 0
L 112, -238, 0, 112, -264, 0, 0, 0, 0
L 112, -264, 0, 126, -264, 0, 0, 0, 0
L 126, -264, 0, 140, -278, 0, 0, 0, 0
L 140, -278, 0, 153, -278, 0, 0, 0, 0
L 153, -278, 0, 167, -264, 0, 0, 0, 0
L 167, -264, 0, 196, -264, 0, 0, 0, 0
L 196, -264, 0, 202, -273, 0, 0, 0, 0
L 202, -273, 0, 211, -280, 0, 0, 0, 0
L 211, -280, 0, 200, -284, 0, 0, 0, 0
L 200, -284, 0, 182, -294, 0, 0, 0, 0
L 182, -294, 0, 168, -294, 0, 0, 0, 0
L 168, -294, 0, 149, -302, -2, 0, 0, 0
L 149, -302, -2, 126, -281, -4, 0, 0, 0
L 126, -281, -4, 97, -266, -2, 0, 0, 0
L 97, -266, -3, 83, -252, -2, 0, 0, 0
L 41, -252, -1, 83, -252, -2, 0, 0, 0
L -26, -278, -13, -42, -278, -13, 0, 0, 0
L -42, -278, -13, -42, -282, -13, 0, 0, 0
L -42, -282, -13, -28, -282, -13, 0, 0, 0
L -28, -282, -13, -24, -286, -13, 0, 0, 0
L -24, -286, -13, -24, -301, -13, 0, 0, 0
L -24, -301, -13, -28, -303, -13, 0, 0, 0
L -28, -303, -13, -28, -308, -13, 0, 0, 0
L -28, -308, -13, 0, -308, -13, 0, 0, 0
L 0, -308, -13, 13, -308, -13, 0, 0, 240
L -139, -364, -13, -139, -360, -13, 0, 0, 0
L -139, -360, -13, -163, -360, -13, 0, 0, 0
L -163, -360, -13, -167, -357, -13, 0, 0, 0
L -167, -357, -13, -167, -339, -13, 0, 0, 0
L -167, -339, -13, -173, -337, -13, 0, 0, 0
L -173, -337, -13, -181, -331, -13, 0, 0, 0
L -181, -331, -13, -181, -301, -13, 0, 0, 0
L -181, -301, -13, -176, -294, -13, 0, 0, 0
L -176, -294, -13, -154, -294, -13, 0, 0, 0
L -154, -294, -13, -148, -300, -13, 0, 0, 0
L -148, -300, -13, -144, -308, -13, 0, 0, 0
L -144, -308, -13, -125, -308, -14, 0, 0, 0
L -125, -308, -14, -125, -304, -14, 0, 0, 0
L -125, -304, -14, -110, -294, -14, 0, 0, 0
L -110, -294, -14, -111, -265, 0, 0, 0, 0
L 9, -310, -28, 4, -310, -28, 139, 69, 19
L 41, -264, 0, 56, -264, 0, 0, 0, 0
L 56, -264, 0, 84, -279, -1, 0, 0, 0
L 84, -279, -1, 84, -292, 0, 0, 0, 0
L 84, -292, 0, 98, -292, 0, 0, 0, 0
L 98, -292, 0, 126, -320, 0, 0, 0, 0
L 126, -320, 0, 153, -320, 0, 0, 0, 0
L 153, -320, 0, 167, -306, 0, 0, 0, 0
L 167, -306, 0, 182, -306, 0, 0, 0, 0
L 182, -306, 0, 196, -321, 0, 0, 0, 0
L 196, -321, 0, 196, -336, 0, 0, 0, 0
L 196, -336, 0, 167, -365, -12, 0, 0, 0
L 209, -393, -12, 198, -383, 0, 0, 0, 0
L 198, -383, 0, 180, -378, -11, 0, 0, 0
L 25, -471, -27, 28, -471, -27, 255, 165, 0
L 28, -471, -27, 28, -445, -13, 255, 165, 0
L 28, -445, -13, 25, -445, -13, 255, 165, 0
L 25, -445, -13, 25, -471, -27, 255, 165, 0
L 28, -588, -27, 28, -574, -27, 0, 0, 0
L 14, -362, -83, 14, -373, -89, 0, 0, 240
L 14, -373, -89, 38, -396, -86, 0, 0, 240
L 38, -396, -86, 44, -429, -92, 0, 0, 240
L 44, -429, -92, 27, -428, -92, 0, 0, 240
L 27, -428, -92, 20, -425, -90, 0, 0, 240
L 20, -425, -90, 27, -440, -94, 0, 0, 240
L 27, -440, -94, 42, -442, -95, 0, 0, 240
L 42, -442, -95, 54, -439, -98, 0, 0, 240
L 54, -439, -98, 55, -419, -99, 0, 0, 240
L 55, -419, -99, 63, -404, -97, 0, 0, 240
L 63, -404, -97, 91, -404, -95, 0, 0, 240
L 91, -404, -95, 105, -400, -91, 0, 0, 240
L 105, -400, -91, 124, -391, -87, 0, 0, 240
L 124, -391, -87, 124, -369, -87, 0, 0, 240
L 0, -446, -83, 0, -420, -83, 0, 255, 0
L 0, -420, -83, 13, -420, -83, 0, 255, 0
L 13, -420, -83, 20, -425, -83, 0, 255, 0
L 0, -446, -83, 12, -447, -83, 0, 255, 0
L 12, -447, -83, 20, -444, -83, 0, 255, 0
L 20, -444, -83, 27, -440, -87, 0, 0, 240
L 51, -333, -83, 51, -331, -83, 255, 165, 0
L 51, -331, -83, 56, -331, -68, 255, 165, 0
L 56, -331, -68, 56, -333, -68, 255, 165, 0
L 56, -333, -68, 51, -333, -83, 255, 165, 0
L 55, -350, -83, 55, -320, -83, 0, 255, 0
L 55, -320, -83, 84, -320, -83, 0, 255, 0
L 84, -320, -83, 84, -350, -83, 0, 255, 0
L 84, -350, -83, 55, -350, -83, 0, 255, 0
L 88, -338, -83, 88, -335, -83, 255, 165, 0
L 88, -335, -83, 83, -335, -68, 255, 165, 0
L 83, -335, -68, 83, -338, -68, 255, 165, 0
L 83, -338, -68, 88, -338, -83, 255, 165, 0
L 41, -728, -153, 55, -742, -153, 0, 0, 0
L 55, -742, -153, 54, -755, -153, 0, 0, 0
L 54, -755, -153, 41, -769, -153, 0, 0, 0
L 28, -768, -153, 14, -755, -153, 0, 0, 0
L 14, -755, -153, 14, -742, -153, 0, 0, 0
L 14, -742, -153, 28, -728, -153, 0, 0, 0
L 28, -728, -153, 41, -728, -153, 0, 0, 0
L -40, 68, 0, -50, 68, 0, 0, 0, 0
L -40, 56, 0, -50, 56, 0, 0, 0, 0
L -294, -13, -97, -306, -13, -97, 240, 240, 0
L -294, -15, -97, -294, -13, -97, 0, 255, 0
L -294, -15, -97, -306, -15, -97, 240, 240, 0
L -306, -15, -97, -306, -28, -97, 0, 255, 0
L -306, -15, -97, -306, -15, -97, 0, 0, 0
L 392, -260, -15, 392, -264, -15, 0, 0, 0
L 494, -161, -28, 489, -158, -28, 0, 0, 0
L 392, -162, -28, 398, -158, -28, 0, 0, 0
L 334, -238, -41, 334, -194, -27, 0, 0, 0
L 294, -396, -69, 294, -394, -69, 0, 255, 0
L 320, -396, -69, 320, -420, -69, 0, 255, 0
L 294, -396, -69, 320, -396, -69, 240, 240, 0
L -344, -1621, -86, -329, -1627, -86, 0, 0, 240
L -346, -1660, -87, -329, -1660, -87, 0, 0, 240
L -336, -1440, -97, -348, -1440, -97, 0, 255, 0
L -348, -1440, -97, -348, -1400, -97, 0, 255, 0
L -360, -1358, -97, -360, -1370, -97, 0, 255, 0
L 43, -1526, -98, 83, -1552, -99, 0, 0, 240
L 83, -1552, -99, 93, -1552, -99, 0, 0, 240
L 76, -1517, -99, 83, -1517, -99, 0, 0, 240
L 182, -1202, -83, 182, -1213, -83, 0, 255, 0
L 195, -1202, -83, 195, -1213, -83, 0, 255, 0
L 192, -94, -17, 196, -100, -17, 0, 0, 240
L 495, -264, -13, 494, -260, -15, 0, 0, 0
L -222, -1286, -97, -222, -1260, -97, 0, 255, 0
L -222, -1260, -97, -222, -1202, -83, 0, 255, 0
L -196, -1176, -83, -236, -1176, -83, 0, 255, 0
L -254, -1176, -83, -308, -1176, -69, 0, 255, 0
L -254, -1176, -83, -236, -1176, -83, 0, 255, 0
L -448, -602, -83, -446, -629, -83, 150, 150, 150
L 20, -839, -80, 20, -823, -80, 139, 69, 19
L 1, -934, -81, 1, -924, -80, 139, 69, 19
L 25, -894, -74, 29, -894, -74, 139, 69, 19
L 27, -877, -72, 29, -877, -72, 139, 69, 19
L 6, -870, -71, 21, -878, -72, 127, 64, 0
L 29, -862, -73, 35, -859, -74, 139, 69, 19
L 55, -839, -147, 55, -801, -147, 0, 0, 240
L 55, -801, -147, 42, -823, -147, 0, 0, 240
L 42, -823, -147, 42, -837, -167, 0, 0, 240
L 47, -845, -147, 55, -839, -147, 0, 0, 240
L 28, -768, -153, 28, -770, -167, 0, 0, 240
L 41, -769, -153, 41, -770, -167, 0, 0, 240
L 28, -770, -167, 41, -770, -167, 0, 0, 240
L -22, -890, -98, -41, -894, -98, 127, 64, 0
L -84, -1444, -111, -84, -1444, -111, 0, 0, 240
L -84, -1444, -111, -84, -1381, -111, 0, 0, 240
L -614, -1120, -89, -614, -1103, -89, 0, 255, 0
L -602, -1108, -89, -602, -1103, -89, 0, 255, 0
L 69, -574, -20, 69, -614, -20, 0, 240, 240
L 56, -603, -20, 56, -586, -20, 0, 240, 240
L 28, -574, -27, 41, -574, -27, 0, 0, 0
L 69, -574, -20, 56, -574, -20, 0, 240, 240
L 56, -574, -20, 53, -574, -22, 0, 240, 240
L 56, -603, -20, 56, -614, -20, 150, 150, 150
L 69, -614, -20, 56, -614, -20, 0, 240, 240
L 28, -614, -12, 28, -588, -12, 0, 240, 240
L 28, -588, -12, 28, -588, -12, 0, 0, 0
L 28, -588, -12, 41, -588, -12, 0, 240, 240
L 41, -600, -12, 41, -603, -12, 0, 240, 240
L 41, -603, -12, 41, -614, -12, 150, 150, 150
L 56, -603, -20, 52, -603, -18, 0, 240, 240
L 28, -614, -12, 41, -614, -12, 0, 240, 240
L 56, -614, -20, 52, -614, -18, 0, 240, 240
L 42, -587, 0, 42, -574, 0, 0, 240, 240
L 64, -587, 0, 42, -587, 0, 0, 240, 240
L 63, -574, 0, 61, -574, 0, 0, 240, 240
L 69, -614, 0, 42, -614, 0, 0, 240, 240
L 42, -574, 0, 69, -574, 0, 0, 240, 240
L 42, -614, 0, 42, -602, 0, 0, 240, 240
L 69, -574, 0, 69, -614, 0, 0, 240, 240
L 64, -588, 0, 64, -588, 0, 0, 240, 240
L 64, -587, 0, 64, -588, 0, 0, 240, 240
L 64, -602, 0, 64, -602, 0, 0, 240, 240
L 64, -602, 0, 42, -602, 0, 0, 240, 240
L 64, -588, 0, 64, -587, 0, 0, 240, 240
L 64, -588, 0, 64, -600, 0, 150, 150, 150
L 64, -588, 0, 64, -588, 0, 0, 0, 0
L 64, -600, 0, 64, -602, 0, 0, 240, 240
L 64, -600, 0, 61, -600, -1, 0, 240, 240
L 64, -588, 0, 61, -588, -1, 0, 240, 240
L 41, -600, -12, 41, -588, -12, 150, 150, 150
L 41, -586, -27, 41, -574, -27, 150, 150, 150
L 56, -586, -20, 56, -574, -20, 150, 150, 150
L 49, -586, -24, 45, -586, -26, 0, 240, 240
L 49, -574, -24, 45, -574, -26, 0, 240, 240
L 49, -586, -24, 49, -574, -24, 150, 150, 150
L 53, -586, -22, 49, -586, -24, 0, 240, 240
L 53, -574, -22, 49, -574, -24, 0, 240, 240
L 53, -586, -22, 53, -574, -22, 150, 150, 150
L 45, -586, -26, 41, -586, -27, 0, 240, 240
L 45, -574, -26, 41, -574, -27, 0, 240, 240
L 45, -586, -26, 45, -574, -26, 150, 150, 150
L 52, -600, -6, 49, -600, -8, 0, 240, 240
L 52, -588, -6, 49, -588, -8, 0, 240, 240
L 52, -600, -6, 52, -588, -6, 150, 150, 150
L 58, -600, -3, 55, -600, -4, 0, 240, 240
L 58, -588, -3, 55, -588, -4, 0, 240, 240
L 58, -600, -3, 58, -588, -3, 150, 150, 150
L 47, -600, -9, 44, -600, -11, 0, 240, 240
L 47, -588, -9, 44, -588, -11, 0, 240, 240
L 47, -600, -9, 47, -588, -9, 150, 150, 150
L 44, -600, -11, 41, -600, -12, 0, 240, 240
L 44, -588, -11, 41, -588, -12, 0, 240, 240
L 44, -600, -11, 44, -588, -11, 150, 150, 150
L 49, -600, -8, 47, -600, -9, 0, 240, 240
L 49, -588, -8, 47, -588, -9, 0, 240, 240
L 49, -600, -8, 49, -588, -8, 150, 150, 150
L 55, -600, -4, 52, -600, -6, 0, 240, 240
L 55, -588, -4, 52, -588, -6, 0, 240, 240
L 55, -600, -4, 55, -588, -4, 150, 150, 150
L 61, -600, -1, 58, -600, -3, 0, 240, 240
L 61, -588, -1, 58, -588, -3, 0, 240, 240
L 61, -600, -1, 61, -588, -1, 150, 150, 150
L 49, -603, -16, 45, -603, -14, 0, 240, 240
L 49, -614, -16, 45, -614, -14, 0, 240, 240
L 49, -603, -16, 49, -614, -16, 150, 150, 150
L 45, -603, -14, 41, -603, -12, 0, 240, 240
L 45, -614, -14, 41, -614, -12, 0, 240, 240
L 45, -603, -14, 45, -614, -14, 150, 150, 150
L 52, -603, -18, 49, -603, -16, 0, 240, 240
L 52, -614, -18, 49, -614, -16, 0, 240, 240
L 52, -603, -18, 52, -614, -18, 150, 150, 150
