P 1030.1238, -125.9229, -3.9990, 255, 0, 0, 3, to_The_Crypt_of_Nadox
P 924.0000, -107.0000, -2.1875, 255, 0, 0, 2, Succor
P -122.0980, 88.8824, 60.0010, 255, 255, 255, 2, Stern
P 191.5455, -235.1584, 62.6422, 255, 255, 255, 2, Cannon_Room
P -91.8425, -1105.9539, -607.9988, 255, 255, 255, 2, Torture_Room
P -68.9783, -884.6952, -607.9988, 255, 255, 255, 2, Cargo_Hold
P -462.4127, -1107.7897, -607.9988, 255, 255, 255, 2, Medical_Bay
P -1556.4158, -1002.9189, -562.9990, 255, 255, 255, 2, Map_Room
P -1281.6193, -897.8423, -609.9988, 255, 255, 255, 2, Treasure_Room
P -737.7072, -955.7061, -607.9988, 255, 255, 255, 2, Engine_Room
P -1475.9387, -955.1221, -571.9988, 0, 127, 127, 2, B2:_Up_Ladder_to_B1,_Upper_Deck
P 86.6361, -1135.9098, -609.9990, 0, 127, 127, 2, A2:_Climb_Ladder_For_Teleport_to_A1
P 911.2341, -61.2828, -3.9990, 0, 127, 127, 2, A1:_Down_Ladder_to_A2,_Lower_Decks
P 1061.5001, 31.6877, -287.9990, 255, 255, 0, 2, Click_To_Leave_Boss_Room
P 1358.0901, 292.6230, 70.7419, 255, 255, 0, 2, Boss_Room_(click_door)
P 35.1631, 176.3364, 62.0010, 255, 255, 0, 2, B1:_Down_Ladder_to_B2,_Lower_Decks
P 1355.0000, 290.0000, 0.0000, 255, 255, 0, 2, Door_to_C
P 1066.0000, 43.0000, -288.0000, 255, 255, 0, 2, Door_to_C
P -1479.0000, -946.0000, -572.0000, 255, 255, 0, 2, Ladder_B
P 18.0000, 181.0000, 60.0000, 255, 255, 0, 2, Ladder_B
P 931.0000, -63.0000, -6.0000, 255, 255, 0, 2, Ladder_A
P 87.0000, -1137.0000, -610.0000, 255, 255, 0, 2, Ladder_A
P 1108.4651, 48.3374, -287.7719, 0, 0, 0, 2, Attendant_Mi`Ta
P -1316.7107, -919.5965, -609.9988, 0, 0, 0, 2, Ralo_the_Black
P -430.5740, -1002.3112, -609.9976, 0, 0, 0, 2, the_Drunken_Buccaneer
P 1204.0000, 8.0000, -292.0000, 240, 127, 0, 2, Captain_Krasnok_(Raid)
P 419.2314, -129.7458, 29.8580, 127, 64, 0, 2, Cabin_Gnome_Fitzgerald_(Hunter)
P 1016.1446, 302.6501, -2.4612, 127, 64, 0, 2, Chef_Gokig_(Hunter)
P 705.6589, 434.7669, 61.5423, 127, 64, 0, 2, Harbinger_Iinati_(Hunter)
P -1518.9049, -1003.9181, -569.7006, 127, 64, 0, 2, High_Priest_Anaanci_(Hunter)
P -142.6906, 248.3655, 68.4440, 127, 64, 0, 2, Lieutenant_Commander_Vzain_(Hunter)
P -134.0331, -1057.0443, -608.4622, 127, 64, 0, 2, the_Luggald_Interrogator_(Hunter)
P -523.9202, -1002.8307, -600.4432, 127, 64, 0, 2, Quartermaster_Fisan_(Hunter)
P 389.4808, 329.2844, -66.4480, 127, 64, 0, 2, Scout_Shin`Ci_(Hunter)
P -816.3788, -989.8157, -608.4540, 127, 64, 0, 2, Serang_Vikch_(Hunter)
P -1234.0000, -854.0000, -600.0000, 127, 64, 0, 2, Shoqui_the_Forgotten_(Hunter)
P 141.3024, -168.5560, -2.3512, 127, 64, 0, 2, Uumuvan_the_Souless_(Hunter)

