P 1364.0000, -599.0000, 324.0000, 255, 0, 0, 3, to_Laurion_Inn
P 1329.0000, -565.0000, 324.3434,  255, 0, 0,  2,  Succor
P 1296.0000, -541.0000, 324.0000, 0, 127, 127, 2, Elmara_Emberclaw_(Quests)
P 1368.0000, -553.0000, 324.0000, 0, 127, 127, 2, Elmara`s_Journal_(Quests)
P 1018.0000, -62.0000, 121.0000, 0, 127, 127, 2, Candide_Bildung_(Quests)
P 1015.0000, -38.0000, 117.0000, 0, 0, 0, 2, Martin
P 584.2732, 284.8251, -14.1023, 0, 0, 0, 2, Emrick_Fintkarst
P 1107.7927, -328.0176, 192.3035, 127, 64, 0, 2, Alloy_(Hunter)
P 328.5670, -800.8921, 106.1652, 127, 64, 0, 2, Arcanaforged_(Hunter,Roam)
P -1408.5082, -1662.6176, -68.1631, 127, 64, 0, 2, Geomimus_(Hunter)
P 362.6698, 295.9882, -5.6412, 127, 64, 0, 2, Goliath_Forge_Frog_(Hunter)
P 1158.2233, -171.5799, 192.4204, 127, 64, 0, 2, Ingot_(Hunter)
P -1339.9064, 1226.2439, 999.4945, 127, 64, 0, 2, Kindleheart_(Hunter)
P -902.6856, 527.1805, 376.1811, 127, 64, 0, 2, Terrastride_(Hunter)
P 1188.9893, 825.5092, 113.1264, 127, 64, 0, 2, Valorforged_(Hunter)
P 1094.9225, -282.9216, 192.3035, 127, 64, 0, 2, Alloy_(Hunter)
P 1060.0798, -293.5391, 192.3035, 127, 64, 0, 2, Alloy_(Hunter)
P 1050.3760, -333.7953, 192.3035, 127, 64, 0, 2, Alloy_(Hunter)
P 1192.1583, -196.8233, 192.4204, 127, 64, 0, 2, Ingot_(Hunter)
P 1187.7668, -240.3138, 192.4204, 127, 64, 0, 2, Ingot_(Hunter)
P 1151.9999, -203.7574, 192.4203, 127, 64, 0, 2, Ingot_(Hunter)
P -1018.2567, 458.4995, 380.5973, 127, 64, 0, 2, Terrastride_(Hunter,Roam)
P -1079.7252, 430.7987, 377.3457, 127, 64, 0, 2, Terrastride_(Hunter,Roam)
P -1215.4186, 647.2773, 470.0908, 127, 64, 0, 2, Terrastride_(Hunter)
P -1235.2438, 1111.3053, 977.2715, 127, 64, 0, 2, Kindleheart_(Hunter)
P -1205.6320, 1158.4165, 971.6312, 127, 64, 0, 2, Kindleheart_(Hunter)
P -1395.4166, 1223.0591, 998.3698, 127, 64, 0, 2, Kindleheart_(Hunter)
P -1453.6809, -1554.0614, -87.4467, 127, 64, 0, 2, Geomimus_(Hunter)
P -1616.4711, -1651.4745, -28.7273, 127, 64, 0, 2, Geomimus_(Hunter)
P -1428.0165, -1765.0679, -17.5794, 127, 64, 0, 2, Geomimus_(Hunter)
P 45.5244, -739.0781, 127.5542, 127, 64, 0, 2, Archanaforged_(Hunter)
P 253.3528, -881.1602, 120.5775, 127, 64, 0, 2, Archanaforged_(Hunter,Roam)
P 329.2520, -670.7538, 129.2239, 127, 64, 0, 2, Archanaforged_(Hunter)
P 402.0646, 340.7939, 8.6406, 127, 64, 0, 2, Goliath_Forge_Frog_(Hunter)
P 1366.4113, 687.8365, 76.6278, 127, 64, 0, 2, Valorforged_(Hunter,Roam)
P 965.6129, 1390.6055, 3.8067, 127, 64, 0, 2, Battleforged_(Hunter)
P 1196.7795, 1255.3718, 3.8067, 127, 64, 0, 2, Battleforged_(Hunter)
P 288.2133, 197.8448, 8.5111, 127, 64, 0, 2, Goliath_Forge_Frog_(Hunter)
P 320.0096, 292.1120, 5.7359, 127, 64, 0, 2, Goliath_Forge_Frog_(Hunter)
P 1254.0057, 834.3942, 114.0188, 127, 64, 0, 2, Valorforged_(Hunter)
P 885.2587, 1506.9056, 3.8060, 127, 64, 0, 2, Battleforged_(Hunter)
P 1063.9983, -544.0402, 221.3653, 255, 255, 255, 1, .
P 1353.7693, -441.0829, 221.5035, 255, 255, 255, 1, .
P -365.5907, 1604.9513, 694.9077, 255, 255, 255, 1, .
P -172.4440, 2404.2642, 354.3830, 255, 255, 255, 1, .
P 526.3123, 308.5671, -16.2360, 255, 255, 255, 1, .
P 578.4695, -257.1637, -0.7190, 255, 255, 255, 1, .
P 692.4608, -319.7550, -0.5835, 255, 255, 255, 1, .
P 753.8214, -717.2213, 1.3171, 255, 255, 255, 1, .
P 392.7683, -377.9984, 21.5984, 255, 255, 255, 1, .
P 613.3823, -342.5385, -0.7192, 255, 255, 255, 1, .
P 1157.7761, 213.2124, 38.3537, 255, 255, 255, 1, .
P 1602.7306, 66.4948, 116.5726, 255, 255, 255, 1, .
P 1020.2740, -143.0036, 124.4967, 255, 255, 255, 1, .
P 939.5682, -396.9145, 196.4203, 255, 255, 255, 1, .
P 1140.1167, -467.5077, 221.3915, 255, 255, 255, 1, .
P 1207.5475, -601.1276, 221.6905, 255, 255, 255, 1, .
P 1087.6703, -581.9571, 221.0769, 255, 255, 255, 1, .
P 968.9637, -278.8581, 195.2933, 255, 255, 255, 1, .
P 1264.4318, -248.6626, 221.0765, 255, 255, 255, 1, .
P 1157.7527, -129.5685, 192.4203, 255, 255, 255, 1, .
P 1354.6808, -439.9560, 221.5181, 255, 255, 255, 1, .
P 1119.2865, -272.0152, 192.3035, 255, 255, 255, 1, .
P 1117.1256, -341.2062, 192.3035, 255, 255, 255, 1, .
P 812.8489, -15.5397, 48.2553, 255, 255, 255, 1, .
P 1280.2035, 80.2070, 47.3000, 255, 255, 255, 1, .
P -302.6617, 2013.3816, 427.2343, 255, 255, 255, 1, .
P -566.7095, 1678.7732, 735.7039, 255, 255, 255, 1, .
P -1733.9226, 1147.8798, 904.7330, 255, 255, 255, 1, .
P -1700.4230, 1473.3998, 1068.7715, 255, 255, 255, 1, .
P -927.1786, -182.8283, 155.7812, 255, 255, 255, 1, .
P -567.3193, -307.5087, 5.2706, 255, 255, 255, 1, .
P -1384.9196, -1784.9435, -31.1832, 255, 255, 255, 1, .
P -1748.0955, -973.7593, 324.0160, 255, 255, 255, 1, .
P 544.8201, -166.7577, -0.7191, 255, 255, 255, 1, .
P 1148.2422, -188.7077, 221.0767, 255, 255, 255, 1, .
P 1314.8928, -288.1662, 218.0768, 255, 255, 255, 1, .
P 1164.7599, -151.5224, 192.4203, 255, 255, 255, 1, .
P 897.1014, -394.2877, 192.4204, 255, 255, 255, 1, .
P 1059.9762, -525.2957, 197.1174, 255, 255, 255, 1, .
P 681.9316, 784.0541, 0.9796, 255, 255, 255, 1, .
P 784.7226, 1747.6166, -0.0525, 255, 255, 255, 1, .
P -437.9763, 1205.9457, 618.2563, 255, 255, 255, 1, .
P -867.1606, 1332.0637, 934.4090, 255, 255, 255, 1, .
P -1050.1028, 1234.6698, 933.7000, 255, 255, 255, 1, .
P -1714.2733, -875.9698, 413.3897, 255, 255, 255, 1, .
P -790.1974, -630.6274, 132.6288, 255, 255, 255, 1, .
P -261.9468, -520.2927, 4.5136, 255, 255, 255, 1, .
P 158.7587, -300.4329, 32.8424, 255, 255, 255, 1, .
P -110.8627, -202.0080, -0.5561, 255, 255, 255, 1, .
P -556.8781, -1017.3875, 47.9894, 255, 255, 255, 1, .
P -637.7567, -1118.6083, 36.6925, 255, 255, 255, 1, .
P -943.4437, -1324.2531, 49.4813, 255, 255, 255, 1, .
P -961.0790, -1534.0425, 49.5732, 255, 255, 255, 1, .
P -1729.1222, 1594.1146, 1023.5972, 255, 255, 255, 1, .
P -657.0939, 1558.8605, 918.5582, 255, 255, 255, 1, .
P 1239.5800, -575.6774, 307.9497, 255, 255, 255, 1, .
P 926.3264, -287.3926, 184.9677, 255, 255, 255, 1, .
P -1412.7672, 1288.3668, 1006.5876, 255, 255, 255, 1, .
P -1473.6320, 1127.8859, 936.9243, 255, 255, 255, 1, .
P -1599.8921, 1632.8950, 1096.6262, 255, 255, 255, 1, .
P 1041.3424, 142.1790, 4.0288, 255, 255, 255, 1, .
P 853.1664, 735.4274, -0.5412, 255, 255, 255, 1, .
P -1382.2775, -1786.2332, -31.7414, 255, 255, 255, 1, .
P -1619.6598, -1502.8789, -75.8480, 255, 255, 255, 1, .
P -1734.1128, 1148.4092, 905.0542, 255, 255, 255, 1, .
P -448.4641, 1913.8949, 782.0338, 255, 255, 255, 1, .
P -1205.7345, 775.0406, 505.3694, 255, 255, 255, 1, .
P 1231.5714, -174.5453, 177.9352, 255, 255, 255, 1, .
P 794.7697, 629.4771, -0.5236, 255, 255, 255, 1, .
P 1222.6377, -256.7415, 192.4203, 255, 255, 255, 1, .
P 1052.6373, -191.2860, 194.8950, 255, 255, 255, 1, .
