L 1000.0, 0.0, 0.0, 1000.0, -50.0, 0.0, 255, 0, 0
L -20.0, 50.0, 0.0, -50.0, 20.0, 0.0, 255, 0, 0
L 50.0, 20.0, 0.0, 20.0, 50.0, 0.0, 255, 0, 0
L 20.0, -50.0, 0.0, 50.0, -20.0, 0.0, 255, 0, 0
L -50.0, -20.0, 0.0, -20.0, -50.0, 0.0, 255, 0, 0
L -50.0, 20.0, 0.0, -50.0, -20.0, 0.0, 255, 0, 0
L 20.0, 50.0, 0.0, -20.0, 50.0, 0.0, 255, 0, 0
L 50.0, -20.0, 0.0, 50.0, 20.0, 0.0, 255, 0, 0
L -20.0, -50.0, 0.0, 20.0, -50.0, 0.0, 255, 0, 0
L 580.0, -20.0, 0.0, 540.0, -20.0, 0.0, 255, 0, 0
L 580.0, -90.0, 0.0, 580.0, -20.0, 0.0, 255, 0, 0
L 540.0, -90.0, 0.0, 580.0, -90.0, 0.0, 255, 0, 0
L 540.0, -20.0, 0.0, 540.0, -90.0, 0.0, 255, 0, 0
L 520.0, -20.0, 0.0, 480.0, -20.0, 0.0, 255, 0, 0
L 520.0, -90.0, 0.0, 520.0, -20.0, 0.0, 255, 0, 0
L 480.0, -90.0, 0.0, 520.0, -90.0, 0.0, 255, 0, 0
L 480.0, -20.0, 0.0, 480.0, -90.0, 0.0, 255, 0, 0
L 460.0, -90.0, 0.0, 450.0, -80.0, 0.0, 255, 0, 0
L 460.0, -20.0, 0.0, 460.0, -90.0, 0.0, 255, 0, 0
L 0.0, -250.0, 0.0, 0.0, 250.0, 0.0, 255, 0, 0
L -250.0, 0.0, 0.0, 1000.0, 0.0, 0.0, 255, 0, 0
L -120.0, -80.0, 0.0, -120.0, -60.0, 0.0, 255, 0, 0
L -120.0, -60.0, 0.0, -120.0, -40.0, 0.0, 255, 0, 0
L -100.0, -60.0, 0.0, -120.0, -60.0, 0.0, 255, 0, 0
L -120.0, -60.0, 0.0, -140.0, -60.0, 0.0, 255, 0, 0
L -90.0, -50.0, 0.0, -100.0, -30.0, 0.0, 255, 0, 0
L -60.0, -80.0, 0.0, -60.0, -60.0, 0.0, 255, 0, 0
L -60.0, -60.0, 0.0, -60.0, -40.0, 0.0, 255, 0, 0
L -40.0, -60.0, 0.0, -60.0, -60.0, 0.0, 255, 0, 0
L -60.0, -60.0, 0.0, -80.0, -60.0, 0.0, 255, 0, 0
L 100.0, 60.0, 0.0, 120.0, 60.0, 0.0, 255, 0, 0
L 120.0, 60.0, 0.0, 140.0, 60.0, 0.0, 255, 0, 0
L 90.0, 70.0, 0.0, 80.0, 90.0, 0.0, 255, 0, 0
L 40.0, 60.0, 0.0, 60.0, 60.0, 0.0, 255, 0, 0
L 60.0, 60.0, 0.0, 80.0, 60.0, 0.0, 255, 0, 0
L -100.0, 60.0, 0.0, -120.0, 60.0, 0.0, 255, 0, 0
L -120.0, 60.0, 0.0, -140.0, 60.0, 0.0, 255, 0, 0
L -90.0, 70.0, 0.0, -100.0, 90.0, 0.0, 255, 0, 0
L -60.0, 80.0, 0.0, -60.0, 60.0, 0.0, 255, 0, 0
L -60.0, 60.0, 0.0, -60.0, 40.0, 0.0, 255, 0, 0
L -40.0, 60.0, 0.0, -60.0, 60.0, 0.0, 255, 0, 0
L -60.0, 60.0, 0.0, -80.0, 60.0, 0.0, 255, 0, 0
L 100.0, -60.0, 0.0, 120.0, -60.0, 0.0, 255, 0, 0
L 120.0, -60.0, 0.0, 140.0, -60.0, 0.0, 255, 0, 0
L 90.0, -50.0, 0.0, 80.0, -30.0, 0.0, 255, 0, 0
L 60.0, -80.0, 0.0, 60.0, -60.0, 0.0, 255, 0, 0
L 60.0, -60.0, 0.0, 60.0, -40.0, 0.0, 255, 0, 0
L 40.0, -60.0, 0.0, 60.0, -60.0, 0.0, 255, 0, 0
L 60.0, -60.0, 0.0, 80.0, -60.0, 0.0, 255, 0, 0
L 599.0, -90.0, 0.0, 637.3, -90.0, 0.0, 255, 0, 0
L 599.0, -20.0, 0.0, 637.3, -20.0, 0.0, 255, 0, 0
L 599.0, -90.0, 0.0, 599.0, -20.0, 0.0, 255, 0, 0
L 637.3, -90.0, 0.0, 637.3, -20.0, 0.0, 255, 0, 0
L 900, 1300, 0, 900, 1360, 0, 0, 0, 0
L 940, 1360, 0, 900, 1360, 0, 0, 0, 0
L 960, 1330, 0, 990, 1330, 0, 0, 0, 0
L 960, 1360, 0, 990, 1360, 0, 0, 0, 0
L 960, 1300, 0, 960, 1360, 0, 0, 0, 0
L 990, 1300, 0, 960, 1300, 0, 0, 0, 0
L 1040, 1360, 0, 1010, 1360, 0, 0, 0, 0
L 1010, 1300, 0, 1040, 1300, 0, 0, 0, 0
L 1010, 1360, 0, 1010, 1300, 0, 0, 0, 0
L 1040, 1360, 0, 1040, 1330, 0, 0, 0, 0
L 1040, 1330, 0, 1020, 1330, 0, 0, 0, 0
L 1060, 1330, 0, 1090, 1330, 0, 0, 0, 0
L 1060, 1360, 0, 1090, 1360, 0, 0, 0, 0
L 1060, 1300, 0, 1060, 1360, 0, 0, 0, 0
L 1090, 1300, 0, 1060, 1300, 0, 0, 0, 0
L 1140, 1360, 0, 1140, 1300, 0, 0, 0, 0
L 1110, 1300, 0, 1140, 1360, 0, 0, 0, 0
L 1110, 1360, 0, 1110, 1300, 0, 0, 0, 0
L 1170, 1360, 0, 1170, 1300, 0, 0, 0, 0
L 1180, 1360, 0, 1160, 1360, 0, 0, 0, 0
L 1190, 1330, 0, 1180, 1360, 0, 0, 0, 0
L 1180, 1300, 0, 1190, 1330, 0, 0, 0, 0
L 1160, 1300, 0, 1180, 1300, 0, 0, 0, 0
L 900, 1510, 0, 960, 1510, 0, 0, 0, 0
L 900, 1430, 0, 960, 1430, 0, 0, 0, 0
L 930, 1483, 0, 930, 1457, 0, 205, 133, 63
L 960, 1510, 0, 1020, 1510, 0, 0, 0, 0
L 960, 1510, 0, 960, 1483, 0, 205, 133, 63
L 930, 1483, 0, 990, 1483, 0, 205, 133, 63
L 930, 1457, 0, 960, 1457, 0, 205, 133, 63
L 960, 1457, 0, 990, 1457, 0, 205, 133, 63
L 960, 1430, 0, 1020, 1430, 0, 0, 0, 0
L 960, 1457, 0, 960, 1430, 0, 205, 133, 63
L 990, 1483, 0, 990, 1457, 0, 205, 133, 63
L 1070, 1500, 0, 1070, 1440, 0, 0, 0, 0
L 1080, 1500, 0, 1060, 1500, 0, 0, 0, 0
L 1090, 1470, 0, 1080, 1500, 0, 0, 0, 0
L 1080, 1440, 0, 1090, 1470, 0, 0, 0, 0
L 1060, 1440, 0, 1080, 1440, 0, 0, 0, 0
L 1110, 1440, 0, 1140, 1440, 0, 0, 0, 0
L 1110, 1500, 0, 1140, 1500, 0, 0, 0, 0
L 1110, 1440, 0, 1110, 1500, 0, 0, 0, 0
L 1140, 1440, 0, 1140, 1500, 0, 0, 0, 0
L 1160, 1440, 0, 1190, 1440, 0, 0, 0, 0
L 1160, 1500, 0, 1190, 1500, 0, 0, 0, 0
L 1160, 1440, 0, 1160, 1500, 0, 0, 0, 0
L 1190, 1440, 0, 1190, 1500, 0, 0, 0, 0
L 1210, 1440, 0, 1210, 1470, 0, 0, 0, 0
L 1210, 1470, 0, 1210, 1500, 0, 0, 0, 0
L 1210, 1470, 0, 1230, 1470, 0, 0, 0, 0
L 1250, 1470, 0, 1250, 1440, 0, 0, 0, 0
L 1210, 1440, 0, 1250, 1440, 0, 0, 0, 0
L 1230, 1470, 0, 1250, 1470, 0, 0, 0, 0
L 1250, 1500, 0, 1230, 1470, 0, 0, 0, 0
L 900, 1550, 0, 900, 1580, 0, 255, 210, 0
L 900, 1550, 0, 920, 1550, 0, 255, 210, 0
L 920, 1610, 0, 900, 1610, 0, 255, 210, 0
L 900, 1580, 0, 900, 1610, 0, 255, 210, 0
L 920, 1580, 0, 900, 1580, 0, 255, 210, 0
L 920, 1580, 0, 940, 1565, 0, 255, 210, 0
L 920, 1550, 0, 940, 1565, 0, 255, 210, 0
L 920, 1580, 0, 940, 1595, 0, 255, 210, 0
L 940, 1595, 0, 920, 1610, 0, 255, 210, 0
L 970, 1580, 0, 990, 1580, 0, 255, 210, 0
L 980, 1550, 0, 1000, 1610, 0, 255, 210, 0
L 960, 1610, 0, 980, 1550, 0, 255, 210, 0
L 1050, 1610, 0, 1050, 1550, 0, 255, 210, 0
L 1020, 1550, 0, 1050, 1610, 0, 255, 210, 0
L 1020, 1610, 0, 1020, 1550, 0, 255, 210, 0
L 1070, 1550, 0, 1070, 1580, 0, 255, 210, 0
L 1070, 1580, 0, 1070, 1610, 0, 255, 210, 0
L 1070, 1580, 0, 1110, 1610, 0, 255, 210, 0
L 1070, 1580, 0, 1110, 1550, 0, 255, 210, 0
L 1130, 1580, 0, 1160, 1580, 0, 255, 210, 0
L 1130, 1610, 0, 1160, 1610, 0, 255, 210, 0
L 1130, 1550, 0, 1130, 1610, 0, 255, 210, 0
L 1160, 1550, 0, 1130, 1550, 0, 255, 210, 0
L 1180, 1550, 0, 1180, 1580, 0, 255, 210, 0
L 1180, 1580, 0, 1180, 1610, 0, 255, 210, 0
L 1180, 1580, 0, 1200, 1580, 0, 255, 210, 0
L 1220, 1580, 0, 1220, 1550, 0, 255, 210, 0
L 1180, 1550, 0, 1220, 1550, 0, 255, 210, 0
L 1200, 1580, 0, 1220, 1580, 0, 255, 210, 0
L 1220, 1610, 0, 1200, 1580, 0, 255, 210, 0
L 930, 1700, 0, 900, 1700, 0, 255, 255, 255
L 900, 1640, 0, 930, 1640, 0, 255, 255, 255
L 900, 1700, 0, 900, 1640, 0, 255, 255, 255
L 950, 1640, 0, 980, 1640, 0, 255, 255, 255
L 950, 1700, 0, 980, 1700, 0, 255, 255, 255
L 950, 1640, 0, 950, 1700, 0, 255, 255, 255
L 980, 1640, 0, 980, 1700, 0, 255, 255, 255
L 1040, 1640, 0, 1040, 1700, 0, 255, 255, 255
L 1020, 1670, 0, 1040, 1640, 0, 255, 255, 255
L 1000, 1640, 0, 1020, 1670, 0, 255, 255, 255
L 1000, 1700, 0, 1000, 1640, 0, 255, 255, 255
L 1100, 1640, 0, 1100, 1700, 0, 255, 255, 255
L 1080, 1670, 0, 1100, 1640, 0, 255, 255, 255
L 1060, 1640, 0, 1080, 1670, 0, 255, 255, 255
L 1060, 1700, 0, 1060, 1640, 0, 255, 255, 255
L 1120, 1670, 0, 1150, 1670, 0, 255, 255, 255
L 1120, 1700, 0, 1150, 1700, 0, 255, 255, 255
L 1120, 1640, 0, 1120, 1700, 0, 255, 255, 255
L 1150, 1640, 0, 1120, 1640, 0, 255, 255, 255
L 1200, 1700, 0, 1200, 1640, 0, 255, 255, 255
L 1170, 1640, 0, 1200, 1700, 0, 255, 255, 255
L 1170, 1700, 0, 1170, 1640, 0, 255, 255, 255
L 1240, 1640, 0, 1240, 1700, 0, 255, 255, 255
L 1220, 1640, 0, 1260, 1640, 0, 255, 255, 255
L 930, 1790, 0, 900, 1790, 0, 0, 0, 0
L 900, 1730, 0, 930, 1730, 0, 0, 0, 0
L 900, 1790, 0, 900, 1730, 0, 0, 0, 0
L 930, 1790, 0, 930, 1760, 0, 0, 0, 0
L 930, 1760, 0, 910, 1760, 0, 0, 0, 0
L 950, 1760, 0, 980, 1760, 0, 0, 0, 0
L 950, 1790, 0, 980, 1790, 0, 0, 0, 0
L 950, 1730, 0, 950, 1790, 0, 0, 0, 0
L 980, 1730, 0, 950, 1730, 0, 0, 0, 0
L 1030, 1790, 0, 1030, 1730, 0, 0, 0, 0
L 1000, 1730, 0, 1030, 1790, 0, 0, 0, 0
L 1000, 1790, 0, 1000, 1730, 0, 0, 0, 0
L 1050, 1760, 0, 1080, 1760, 0, 0, 0, 0
L 1050, 1790, 0, 1080, 1790, 0, 0, 0, 0
L 1050, 1730, 0, 1050, 1790, 0, 0, 0, 0
L 1080, 1730, 0, 1050, 1730, 0, 0, 0, 0
L 1100, 1730, 0, 1100, 1760, 0, 0, 0, 0
L 1100, 1760, 0, 1100, 1790, 0, 0, 0, 0
L 1100, 1760, 0, 1120, 1760, 0, 0, 0, 0
L 1140, 1760, 0, 1140, 1730, 0, 0, 0, 0
L 1100, 1730, 0, 1140, 1730, 0, 0, 0, 0
L 1120, 1760, 0, 1140, 1760, 0, 0, 0, 0
L 1140, 1790, 0, 1120, 1760, 0, 0, 0, 0
L 1170, 1760, 0, 1190, 1760, 0, 0, 0, 0
L 1180, 1730, 0, 1200, 1790, 0, 0, 0, 0
L 1160, 1790, 0, 1180, 1730, 0, 0, 0, 0
L 1220, 1730, 0, 1220, 1790, 0, 0, 0, 0
L 1260, 1790, 0, 1220, 1790, 0, 0, 0, 0
L 930, 1880, 0, 900, 1880, 0, 0, 0, 255
L 900, 1820, 0, 930, 1820, 0, 0, 0, 255
L 900, 1880, 0, 900, 1820, 0, 0, 0, 255
L 930, 1880, 0, 930, 1850, 0, 0, 0, 255
L 930, 1850, 0, 910, 1850, 0, 0, 0, 255
L 950, 1820, 0, 950, 1850, 0, 0, 0, 255
L 950, 1850, 0, 950, 1880, 0, 0, 0, 255
L 950, 1850, 0, 970, 1850, 0, 0, 0, 255
L 990, 1850, 0, 990, 1820, 0, 0, 0, 255
L 950, 1820, 0, 990, 1820, 0, 0, 0, 255
L 970, 1850, 0, 990, 1850, 0, 0, 0, 255
L 990, 1880, 0, 970, 1850, 0, 0, 0, 255
L 1010, 1820, 0, 1040, 1820, 0, 0, 0, 255
L 1010, 1880, 0, 1040, 1880, 0, 0, 0, 255
L 1010, 1820, 0, 1010, 1880, 0, 0, 0, 255
L 1040, 1820, 0, 1040, 1880, 0, 0, 0, 255
L 1100, 1820, 0, 1100, 1880, 0, 0, 0, 255
L 1060, 1820, 0, 1060, 1880, 0, 0, 0, 255
L 1060, 1880, 0, 1100, 1880, 0, 0, 0, 255
L 1150, 1880, 0, 1150, 1820, 0, 0, 0, 255
L 1120, 1820, 0, 1150, 1880, 0, 0, 0, 255
L 1120, 1880, 0, 1120, 1820, 0, 0, 0, 255
L 1180, 1880, 0, 1180, 1820, 0, 0, 0, 255
L 1190, 1880, 0, 1170, 1880, 0, 0, 0, 255
L 1200, 1850, 0, 1190, 1880, 0, 0, 0, 255
L 1190, 1820, 0, 1200, 1850, 0, 0, 0, 255
L 1170, 1820, 0, 1190, 1820, 0, 0, 0, 255
L 1280, 1820, 0, 1280, 1850, 0, 0, 0, 255
L 1280, 1880, 0, 1320, 1880, 0, 0, 0, 255
L 1320, 1850, 0, 1280, 1850, 0, 0, 0, 255
L 1280, 1820, 0, 1320, 1820, 0, 0, 0, 255
L 1320, 1850, 0, 1320, 1880, 0, 0, 0, 255
L 1370, 1850, 0, 1340, 1850, 0, 0, 0, 255
L 1370, 1820, 0, 1370, 1850, 0, 0, 0, 255
L 1340, 1820, 0, 1370, 1820, 0, 0, 0, 255
L 1340, 1880, 0, 1340, 1820, 0, 0, 0, 255
L 1400, 1850, 0, 1420, 1850, 0, 0, 0, 255
L 1410, 1820, 0, 1430, 1880, 0, 0, 0, 255
L 1390, 1880, 0, 1410, 1820, 0, 0, 0, 255
L 1480, 1880, 0, 1490, 1820, 0, 0, 0, 255
L 1470, 1850, 0, 1480, 1880, 0, 0, 0, 255
L 1460, 1880, 0, 1470, 1850, 0, 0, 0, 255
L 1450, 1820, 0, 1460, 1880, 0, 0, 0, 255
L 1540, 1880, 0, 1540, 1820, 0, 0, 0, 255
L 1510, 1820, 0, 1540, 1880, 0, 0, 0, 255
L 1510, 1880, 0, 1510, 1820, 0, 0, 0, 255
L 930, 1970, 0, 900, 1970, 0, 128, 128, 128
L 900, 1910, 0, 930, 1910, 0, 128, 128, 128
L 900, 1970, 0, 900, 1910, 0, 128, 128, 128
L 930, 1970, 0, 930, 1940, 0, 128, 128, 128
L 930, 1940, 0, 910, 1940, 0, 128, 128, 128
L 990, 1910, 0, 990, 1970, 0, 128, 128, 128
L 950, 1910, 0, 950, 1970, 0, 128, 128, 128
L 950, 1970, 0, 990, 1970, 0, 128, 128, 128
L 1010, 1910, 0, 1010, 1970, 0, 128, 128, 128
L 1030, 1910, 0, 1030, 1970, 0, 128, 128, 128
L 1070, 1970, 0, 1030, 1970, 0, 128, 128, 128
L 1100, 1970, 0, 1100, 1910, 0, 128, 128, 128
L 1110, 1970, 0, 1090, 1970, 0, 128, 128, 128
L 1120, 1940, 0, 1110, 1970, 0, 128, 128, 128
L 1110, 1910, 0, 1120, 1940, 0, 128, 128, 128
L 1090, 1910, 0, 1110, 1910, 0, 128, 128, 128
L 1240, 1910, 0, 1240, 1970, 0, 128, 128, 128
L 1220, 1940, 0, 1240, 1910, 0, 128, 128, 128
L 1200, 1910, 0, 1220, 1940, 0, 128, 128, 128
L 1200, 1970, 0, 1200, 1910, 0, 128, 128, 128
L 1270, 1940, 0, 1290, 1940, 0, 128, 128, 128
L 1280, 1910, 0, 1300, 1970, 0, 128, 128, 128
L 1260, 1970, 0, 1280, 1910, 0, 128, 128, 128
L 1320, 1910, 0, 1320, 1940, 0, 128, 128, 128
L 1320, 1970, 0, 1360, 1970, 0, 128, 128, 128
L 1360, 1940, 0, 1320, 1940, 0, 128, 128, 128
L 1320, 1910, 0, 1360, 1910, 0, 128, 128, 128
L 1360, 1940, 0, 1360, 1970, 0, 128, 128, 128
L 1400, 1910, 0, 1400, 1970, 0, 128, 128, 128
L 1380, 1910, 0, 1420, 1910, 0, 128, 128, 128
L 1440, 1940, 0, 1470, 1940, 0, 128, 128, 128
L 1440, 1970, 0, 1470, 1970, 0, 128, 128, 128
L 1440, 1910, 0, 1440, 1970, 0, 128, 128, 128
L 1470, 1910, 0, 1440, 1910, 0, 128, 128, 128
L 1490, 1910, 0, 1490, 1940, 0, 128, 128, 128
L 1490, 1940, 0, 1490, 1970, 0, 128, 128, 128
L 1490, 1940, 0, 1510, 1940, 0, 128, 128, 128
L 1530, 1940, 0, 1530, 1910, 0, 128, 128, 128
L 1490, 1910, 0, 1530, 1910, 0, 128, 128, 128
L 1510, 1940, 0, 1530, 1940, 0, 128, 128, 128
L 1530, 1970, 0, 1510, 1940, 0, 128, 128, 128
L 900, 2000, 0, 900, 2030, 0, 127, 64, 0
L 940, 2060, 0, 940, 2030, 0, 127, 64, 0
L 900, 2030, 0, 900, 2060, 0, 127, 64, 0
L 940, 2030, 0, 940, 2000, 0, 127, 64, 0
L 900, 2030, 0, 940, 2030, 0, 127, 64, 0
L 1000, 2000, 0, 1000, 2060, 0, 127, 64, 0
L 960, 2000, 0, 960, 2060, 0, 127, 64, 0
L 960, 2060, 0, 1000, 2060, 0, 127, 64, 0
L 1050, 2060, 0, 1050, 2000, 0, 127, 64, 0
L 1020, 2000, 0, 1050, 2060, 0, 127, 64, 0
L 1020, 2060, 0, 1020, 2000, 0, 127, 64, 0
L 1090, 2000, 0, 1090, 2060, 0, 127, 64, 0
L 1070, 2000, 0, 1110, 2000, 0, 127, 64, 0
L 1130, 2030, 0, 1160, 2030, 0, 127, 64, 0
L 1130, 2060, 0, 1160, 2060, 0, 127, 64, 0
L 1130, 2000, 0, 1130, 2060, 0, 127, 64, 0
L 1160, 2000, 0, 1130, 2000, 0, 127, 64, 0
L 1180, 2000, 0, 1180, 2030, 0, 127, 64, 0
L 1180, 2030, 0, 1180, 2060, 0, 127, 64, 0
L 1180, 2030, 0, 1200, 2030, 0, 127, 64, 0
L 1220, 2030, 0, 1220, 2000, 0, 127, 64, 0
L 1180, 2000, 0, 1220, 2000, 0, 127, 64, 0
L 1200, 2030, 0, 1220, 2030, 0, 127, 64, 0
L 1220, 2060, 0, 1200, 2030, 0, 127, 64, 0
L 940, 2090, 0, 940, 2150, 0, 0, 127, 0
L 920, 2120, 0, 940, 2090, 0, 0, 127, 0
L 900, 2090, 0, 920, 2120, 0, 0, 127, 0
L 900, 2150, 0, 900, 2090, 0, 0, 127, 0
L 960, 2120, 0, 990, 2120, 0, 0, 127, 0
L 960, 2150, 0, 990, 2150, 0, 0, 127, 0
L 960, 2090, 0, 960, 2150, 0, 0, 127, 0
L 990, 2090, 0, 960, 2090, 0, 0, 127, 0
L 1010, 2090, 0, 1010, 2120, 0, 0, 127, 0
L 1010, 2120, 0, 1010, 2150, 0, 0, 127, 0
L 1010, 2120, 0, 1030, 2120, 0, 0, 127, 0
L 1050, 2120, 0, 1050, 2090, 0, 0, 127, 0
L 1010, 2090, 0, 1050, 2090, 0, 0, 127, 0
L 1030, 2120, 0, 1050, 2120, 0, 0, 127, 0
L 1050, 2150, 0, 1030, 2120, 0, 0, 127, 0
L 1100, 2150, 0, 1070, 2150, 0, 0, 127, 0
L 1070, 2090, 0, 1100, 2090, 0, 0, 127, 0
L 1070, 2150, 0, 1070, 2090, 0, 0, 127, 0
L 1120, 2090, 0, 1120, 2120, 0, 0, 127, 0
L 1160, 2150, 0, 1160, 2120, 0, 0, 127, 0
L 1120, 2120, 0, 1120, 2150, 0, 0, 127, 0
L 1160, 2120, 0, 1160, 2090, 0, 0, 127, 0
L 1120, 2120, 0, 1160, 2120, 0, 0, 127, 0
L 1190, 2120, 0, 1210, 2120, 0, 0, 127, 0
L 1200, 2090, 0, 1220, 2150, 0, 0, 127, 0
L 1180, 2150, 0, 1200, 2090, 0, 0, 127, 0
L 1270, 2150, 0, 1270, 2090, 0, 0, 127, 0
L 1240, 2090, 0, 1270, 2150, 0, 0, 127, 0
L 1240, 2150, 0, 1240, 2090, 0, 0, 127, 0
L 1310, 2090, 0, 1310, 2150, 0, 0, 127, 0
L 1290, 2090, 0, 1330, 2090, 0, 0, 127, 0
L 940, 2180, 0, 940, 2240, 0, 0, 127, 127
L 920, 2210, 0, 940, 2180, 0, 0, 127, 127
L 900, 2180, 0, 920, 2210, 0, 0, 127, 127
L 900, 2240, 0, 900, 2180, 0, 0, 127, 127
L 960, 2180, 0, 960, 2240, 0, 0, 127, 127
L 980, 2180, 0, 980, 2210, 0, 0, 127, 127
L 980, 2240, 0, 1020, 2240, 0, 0, 127, 127
L 1020, 2210, 0, 980, 2210, 0, 0, 127, 127
L 980, 2180, 0, 1020, 2180, 0, 0, 127, 127
L 1020, 2210, 0, 1020, 2240, 0, 0, 127, 127
L 1040, 2180, 0, 1040, 2210, 0, 0, 127, 127
L 1040, 2240, 0, 1080, 2240, 0, 0, 127, 127
L 1080, 2210, 0, 1040, 2210, 0, 0, 127, 127
L 1040, 2180, 0, 1080, 2180, 0, 0, 127, 127
L 1080, 2210, 0, 1080, 2240, 0, 0, 127, 127
L 1100, 2180, 0, 1100, 2240, 0, 0, 127, 127
L 1120, 2180, 0, 1150, 2180, 0, 0, 127, 127
L 1120, 2240, 0, 1150, 2240, 0, 0, 127, 127
L 1120, 2180, 0, 1120, 2240, 0, 0, 127, 127
L 1150, 2180, 0, 1150, 2240, 0, 0, 127, 127
L 1200, 2240, 0, 1200, 2180, 0, 0, 127, 127
L 1170, 2180, 0, 1200, 2240, 0, 0, 127, 127
L 1170, 2240, 0, 1170, 2180, 0, 0, 127, 127
L 930, 2330, 0, 930, 2270, 0, 127, 64, 0
L 900, 2270, 0, 930, 2330, 0, 127, 64, 0
L 900, 2330, 0, 900, 2270, 0, 127, 64, 0
L 960, 2300, 0, 980, 2300, 0, 127, 64, 0
L 970, 2270, 0, 990, 2330, 0, 127, 64, 0
L 950, 2330, 0, 970, 2270, 0, 127, 64, 0
L 1050, 2270, 0, 1050, 2330, 0, 127, 64, 0
L 1030, 2300, 0, 1050, 2270, 0, 127, 64, 0
L 1010, 2270, 0, 1030, 2300, 0, 127, 64, 0
L 1010, 2330, 0, 1010, 2270, 0, 127, 64, 0
L 1070, 2300, 0, 1100, 2300, 0, 127, 64, 0
L 1070, 2330, 0, 1100, 2330, 0, 127, 64, 0
L 1070, 2270, 0, 1070, 2330, 0, 127, 64, 0
L 1100, 2270, 0, 1070, 2270, 0, 127, 64, 0
L 1130, 2330, 0, 1130, 2270, 0, 127, 64, 0
L 1140, 2330, 0, 1120, 2330, 0, 127, 64, 0
L 1150, 2300, 0, 1140, 2330, 0, 127, 64, 0
L 1140, 2270, 0, 1150, 2300, 0, 127, 64, 0
L 1120, 2270, 0, 1140, 2270, 0, 127, 64, 0
L 930, 2390, 0, 900, 2390, 0, 0, 255, 0
L 930, 2360, 0, 930, 2390, 0, 0, 255, 0
L 900, 2360, 0, 930, 2360, 0, 0, 255, 0
L 900, 2420, 0, 900, 2360, 0, 0, 255, 0
L 960, 2390, 0, 980, 2390, 0, 0, 255, 0
L 970, 2360, 0, 990, 2420, 0, 0, 255, 0
L 950, 2420, 0, 970, 2360, 0, 0, 255, 0
L 1010, 2360, 0, 1010, 2390, 0, 0, 255, 0
L 1010, 2390, 0, 1010, 2420, 0, 0, 255, 0
L 1010, 2390, 0, 1030, 2390, 0, 0, 255, 0
L 1050, 2390, 0, 1050, 2360, 0, 0, 255, 0
L 1010, 2360, 0, 1050, 2360, 0, 0, 255, 0
L 1030, 2390, 0, 1050, 2390, 0, 0, 255, 0
L 1050, 2420, 0, 1030, 2390, 0, 0, 255, 0
L 1100, 2420, 0, 1070, 2420, 0, 0, 255, 0
L 1070, 2360, 0, 1100, 2360, 0, 0, 255, 0
L 1070, 2420, 0, 1070, 2360, 0, 0, 255, 0
L 1120, 2390, 0, 1150, 2390, 0, 0, 255, 0
L 1120, 2420, 0, 1150, 2420, 0, 0, 255, 0
L 1120, 2360, 0, 1120, 2420, 0, 0, 255, 0
L 1150, 2360, 0, 1120, 2360, 0, 0, 255, 0
L 1170, 2360, 0, 1170, 2420, 0, 0, 255, 0
L 1210, 2420, 0, 1170, 2420, 0, 0, 255, 0
L 1230, 2360, 0, 1230, 2390, 0, 0, 255, 0
L 1230, 2420, 0, 1270, 2420, 0, 0, 255, 0
L 1270, 2390, 0, 1230, 2390, 0, 0, 255, 0
L 1230, 2360, 0, 1270, 2360, 0, 0, 255, 0
L 1270, 2390, 0, 1270, 2420, 0, 0, 255, 0
L 900, 2450, 0, 900, 2480, 0, 0, 240, 240
L 900, 2480, 0, 900, 2510, 0, 0, 240, 240
L 900, 2480, 0, 920, 2480, 0, 0, 240, 240
L 940, 2480, 0, 940, 2450, 0, 0, 240, 240
L 900, 2450, 0, 940, 2450, 0, 0, 240, 240
L 920, 2480, 0, 940, 2480, 0, 0, 240, 240
L 940, 2510, 0, 920, 2480, 0, 0, 240, 240
L 970, 2480, 0, 990, 2480, 0, 0, 240, 240
L 980, 2450, 0, 1000, 2510, 0, 0, 240, 240
L 960, 2510, 0, 980, 2450, 0, 0, 240, 240
L 1020, 2450, 0, 1020, 2510, 0, 0, 240, 240
L 1050, 2510, 0, 1050, 2450, 0, 0, 240, 240
L 1060, 2510, 0, 1040, 2510, 0, 0, 240, 240
L 1070, 2480, 0, 1060, 2510, 0, 0, 240, 240
L 1060, 2450, 0, 1070, 2480, 0, 0, 240, 240
L 1040, 2450, 0, 1060, 2450, 0, 0, 240, 240
L 900, 2540, 0, 900, 2570, 0, 0, 255, 0
L 900, 2600, 0, 940, 2600, 0, 0, 255, 0
L 940, 2570, 0, 900, 2570, 0, 0, 255, 0
L 900, 2540, 0, 940, 2540, 0, 0, 255, 0
L 940, 2570, 0, 940, 2600, 0, 0, 255, 0
L 990, 2570, 0, 960, 2570, 0, 0, 255, 0
L 990, 2540, 0, 990, 2570, 0, 0, 255, 0
L 960, 2540, 0, 990, 2540, 0, 0, 255, 0
L 960, 2600, 0, 960, 2540, 0, 0, 255, 0
L 1010, 2570, 0, 1040, 2570, 0, 0, 255, 0
L 1010, 2600, 0, 1040, 2600, 0, 0, 255, 0
L 1010, 2540, 0, 1010, 2600, 0, 0, 255, 0
L 1040, 2540, 0, 1010, 2540, 0, 0, 255, 0
L 1090, 2600, 0, 1060, 2600, 0, 0, 255, 0
L 1060, 2540, 0, 1090, 2540, 0, 0, 255, 0
L 1060, 2600, 0, 1060, 2540, 0, 0, 255, 0
L 1110, 2540, 0, 1110, 2600, 0, 0, 255, 0
L 1140, 2570, 0, 1160, 2570, 0, 0, 255, 0
L 1150, 2540, 0, 1170, 2600, 0, 0, 255, 0
L 1130, 2600, 0, 1150, 2540, 0, 0, 255, 0
L 1190, 2540, 0, 1190, 2600, 0, 0, 255, 0
L 1230, 2600, 0, 1190, 2600, 0, 0, 255, 0
L 1340, 2600, 0, 1310, 2600, 0, 0, 255, 0
L 1310, 2540, 0, 1340, 2540, 0, 0, 255, 0
L 1310, 2600, 0, 1310, 2540, 0, 0, 255, 0
L 1400, 2540, 0, 1400, 2600, 0, 0, 255, 0
L 1360, 2540, 0, 1360, 2600, 0, 0, 255, 0
L 1360, 2600, 0, 1400, 2600, 0, 0, 255, 0
L 1420, 2540, 0, 1420, 2570, 0, 0, 255, 0
L 1420, 2570, 0, 1420, 2600, 0, 0, 255, 0
L 1420, 2570, 0, 1440, 2570, 0, 0, 255, 0
L 1460, 2570, 0, 1460, 2540, 0, 0, 255, 0
L 1420, 2540, 0, 1460, 2540, 0, 0, 255, 0
L 1440, 2570, 0, 1460, 2570, 0, 0, 255, 0
L 1460, 2600, 0, 1440, 2570, 0, 0, 255, 0
L 1480, 2540, 0, 1480, 2570, 0, 0, 255, 0
L 1480, 2570, 0, 1480, 2600, 0, 0, 255, 0
L 1480, 2570, 0, 1500, 2570, 0, 0, 255, 0
L 1520, 2570, 0, 1520, 2540, 0, 0, 255, 0
L 1480, 2540, 0, 1520, 2540, 0, 0, 255, 0
L 1500, 2570, 0, 1520, 2570, 0, 0, 255, 0
L 1520, 2600, 0, 1500, 2570, 0, 0, 255, 0
L 1540, 2570, 0, 1570, 2570, 0, 0, 255, 0
L 1540, 2600, 0, 1570, 2600, 0, 0, 255, 0
L 1540, 2540, 0, 1540, 2600, 0, 0, 255, 0
L 1570, 2540, 0, 1540, 2540, 0, 0, 255, 0
L 1620, 2600, 0, 1620, 2540, 0, 0, 255, 0
L 1590, 2540, 0, 1620, 2600, 0, 0, 255, 0
L 1590, 2600, 0, 1590, 2540, 0, 0, 255, 0
L 1670, 2600, 0, 1640, 2600, 0, 0, 255, 0
L 1640, 2540, 0, 1670, 2540, 0, 0, 255, 0
L 1640, 2600, 0, 1640, 2540, 0, 0, 255, 0
L 1710, 2570, 0, 1710, 2600, 0, 0, 255, 0
L 1710, 2570, 0, 1730, 2540, 0, 0, 255, 0
L 1690, 2540, 0, 1710, 2570, 0, 0, 255, 0
L 900, 2630, 0, 900, 2660, 0, 255, 0, 0
L 900, 2690, 0, 940, 2690, 0, 255, 0, 0
L 940, 2660, 0, 900, 2660, 0, 255, 0, 0
L 900, 2630, 0, 940, 2630, 0, 255, 0, 0
L 940, 2660, 0, 940, 2690, 0, 255, 0, 0
L 1000, 2630, 0, 1000, 2690, 0, 255, 0, 0
L 960, 2630, 0, 960, 2690, 0, 255, 0, 0
L 960, 2690, 0, 1000, 2690, 0, 255, 0, 0
L 1050, 2690, 0, 1020, 2690, 0, 255, 0, 0
L 1020, 2630, 0, 1050, 2630, 0, 255, 0, 0
L 1020, 2690, 0, 1020, 2630, 0, 255, 0, 0
L 1100, 2690, 0, 1070, 2690, 0, 255, 0, 0
L 1070, 2630, 0, 1100, 2630, 0, 255, 0, 0
L 1070, 2690, 0, 1070, 2630, 0, 255, 0, 0
L 1120, 2630, 0, 1150, 2630, 0, 255, 0, 0
L 1120, 2690, 0, 1150, 2690, 0, 255, 0, 0
L 1120, 2630, 0, 1120, 2690, 0, 255, 0, 0
L 1150, 2630, 0, 1150, 2690, 0, 255, 0, 0
L 1170, 2630, 0, 1170, 2660, 0, 255, 0, 0
L 1170, 2660, 0, 1170, 2690, 0, 255, 0, 0
L 1170, 2660, 0, 1190, 2660, 0, 255, 0, 0
L 1210, 2660, 0, 1210, 2630, 0, 255, 0, 0
L 1170, 2630, 0, 1210, 2630, 0, 255, 0, 0
L 1190, 2660, 0, 1210, 2660, 0, 255, 0, 0
L 1210, 2690, 0, 1190, 2660, 0, 255, 0, 0
L 920, 2720, 0, 920, 2780, 0, 255, 255, 0
L 900, 2720, 0, 940, 2720, 0, 255, 255, 0
L 960, 2750, 0, 990, 2750, 0, 255, 255, 0
L 960, 2780, 0, 990, 2780, 0, 255, 255, 0
L 960, 2720, 0, 960, 2780, 0, 255, 255, 0
L 990, 2720, 0, 960, 2720, 0, 255, 255, 0
L 1010, 2720, 0, 1010, 2780, 0, 255, 255, 0
L 1050, 2780, 0, 1010, 2780, 0, 255, 255, 0
L 1070, 2750, 0, 1100, 2750, 0, 255, 255, 0
L 1070, 2780, 0, 1100, 2780, 0, 255, 255, 0
L 1070, 2720, 0, 1070, 2780, 0, 255, 255, 0
L 1100, 2720, 0, 1070, 2720, 0, 255, 255, 0
L 1150, 2750, 0, 1120, 2750, 0, 255, 255, 0
L 1150, 2720, 0, 1150, 2750, 0, 255, 255, 0
L 1120, 2720, 0, 1150, 2720, 0, 255, 255, 0
L 1120, 2780, 0, 1120, 2720, 0, 255, 255, 0
L 1170, 2720, 0, 1200, 2720, 0, 255, 255, 0
L 1170, 2780, 0, 1200, 2780, 0, 255, 255, 0
L 1170, 2720, 0, 1170, 2780, 0, 255, 255, 0
L 1200, 2720, 0, 1200, 2780, 0, 255, 255, 0
L 1220, 2720, 0, 1220, 2750, 0, 255, 255, 0
L 1220, 2750, 0, 1220, 2780, 0, 255, 255, 0
L 1220, 2750, 0, 1240, 2750, 0, 255, 255, 0
L 1260, 2750, 0, 1260, 2720, 0, 255, 255, 0
L 1220, 2720, 0, 1260, 2720, 0, 255, 255, 0
L 1240, 2750, 0, 1260, 2750, 0, 255, 255, 0
L 1260, 2780, 0, 1240, 2750, 0, 255, 255, 0
L 1300, 2720, 0, 1300, 2780, 0, 255, 255, 0
L 1280, 2720, 0, 1320, 2720, 0, 255, 255, 0
L 920, 2810, 0, 920, 2870, 0, 128, 0, 128
L 900, 2810, 0, 940, 2810, 0, 128, 0, 128
L 960, 2810, 0, 960, 2840, 0, 128, 0, 128
L 960, 2840, 0, 960, 2870, 0, 128, 0, 128
L 960, 2840, 0, 980, 2840, 0, 128, 0, 128
L 1000, 2840, 0, 1000, 2810, 0, 128, 0, 128
L 960, 2810, 0, 1000, 2810, 0, 128, 0, 128
L 980, 2840, 0, 1000, 2840, 0, 128, 0, 128
L 1000, 2870, 0, 980, 2840, 0, 128, 0, 128
L 1030, 2840, 0, 1050, 2840, 0, 128, 0, 128
L 1040, 2810, 0, 1060, 2870, 0, 128, 0, 128
L 1020, 2870, 0, 1040, 2810, 0, 128, 0, 128
L 1090, 2870, 0, 1090, 2810, 0, 128, 0, 128
L 1100, 2870, 0, 1080, 2870, 0, 128, 0, 128
L 1110, 2840, 0, 1100, 2870, 0, 128, 0, 128
L 1100, 2810, 0, 1110, 2840, 0, 128, 0, 128
L 1080, 2810, 0, 1100, 2810, 0, 128, 0, 128
L 1130, 2840, 0, 1160, 2840, 0, 128, 0, 128
L 1130, 2870, 0, 1160, 2870, 0, 128, 0, 128
L 1130, 2810, 0, 1130, 2870, 0, 128, 0, 128
L 1160, 2810, 0, 1130, 2810, 0, 128, 0, 128
L 1180, 2810, 0, 1180, 2840, 0, 128, 0, 128
L 1180, 2870, 0, 1220, 2870, 0, 128, 0, 128
L 1220, 2840, 0, 1180, 2840, 0, 128, 0, 128
L 1180, 2810, 0, 1220, 2810, 0, 128, 0, 128
L 1220, 2840, 0, 1220, 2870, 0, 128, 0, 128
L 1240, 2810, 0, 1240, 2840, 0, 128, 0, 128
L 1240, 2840, 0, 1240, 2870, 0, 128, 0, 128
L 1240, 2840, 0, 1280, 2870, 0, 128, 0, 128
L 1240, 2840, 0, 1280, 2810, 0, 128, 0, 128
L 1300, 2810, 0, 1300, 2870, 0, 128, 0, 128
L 1320, 2810, 0, 1320, 2870, 0, 128, 0, 128
L 1360, 2870, 0, 1320, 2870, 0, 128, 0, 128
L 1380, 2810, 0, 1380, 2870, 0, 128, 0, 128
L 1420, 2870, 0, 1380, 2870, 0, 128, 0, 128
L 1530, 2870, 0, 1500, 2870, 0, 128, 0, 128
L 1500, 2810, 0, 1530, 2810, 0, 128, 0, 128
L 1500, 2870, 0, 1500, 2810, 0, 128, 0, 128
L 1550, 2810, 0, 1580, 2810, 0, 128, 0, 128
L 1550, 2870, 0, 1580, 2870, 0, 128, 0, 128
L 1550, 2810, 0, 1550, 2870, 0, 128, 0, 128
L 1580, 2810, 0, 1580, 2870, 0, 128, 0, 128
L 1630, 2870, 0, 1630, 2810, 0, 128, 0, 128
L 1600, 2810, 0, 1630, 2870, 0, 128, 0, 128
L 1600, 2870, 0, 1600, 2810, 0, 128, 0, 128
L 1670, 2810, 0, 1670, 2870, 0, 128, 0, 128
L 1650, 2810, 0, 1690, 2810, 0, 128, 0, 128
L 1720, 2840, 0, 1740, 2840, 0, 128, 0, 128
L 1730, 2810, 0, 1750, 2870, 0, 128, 0, 128
L 1710, 2870, 0, 1730, 2810, 0, 128, 0, 128
L 1770, 2810, 0, 1770, 2870, 0, 128, 0, 128
L 1820, 2870, 0, 1820, 2810, 0, 128, 0, 128
L 1790, 2810, 0, 1820, 2870, 0, 128, 0, 128
L 1790, 2870, 0, 1790, 2810, 0, 128, 0, 128
L 1840, 2840, 0, 1870, 2840, 0, 128, 0, 128
L 1840, 2870, 0, 1870, 2870, 0, 128, 0, 128
L 1840, 2810, 0, 1840, 2870, 0, 128, 0, 128
L 1870, 2810, 0, 1840, 2810, 0, 128, 0, 128
L 1890, 2810, 0, 1890, 2840, 0, 128, 0, 128
L 1890, 2840, 0, 1890, 2870, 0, 128, 0, 128
L 1890, 2840, 0, 1910, 2840, 0, 128, 0, 128
L 1930, 2840, 0, 1930, 2810, 0, 128, 0, 128
L 1890, 2810, 0, 1930, 2810, 0, 128, 0, 128
L 1910, 2840, 0, 1930, 2840, 0, 128, 0, 128
L 1930, 2870, 0, 1910, 2840, 0, 128, 0, 128
L 920, 2900, 0, 920, 2960, 0, 255, 255, 0
L 900, 2900, 0, 940, 2900, 0, 255, 255, 0
L 960, 2900, 0, 960, 2930, 0, 255, 255, 0
L 960, 2930, 0, 960, 2960, 0, 255, 255, 0
L 960, 2930, 0, 980, 2930, 0, 255, 255, 0
L 1000, 2930, 0, 1000, 2900, 0, 255, 255, 0
L 960, 2900, 0, 1000, 2900, 0, 255, 255, 0
L 980, 2930, 0, 1000, 2930, 0, 255, 255, 0
L 1000, 2960, 0, 980, 2930, 0, 255, 255, 0
L 1030, 2930, 0, 1050, 2930, 0, 255, 255, 0
L 1040, 2900, 0, 1060, 2960, 0, 255, 255, 0
L 1020, 2960, 0, 1040, 2900, 0, 255, 255, 0
L 1110, 2930, 0, 1080, 2930, 0, 255, 255, 0
L 1110, 2900, 0, 1110, 2930, 0, 255, 255, 0
L 1080, 2900, 0, 1110, 2900, 0, 255, 255, 0
L 1080, 2960, 0, 1080, 2900, 0, 255, 255, 0
L 930, 2990, 0, 900, 2990, 0, 255, 0, 0
L 900, 3050, 0, 930, 2990, 0, 255, 0, 0
L 900, 3050, 0, 930, 3050, 0, 255, 0, 0
L 950, 2990, 0, 980, 2990, 0, 255, 0, 0
L 950, 3050, 0, 980, 3050, 0, 255, 0, 0
L 950, 2990, 0, 950, 3050, 0, 255, 0, 0
L 980, 2990, 0, 980, 3050, 0, 255, 0, 0
L 1030, 3050, 0, 1030, 2990, 0, 255, 0, 0
L 1000, 2990, 0, 1030, 3050, 0, 255, 0, 0
L 1000, 3050, 0, 1000, 2990, 0, 255, 0, 0
L 1050, 3020, 0, 1080, 3020, 0, 255, 0, 0
L 1050, 3050, 0, 1080, 3050, 0, 255, 0, 0
L 1050, 2990, 0, 1050, 3050, 0, 255, 0, 0
L 1080, 2990, 0, 1050, 2990, 0, 255, 0, 0
P -100, 1300, 0, 0, 0, 0, 2, Revised_Map:_Brewall_Rainsiger_(Cazic-Thule)
P -100, 1500, 0, 0, 0, 0, 2, http://www.eqmaps.info
P -100, 1700, 0, 0, 0, 0, 2, Return_of_the_Exiled_(www.roteguild.org)
