L 1000.0000, 0.0000, 0.0000,  1000.0000, -50.0000, 0.0000,  255, 0, 0
L -20.0000, 50.0000, 0.0000,  -50.0000, 20.0000, 0.0000,  255, 0, 0
L 50.0000, 20.0000, 0.0000,  20.0000, 50.0000, 0.0000,  255, 0, 0
L 20.0000, -50.0000, 0.0000,  50.0000, -20.0000, 0.0000,  255, 0, 0
L -50.0000, -20.0000, 0.0000,  -20.0000, -50.0000, 0.0000,  255, 0, 0
L -50.0000, 20.0000, 0.0000,  -50.0000, -20.0000, 0.0000,  255, 0, 0
L 20.0000, 50.0000, 0.0000,  -20.0000, 50.0000, 0.0000,  255, 0, 0
L 50.0000, -20.0000, 0.0000,  50.0000, 20.0000, 0.0000,  255, 0, 0
L -20.0000, -50.0000, 0.0000,  20.0000, -50.0000, 0.0000,  255, 0, 0
L 580.0000, -20.0000, 0.0000,  540.0000, -20.0000, 0.0000,  255, 0, 0
L 580.0000, -90.0000, 0.0000,  580.0000, -20.0000, 0.0000,  255, 0, 0
L 540.0000, -90.0000, 0.0000,  580.0000, -90.0000, 0.0000,  255, 0, 0
L 540.0000, -20.0000, 0.0000,  540.0000, -90.0000, 0.0000,  255, 0, 0
L 520.0000, -20.0000, 0.0000,  480.0000, -20.0000, 0.0000,  255, 0, 0
L 520.0000, -90.0000, 0.0000,  520.0000, -20.0000, 0.0000,  255, 0, 0
L 480.0000, -90.0000, 0.0000,  520.0000, -90.0000, 0.0000,  255, 0, 0
L 480.0000, -20.0000, 0.0000,  480.0000, -90.0000, 0.0000,  255, 0, 0
L 460.0000, -90.0000, 0.0000,  450.0000, -80.0000, 0.0000,  255, 0, 0
L 460.0000, -20.0000, 0.0000,  460.0000, -90.0000, 0.0000,  255, 0, 0
L 0.0000, -250.0000, 0.0000,  0.0000, 250.0000, 0.0000,  255, 0, 0
L -250.0000, 0.0000, 0.0000,  1000.0000, 0.0000, 0.0000,  255, 0, 0
L -120.0000, -80.0000, 0.0000,  -120.0000, -60.0000, 0.0000,  255, 0, 0
L -120.0000, -60.0000, 0.0000,  -120.0000, -40.0000, 0.0000,  255, 0, 0
L -100.0000, -60.0000, 0.0000,  -120.0000, -60.0000, 0.0000,  255, 0, 0
L -120.0000, -60.0000, 0.0000,  -140.0000, -60.0000, 0.0000,  255, 0, 0
L -90.0000, -50.0000, 0.0000,  -100.0000, -30.0000, 0.0000,  255, 0, 0
L -60.0000, -80.0000, 0.0000,  -60.0000, -60.0000, 0.0000,  255, 0, 0
L -60.0000, -60.0000, 0.0000,  -60.0000, -40.0000, 0.0000,  255, 0, 0
L -40.0000, -60.0000, 0.0000,  -60.0000, -60.0000, 0.0000,  255, 0, 0
L -60.0000, -60.0000, 0.0000,  -80.0000, -60.0000, 0.0000,  255, 0, 0
L 100.0000, 60.0000, 0.0000,  120.0000, 60.0000, 0.0000,  255, 0, 0
L 120.0000, 60.0000, 0.0000,  140.0000, 60.0000, 0.0000,  255, 0, 0
L 90.0000, 70.0000, 0.0000,  80.0000, 90.0000, 0.0000,  255, 0, 0
L 40.0000, 60.0000, 0.0000,  60.0000, 60.0000, 0.0000,  255, 0, 0
L 60.0000, 60.0000, 0.0000,  80.0000, 60.0000, 0.0000,  255, 0, 0
L -100.0000, 60.0000, 0.0000,  -120.0000, 60.0000, 0.0000,  255, 0, 0
L -120.0000, 60.0000, 0.0000,  -140.0000, 60.0000, 0.0000,  255, 0, 0
L -90.0000, 70.0000, 0.0000,  -100.0000, 90.0000, 0.0000,  255, 0, 0
L -60.0000, 80.0000, 0.0000,  -60.0000, 60.0000, 0.0000,  255, 0, 0
L -60.0000, 60.0000, 0.0000,  -60.0000, 40.0000, 0.0000,  255, 0, 0
L -40.0000, 60.0000, 0.0000,  -60.0000, 60.0000, 0.0000,  255, 0, 0
L -60.0000, 60.0000, 0.0000,  -80.0000, 60.0000, 0.0000,  255, 0, 0
L 100.0000, -60.0000, 0.0000,  120.0000, -60.0000, 0.0000,  255, 0, 0
L 120.0000, -60.0000, 0.0000,  140.0000, -60.0000, 0.0000,  255, 0, 0
L 90.0000, -50.0000, 0.0000,  80.0000, -30.0000, 0.0000,  255, 0, 0
L 60.0000, -80.0000, 0.0000,  60.0000, -60.0000, 0.0000,  255, 0, 0
L 60.0000, -60.0000, 0.0000,  60.0000, -40.0000, 0.0000,  255, 0, 0
L 40.0000, -60.0000, 0.0000,  60.0000, -60.0000, 0.0000,  255, 0, 0
L 60.0000, -60.0000, 0.0000,  80.0000, -60.0000, 0.0000,  255, 0, 0
L 599.0000, -90.0000, 0.0000,  637.3000, -90.0000, 0.0000,  255, 0, 0
L 599.0000, -20.0000, 0.0000,  637.3000, -20.0000, 0.0000,  255, 0, 0
L 599.0000, -90.0000, 0.0000,  599.0000, -20.0000, 0.0000,  255, 0, 0
L 637.3000, -90.0000, 0.0000,  637.3000, -20.0000, 0.0000,  255, 0, 0
L 1000.0000, 600.0000, 0.0000,  1000.0000, 660.0000, 0.0000,  0, 0, 0
L 1040.0000, 660.0000, 0.0000,  1000.0000, 660.0000, 0.0000,  0, 0, 0
L 1060.0000, 630.0000, 0.0000,  1090.0000, 630.0000, 0.0000,  0, 0, 0
L 1060.0000, 660.0000, 0.0000,  1090.0000, 660.0000, 0.0000,  0, 0, 0
L 1060.0000, 600.0000, 0.0000,  1060.0000, 660.0000, 0.0000,  0, 0, 0
L 1090.0000, 600.0000, 0.0000,  1060.0000, 600.0000, 0.0000,  0, 0, 0
L 1140.0000, 660.0000, 0.0000,  1110.0000, 660.0000, 0.0000,  0, 0, 0
L 1110.0000, 600.0000, 0.0000,  1140.0000, 600.0000, 0.0000,  0, 0, 0
L 1110.0000, 660.0000, 0.0000,  1110.0000, 600.0000, 0.0000,  0, 0, 0
L 1140.0000, 660.0000, 0.0000,  1140.0000, 630.0000, 0.0000,  0, 0, 0
L 1140.0000, 630.0000, 0.0000,  1120.0000, 630.0000, 0.0000,  0, 0, 0
L 1160.0000, 630.0000, 0.0000,  1190.0000, 630.0000, 0.0000,  0, 0, 0
L 1160.0000, 660.0000, 0.0000,  1190.0000, 660.0000, 0.0000,  0, 0, 0
L 1160.0000, 600.0000, 0.0000,  1160.0000, 660.0000, 0.0000,  0, 0, 0
L 1190.0000, 600.0000, 0.0000,  1160.0000, 600.0000, 0.0000,  0, 0, 0
L 1240.0000, 660.0000, 0.0000,  1240.0000, 600.0000, 0.0000,  0, 0, 0
L 1210.0000, 600.0000, 0.0000,  1240.0000, 660.0000, 0.0000,  0, 0, 0
L 1210.0000, 660.0000, 0.0000,  1210.0000, 600.0000, 0.0000,  0, 0, 0
L 1270.0000, 660.0000, 0.0000,  1270.0000, 600.0000, 0.0000,  0, 0, 0
L 1280.0000, 660.0000, 0.0000,  1260.0000, 660.0000, 0.0000,  0, 0, 0
L 1290.0000, 630.0000, 0.0000,  1280.0000, 660.0000, 0.0000,  0, 0, 0
L 1280.0000, 600.0000, 0.0000,  1290.0000, 630.0000, 0.0000,  0, 0, 0
L 1260.0000, 600.0000, 0.0000,  1280.0000, 600.0000, 0.0000,  0, 0, 0
L 1000.0000, 690.0000, 0.0000,  1060.0000, 690.0000, 0.0000,  0, 0, 0
L 1000.0000, 770.0000, 0.0000,  1060.0000, 770.0000, 0.0000,  0, 0, 0
L 1060.0000, 690.0000, 0.0000,  1090.0000, 690.0000, 0.0000,  0, 0, 0
L 1060.0000, 770.0000, 0.0000,  1090.0000, 770.0000, 0.0000,  0, 0, 0
L 1060.0000, 690.0000, 0.0000,  1060.0000, 770.0000, 0.0000,  255, 255, 0
L 1090.0000, 690.0000, 0.0000,  1120.0000, 690.0000, 0.0000,  0, 0, 0
L 1090.0000, 770.0000, 0.0000,  1120.0000, 770.0000, 0.0000,  0, 0, 0
L 1090.0000, 690.0000, 0.0000,  1090.0000, 770.0000, 0.0000,  255, 255, 0
L 1160.0000, 730.0000, 0.0000,  1190.0000, 730.0000, 0.0000,  0, 0, 0
L 1160.0000, 700.0000, 0.0000,  1160.0000, 760.0000, 0.0000,  0, 0, 0
L 1190.0000, 700.0000, 0.0000,  1160.0000, 700.0000, 0.0000,  0, 0, 0
L 1220.0000, 730.0000, 0.0000,  1240.0000, 730.0000, 0.0000,  0, 0, 0
L 1230.0000, 700.0000, 0.0000,  1250.0000, 760.0000, 0.0000,  0, 0, 0
L 1210.0000, 760.0000, 0.0000,  1230.0000, 700.0000, 0.0000,  0, 0, 0
L 1270.0000, 700.0000, 0.0000,  1270.0000, 730.0000, 0.0000,  0, 0, 0
L 1270.0000, 730.0000, 0.0000,  1270.0000, 760.0000, 0.0000,  0, 0, 0
L 1270.0000, 730.0000, 0.0000,  1310.0000, 760.0000, 0.0000,  0, 0, 0
L 1270.0000, 730.0000, 0.0000,  1310.0000, 700.0000, 0.0000,  0, 0, 0
L 1330.0000, 730.0000, 0.0000,  1360.0000, 730.0000, 0.0000,  0, 0, 0
L 1330.0000, 760.0000, 0.0000,  1360.0000, 760.0000, 0.0000,  0, 0, 0
L 1330.0000, 700.0000, 0.0000,  1330.0000, 760.0000, 0.0000,  0, 0, 0
L 1360.0000, 700.0000, 0.0000,  1330.0000, 700.0000, 0.0000,  0, 0, 0
L 1470.0000, 760.0000, 0.0000,  1480.0000, 700.0000, 0.0000,  0, 0, 0
L 1460.0000, 730.0000, 0.0000,  1470.0000, 760.0000, 0.0000,  0, 0, 0
L 1450.0000, 760.0000, 0.0000,  1460.0000, 730.0000, 0.0000,  0, 0, 0
L 1440.0000, 700.0000, 0.0000,  1450.0000, 760.0000, 0.0000,  0, 0, 0
L 1510.0000, 730.0000, 0.0000,  1530.0000, 730.0000, 0.0000,  0, 0, 0
L 1520.0000, 700.0000, 0.0000,  1540.0000, 760.0000, 0.0000,  0, 0, 0
L 1500.0000, 760.0000, 0.0000,  1520.0000, 700.0000, 0.0000,  0, 0, 0
L 1560.0000, 700.0000, 0.0000,  1560.0000, 760.0000, 0.0000,  0, 0, 0
L 1600.0000, 760.0000, 0.0000,  1560.0000, 760.0000, 0.0000,  0, 0, 0
L 1620.0000, 700.0000, 0.0000,  1620.0000, 760.0000, 0.0000,  0, 0, 0
L 1660.0000, 760.0000, 0.0000,  1620.0000, 760.0000, 0.0000,  0, 0, 0
L 1000.0000, 890.0000, 0.0000,  1060.0000, 890.0000, 0.0000,  0, 0, 0
L 1000.0000, 810.0000, 0.0000,  1060.0000, 810.0000, 0.0000,  0, 0, 0
L 1030.0000, 863.0000, 0.0000,  1030.0000, 837.0000, 0.0000,  205, 133, 63
L 1060.0000, 890.0000, 0.0000,  1120.0000, 890.0000, 0.0000,  0, 0, 0
L 1060.0000, 890.0000, 0.0000,  1060.0000, 863.0000, 0.0000,  205, 133, 63
L 1030.0000, 863.0000, 0.0000,  1090.0000, 863.0000, 0.0000,  205, 133, 63
L 1030.0000, 837.0000, 0.0000,  1060.0000, 837.0000, 0.0000,  205, 133, 63
L 1060.0000, 837.0000, 0.0000,  1090.0000, 837.0000, 0.0000,  205, 133, 63
L 1060.0000, 810.0000, 0.0000,  1120.0000, 810.0000, 0.0000,  0, 0, 0
L 1060.0000, 837.0000, 0.0000,  1060.0000, 810.0000, 0.0000,  205, 133, 63
L 1090.0000, 863.0000, 0.0000,  1090.0000, 837.0000, 0.0000,  205, 133, 63
L 1170.0000, 880.0000, 0.0000,  1170.0000, 820.0000, 0.0000,  0, 0, 0
L 1180.0000, 880.0000, 0.0000,  1160.0000, 880.0000, 0.0000,  0, 0, 0
L 1190.0000, 850.0000, 0.0000,  1180.0000, 880.0000, 0.0000,  0, 0, 0
L 1180.0000, 820.0000, 0.0000,  1190.0000, 850.0000, 0.0000,  0, 0, 0
L 1160.0000, 820.0000, 0.0000,  1180.0000, 820.0000, 0.0000,  0, 0, 0
L 1210.0000, 820.0000, 0.0000,  1240.0000, 820.0000, 0.0000,  0, 0, 0
L 1210.0000, 880.0000, 0.0000,  1240.0000, 880.0000, 0.0000,  0, 0, 0
L 1210.0000, 820.0000, 0.0000,  1210.0000, 880.0000, 0.0000,  0, 0, 0
L 1240.0000, 820.0000, 0.0000,  1240.0000, 880.0000, 0.0000,  0, 0, 0
L 1260.0000, 820.0000, 0.0000,  1290.0000, 820.0000, 0.0000,  0, 0, 0
L 1260.0000, 880.0000, 0.0000,  1290.0000, 880.0000, 0.0000,  0, 0, 0
L 1260.0000, 820.0000, 0.0000,  1260.0000, 880.0000, 0.0000,  0, 0, 0
L 1290.0000, 820.0000, 0.0000,  1290.0000, 880.0000, 0.0000,  0, 0, 0
L 1310.0000, 820.0000, 0.0000,  1310.0000, 850.0000, 0.0000,  0, 0, 0
L 1310.0000, 850.0000, 0.0000,  1310.0000, 880.0000, 0.0000,  0, 0, 0
L 1310.0000, 850.0000, 0.0000,  1330.0000, 850.0000, 0.0000,  0, 0, 0
L 1350.0000, 850.0000, 0.0000,  1350.0000, 820.0000, 0.0000,  0, 0, 0
L 1310.0000, 820.0000, 0.0000,  1350.0000, 820.0000, 0.0000,  0, 0, 0
L 1330.0000, 850.0000, 0.0000,  1350.0000, 850.0000, 0.0000,  0, 0, 0
L 1350.0000, 880.0000, 0.0000,  1330.0000, 850.0000, 0.0000,  0, 0, 0
L 1000.0000, 1010.0000, 0.0000,  1090.0000, 1010.0000, 0.0000,  0, 0, 0
L 1000.0000, 930.0000, 0.0000,  1090.0000, 930.0000, 0.0000,  0, 0, 0
L 1090.0000, 930.0000, 0.0000,  1120.0000, 930.0000, 0.0000,  0, 0, 0
L 1090.0000, 1010.0000, 0.0000,  1120.0000, 1010.0000, 0.0000,  0, 0, 0
L 1090.0000, 930.0000, 0.0000,  1090.0000, 970.0000, 0.0000,  255, 255, 0
L 1030.0000, 950.0000, 0.0000,  1030.0000, 990.0000, 0.0000,  255, 255, 0
L 1090.0000, 970.0000, 0.0000,  1090.0000, 1010.0000, 0.0000,  255, 255, 0
L 1090.0000, 970.0000, 0.0000,  1030.0000, 950.0000, 0.0000,  255, 255, 0
L 1090.0000, 970.0000, 0.0000,  1030.0000, 990.0000, 0.0000,  255, 255, 0
L 1160.0000, 940.0000, 0.0000,  1190.0000, 940.0000, 0.0000,  0, 0, 0
L 1160.0000, 1000.0000, 0.0000,  1190.0000, 1000.0000, 0.0000,  0, 0, 0
L 1160.0000, 940.0000, 0.0000,  1160.0000, 1000.0000, 0.0000,  0, 0, 0
L 1190.0000, 940.0000, 0.0000,  1190.0000, 1000.0000, 0.0000,  0, 0, 0
L 1240.0000, 1000.0000, 0.0000,  1240.0000, 940.0000, 0.0000,  0, 0, 0
L 1210.0000, 940.0000, 0.0000,  1240.0000, 1000.0000, 0.0000,  0, 0, 0
L 1210.0000, 1000.0000, 0.0000,  1210.0000, 940.0000, 0.0000,  0, 0, 0
L 1260.0000, 970.0000, 0.0000,  1290.0000, 970.0000, 0.0000,  0, 0, 0
L 1260.0000, 1000.0000, 0.0000,  1290.0000, 1000.0000, 0.0000,  0, 0, 0
L 1260.0000, 940.0000, 0.0000,  1260.0000, 1000.0000, 0.0000,  0, 0, 0
L 1290.0000, 940.0000, 0.0000,  1260.0000, 940.0000, 0.0000,  0, 0, 0
L 1400.0000, 1000.0000, 0.0000,  1410.0000, 940.0000, 0.0000,  0, 0, 0
L 1390.0000, 970.0000, 0.0000,  1400.0000, 1000.0000, 0.0000,  0, 0, 0
L 1380.0000, 1000.0000, 0.0000,  1390.0000, 970.0000, 0.0000,  0, 0, 0
L 1370.0000, 940.0000, 0.0000,  1380.0000, 1000.0000, 0.0000,  0, 0, 0
L 1440.0000, 970.0000, 0.0000,  1460.0000, 970.0000, 0.0000,  0, 0, 0
L 1450.0000, 940.0000, 0.0000,  1470.0000, 1000.0000, 0.0000,  0, 0, 0
L 1430.0000, 1000.0000, 0.0000,  1450.0000, 940.0000, 0.0000,  0, 0, 0
L 1510.0000, 970.0000, 0.0000,  1510.0000, 1000.0000, 0.0000,  0, 0, 0
L 1510.0000, 970.0000, 0.0000,  1530.0000, 940.0000, 0.0000,  0, 0, 0
L 1490.0000, 940.0000, 0.0000,  1510.0000, 970.0000, 0.0000,  0, 0, 0
L 1000.0000, 1050.0000, 0.0000,  1000.0000, 1080.0000, 0.0000,  255, 210, 0
L 1000.0000, 1050.0000, 0.0000,  1020.0000, 1050.0000, 0.0000,  255, 210, 0
L 1020.0000, 1110.0000, 0.0000,  1000.0000, 1110.0000, 0.0000,  255, 210, 0
L 1000.0000, 1080.0000, 0.0000,  1000.0000, 1110.0000, 0.0000,  255, 210, 0
L 1020.0000, 1080.0000, 0.0000,  1000.0000, 1080.0000, 0.0000,  255, 210, 0
L 1020.0000, 1080.0000, 0.0000,  1040.0000, 1065.0000, 0.0000,  255, 210, 0
L 1020.0000, 1050.0000, 0.0000,  1040.0000, 1065.0000, 0.0000,  255, 210, 0
L 1020.0000, 1080.0000, 0.0000,  1040.0000, 1095.0000, 0.0000,  255, 210, 0
L 1040.0000, 1095.0000, 0.0000,  1020.0000, 1110.0000, 0.0000,  255, 210, 0
L 1070.0000, 1080.0000, 0.0000,  1090.0000, 1080.0000, 0.0000,  255, 210, 0
L 1080.0000, 1050.0000, 0.0000,  1100.0000, 1110.0000, 0.0000,  255, 210, 0
L 1060.0000, 1110.0000, 0.0000,  1080.0000, 1050.0000, 0.0000,  255, 210, 0
L 1150.0000, 1110.0000, 0.0000,  1150.0000, 1050.0000, 0.0000,  255, 210, 0
L 1120.0000, 1050.0000, 0.0000,  1150.0000, 1110.0000, 0.0000,  255, 210, 0
L 1120.0000, 1110.0000, 0.0000,  1120.0000, 1050.0000, 0.0000,  255, 210, 0
L 1170.0000, 1050.0000, 0.0000,  1170.0000, 1080.0000, 0.0000,  255, 210, 0
L 1170.0000, 1080.0000, 0.0000,  1170.0000, 1110.0000, 0.0000,  255, 210, 0
L 1170.0000, 1080.0000, 0.0000,  1210.0000, 1110.0000, 0.0000,  255, 210, 0
L 1170.0000, 1080.0000, 0.0000,  1210.0000, 1050.0000, 0.0000,  255, 210, 0
L 1230.0000, 1080.0000, 0.0000,  1260.0000, 1080.0000, 0.0000,  255, 210, 0
L 1230.0000, 1110.0000, 0.0000,  1260.0000, 1110.0000, 0.0000,  255, 210, 0
L 1230.0000, 1050.0000, 0.0000,  1230.0000, 1110.0000, 0.0000,  255, 210, 0
L 1260.0000, 1050.0000, 0.0000,  1230.0000, 1050.0000, 0.0000,  255, 210, 0
L 1280.0000, 1050.0000, 0.0000,  1280.0000, 1080.0000, 0.0000,  255, 210, 0
L 1280.0000, 1080.0000, 0.0000,  1280.0000, 1110.0000, 0.0000,  255, 210, 0
L 1280.0000, 1080.0000, 0.0000,  1300.0000, 1080.0000, 0.0000,  255, 210, 0
L 1320.0000, 1080.0000, 0.0000,  1320.0000, 1050.0000, 0.0000,  255, 210, 0
L 1280.0000, 1050.0000, 0.0000,  1320.0000, 1050.0000, 0.0000,  255, 210, 0
L 1300.0000, 1080.0000, 0.0000,  1320.0000, 1080.0000, 0.0000,  255, 210, 0
L 1320.0000, 1110.0000, 0.0000,  1300.0000, 1080.0000, 0.0000,  255, 210, 0
L 1030.0000, 1200.0000, 0.0000,  1000.0000, 1200.0000, 0.0000,  255, 255, 255
L 1000.0000, 1140.0000, 0.0000,  1030.0000, 1140.0000, 0.0000,  255, 255, 255
L 1000.0000, 1200.0000, 0.0000,  1000.0000, 1140.0000, 0.0000,  255, 255, 255
L 1050.0000, 1140.0000, 0.0000,  1080.0000, 1140.0000, 0.0000,  255, 255, 255
L 1050.0000, 1200.0000, 0.0000,  1080.0000, 1200.0000, 0.0000,  255, 255, 255
L 1050.0000, 1140.0000, 0.0000,  1050.0000, 1200.0000, 0.0000,  255, 255, 255
L 1080.0000, 1140.0000, 0.0000,  1080.0000, 1200.0000, 0.0000,  255, 255, 255
L 1140.0000, 1140.0000, 0.0000,  1140.0000, 1200.0000, 0.0000,  255, 255, 255
L 1120.0000, 1170.0000, 0.0000,  1140.0000, 1140.0000, 0.0000,  255, 255, 255
L 1100.0000, 1140.0000, 0.0000,  1120.0000, 1170.0000, 0.0000,  255, 255, 255
L 1100.0000, 1200.0000, 0.0000,  1100.0000, 1140.0000, 0.0000,  255, 255, 255
L 1200.0000, 1140.0000, 0.0000,  1200.0000, 1200.0000, 0.0000,  255, 255, 255
L 1180.0000, 1170.0000, 0.0000,  1200.0000, 1140.0000, 0.0000,  255, 255, 255
L 1160.0000, 1140.0000, 0.0000,  1180.0000, 1170.0000, 0.0000,  255, 255, 255
L 1160.0000, 1200.0000, 0.0000,  1160.0000, 1140.0000, 0.0000,  255, 255, 255
L 1220.0000, 1170.0000, 0.0000,  1250.0000, 1170.0000, 0.0000,  255, 255, 255
L 1220.0000, 1200.0000, 0.0000,  1250.0000, 1200.0000, 0.0000,  255, 255, 255
L 1220.0000, 1140.0000, 0.0000,  1220.0000, 1200.0000, 0.0000,  255, 255, 255
L 1250.0000, 1140.0000, 0.0000,  1220.0000, 1140.0000, 0.0000,  255, 255, 255
L 1300.0000, 1200.0000, 0.0000,  1300.0000, 1140.0000, 0.0000,  255, 255, 255
L 1270.0000, 1140.0000, 0.0000,  1300.0000, 1200.0000, 0.0000,  255, 255, 255
L 1270.0000, 1200.0000, 0.0000,  1270.0000, 1140.0000, 0.0000,  255, 255, 255
L 1340.0000, 1140.0000, 0.0000,  1340.0000, 1200.0000, 0.0000,  255, 255, 255
L 1320.0000, 1140.0000, 0.0000,  1360.0000, 1140.0000, 0.0000,  255, 255, 255
L 1030.0000, 1290.0000, 0.0000,  1000.0000, 1290.0000, 0.0000,  0, 0, 0
L 1000.0000, 1230.0000, 0.0000,  1030.0000, 1230.0000, 0.0000,  0, 0, 0
L 1000.0000, 1290.0000, 0.0000,  1000.0000, 1230.0000, 0.0000,  0, 0, 0
L 1030.0000, 1290.0000, 0.0000,  1030.0000, 1260.0000, 0.0000,  0, 0, 0
L 1030.0000, 1260.0000, 0.0000,  1010.0000, 1260.0000, 0.0000,  0, 0, 0
L 1050.0000, 1260.0000, 0.0000,  1080.0000, 1260.0000, 0.0000,  0, 0, 0
L 1050.0000, 1290.0000, 0.0000,  1080.0000, 1290.0000, 0.0000,  0, 0, 0
L 1050.0000, 1230.0000, 0.0000,  1050.0000, 1290.0000, 0.0000,  0, 0, 0
L 1080.0000, 1230.0000, 0.0000,  1050.0000, 1230.0000, 0.0000,  0, 0, 0
L 1130.0000, 1290.0000, 0.0000,  1130.0000, 1230.0000, 0.0000,  0, 0, 0
L 1100.0000, 1230.0000, 0.0000,  1130.0000, 1290.0000, 0.0000,  0, 0, 0
L 1100.0000, 1290.0000, 0.0000,  1100.0000, 1230.0000, 0.0000,  0, 0, 0
L 1150.0000, 1260.0000, 0.0000,  1180.0000, 1260.0000, 0.0000,  0, 0, 0
L 1150.0000, 1290.0000, 0.0000,  1180.0000, 1290.0000, 0.0000,  0, 0, 0
L 1150.0000, 1230.0000, 0.0000,  1150.0000, 1290.0000, 0.0000,  0, 0, 0
L 1180.0000, 1230.0000, 0.0000,  1150.0000, 1230.0000, 0.0000,  0, 0, 0
L 1200.0000, 1230.0000, 0.0000,  1200.0000, 1260.0000, 0.0000,  0, 0, 0
L 1200.0000, 1260.0000, 0.0000,  1200.0000, 1290.0000, 0.0000,  0, 0, 0
L 1200.0000, 1260.0000, 0.0000,  1220.0000, 1260.0000, 0.0000,  0, 0, 0
L 1240.0000, 1260.0000, 0.0000,  1240.0000, 1230.0000, 0.0000,  0, 0, 0
L 1200.0000, 1230.0000, 0.0000,  1240.0000, 1230.0000, 0.0000,  0, 0, 0
L 1220.0000, 1260.0000, 0.0000,  1240.0000, 1260.0000, 0.0000,  0, 0, 0
L 1240.0000, 1290.0000, 0.0000,  1220.0000, 1260.0000, 0.0000,  0, 0, 0
L 1270.0000, 1260.0000, 0.0000,  1290.0000, 1260.0000, 0.0000,  0, 0, 0
L 1280.0000, 1230.0000, 0.0000,  1300.0000, 1290.0000, 0.0000,  0, 0, 0
L 1260.0000, 1290.0000, 0.0000,  1280.0000, 1230.0000, 0.0000,  0, 0, 0
L 1320.0000, 1230.0000, 0.0000,  1320.0000, 1290.0000, 0.0000,  0, 0, 0
L 1360.0000, 1290.0000, 0.0000,  1320.0000, 1290.0000, 0.0000,  0, 0, 0
L 1030.0000, 1380.0000, 0.0000,  1000.0000, 1380.0000, 0.0000,  0, 0, 255
L 1000.0000, 1320.0000, 0.0000,  1030.0000, 1320.0000, 0.0000,  0, 0, 255
L 1000.0000, 1380.0000, 0.0000,  1000.0000, 1320.0000, 0.0000,  0, 0, 255
L 1030.0000, 1380.0000, 0.0000,  1030.0000, 1350.0000, 0.0000,  0, 0, 255
L 1030.0000, 1350.0000, 0.0000,  1010.0000, 1350.0000, 0.0000,  0, 0, 255
L 1050.0000, 1320.0000, 0.0000,  1050.0000, 1350.0000, 0.0000,  0, 0, 255
L 1050.0000, 1350.0000, 0.0000,  1050.0000, 1380.0000, 0.0000,  0, 0, 255
L 1050.0000, 1350.0000, 0.0000,  1070.0000, 1350.0000, 0.0000,  0, 0, 255
L 1090.0000, 1350.0000, 0.0000,  1090.0000, 1320.0000, 0.0000,  0, 0, 255
L 1050.0000, 1320.0000, 0.0000,  1090.0000, 1320.0000, 0.0000,  0, 0, 255
L 1070.0000, 1350.0000, 0.0000,  1090.0000, 1350.0000, 0.0000,  0, 0, 255
L 1090.0000, 1380.0000, 0.0000,  1070.0000, 1350.0000, 0.0000,  0, 0, 255
L 1110.0000, 1320.0000, 0.0000,  1140.0000, 1320.0000, 0.0000,  0, 0, 255
L 1110.0000, 1380.0000, 0.0000,  1140.0000, 1380.0000, 0.0000,  0, 0, 255
L 1110.0000, 1320.0000, 0.0000,  1110.0000, 1380.0000, 0.0000,  0, 0, 255
L 1140.0000, 1320.0000, 0.0000,  1140.0000, 1380.0000, 0.0000,  0, 0, 255
L 1200.0000, 1320.0000, 0.0000,  1200.0000, 1380.0000, 0.0000,  0, 0, 255
L 1160.0000, 1320.0000, 0.0000,  1160.0000, 1380.0000, 0.0000,  0, 0, 255
L 1160.0000, 1380.0000, 0.0000,  1200.0000, 1380.0000, 0.0000,  0, 0, 255
L 1250.0000, 1380.0000, 0.0000,  1250.0000, 1320.0000, 0.0000,  0, 0, 255
L 1220.0000, 1320.0000, 0.0000,  1250.0000, 1380.0000, 0.0000,  0, 0, 255
L 1220.0000, 1380.0000, 0.0000,  1220.0000, 1320.0000, 0.0000,  0, 0, 255
L 1280.0000, 1380.0000, 0.0000,  1280.0000, 1320.0000, 0.0000,  0, 0, 255
L 1290.0000, 1380.0000, 0.0000,  1270.0000, 1380.0000, 0.0000,  0, 0, 255
L 1300.0000, 1350.0000, 0.0000,  1290.0000, 1380.0000, 0.0000,  0, 0, 255
L 1290.0000, 1320.0000, 0.0000,  1300.0000, 1350.0000, 0.0000,  0, 0, 255
L 1270.0000, 1320.0000, 0.0000,  1290.0000, 1320.0000, 0.0000,  0, 0, 255
L 1380.0000, 1320.0000, 0.0000,  1380.0000, 1350.0000, 0.0000,  0, 0, 255
L 1380.0000, 1380.0000, 0.0000,  1420.0000, 1380.0000, 0.0000,  0, 0, 255
L 1420.0000, 1350.0000, 0.0000,  1380.0000, 1350.0000, 0.0000,  0, 0, 255
L 1380.0000, 1320.0000, 0.0000,  1420.0000, 1320.0000, 0.0000,  0, 0, 255
L 1420.0000, 1350.0000, 0.0000,  1420.0000, 1380.0000, 0.0000,  0, 0, 255
L 1470.0000, 1350.0000, 0.0000,  1440.0000, 1350.0000, 0.0000,  0, 0, 255
L 1470.0000, 1320.0000, 0.0000,  1470.0000, 1350.0000, 0.0000,  0, 0, 255
L 1440.0000, 1320.0000, 0.0000,  1470.0000, 1320.0000, 0.0000,  0, 0, 255
L 1440.0000, 1380.0000, 0.0000,  1440.0000, 1320.0000, 0.0000,  0, 0, 255
L 1500.0000, 1350.0000, 0.0000,  1520.0000, 1350.0000, 0.0000,  0, 0, 255
L 1510.0000, 1320.0000, 0.0000,  1530.0000, 1380.0000, 0.0000,  0, 0, 255
L 1490.0000, 1380.0000, 0.0000,  1510.0000, 1320.0000, 0.0000,  0, 0, 255
L 1580.0000, 1380.0000, 0.0000,  1590.0000, 1320.0000, 0.0000,  0, 0, 255
L 1570.0000, 1350.0000, 0.0000,  1580.0000, 1380.0000, 0.0000,  0, 0, 255
L 1560.0000, 1380.0000, 0.0000,  1570.0000, 1350.0000, 0.0000,  0, 0, 255
L 1550.0000, 1320.0000, 0.0000,  1560.0000, 1380.0000, 0.0000,  0, 0, 255
L 1640.0000, 1380.0000, 0.0000,  1640.0000, 1320.0000, 0.0000,  0, 0, 255
L 1610.0000, 1320.0000, 0.0000,  1640.0000, 1380.0000, 0.0000,  0, 0, 255
L 1610.0000, 1380.0000, 0.0000,  1610.0000, 1320.0000, 0.0000,  0, 0, 255
L 1030.0000, 1470.0000, 0.0000,  1000.0000, 1470.0000, 0.0000,  128, 128, 128
L 1000.0000, 1410.0000, 0.0000,  1030.0000, 1410.0000, 0.0000,  128, 128, 128
L 1000.0000, 1470.0000, 0.0000,  1000.0000, 1410.0000, 0.0000,  128, 128, 128
L 1030.0000, 1470.0000, 0.0000,  1030.0000, 1440.0000, 0.0000,  128, 128, 128
L 1030.0000, 1440.0000, 0.0000,  1010.0000, 1440.0000, 0.0000,  128, 128, 128
L 1090.0000, 1410.0000, 0.0000,  1090.0000, 1470.0000, 0.0000,  128, 128, 128
L 1050.0000, 1410.0000, 0.0000,  1050.0000, 1470.0000, 0.0000,  128, 128, 128
L 1050.0000, 1470.0000, 0.0000,  1090.0000, 1470.0000, 0.0000,  128, 128, 128
L 1110.0000, 1410.0000, 0.0000,  1110.0000, 1470.0000, 0.0000,  128, 128, 128
L 1130.0000, 1410.0000, 0.0000,  1130.0000, 1470.0000, 0.0000,  128, 128, 128
L 1170.0000, 1470.0000, 0.0000,  1130.0000, 1470.0000, 0.0000,  128, 128, 128
L 1200.0000, 1470.0000, 0.0000,  1200.0000, 1410.0000, 0.0000,  128, 128, 128
L 1210.0000, 1470.0000, 0.0000,  1190.0000, 1470.0000, 0.0000,  128, 128, 128
L 1220.0000, 1440.0000, 0.0000,  1210.0000, 1470.0000, 0.0000,  128, 128, 128
L 1210.0000, 1410.0000, 0.0000,  1220.0000, 1440.0000, 0.0000,  128, 128, 128
L 1190.0000, 1410.0000, 0.0000,  1210.0000, 1410.0000, 0.0000,  128, 128, 128
L 1340.0000, 1410.0000, 0.0000,  1340.0000, 1470.0000, 0.0000,  128, 128, 128
L 1320.0000, 1440.0000, 0.0000,  1340.0000, 1410.0000, 0.0000,  128, 128, 128
L 1300.0000, 1410.0000, 0.0000,  1320.0000, 1440.0000, 0.0000,  128, 128, 128
L 1300.0000, 1470.0000, 0.0000,  1300.0000, 1410.0000, 0.0000,  128, 128, 128
L 1370.0000, 1440.0000, 0.0000,  1390.0000, 1440.0000, 0.0000,  128, 128, 128
L 1380.0000, 1410.0000, 0.0000,  1400.0000, 1470.0000, 0.0000,  128, 128, 128
L 1360.0000, 1470.0000, 0.0000,  1380.0000, 1410.0000, 0.0000,  128, 128, 128
L 1420.0000, 1410.0000, 0.0000,  1420.0000, 1440.0000, 0.0000,  128, 128, 128
L 1420.0000, 1470.0000, 0.0000,  1460.0000, 1470.0000, 0.0000,  128, 128, 128
L 1460.0000, 1440.0000, 0.0000,  1420.0000, 1440.0000, 0.0000,  128, 128, 128
L 1420.0000, 1410.0000, 0.0000,  1460.0000, 1410.0000, 0.0000,  128, 128, 128
L 1460.0000, 1440.0000, 0.0000,  1460.0000, 1470.0000, 0.0000,  128, 128, 128
L 1500.0000, 1410.0000, 0.0000,  1500.0000, 1470.0000, 0.0000,  128, 128, 128
L 1480.0000, 1410.0000, 0.0000,  1520.0000, 1410.0000, 0.0000,  128, 128, 128
L 1540.0000, 1440.0000, 0.0000,  1570.0000, 1440.0000, 0.0000,  128, 128, 128
L 1540.0000, 1470.0000, 0.0000,  1570.0000, 1470.0000, 0.0000,  128, 128, 128
L 1540.0000, 1410.0000, 0.0000,  1540.0000, 1470.0000, 0.0000,  128, 128, 128
L 1570.0000, 1410.0000, 0.0000,  1540.0000, 1410.0000, 0.0000,  128, 128, 128
L 1590.0000, 1410.0000, 0.0000,  1590.0000, 1440.0000, 0.0000,  128, 128, 128
L 1590.0000, 1440.0000, 0.0000,  1590.0000, 1470.0000, 0.0000,  128, 128, 128
L 1590.0000, 1440.0000, 0.0000,  1610.0000, 1440.0000, 0.0000,  128, 128, 128
L 1630.0000, 1440.0000, 0.0000,  1630.0000, 1410.0000, 0.0000,  128, 128, 128
L 1590.0000, 1410.0000, 0.0000,  1630.0000, 1410.0000, 0.0000,  128, 128, 128
L 1610.0000, 1440.0000, 0.0000,  1630.0000, 1440.0000, 0.0000,  128, 128, 128
L 1630.0000, 1470.0000, 0.0000,  1610.0000, 1440.0000, 0.0000,  128, 128, 128
L 1000.0000, 1500.0000, 0.0000,  1000.0000, 1530.0000, 0.0000,  127, 64, 0
L 1040.0000, 1560.0000, 0.0000,  1040.0000, 1530.0000, 0.0000,  127, 64, 0
L 1000.0000, 1530.0000, 0.0000,  1000.0000, 1560.0000, 0.0000,  127, 64, 0
L 1040.0000, 1530.0000, 0.0000,  1040.0000, 1500.0000, 0.0000,  127, 64, 0
L 1000.0000, 1530.0000, 0.0000,  1040.0000, 1530.0000, 0.0000,  127, 64, 0
L 1100.0000, 1500.0000, 0.0000,  1100.0000, 1560.0000, 0.0000,  127, 64, 0
L 1060.0000, 1500.0000, 0.0000,  1060.0000, 1560.0000, 0.0000,  127, 64, 0
L 1060.0000, 1560.0000, 0.0000,  1100.0000, 1560.0000, 0.0000,  127, 64, 0
L 1150.0000, 1560.0000, 0.0000,  1150.0000, 1500.0000, 0.0000,  127, 64, 0
L 1120.0000, 1500.0000, 0.0000,  1150.0000, 1560.0000, 0.0000,  127, 64, 0
L 1120.0000, 1560.0000, 0.0000,  1120.0000, 1500.0000, 0.0000,  127, 64, 0
L 1190.0000, 1500.0000, 0.0000,  1190.0000, 1560.0000, 0.0000,  127, 64, 0
L 1170.0000, 1500.0000, 0.0000,  1210.0000, 1500.0000, 0.0000,  127, 64, 0
L 1230.0000, 1530.0000, 0.0000,  1260.0000, 1530.0000, 0.0000,  127, 64, 0
L 1230.0000, 1560.0000, 0.0000,  1260.0000, 1560.0000, 0.0000,  127, 64, 0
L 1230.0000, 1500.0000, 0.0000,  1230.0000, 1560.0000, 0.0000,  127, 64, 0
L 1260.0000, 1500.0000, 0.0000,  1230.0000, 1500.0000, 0.0000,  127, 64, 0
L 1280.0000, 1500.0000, 0.0000,  1280.0000, 1530.0000, 0.0000,  127, 64, 0
L 1280.0000, 1530.0000, 0.0000,  1280.0000, 1560.0000, 0.0000,  127, 64, 0
L 1280.0000, 1530.0000, 0.0000,  1300.0000, 1530.0000, 0.0000,  127, 64, 0
L 1320.0000, 1530.0000, 0.0000,  1320.0000, 1500.0000, 0.0000,  127, 64, 0
L 1280.0000, 1500.0000, 0.0000,  1320.0000, 1500.0000, 0.0000,  127, 64, 0
L 1300.0000, 1530.0000, 0.0000,  1320.0000, 1530.0000, 0.0000,  127, 64, 0
L 1320.0000, 1560.0000, 0.0000,  1300.0000, 1530.0000, 0.0000,  127, 64, 0
L 1040.0000, 1590.0000, 0.0000,  1040.0000, 1650.0000, 0.0000,  0, 127, 0
L 1020.0000, 1620.0000, 0.0000,  1040.0000, 1590.0000, 0.0000,  0, 127, 0
L 1000.0000, 1590.0000, 0.0000,  1020.0000, 1620.0000, 0.0000,  0, 127, 0
L 1000.0000, 1650.0000, 0.0000,  1000.0000, 1590.0000, 0.0000,  0, 127, 0
L 1060.0000, 1620.0000, 0.0000,  1090.0000, 1620.0000, 0.0000,  0, 127, 0
L 1060.0000, 1650.0000, 0.0000,  1090.0000, 1650.0000, 0.0000,  0, 127, 0
L 1060.0000, 1590.0000, 0.0000,  1060.0000, 1650.0000, 0.0000,  0, 127, 0
L 1090.0000, 1590.0000, 0.0000,  1060.0000, 1590.0000, 0.0000,  0, 127, 0
L 1110.0000, 1590.0000, 0.0000,  1110.0000, 1620.0000, 0.0000,  0, 127, 0
L 1110.0000, 1620.0000, 0.0000,  1110.0000, 1650.0000, 0.0000,  0, 127, 0
L 1110.0000, 1620.0000, 0.0000,  1130.0000, 1620.0000, 0.0000,  0, 127, 0
L 1150.0000, 1620.0000, 0.0000,  1150.0000, 1590.0000, 0.0000,  0, 127, 0
L 1110.0000, 1590.0000, 0.0000,  1150.0000, 1590.0000, 0.0000,  0, 127, 0
L 1130.0000, 1620.0000, 0.0000,  1150.0000, 1620.0000, 0.0000,  0, 127, 0
L 1150.0000, 1650.0000, 0.0000,  1130.0000, 1620.0000, 0.0000,  0, 127, 0
L 1200.0000, 1650.0000, 0.0000,  1170.0000, 1650.0000, 0.0000,  0, 127, 0
L 1170.0000, 1590.0000, 0.0000,  1200.0000, 1590.0000, 0.0000,  0, 127, 0
L 1170.0000, 1650.0000, 0.0000,  1170.0000, 1590.0000, 0.0000,  0, 127, 0
L 1220.0000, 1590.0000, 0.0000,  1220.0000, 1620.0000, 0.0000,  0, 127, 0
L 1260.0000, 1650.0000, 0.0000,  1260.0000, 1620.0000, 0.0000,  0, 127, 0
L 1220.0000, 1620.0000, 0.0000,  1220.0000, 1650.0000, 0.0000,  0, 127, 0
L 1260.0000, 1620.0000, 0.0000,  1260.0000, 1590.0000, 0.0000,  0, 127, 0
L 1220.0000, 1620.0000, 0.0000,  1260.0000, 1620.0000, 0.0000,  0, 127, 0
L 1290.0000, 1620.0000, 0.0000,  1310.0000, 1620.0000, 0.0000,  0, 127, 0
L 1300.0000, 1590.0000, 0.0000,  1320.0000, 1650.0000, 0.0000,  0, 127, 0
L 1280.0000, 1650.0000, 0.0000,  1300.0000, 1590.0000, 0.0000,  0, 127, 0
L 1370.0000, 1650.0000, 0.0000,  1370.0000, 1590.0000, 0.0000,  0, 127, 0
L 1340.0000, 1590.0000, 0.0000,  1370.0000, 1650.0000, 0.0000,  0, 127, 0
L 1340.0000, 1650.0000, 0.0000,  1340.0000, 1590.0000, 0.0000,  0, 127, 0
L 1410.0000, 1590.0000, 0.0000,  1410.0000, 1650.0000, 0.0000,  0, 127, 0
L 1390.0000, 1590.0000, 0.0000,  1430.0000, 1590.0000, 0.0000,  0, 127, 0
L 1040.0000, 1680.0000, 0.0000,  1040.0000, 1740.0000, 0.0000,  0, 127, 127
L 1020.0000, 1710.0000, 0.0000,  1040.0000, 1680.0000, 0.0000,  0, 127, 127
L 1000.0000, 1680.0000, 0.0000,  1020.0000, 1710.0000, 0.0000,  0, 127, 127
L 1000.0000, 1740.0000, 0.0000,  1000.0000, 1680.0000, 0.0000,  0, 127, 127
L 1060.0000, 1680.0000, 0.0000,  1060.0000, 1740.0000, 0.0000,  0, 127, 127
L 1080.0000, 1680.0000, 0.0000,  1080.0000, 1710.0000, 0.0000,  0, 127, 127
L 1080.0000, 1740.0000, 0.0000,  1120.0000, 1740.0000, 0.0000,  0, 127, 127
L 1120.0000, 1710.0000, 0.0000,  1080.0000, 1710.0000, 0.0000,  0, 127, 127
L 1080.0000, 1680.0000, 0.0000,  1120.0000, 1680.0000, 0.0000,  0, 127, 127
L 1120.0000, 1710.0000, 0.0000,  1120.0000, 1740.0000, 0.0000,  0, 127, 127
L 1140.0000, 1680.0000, 0.0000,  1140.0000, 1710.0000, 0.0000,  0, 127, 127
L 1140.0000, 1740.0000, 0.0000,  1180.0000, 1740.0000, 0.0000,  0, 127, 127
L 1180.0000, 1710.0000, 0.0000,  1140.0000, 1710.0000, 0.0000,  0, 127, 127
L 1140.0000, 1680.0000, 0.0000,  1180.0000, 1680.0000, 0.0000,  0, 127, 127
L 1180.0000, 1710.0000, 0.0000,  1180.0000, 1740.0000, 0.0000,  0, 127, 127
L 1200.0000, 1680.0000, 0.0000,  1200.0000, 1740.0000, 0.0000,  0, 127, 127
L 1220.0000, 1680.0000, 0.0000,  1250.0000, 1680.0000, 0.0000,  0, 127, 127
L 1220.0000, 1740.0000, 0.0000,  1250.0000, 1740.0000, 0.0000,  0, 127, 127
L 1220.0000, 1680.0000, 0.0000,  1220.0000, 1740.0000, 0.0000,  0, 127, 127
L 1250.0000, 1680.0000, 0.0000,  1250.0000, 1740.0000, 0.0000,  0, 127, 127
L 1300.0000, 1740.0000, 0.0000,  1300.0000, 1680.0000, 0.0000,  0, 127, 127
L 1270.0000, 1680.0000, 0.0000,  1300.0000, 1740.0000, 0.0000,  0, 127, 127
L 1270.0000, 1740.0000, 0.0000,  1270.0000, 1680.0000, 0.0000,  0, 127, 127
L 1030.0000, 1830.0000, 0.0000,  1030.0000, 1770.0000, 0.0000,  127, 64, 0
L 1000.0000, 1770.0000, 0.0000,  1030.0000, 1830.0000, 0.0000,  127, 64, 0
L 1000.0000, 1830.0000, 0.0000,  1000.0000, 1770.0000, 0.0000,  127, 64, 0
L 1060.0000, 1800.0000, 0.0000,  1080.0000, 1800.0000, 0.0000,  127, 64, 0
L 1070.0000, 1770.0000, 0.0000,  1090.0000, 1830.0000, 0.0000,  127, 64, 0
L 1050.0000, 1830.0000, 0.0000,  1070.0000, 1770.0000, 0.0000,  127, 64, 0
L 1150.0000, 1770.0000, 0.0000,  1150.0000, 1830.0000, 0.0000,  127, 64, 0
L 1130.0000, 1800.0000, 0.0000,  1150.0000, 1770.0000, 0.0000,  127, 64, 0
L 1110.0000, 1770.0000, 0.0000,  1130.0000, 1800.0000, 0.0000,  127, 64, 0
L 1110.0000, 1830.0000, 0.0000,  1110.0000, 1770.0000, 0.0000,  127, 64, 0
L 1170.0000, 1800.0000, 0.0000,  1200.0000, 1800.0000, 0.0000,  127, 64, 0
L 1170.0000, 1830.0000, 0.0000,  1200.0000, 1830.0000, 0.0000,  127, 64, 0
L 1170.0000, 1770.0000, 0.0000,  1170.0000, 1830.0000, 0.0000,  127, 64, 0
L 1200.0000, 1770.0000, 0.0000,  1170.0000, 1770.0000, 0.0000,  127, 64, 0
L 1230.0000, 1830.0000, 0.0000,  1230.0000, 1770.0000, 0.0000,  127, 64, 0
L 1240.0000, 1830.0000, 0.0000,  1220.0000, 1830.0000, 0.0000,  127, 64, 0
L 1250.0000, 1800.0000, 0.0000,  1240.0000, 1830.0000, 0.0000,  127, 64, 0
L 1240.0000, 1770.0000, 0.0000,  1250.0000, 1800.0000, 0.0000,  127, 64, 0
L 1220.0000, 1770.0000, 0.0000,  1240.0000, 1770.0000, 0.0000,  127, 64, 0
L 1030.0000, 1890.0000, 0.0000,  1000.0000, 1890.0000, 0.0000,  0, 255, 0
L 1030.0000, 1860.0000, 0.0000,  1030.0000, 1890.0000, 0.0000,  0, 255, 0
L 1000.0000, 1860.0000, 0.0000,  1030.0000, 1860.0000, 0.0000,  0, 255, 0
L 1000.0000, 1920.0000, 0.0000,  1000.0000, 1860.0000, 0.0000,  0, 255, 0
L 1060.0000, 1890.0000, 0.0000,  1080.0000, 1890.0000, 0.0000,  0, 255, 0
L 1070.0000, 1860.0000, 0.0000,  1090.0000, 1920.0000, 0.0000,  0, 255, 0
L 1050.0000, 1920.0000, 0.0000,  1070.0000, 1860.0000, 0.0000,  0, 255, 0
L 1110.0000, 1860.0000, 0.0000,  1110.0000, 1890.0000, 0.0000,  0, 255, 0
L 1110.0000, 1890.0000, 0.0000,  1110.0000, 1920.0000, 0.0000,  0, 255, 0
L 1110.0000, 1890.0000, 0.0000,  1130.0000, 1890.0000, 0.0000,  0, 255, 0
L 1150.0000, 1890.0000, 0.0000,  1150.0000, 1860.0000, 0.0000,  0, 255, 0
L 1110.0000, 1860.0000, 0.0000,  1150.0000, 1860.0000, 0.0000,  0, 255, 0
L 1130.0000, 1890.0000, 0.0000,  1150.0000, 1890.0000, 0.0000,  0, 255, 0
L 1150.0000, 1920.0000, 0.0000,  1130.0000, 1890.0000, 0.0000,  0, 255, 0
L 1200.0000, 1920.0000, 0.0000,  1170.0000, 1920.0000, 0.0000,  0, 255, 0
L 1170.0000, 1860.0000, 0.0000,  1200.0000, 1860.0000, 0.0000,  0, 255, 0
L 1170.0000, 1920.0000, 0.0000,  1170.0000, 1860.0000, 0.0000,  0, 255, 0
L 1220.0000, 1890.0000, 0.0000,  1250.0000, 1890.0000, 0.0000,  0, 255, 0
L 1220.0000, 1920.0000, 0.0000,  1250.0000, 1920.0000, 0.0000,  0, 255, 0
L 1220.0000, 1860.0000, 0.0000,  1220.0000, 1920.0000, 0.0000,  0, 255, 0
L 1250.0000, 1860.0000, 0.0000,  1220.0000, 1860.0000, 0.0000,  0, 255, 0
L 1270.0000, 1860.0000, 0.0000,  1270.0000, 1920.0000, 0.0000,  0, 255, 0
L 1310.0000, 1920.0000, 0.0000,  1270.0000, 1920.0000, 0.0000,  0, 255, 0
L 1330.0000, 1860.0000, 0.0000,  1330.0000, 1890.0000, 0.0000,  0, 255, 0
L 1330.0000, 1920.0000, 0.0000,  1370.0000, 1920.0000, 0.0000,  0, 255, 0
L 1370.0000, 1890.0000, 0.0000,  1330.0000, 1890.0000, 0.0000,  0, 255, 0
L 1330.0000, 1860.0000, 0.0000,  1370.0000, 1860.0000, 0.0000,  0, 255, 0
L 1370.0000, 1890.0000, 0.0000,  1370.0000, 1920.0000, 0.0000,  0, 255, 0
L 1000.0000, 1950.0000, 0.0000,  1000.0000, 1980.0000, 0.0000,  0, 240, 240
L 1000.0000, 1980.0000, 0.0000,  1000.0000, 2010.0000, 0.0000,  0, 240, 240
L 1000.0000, 1980.0000, 0.0000,  1020.0000, 1980.0000, 0.0000,  0, 240, 240
L 1040.0000, 1980.0000, 0.0000,  1040.0000, 1950.0000, 0.0000,  0, 240, 240
L 1000.0000, 1950.0000, 0.0000,  1040.0000, 1950.0000, 0.0000,  0, 240, 240
L 1020.0000, 1980.0000, 0.0000,  1040.0000, 1980.0000, 0.0000,  0, 240, 240
L 1040.0000, 2010.0000, 0.0000,  1020.0000, 1980.0000, 0.0000,  0, 240, 240
L 1070.0000, 1980.0000, 0.0000,  1090.0000, 1980.0000, 0.0000,  0, 240, 240
L 1080.0000, 1950.0000, 0.0000,  1100.0000, 2010.0000, 0.0000,  0, 240, 240
L 1060.0000, 2010.0000, 0.0000,  1080.0000, 1950.0000, 0.0000,  0, 240, 240
L 1120.0000, 1950.0000, 0.0000,  1120.0000, 2010.0000, 0.0000,  0, 240, 240
L 1150.0000, 2010.0000, 0.0000,  1150.0000, 1950.0000, 0.0000,  0, 240, 240
L 1160.0000, 2010.0000, 0.0000,  1140.0000, 2010.0000, 0.0000,  0, 240, 240
L 1170.0000, 1980.0000, 0.0000,  1160.0000, 2010.0000, 0.0000,  0, 240, 240
L 1160.0000, 1950.0000, 0.0000,  1170.0000, 1980.0000, 0.0000,  0, 240, 240
L 1140.0000, 1950.0000, 0.0000,  1160.0000, 1950.0000, 0.0000,  0, 240, 240
L 1000.0000, 2040.0000, 0.0000,  1000.0000, 2070.0000, 0.0000,  0, 255, 0
L 1000.0000, 2100.0000, 0.0000,  1040.0000, 2100.0000, 0.0000,  0, 255, 0
L 1040.0000, 2070.0000, 0.0000,  1000.0000, 2070.0000, 0.0000,  0, 255, 0
L 1000.0000, 2040.0000, 0.0000,  1040.0000, 2040.0000, 0.0000,  0, 255, 0
L 1040.0000, 2070.0000, 0.0000,  1040.0000, 2100.0000, 0.0000,  0, 255, 0
L 1090.0000, 2070.0000, 0.0000,  1060.0000, 2070.0000, 0.0000,  0, 255, 0
L 1090.0000, 2040.0000, 0.0000,  1090.0000, 2070.0000, 0.0000,  0, 255, 0
L 1060.0000, 2040.0000, 0.0000,  1090.0000, 2040.0000, 0.0000,  0, 255, 0
L 1060.0000, 2100.0000, 0.0000,  1060.0000, 2040.0000, 0.0000,  0, 255, 0
L 1110.0000, 2070.0000, 0.0000,  1140.0000, 2070.0000, 0.0000,  0, 255, 0
L 1110.0000, 2100.0000, 0.0000,  1140.0000, 2100.0000, 0.0000,  0, 255, 0
L 1110.0000, 2040.0000, 0.0000,  1110.0000, 2100.0000, 0.0000,  0, 255, 0
L 1140.0000, 2040.0000, 0.0000,  1110.0000, 2040.0000, 0.0000,  0, 255, 0
L 1190.0000, 2100.0000, 0.0000,  1160.0000, 2100.0000, 0.0000,  0, 255, 0
L 1160.0000, 2040.0000, 0.0000,  1190.0000, 2040.0000, 0.0000,  0, 255, 0
L 1160.0000, 2100.0000, 0.0000,  1160.0000, 2040.0000, 0.0000,  0, 255, 0
L 1210.0000, 2040.0000, 0.0000,  1210.0000, 2100.0000, 0.0000,  0, 255, 0
L 1240.0000, 2070.0000, 0.0000,  1260.0000, 2070.0000, 0.0000,  0, 255, 0
L 1250.0000, 2040.0000, 0.0000,  1270.0000, 2100.0000, 0.0000,  0, 255, 0
L 1230.0000, 2100.0000, 0.0000,  1250.0000, 2040.0000, 0.0000,  0, 255, 0
L 1290.0000, 2040.0000, 0.0000,  1290.0000, 2100.0000, 0.0000,  0, 255, 0
L 1330.0000, 2100.0000, 0.0000,  1290.0000, 2100.0000, 0.0000,  0, 255, 0
L 1440.0000, 2100.0000, 0.0000,  1410.0000, 2100.0000, 0.0000,  0, 255, 0
L 1410.0000, 2040.0000, 0.0000,  1440.0000, 2040.0000, 0.0000,  0, 255, 0
L 1410.0000, 2100.0000, 0.0000,  1410.0000, 2040.0000, 0.0000,  0, 255, 0
L 1500.0000, 2040.0000, 0.0000,  1500.0000, 2100.0000, 0.0000,  0, 255, 0
L 1460.0000, 2040.0000, 0.0000,  1460.0000, 2100.0000, 0.0000,  0, 255, 0
L 1460.0000, 2100.0000, 0.0000,  1500.0000, 2100.0000, 0.0000,  0, 255, 0
L 1520.0000, 2040.0000, 0.0000,  1520.0000, 2070.0000, 0.0000,  0, 255, 0
L 1520.0000, 2070.0000, 0.0000,  1520.0000, 2100.0000, 0.0000,  0, 255, 0
L 1520.0000, 2070.0000, 0.0000,  1540.0000, 2070.0000, 0.0000,  0, 255, 0
L 1560.0000, 2070.0000, 0.0000,  1560.0000, 2040.0000, 0.0000,  0, 255, 0
L 1520.0000, 2040.0000, 0.0000,  1560.0000, 2040.0000, 0.0000,  0, 255, 0
L 1540.0000, 2070.0000, 0.0000,  1560.0000, 2070.0000, 0.0000,  0, 255, 0
L 1560.0000, 2100.0000, 0.0000,  1540.0000, 2070.0000, 0.0000,  0, 255, 0
L 1580.0000, 2040.0000, 0.0000,  1580.0000, 2070.0000, 0.0000,  0, 255, 0
L 1580.0000, 2070.0000, 0.0000,  1580.0000, 2100.0000, 0.0000,  0, 255, 0
L 1580.0000, 2070.0000, 0.0000,  1600.0000, 2070.0000, 0.0000,  0, 255, 0
L 1620.0000, 2070.0000, 0.0000,  1620.0000, 2040.0000, 0.0000,  0, 255, 0
L 1580.0000, 2040.0000, 0.0000,  1620.0000, 2040.0000, 0.0000,  0, 255, 0
L 1600.0000, 2070.0000, 0.0000,  1620.0000, 2070.0000, 0.0000,  0, 255, 0
L 1620.0000, 2100.0000, 0.0000,  1600.0000, 2070.0000, 0.0000,  0, 255, 0
L 1640.0000, 2070.0000, 0.0000,  1670.0000, 2070.0000, 0.0000,  0, 255, 0
L 1640.0000, 2100.0000, 0.0000,  1670.0000, 2100.0000, 0.0000,  0, 255, 0
L 1640.0000, 2040.0000, 0.0000,  1640.0000, 2100.0000, 0.0000,  0, 255, 0
L 1670.0000, 2040.0000, 0.0000,  1640.0000, 2040.0000, 0.0000,  0, 255, 0
L 1720.0000, 2100.0000, 0.0000,  1720.0000, 2040.0000, 0.0000,  0, 255, 0
L 1690.0000, 2040.0000, 0.0000,  1720.0000, 2100.0000, 0.0000,  0, 255, 0
L 1690.0000, 2100.0000, 0.0000,  1690.0000, 2040.0000, 0.0000,  0, 255, 0
L 1770.0000, 2100.0000, 0.0000,  1740.0000, 2100.0000, 0.0000,  0, 255, 0
L 1740.0000, 2040.0000, 0.0000,  1770.0000, 2040.0000, 0.0000,  0, 255, 0
L 1740.0000, 2100.0000, 0.0000,  1740.0000, 2040.0000, 0.0000,  0, 255, 0
L 1810.0000, 2070.0000, 0.0000,  1810.0000, 2100.0000, 0.0000,  0, 255, 0
L 1810.0000, 2070.0000, 0.0000,  1830.0000, 2040.0000, 0.0000,  0, 255, 0
L 1790.0000, 2040.0000, 0.0000,  1810.0000, 2070.0000, 0.0000,  0, 255, 0
L 1000.0000, 2130.0000, 0.0000,  1000.0000, 2160.0000, 0.0000,  255, 0, 0
L 1000.0000, 2190.0000, 0.0000,  1040.0000, 2190.0000, 0.0000,  255, 0, 0
L 1040.0000, 2160.0000, 0.0000,  1000.0000, 2160.0000, 0.0000,  255, 0, 0
L 1000.0000, 2130.0000, 0.0000,  1040.0000, 2130.0000, 0.0000,  255, 0, 0
L 1040.0000, 2160.0000, 0.0000,  1040.0000, 2190.0000, 0.0000,  255, 0, 0
L 1100.0000, 2130.0000, 0.0000,  1100.0000, 2190.0000, 0.0000,  255, 0, 0
L 1060.0000, 2130.0000, 0.0000,  1060.0000, 2190.0000, 0.0000,  255, 0, 0
L 1060.0000, 2190.0000, 0.0000,  1100.0000, 2190.0000, 0.0000,  255, 0, 0
L 1150.0000, 2190.0000, 0.0000,  1120.0000, 2190.0000, 0.0000,  255, 0, 0
L 1120.0000, 2130.0000, 0.0000,  1150.0000, 2130.0000, 0.0000,  255, 0, 0
L 1120.0000, 2190.0000, 0.0000,  1120.0000, 2130.0000, 0.0000,  255, 0, 0
L 1200.0000, 2190.0000, 0.0000,  1170.0000, 2190.0000, 0.0000,  255, 0, 0
L 1170.0000, 2130.0000, 0.0000,  1200.0000, 2130.0000, 0.0000,  255, 0, 0
L 1170.0000, 2190.0000, 0.0000,  1170.0000, 2130.0000, 0.0000,  255, 0, 0
L 1220.0000, 2130.0000, 0.0000,  1250.0000, 2130.0000, 0.0000,  255, 0, 0
L 1220.0000, 2190.0000, 0.0000,  1250.0000, 2190.0000, 0.0000,  255, 0, 0
L 1220.0000, 2130.0000, 0.0000,  1220.0000, 2190.0000, 0.0000,  255, 0, 0
L 1250.0000, 2130.0000, 0.0000,  1250.0000, 2190.0000, 0.0000,  255, 0, 0
L 1270.0000, 2130.0000, 0.0000,  1270.0000, 2160.0000, 0.0000,  255, 0, 0
L 1270.0000, 2160.0000, 0.0000,  1270.0000, 2190.0000, 0.0000,  255, 0, 0
L 1270.0000, 2160.0000, 0.0000,  1290.0000, 2160.0000, 0.0000,  255, 0, 0
L 1310.0000, 2160.0000, 0.0000,  1310.0000, 2130.0000, 0.0000,  255, 0, 0
L 1270.0000, 2130.0000, 0.0000,  1310.0000, 2130.0000, 0.0000,  255, 0, 0
L 1290.0000, 2160.0000, 0.0000,  1310.0000, 2160.0000, 0.0000,  255, 0, 0
L 1310.0000, 2190.0000, 0.0000,  1290.0000, 2160.0000, 0.0000,  255, 0, 0
L 1020.0000, 2220.0000, 0.0000,  1020.0000, 2280.0000, 0.0000,  255, 255, 0
L 1000.0000, 2220.0000, 0.0000,  1040.0000, 2220.0000, 0.0000,  255, 255, 0
L 1060.0000, 2250.0000, 0.0000,  1090.0000, 2250.0000, 0.0000,  255, 255, 0
L 1060.0000, 2280.0000, 0.0000,  1090.0000, 2280.0000, 0.0000,  255, 255, 0
L 1060.0000, 2220.0000, 0.0000,  1060.0000, 2280.0000, 0.0000,  255, 255, 0
L 1090.0000, 2220.0000, 0.0000,  1060.0000, 2220.0000, 0.0000,  255, 255, 0
L 1110.0000, 2220.0000, 0.0000,  1110.0000, 2280.0000, 0.0000,  255, 255, 0
L 1150.0000, 2280.0000, 0.0000,  1110.0000, 2280.0000, 0.0000,  255, 255, 0
L 1170.0000, 2250.0000, 0.0000,  1200.0000, 2250.0000, 0.0000,  255, 255, 0
L 1170.0000, 2280.0000, 0.0000,  1200.0000, 2280.0000, 0.0000,  255, 255, 0
L 1170.0000, 2220.0000, 0.0000,  1170.0000, 2280.0000, 0.0000,  255, 255, 0
L 1200.0000, 2220.0000, 0.0000,  1170.0000, 2220.0000, 0.0000,  255, 255, 0
L 1250.0000, 2250.0000, 0.0000,  1220.0000, 2250.0000, 0.0000,  255, 255, 0
L 1250.0000, 2220.0000, 0.0000,  1250.0000, 2250.0000, 0.0000,  255, 255, 0
L 1220.0000, 2220.0000, 0.0000,  1250.0000, 2220.0000, 0.0000,  255, 255, 0
L 1220.0000, 2280.0000, 0.0000,  1220.0000, 2220.0000, 0.0000,  255, 255, 0
L 1270.0000, 2220.0000, 0.0000,  1300.0000, 2220.0000, 0.0000,  255, 255, 0
L 1270.0000, 2280.0000, 0.0000,  1300.0000, 2280.0000, 0.0000,  255, 255, 0
L 1270.0000, 2220.0000, 0.0000,  1270.0000, 2280.0000, 0.0000,  255, 255, 0
L 1300.0000, 2220.0000, 0.0000,  1300.0000, 2280.0000, 0.0000,  255, 255, 0
L 1320.0000, 2220.0000, 0.0000,  1320.0000, 2250.0000, 0.0000,  255, 255, 0
L 1320.0000, 2250.0000, 0.0000,  1320.0000, 2280.0000, 0.0000,  255, 255, 0
L 1320.0000, 2250.0000, 0.0000,  1340.0000, 2250.0000, 0.0000,  255, 255, 0
L 1360.0000, 2250.0000, 0.0000,  1360.0000, 2220.0000, 0.0000,  255, 255, 0
L 1320.0000, 2220.0000, 0.0000,  1360.0000, 2220.0000, 0.0000,  255, 255, 0
L 1340.0000, 2250.0000, 0.0000,  1360.0000, 2250.0000, 0.0000,  255, 255, 0
L 1360.0000, 2280.0000, 0.0000,  1340.0000, 2250.0000, 0.0000,  255, 255, 0
L 1400.0000, 2220.0000, 0.0000,  1400.0000, 2280.0000, 0.0000,  255, 255, 0
L 1380.0000, 2220.0000, 0.0000,  1420.0000, 2220.0000, 0.0000,  255, 255, 0
L 1020.0000, 2310.0000, 0.0000,  1020.0000, 2370.0000, 0.0000,  128, 0, 128
L 1000.0000, 2310.0000, 0.0000,  1040.0000, 2310.0000, 0.0000,  128, 0, 128
L 1060.0000, 2310.0000, 0.0000,  1060.0000, 2340.0000, 0.0000,  128, 0, 128
L 1060.0000, 2340.0000, 0.0000,  1060.0000, 2370.0000, 0.0000,  128, 0, 128
L 1060.0000, 2340.0000, 0.0000,  1080.0000, 2340.0000, 0.0000,  128, 0, 128
L 1100.0000, 2340.0000, 0.0000,  1100.0000, 2310.0000, 0.0000,  128, 0, 128
L 1060.0000, 2310.0000, 0.0000,  1100.0000, 2310.0000, 0.0000,  128, 0, 128
L 1080.0000, 2340.0000, 0.0000,  1100.0000, 2340.0000, 0.0000,  128, 0, 128
L 1100.0000, 2370.0000, 0.0000,  1080.0000, 2340.0000, 0.0000,  128, 0, 128
L 1130.0000, 2340.0000, 0.0000,  1150.0000, 2340.0000, 0.0000,  128, 0, 128
L 1140.0000, 2310.0000, 0.0000,  1160.0000, 2370.0000, 0.0000,  128, 0, 128
L 1120.0000, 2370.0000, 0.0000,  1140.0000, 2310.0000, 0.0000,  128, 0, 128
L 1190.0000, 2370.0000, 0.0000,  1190.0000, 2310.0000, 0.0000,  128, 0, 128
L 1200.0000, 2370.0000, 0.0000,  1180.0000, 2370.0000, 0.0000,  128, 0, 128
L 1210.0000, 2340.0000, 0.0000,  1200.0000, 2370.0000, 0.0000,  128, 0, 128
L 1200.0000, 2310.0000, 0.0000,  1210.0000, 2340.0000, 0.0000,  128, 0, 128
L 1180.0000, 2310.0000, 0.0000,  1200.0000, 2310.0000, 0.0000,  128, 0, 128
L 1230.0000, 2340.0000, 0.0000,  1260.0000, 2340.0000, 0.0000,  128, 0, 128
L 1230.0000, 2370.0000, 0.0000,  1260.0000, 2370.0000, 0.0000,  128, 0, 128
L 1230.0000, 2310.0000, 0.0000,  1230.0000, 2370.0000, 0.0000,  128, 0, 128
L 1260.0000, 2310.0000, 0.0000,  1230.0000, 2310.0000, 0.0000,  128, 0, 128
L 1280.0000, 2310.0000, 0.0000,  1280.0000, 2340.0000, 0.0000,  128, 0, 128
L 1280.0000, 2370.0000, 0.0000,  1320.0000, 2370.0000, 0.0000,  128, 0, 128
L 1320.0000, 2340.0000, 0.0000,  1280.0000, 2340.0000, 0.0000,  128, 0, 128
L 1280.0000, 2310.0000, 0.0000,  1320.0000, 2310.0000, 0.0000,  128, 0, 128
L 1320.0000, 2340.0000, 0.0000,  1320.0000, 2370.0000, 0.0000,  128, 0, 128
L 1340.0000, 2310.0000, 0.0000,  1340.0000, 2340.0000, 0.0000,  128, 0, 128
L 1340.0000, 2340.0000, 0.0000,  1340.0000, 2370.0000, 0.0000,  128, 0, 128
L 1340.0000, 2340.0000, 0.0000,  1380.0000, 2370.0000, 0.0000,  128, 0, 128
L 1340.0000, 2340.0000, 0.0000,  1380.0000, 2310.0000, 0.0000,  128, 0, 128
L 1400.0000, 2310.0000, 0.0000,  1400.0000, 2370.0000, 0.0000,  128, 0, 128
L 1420.0000, 2310.0000, 0.0000,  1420.0000, 2370.0000, 0.0000,  128, 0, 128
L 1460.0000, 2370.0000, 0.0000,  1420.0000, 2370.0000, 0.0000,  128, 0, 128
L 1480.0000, 2310.0000, 0.0000,  1480.0000, 2370.0000, 0.0000,  128, 0, 128
L 1520.0000, 2370.0000, 0.0000,  1480.0000, 2370.0000, 0.0000,  128, 0, 128
L 1630.0000, 2370.0000, 0.0000,  1600.0000, 2370.0000, 0.0000,  128, 0, 128
L 1600.0000, 2310.0000, 0.0000,  1630.0000, 2310.0000, 0.0000,  128, 0, 128
L 1600.0000, 2370.0000, 0.0000,  1600.0000, 2310.0000, 0.0000,  128, 0, 128
L 1650.0000, 2310.0000, 0.0000,  1680.0000, 2310.0000, 0.0000,  128, 0, 128
L 1650.0000, 2370.0000, 0.0000,  1680.0000, 2370.0000, 0.0000,  128, 0, 128
L 1650.0000, 2310.0000, 0.0000,  1650.0000, 2370.0000, 0.0000,  128, 0, 128
L 1680.0000, 2310.0000, 0.0000,  1680.0000, 2370.0000, 0.0000,  128, 0, 128
L 1730.0000, 2370.0000, 0.0000,  1730.0000, 2310.0000, 0.0000,  128, 0, 128
L 1700.0000, 2310.0000, 0.0000,  1730.0000, 2370.0000, 0.0000,  128, 0, 128
L 1700.0000, 2370.0000, 0.0000,  1700.0000, 2310.0000, 0.0000,  128, 0, 128
L 1770.0000, 2310.0000, 0.0000,  1770.0000, 2370.0000, 0.0000,  128, 0, 128
L 1750.0000, 2310.0000, 0.0000,  1790.0000, 2310.0000, 0.0000,  128, 0, 128
L 1820.0000, 2340.0000, 0.0000,  1840.0000, 2340.0000, 0.0000,  128, 0, 128
L 1830.0000, 2310.0000, 0.0000,  1850.0000, 2370.0000, 0.0000,  128, 0, 128
L 1810.0000, 2370.0000, 0.0000,  1830.0000, 2310.0000, 0.0000,  128, 0, 128
L 1870.0000, 2310.0000, 0.0000,  1870.0000, 2370.0000, 0.0000,  128, 0, 128
L 1920.0000, 2370.0000, 0.0000,  1920.0000, 2310.0000, 0.0000,  128, 0, 128
L 1890.0000, 2310.0000, 0.0000,  1920.0000, 2370.0000, 0.0000,  128, 0, 128
L 1890.0000, 2370.0000, 0.0000,  1890.0000, 2310.0000, 0.0000,  128, 0, 128
L 1940.0000, 2340.0000, 0.0000,  1970.0000, 2340.0000, 0.0000,  128, 0, 128
L 1940.0000, 2370.0000, 0.0000,  1970.0000, 2370.0000, 0.0000,  128, 0, 128
L 1940.0000, 2310.0000, 0.0000,  1940.0000, 2370.0000, 0.0000,  128, 0, 128
L 1970.0000, 2310.0000, 0.0000,  1940.0000, 2310.0000, 0.0000,  128, 0, 128
L 1990.0000, 2310.0000, 0.0000,  1990.0000, 2340.0000, 0.0000,  128, 0, 128
L 1990.0000, 2340.0000, 0.0000,  1990.0000, 2370.0000, 0.0000,  128, 0, 128
L 1990.0000, 2340.0000, 0.0000,  2010.0000, 2340.0000, 0.0000,  128, 0, 128
L 2030.0000, 2340.0000, 0.0000,  2030.0000, 2310.0000, 0.0000,  128, 0, 128
L 1990.0000, 2310.0000, 0.0000,  2030.0000, 2310.0000, 0.0000,  128, 0, 128
L 2010.0000, 2340.0000, 0.0000,  2030.0000, 2340.0000, 0.0000,  128, 0, 128
L 2030.0000, 2370.0000, 0.0000,  2010.0000, 2340.0000, 0.0000,  128, 0, 128
L 1020.0000, 2400.0000, 0.0000,  1020.0000, 2460.0000, 0.0000,  255, 255, 0
L 1000.0000, 2400.0000, 0.0000,  1040.0000, 2400.0000, 0.0000,  255, 255, 0
L 1060.0000, 2400.0000, 0.0000,  1060.0000, 2430.0000, 0.0000,  255, 255, 0
L 1060.0000, 2430.0000, 0.0000,  1060.0000, 2460.0000, 0.0000,  255, 255, 0
L 1060.0000, 2430.0000, 0.0000,  1080.0000, 2430.0000, 0.0000,  255, 255, 0
L 1100.0000, 2430.0000, 0.0000,  1100.0000, 2400.0000, 0.0000,  255, 255, 0
L 1060.0000, 2400.0000, 0.0000,  1100.0000, 2400.0000, 0.0000,  255, 255, 0
L 1080.0000, 2430.0000, 0.0000,  1100.0000, 2430.0000, 0.0000,  255, 255, 0
L 1100.0000, 2460.0000, 0.0000,  1080.0000, 2430.0000, 0.0000,  255, 255, 0
L 1130.0000, 2430.0000, 0.0000,  1150.0000, 2430.0000, 0.0000,  255, 255, 0
L 1140.0000, 2400.0000, 0.0000,  1160.0000, 2460.0000, 0.0000,  255, 255, 0
L 1120.0000, 2460.0000, 0.0000,  1140.0000, 2400.0000, 0.0000,  255, 255, 0
L 1210.0000, 2430.0000, 0.0000,  1180.0000, 2430.0000, 0.0000,  255, 255, 0
L 1210.0000, 2400.0000, 0.0000,  1210.0000, 2430.0000, 0.0000,  255, 255, 0
L 1180.0000, 2400.0000, 0.0000,  1210.0000, 2400.0000, 0.0000,  255, 255, 0
L 1180.0000, 2460.0000, 0.0000,  1180.0000, 2400.0000, 0.0000,  255, 255, 0
L 1030.0000, 2490.0000, 0.0000,  1000.0000, 2490.0000, 0.0000,  255, 0, 0
L 1000.0000, 2550.0000, 0.0000,  1030.0000, 2490.0000, 0.0000,  255, 0, 0
L 1000.0000, 2550.0000, 0.0000,  1030.0000, 2550.0000, 0.0000,  255, 0, 0
L 1050.0000, 2490.0000, 0.0000,  1080.0000, 2490.0000, 0.0000,  255, 0, 0
L 1050.0000, 2550.0000, 0.0000,  1080.0000, 2550.0000, 0.0000,  255, 0, 0
L 1050.0000, 2490.0000, 0.0000,  1050.0000, 2550.0000, 0.0000,  255, 0, 0
L 1080.0000, 2490.0000, 0.0000,  1080.0000, 2550.0000, 0.0000,  255, 0, 0
L 1130.0000, 2550.0000, 0.0000,  1130.0000, 2490.0000, 0.0000,  255, 0, 0
L 1100.0000, 2490.0000, 0.0000,  1130.0000, 2550.0000, 0.0000,  255, 0, 0
L 1100.0000, 2550.0000, 0.0000,  1100.0000, 2490.0000, 0.0000,  255, 0, 0
L 1150.0000, 2520.0000, 0.0000,  1180.0000, 2520.0000, 0.0000,  255, 0, 0
L 1150.0000, 2550.0000, 0.0000,  1180.0000, 2550.0000, 0.0000,  255, 0, 0
L 1150.0000, 2490.0000, 0.0000,  1150.0000, 2550.0000, 0.0000,  255, 0, 0
L 1180.0000, 2490.0000, 0.0000,  1150.0000, 2490.0000, 0.0000,  255, 0, 0
P 0.0000, 600.0000, 0.0000,  0, 0, 0,  2,  Original_Map:_Brewall_Rainsiger_(Cazic-Thule)
P 0.0000, 800.0000, 0.0000,  0, 0, 0,  2,  http://www.eqmaps.info
P 0.0000, 1000.0000, 0.0000,  0, 0, 0,  2,  Return_of_the_Exiled_(www.roteguild.org)
P 0.0000, 1200.0000, 0.0000,  240, 127, 0,  2,  Echo_of_Nortlav
P 0.0000, 1400.0000, 0.0000,  127, 64, 0,  2,  an_ancient_construct
P 0.0000, 1600.0000, 0.0000,  127, 64, 0,  2,  an_ancient_gargoyle
P 0.0000, 1800.0000, 0.0000,  127, 64, 0,  2,  an_old_construct
P 0.0000, 2000.0000, 0.0000,  127, 64, 0,  2,  an_old_gargoyle
P 0.0000, 2200.0000, 0.0000,  127, 64, 0,  2,  a_ratman_inhabitant
P 0.0000, 2400.0000, 0.0000,  127, 64, 0,  2,  a_temple_researcher
