L 1000.0, 0.0, 0.0, 1000.0, -50.0, 0.0, 255, 0, 0
L -20.0, 50.0, 0.0, -50.0, 20.0, 0.0, 255, 0, 0
L 50.0, 20.0, 0.0, 20.0, 50.0, 0.0, 255, 0, 0
L 20.0, -50.0, 0.0, 50.0, -20.0, 0.0, 255, 0, 0
L -50.0, -20.0, 0.0, -20.0, -50.0, 0.0, 255, 0, 0
L -50.0, 20.0, 0.0, -50.0, -20.0, 0.0, 255, 0, 0
L 20.0, 50.0, 0.0, -20.0, 50.0, 0.0, 255, 0, 0
L 50.0, -20.0, 0.0, 50.0, 20.0, 0.0, 255, 0, 0
L -20.0, -50.0, 0.0, 20.0, -50.0, 0.0, 255, 0, 0
L 580.0, -20.0, 0.0, 540.0, -20.0, 0.0, 255, 0, 0
L 580.0, -90.0, 0.0, 580.0, -20.0, 0.0, 255, 0, 0
L 540.0, -90.0, 0.0, 580.0, -90.0, 0.0, 255, 0, 0
L 540.0, -20.0, 0.0, 540.0, -90.0, 0.0, 255, 0, 0
L 520.0, -20.0, 0.0, 480.0, -20.0, 0.0, 255, 0, 0
L 520.0, -90.0, 0.0, 520.0, -20.0, 0.0, 255, 0, 0
L 480.0, -90.0, 0.0, 520.0, -90.0, 0.0, 255, 0, 0
L 480.0, -20.0, 0.0, 480.0, -90.0, 0.0, 255, 0, 0
L 460.0, -90.0, 0.0, 450.0, -80.0, 0.0, 255, 0, 0
L 460.0, -20.0, 0.0, 460.0, -90.0, 0.0, 255, 0, 0
L 0.0, -250.0, 0.0, 0.0, 250.0, 0.0, 255, 0, 0
L -250.0, 0.0, 0.0, 1000.0, 0.0, 0.0, 255, 0, 0
L -120.0, -80.0, 0.0, -120.0, -60.0, 0.0, 255, 0, 0
L -120.0, -60.0, 0.0, -120.0, -40.0, 0.0, 255, 0, 0
L -100.0, -60.0, 0.0, -120.0, -60.0, 0.0, 255, 0, 0
L -120.0, -60.0, 0.0, -140.0, -60.0, 0.0, 255, 0, 0
L -90.0, -50.0, 0.0, -100.0, -30.0, 0.0, 255, 0, 0
L -60.0, -80.0, 0.0, -60.0, -60.0, 0.0, 255, 0, 0
L -60.0, -60.0, 0.0, -60.0, -40.0, 0.0, 255, 0, 0
L -40.0, -60.0, 0.0, -60.0, -60.0, 0.0, 255, 0, 0
L -60.0, -60.0, 0.0, -80.0, -60.0, 0.0, 255, 0, 0
L 100.0, 60.0, 0.0, 120.0, 60.0, 0.0, 255, 0, 0
L 120.0, 60.0, 0.0, 140.0, 60.0, 0.0, 255, 0, 0
L 90.0, 70.0, 0.0, 80.0, 90.0, 0.0, 255, 0, 0
L 40.0, 60.0, 0.0, 60.0, 60.0, 0.0, 255, 0, 0
L 60.0, 60.0, 0.0, 80.0, 60.0, 0.0, 255, 0, 0
L -100.0, 60.0, 0.0, -120.0, 60.0, 0.0, 255, 0, 0
L -120.0, 60.0, 0.0, -140.0, 60.0, 0.0, 255, 0, 0
L -90.0, 70.0, 0.0, -100.0, 90.0, 0.0, 255, 0, 0
L -60.0, 80.0, 0.0, -60.0, 60.0, 0.0, 255, 0, 0
L -60.0, 60.0, 0.0, -60.0, 40.0, 0.0, 255, 0, 0
L -40.0, 60.0, 0.0, -60.0, 60.0, 0.0, 255, 0, 0
L -60.0, 60.0, 0.0, -80.0, 60.0, 0.0, 255, 0, 0
L 100.0, -60.0, 0.0, 120.0, -60.0, 0.0, 255, 0, 0
L 120.0, -60.0, 0.0, 140.0, -60.0, 0.0, 255, 0, 0
L 90.0, -50.0, 0.0, 80.0, -30.0, 0.0, 255, 0, 0
L 60.0, -80.0, 0.0, 60.0, -60.0, 0.0, 255, 0, 0
L 60.0, -60.0, 0.0, 60.0, -40.0, 0.0, 255, 0, 0
L 40.0, -60.0, 0.0, 60.0, -60.0, 0.0, 255, 0, 0
L 60.0, -60.0, 0.0, 80.0, -60.0, 0.0, 255, 0, 0
L 599.0, -90.0, 0.0, 637.3, -90.0, 0.0, 255, 0, 0
L 599.0, -20.0, 0.0, 637.3, -20.0, 0.0, 255, 0, 0
L 599.0, -90.0, 0.0, 599.0, -20.0, 0.0, 255, 0, 0
L 637.3, -90.0, 0.0, 637.3, -20.0, 0.0, 255, 0, 0
L 2300, 1300, 0, 2300, 1360, 0, 0, 0, 0
L 2340, 1360, 0, 2300, 1360, 0, 0, 0, 0
L 2360, 1330, 0, 2390, 1330, 0, 0, 0, 0
L 2360, 1360, 0, 2390, 1360, 0, 0, 0, 0
L 2360, 1300, 0, 2360, 1360, 0, 0, 0, 0
L 2390, 1300, 0, 2360, 1300, 0, 0, 0, 0
L 2440, 1360, 0, 2410, 1360, 0, 0, 0, 0
L 2410, 1300, 0, 2440, 1300, 0, 0, 0, 0
L 2410, 1360, 0, 2410, 1300, 0, 0, 0, 0
L 2440, 1360, 0, 2440, 1330, 0, 0, 0, 0
L 2440, 1330, 0, 2420, 1330, 0, 0, 0, 0
L 2460, 1330, 0, 2490, 1330, 0, 0, 0, 0
L 2460, 1360, 0, 2490, 1360, 0, 0, 0, 0
L 2460, 1300, 0, 2460, 1360, 0, 0, 0, 0
L 2490, 1300, 0, 2460, 1300, 0, 0, 0, 0
L 2540, 1360, 0, 2540, 1300, 0, 0, 0, 0
L 2510, 1300, 0, 2540, 1360, 0, 0, 0, 0
L 2510, 1360, 0, 2510, 1300, 0, 0, 0, 0
L 2570, 1360, 0, 2570, 1300, 0, 0, 0, 0
L 2580, 1360, 0, 2560, 1360, 0, 0, 0, 0
L 2590, 1330, 0, 2580, 1360, 0, 0, 0, 0
L 2580, 1300, 0, 2590, 1330, 0, 0, 0, 0
L 2560, 1300, 0, 2580, 1300, 0, 0, 0, 0
L 2300, 1510, 0, 2360, 1510, 0, 0, 0, 0
L 2300, 1430, 0, 2360, 1430, 0, 0, 0, 0
L 2330, 1483, 0, 2330, 1457, 0, 205, 133, 63
L 2360, 1510, 0, 2420, 1510, 0, 0, 0, 0
L 2360, 1510, 0, 2360, 1483, 0, 205, 133, 63
L 2330, 1483, 0, 2390, 1483, 0, 205, 133, 63
L 2330, 1457, 0, 2360, 1457, 0, 205, 133, 63
L 2360, 1457, 0, 2390, 1457, 0, 205, 133, 63
L 2360, 1430, 0, 2420, 1430, 0, 0, 0, 0
L 2360, 1457, 0, 2360, 1430, 0, 205, 133, 63
L 2390, 1483, 0, 2390, 1457, 0, 205, 133, 63
L 2470, 1500, 0, 2470, 1440, 0, 0, 0, 0
L 2480, 1500, 0, 2460, 1500, 0, 0, 0, 0
L 2490, 1470, 0, 2480, 1500, 0, 0, 0, 0
L 2480, 1440, 0, 2490, 1470, 0, 0, 0, 0
L 2460, 1440, 0, 2480, 1440, 0, 0, 0, 0
L 2510, 1440, 0, 2540, 1440, 0, 0, 0, 0
L 2510, 1500, 0, 2540, 1500, 0, 0, 0, 0
L 2510, 1440, 0, 2510, 1500, 0, 0, 0, 0
L 2540, 1440, 0, 2540, 1500, 0, 0, 0, 0
L 2560, 1440, 0, 2590, 1440, 0, 0, 0, 0
L 2560, 1500, 0, 2590, 1500, 0, 0, 0, 0
L 2560, 1440, 0, 2560, 1500, 0, 0, 0, 0
L 2590, 1440, 0, 2590, 1500, 0, 0, 0, 0
L 2610, 1440, 0, 2610, 1470, 0, 0, 0, 0
L 2610, 1470, 0, 2610, 1500, 0, 0, 0, 0
L 2610, 1470, 0, 2630, 1470, 0, 0, 0, 0
L 2650, 1470, 0, 2650, 1440, 0, 0, 0, 0
L 2610, 1440, 0, 2650, 1440, 0, 0, 0, 0
L 2630, 1470, 0, 2650, 1470, 0, 0, 0, 0
L 2650, 1500, 0, 2630, 1470, 0, 0, 0, 0
L 2300, 1550, 0, 2300, 1580, 0, 255, 210, 0
L 2300, 1550, 0, 2320, 1550, 0, 255, 210, 0
L 2320, 1610, 0, 2300, 1610, 0, 255, 210, 0
L 2300, 1580, 0, 2300, 1610, 0, 255, 210, 0
L 2320, 1580, 0, 2300, 1580, 0, 255, 210, 0
L 2320, 1580, 0, 2340, 1565, 0, 255, 210, 0
L 2320, 1550, 0, 2340, 1565, 0, 255, 210, 0
L 2320, 1580, 0, 2340, 1595, 0, 255, 210, 0
L 2340, 1595, 0, 2320, 1610, 0, 255, 210, 0
L 2370, 1580, 0, 2390, 1580, 0, 255, 210, 0
L 2380, 1550, 0, 2400, 1610, 0, 255, 210, 0
L 2360, 1610, 0, 2380, 1550, 0, 255, 210, 0
L 2450, 1610, 0, 2450, 1550, 0, 255, 210, 0
L 2420, 1550, 0, 2450, 1610, 0, 255, 210, 0
L 2420, 1610, 0, 2420, 1550, 0, 255, 210, 0
L 2470, 1550, 0, 2470, 1580, 0, 255, 210, 0
L 2470, 1580, 0, 2470, 1610, 0, 255, 210, 0
L 2470, 1580, 0, 2510, 1610, 0, 255, 210, 0
L 2470, 1580, 0, 2510, 1550, 0, 255, 210, 0
L 2530, 1580, 0, 2560, 1580, 0, 255, 210, 0
L 2530, 1610, 0, 2560, 1610, 0, 255, 210, 0
L 2530, 1550, 0, 2530, 1610, 0, 255, 210, 0
L 2560, 1550, 0, 2530, 1550, 0, 255, 210, 0
L 2580, 1550, 0, 2580, 1580, 0, 255, 210, 0
L 2580, 1580, 0, 2580, 1610, 0, 255, 210, 0
L 2580, 1580, 0, 2600, 1580, 0, 255, 210, 0
L 2620, 1580, 0, 2620, 1550, 0, 255, 210, 0
L 2580, 1550, 0, 2620, 1550, 0, 255, 210, 0
L 2600, 1580, 0, 2620, 1580, 0, 255, 210, 0
L 2620, 1610, 0, 2600, 1580, 0, 255, 210, 0
L 2330, 1700, 0, 2300, 1700, 0, 255, 255, 255
L 2300, 1640, 0, 2330, 1640, 0, 255, 255, 255
L 2300, 1700, 0, 2300, 1640, 0, 255, 255, 255
L 2350, 1640, 0, 2380, 1640, 0, 255, 255, 255
L 2350, 1700, 0, 2380, 1700, 0, 255, 255, 255
L 2350, 1640, 0, 2350, 1700, 0, 255, 255, 255
L 2380, 1640, 0, 2380, 1700, 0, 255, 255, 255
L 2440, 1640, 0, 2440, 1700, 0, 255, 255, 255
L 2420, 1670, 0, 2440, 1640, 0, 255, 255, 255
L 2400, 1640, 0, 2420, 1670, 0, 255, 255, 255
L 2400, 1700, 0, 2400, 1640, 0, 255, 255, 255
L 2500, 1640, 0, 2500, 1700, 0, 255, 255, 255
L 2480, 1670, 0, 2500, 1640, 0, 255, 255, 255
L 2460, 1640, 0, 2480, 1670, 0, 255, 255, 255
L 2460, 1700, 0, 2460, 1640, 0, 255, 255, 255
L 2520, 1670, 0, 2550, 1670, 0, 255, 255, 255
L 2520, 1700, 0, 2550, 1700, 0, 255, 255, 255
L 2520, 1640, 0, 2520, 1700, 0, 255, 255, 255
L 2550, 1640, 0, 2520, 1640, 0, 255, 255, 255
L 2600, 1700, 0, 2600, 1640, 0, 255, 255, 255
L 2570, 1640, 0, 2600, 1700, 0, 255, 255, 255
L 2570, 1700, 0, 2570, 1640, 0, 255, 255, 255
L 2640, 1640, 0, 2640, 1700, 0, 255, 255, 255
L 2620, 1640, 0, 2660, 1640, 0, 255, 255, 255
L 2330, 1790, 0, 2300, 1790, 0, 0, 0, 0
L 2300, 1730, 0, 2330, 1730, 0, 0, 0, 0
L 2300, 1790, 0, 2300, 1730, 0, 0, 0, 0
L 2330, 1790, 0, 2330, 1760, 0, 0, 0, 0
L 2330, 1760, 0, 2310, 1760, 0, 0, 0, 0
L 2350, 1760, 0, 2380, 1760, 0, 0, 0, 0
L 2350, 1790, 0, 2380, 1790, 0, 0, 0, 0
L 2350, 1730, 0, 2350, 1790, 0, 0, 0, 0
L 2380, 1730, 0, 2350, 1730, 0, 0, 0, 0
L 2430, 1790, 0, 2430, 1730, 0, 0, 0, 0
L 2400, 1730, 0, 2430, 1790, 0, 0, 0, 0
L 2400, 1790, 0, 2400, 1730, 0, 0, 0, 0
L 2450, 1760, 0, 2480, 1760, 0, 0, 0, 0
L 2450, 1790, 0, 2480, 1790, 0, 0, 0, 0
L 2450, 1730, 0, 2450, 1790, 0, 0, 0, 0
L 2480, 1730, 0, 2450, 1730, 0, 0, 0, 0
L 2500, 1730, 0, 2500, 1760, 0, 0, 0, 0
L 2500, 1760, 0, 2500, 1790, 0, 0, 0, 0
L 2500, 1760, 0, 2520, 1760, 0, 0, 0, 0
L 2540, 1760, 0, 2540, 1730, 0, 0, 0, 0
L 2500, 1730, 0, 2540, 1730, 0, 0, 0, 0
L 2520, 1760, 0, 2540, 1760, 0, 0, 0, 0
L 2540, 1790, 0, 2520, 1760, 0, 0, 0, 0
L 2570, 1760, 0, 2590, 1760, 0, 0, 0, 0
L 2580, 1730, 0, 2600, 1790, 0, 0, 0, 0
L 2560, 1790, 0, 2580, 1730, 0, 0, 0, 0
L 2620, 1730, 0, 2620, 1790, 0, 0, 0, 0
L 2660, 1790, 0, 2620, 1790, 0, 0, 0, 0
L 2330, 1880, 0, 2300, 1880, 0, 0, 0, 255
L 2300, 1820, 0, 2330, 1820, 0, 0, 0, 255
L 2300, 1880, 0, 2300, 1820, 0, 0, 0, 255
L 2330, 1880, 0, 2330, 1850, 0, 0, 0, 255
L 2330, 1850, 0, 2310, 1850, 0, 0, 0, 255
L 2350, 1820, 0, 2350, 1850, 0, 0, 0, 255
L 2350, 1850, 0, 2350, 1880, 0, 0, 0, 255
L 2350, 1850, 0, 2370, 1850, 0, 0, 0, 255
L 2390, 1850, 0, 2390, 1820, 0, 0, 0, 255
L 2350, 1820, 0, 2390, 1820, 0, 0, 0, 255
L 2370, 1850, 0, 2390, 1850, 0, 0, 0, 255
L 2390, 1880, 0, 2370, 1850, 0, 0, 0, 255
L 2410, 1820, 0, 2440, 1820, 0, 0, 0, 255
L 2410, 1880, 0, 2440, 1880, 0, 0, 0, 255
L 2410, 1820, 0, 2410, 1880, 0, 0, 0, 255
L 2440, 1820, 0, 2440, 1880, 0, 0, 0, 255
L 2500, 1820, 0, 2500, 1880, 0, 0, 0, 255
L 2460, 1820, 0, 2460, 1880, 0, 0, 0, 255
L 2460, 1880, 0, 2500, 1880, 0, 0, 0, 255
L 2550, 1880, 0, 2550, 1820, 0, 0, 0, 255
L 2520, 1820, 0, 2550, 1880, 0, 0, 0, 255
L 2520, 1880, 0, 2520, 1820, 0, 0, 0, 255
L 2580, 1880, 0, 2580, 1820, 0, 0, 0, 255
L 2590, 1880, 0, 2570, 1880, 0, 0, 0, 255
L 2600, 1850, 0, 2590, 1880, 0, 0, 0, 255
L 2590, 1820, 0, 2600, 1850, 0, 0, 0, 255
L 2570, 1820, 0, 2590, 1820, 0, 0, 0, 255
L 2680, 1820, 0, 2680, 1850, 0, 0, 0, 255
L 2680, 1880, 0, 2720, 1880, 0, 0, 0, 255
L 2720, 1850, 0, 2680, 1850, 0, 0, 0, 255
L 2680, 1820, 0, 2720, 1820, 0, 0, 0, 255
L 2720, 1850, 0, 2720, 1880, 0, 0, 0, 255
L 2770, 1850, 0, 2740, 1850, 0, 0, 0, 255
L 2770, 1820, 0, 2770, 1850, 0, 0, 0, 255
L 2740, 1820, 0, 2770, 1820, 0, 0, 0, 255
L 2740, 1880, 0, 2740, 1820, 0, 0, 0, 255
L 2800, 1850, 0, 2820, 1850, 0, 0, 0, 255
L 2810, 1820, 0, 2830, 1880, 0, 0, 0, 255
L 2790, 1880, 0, 2810, 1820, 0, 0, 0, 255
L 2880, 1880, 0, 2890, 1820, 0, 0, 0, 255
L 2870, 1850, 0, 2880, 1880, 0, 0, 0, 255
L 2860, 1880, 0, 2870, 1850, 0, 0, 0, 255
L 2850, 1820, 0, 2860, 1880, 0, 0, 0, 255
L 2940, 1880, 0, 2940, 1820, 0, 0, 0, 255
L 2910, 1820, 0, 2940, 1880, 0, 0, 0, 255
L 2910, 1880, 0, 2910, 1820, 0, 0, 0, 255
L 2330, 1970, 0, 2300, 1970, 0, 128, 128, 128
L 2300, 1910, 0, 2330, 1910, 0, 128, 128, 128
L 2300, 1970, 0, 2300, 1910, 0, 128, 128, 128
L 2330, 1970, 0, 2330, 1940, 0, 128, 128, 128
L 2330, 1940, 0, 2310, 1940, 0, 128, 128, 128
L 2390, 1910, 0, 2390, 1970, 0, 128, 128, 128
L 2350, 1910, 0, 2350, 1970, 0, 128, 128, 128
L 2350, 1970, 0, 2390, 1970, 0, 128, 128, 128
L 2410, 1910, 0, 2410, 1970, 0, 128, 128, 128
L 2430, 1910, 0, 2430, 1970, 0, 128, 128, 128
L 2470, 1970, 0, 2430, 1970, 0, 128, 128, 128
L 2500, 1970, 0, 2500, 1910, 0, 128, 128, 128
L 2510, 1970, 0, 2490, 1970, 0, 128, 128, 128
L 2520, 1940, 0, 2510, 1970, 0, 128, 128, 128
L 2510, 1910, 0, 2520, 1940, 0, 128, 128, 128
L 2490, 1910, 0, 2510, 1910, 0, 128, 128, 128
L 2640, 1910, 0, 2640, 1970, 0, 128, 128, 128
L 2620, 1940, 0, 2640, 1910, 0, 128, 128, 128
L 2600, 1910, 0, 2620, 1940, 0, 128, 128, 128
L 2600, 1970, 0, 2600, 1910, 0, 128, 128, 128
L 2670, 1940, 0, 2690, 1940, 0, 128, 128, 128
L 2680, 1910, 0, 2700, 1970, 0, 128, 128, 128
L 2660, 1970, 0, 2680, 1910, 0, 128, 128, 128
L 2720, 1910, 0, 2720, 1940, 0, 128, 128, 128
L 2720, 1970, 0, 2760, 1970, 0, 128, 128, 128
L 2760, 1940, 0, 2720, 1940, 0, 128, 128, 128
L 2720, 1910, 0, 2760, 1910, 0, 128, 128, 128
L 2760, 1940, 0, 2760, 1970, 0, 128, 128, 128
L 2800, 1910, 0, 2800, 1970, 0, 128, 128, 128
L 2780, 1910, 0, 2820, 1910, 0, 128, 128, 128
L 2840, 1940, 0, 2870, 1940, 0, 128, 128, 128
L 2840, 1970, 0, 2870, 1970, 0, 128, 128, 128
L 2840, 1910, 0, 2840, 1970, 0, 128, 128, 128
L 2870, 1910, 0, 2840, 1910, 0, 128, 128, 128
L 2890, 1910, 0, 2890, 1940, 0, 128, 128, 128
L 2890, 1940, 0, 2890, 1970, 0, 128, 128, 128
L 2890, 1940, 0, 2910, 1940, 0, 128, 128, 128
L 2930, 1940, 0, 2930, 1910, 0, 128, 128, 128
L 2890, 1910, 0, 2930, 1910, 0, 128, 128, 128
L 2910, 1940, 0, 2930, 1940, 0, 128, 128, 128
L 2930, 1970, 0, 2910, 1940, 0, 128, 128, 128
L 2300, 2000, 0, 2300, 2030, 0, 127, 64, 0
L 2340, 2060, 0, 2340, 2030, 0, 127, 64, 0
L 2300, 2030, 0, 2300, 2060, 0, 127, 64, 0
L 2340, 2030, 0, 2340, 2000, 0, 127, 64, 0
L 2300, 2030, 0, 2340, 2030, 0, 127, 64, 0
L 2400, 2000, 0, 2400, 2060, 0, 127, 64, 0
L 2360, 2000, 0, 2360, 2060, 0, 127, 64, 0
L 2360, 2060, 0, 2400, 2060, 0, 127, 64, 0
L 2450, 2060, 0, 2450, 2000, 0, 127, 64, 0
L 2420, 2000, 0, 2450, 2060, 0, 127, 64, 0
L 2420, 2060, 0, 2420, 2000, 0, 127, 64, 0
L 2490, 2000, 0, 2490, 2060, 0, 127, 64, 0
L 2470, 2000, 0, 2510, 2000, 0, 127, 64, 0
L 2530, 2030, 0, 2560, 2030, 0, 127, 64, 0
L 2530, 2060, 0, 2560, 2060, 0, 127, 64, 0
L 2530, 2000, 0, 2530, 2060, 0, 127, 64, 0
L 2560, 2000, 0, 2530, 2000, 0, 127, 64, 0
L 2580, 2000, 0, 2580, 2030, 0, 127, 64, 0
L 2580, 2030, 0, 2580, 2060, 0, 127, 64, 0
L 2580, 2030, 0, 2600, 2030, 0, 127, 64, 0
L 2620, 2030, 0, 2620, 2000, 0, 127, 64, 0
L 2580, 2000, 0, 2620, 2000, 0, 127, 64, 0
L 2600, 2030, 0, 2620, 2030, 0, 127, 64, 0
L 2620, 2060, 0, 2600, 2030, 0, 127, 64, 0
L 2340, 2090, 0, 2340, 2150, 0, 0, 127, 0
L 2320, 2120, 0, 2340, 2090, 0, 0, 127, 0
L 2300, 2090, 0, 2320, 2120, 0, 0, 127, 0
L 2300, 2150, 0, 2300, 2090, 0, 0, 127, 0
L 2360, 2120, 0, 2390, 2120, 0, 0, 127, 0
L 2360, 2150, 0, 2390, 2150, 0, 0, 127, 0
L 2360, 2090, 0, 2360, 2150, 0, 0, 127, 0
L 2390, 2090, 0, 2360, 2090, 0, 0, 127, 0
L 2410, 2090, 0, 2410, 2120, 0, 0, 127, 0
L 2410, 2120, 0, 2410, 2150, 0, 0, 127, 0
L 2410, 2120, 0, 2430, 2120, 0, 0, 127, 0
L 2450, 2120, 0, 2450, 2090, 0, 0, 127, 0
L 2410, 2090, 0, 2450, 2090, 0, 0, 127, 0
L 2430, 2120, 0, 2450, 2120, 0, 0, 127, 0
L 2450, 2150, 0, 2430, 2120, 0, 0, 127, 0
L 2500, 2150, 0, 2470, 2150, 0, 0, 127, 0
L 2470, 2090, 0, 2500, 2090, 0, 0, 127, 0
L 2470, 2150, 0, 2470, 2090, 0, 0, 127, 0
L 2520, 2090, 0, 2520, 2120, 0, 0, 127, 0
L 2560, 2150, 0, 2560, 2120, 0, 0, 127, 0
L 2520, 2120, 0, 2520, 2150, 0, 0, 127, 0
L 2560, 2120, 0, 2560, 2090, 0, 0, 127, 0
L 2520, 2120, 0, 2560, 2120, 0, 0, 127, 0
L 2590, 2120, 0, 2610, 2120, 0, 0, 127, 0
L 2600, 2090, 0, 2620, 2150, 0, 0, 127, 0
L 2580, 2150, 0, 2600, 2090, 0, 0, 127, 0
L 2670, 2150, 0, 2670, 2090, 0, 0, 127, 0
L 2640, 2090, 0, 2670, 2150, 0, 0, 127, 0
L 2640, 2150, 0, 2640, 2090, 0, 0, 127, 0
L 2710, 2090, 0, 2710, 2150, 0, 0, 127, 0
L 2690, 2090, 0, 2730, 2090, 0, 0, 127, 0
L 2340, 2180, 0, 2340, 2240, 0, 0, 127, 127
L 2320, 2210, 0, 2340, 2180, 0, 0, 127, 127
L 2300, 2180, 0, 2320, 2210, 0, 0, 127, 127
L 2300, 2240, 0, 2300, 2180, 0, 0, 127, 127
L 2360, 2180, 0, 2360, 2240, 0, 0, 127, 127
L 2380, 2180, 0, 2380, 2210, 0, 0, 127, 127
L 2380, 2240, 0, 2420, 2240, 0, 0, 127, 127
L 2420, 2210, 0, 2380, 2210, 0, 0, 127, 127
L 2380, 2180, 0, 2420, 2180, 0, 0, 127, 127
L 2420, 2210, 0, 2420, 2240, 0, 0, 127, 127
L 2440, 2180, 0, 2440, 2210, 0, 0, 127, 127
L 2440, 2240, 0, 2480, 2240, 0, 0, 127, 127
L 2480, 2210, 0, 2440, 2210, 0, 0, 127, 127
L 2440, 2180, 0, 2480, 2180, 0, 0, 127, 127
L 2480, 2210, 0, 2480, 2240, 0, 0, 127, 127
L 2500, 2180, 0, 2500, 2240, 0, 0, 127, 127
L 2520, 2180, 0, 2550, 2180, 0, 0, 127, 127
L 2520, 2240, 0, 2550, 2240, 0, 0, 127, 127
L 2520, 2180, 0, 2520, 2240, 0, 0, 127, 127
L 2550, 2180, 0, 2550, 2240, 0, 0, 127, 127
L 2600, 2240, 0, 2600, 2180, 0, 0, 127, 127
L 2570, 2180, 0, 2600, 2240, 0, 0, 127, 127
L 2570, 2240, 0, 2570, 2180, 0, 0, 127, 127
L 2330, 2330, 0, 2330, 2270, 0, 127, 64, 0
L 2300, 2270, 0, 2330, 2330, 0, 127, 64, 0
L 2300, 2330, 0, 2300, 2270, 0, 127, 64, 0
L 2360, 2300, 0, 2380, 2300, 0, 127, 64, 0
L 2370, 2270, 0, 2390, 2330, 0, 127, 64, 0
L 2350, 2330, 0, 2370, 2270, 0, 127, 64, 0
L 2450, 2270, 0, 2450, 2330, 0, 127, 64, 0
L 2430, 2300, 0, 2450, 2270, 0, 127, 64, 0
L 2410, 2270, 0, 2430, 2300, 0, 127, 64, 0
L 2410, 2330, 0, 2410, 2270, 0, 127, 64, 0
L 2470, 2300, 0, 2500, 2300, 0, 127, 64, 0
L 2470, 2330, 0, 2500, 2330, 0, 127, 64, 0
L 2470, 2270, 0, 2470, 2330, 0, 127, 64, 0
L 2500, 2270, 0, 2470, 2270, 0, 127, 64, 0
L 2530, 2330, 0, 2530, 2270, 0, 127, 64, 0
L 2540, 2330, 0, 2520, 2330, 0, 127, 64, 0
L 2550, 2300, 0, 2540, 2330, 0, 127, 64, 0
L 2540, 2270, 0, 2550, 2300, 0, 127, 64, 0
L 2520, 2270, 0, 2540, 2270, 0, 127, 64, 0
L 2330, 2390, 0, 2300, 2390, 0, 0, 255, 0
L 2330, 2360, 0, 2330, 2390, 0, 0, 255, 0
L 2300, 2360, 0, 2330, 2360, 0, 0, 255, 0
L 2300, 2420, 0, 2300, 2360, 0, 0, 255, 0
L 2360, 2390, 0, 2380, 2390, 0, 0, 255, 0
L 2370, 2360, 0, 2390, 2420, 0, 0, 255, 0
L 2350, 2420, 0, 2370, 2360, 0, 0, 255, 0
L 2410, 2360, 0, 2410, 2390, 0, 0, 255, 0
L 2410, 2390, 0, 2410, 2420, 0, 0, 255, 0
L 2410, 2390, 0, 2430, 2390, 0, 0, 255, 0
L 2450, 2390, 0, 2450, 2360, 0, 0, 255, 0
L 2410, 2360, 0, 2450, 2360, 0, 0, 255, 0
L 2430, 2390, 0, 2450, 2390, 0, 0, 255, 0
L 2450, 2420, 0, 2430, 2390, 0, 0, 255, 0
L 2500, 2420, 0, 2470, 2420, 0, 0, 255, 0
L 2470, 2360, 0, 2500, 2360, 0, 0, 255, 0
L 2470, 2420, 0, 2470, 2360, 0, 0, 255, 0
L 2520, 2390, 0, 2550, 2390, 0, 0, 255, 0
L 2520, 2420, 0, 2550, 2420, 0, 0, 255, 0
L 2520, 2360, 0, 2520, 2420, 0, 0, 255, 0
L 2550, 2360, 0, 2520, 2360, 0, 0, 255, 0
L 2570, 2360, 0, 2570, 2420, 0, 0, 255, 0
L 2610, 2420, 0, 2570, 2420, 0, 0, 255, 0
L 2630, 2360, 0, 2630, 2390, 0, 0, 255, 0
L 2630, 2420, 0, 2670, 2420, 0, 0, 255, 0
L 2670, 2390, 0, 2630, 2390, 0, 0, 255, 0
L 2630, 2360, 0, 2670, 2360, 0, 0, 255, 0
L 2670, 2390, 0, 2670, 2420, 0, 0, 255, 0
L 2300, 2450, 0, 2300, 2480, 0, 0, 240, 240
L 2300, 2480, 0, 2300, 2510, 0, 0, 240, 240
L 2300, 2480, 0, 2320, 2480, 0, 0, 240, 240
L 2340, 2480, 0, 2340, 2450, 0, 0, 240, 240
L 2300, 2450, 0, 2340, 2450, 0, 0, 240, 240
L 2320, 2480, 0, 2340, 2480, 0, 0, 240, 240
L 2340, 2510, 0, 2320, 2480, 0, 0, 240, 240
L 2370, 2480, 0, 2390, 2480, 0, 0, 240, 240
L 2380, 2450, 0, 2400, 2510, 0, 0, 240, 240
L 2360, 2510, 0, 2380, 2450, 0, 0, 240, 240
L 2420, 2450, 0, 2420, 2510, 0, 0, 240, 240
L 2450, 2510, 0, 2450, 2450, 0, 0, 240, 240
L 2460, 2510, 0, 2440, 2510, 0, 0, 240, 240
L 2470, 2480, 0, 2460, 2510, 0, 0, 240, 240
L 2460, 2450, 0, 2470, 2480, 0, 0, 240, 240
L 2440, 2450, 0, 2460, 2450, 0, 0, 240, 240
L 2300, 2540, 0, 2300, 2570, 0, 0, 255, 0
L 2300, 2600, 0, 2340, 2600, 0, 0, 255, 0
L 2340, 2570, 0, 2300, 2570, 0, 0, 255, 0
L 2300, 2540, 0, 2340, 2540, 0, 0, 255, 0
L 2340, 2570, 0, 2340, 2600, 0, 0, 255, 0
L 2390, 2570, 0, 2360, 2570, 0, 0, 255, 0
L 2390, 2540, 0, 2390, 2570, 0, 0, 255, 0
L 2360, 2540, 0, 2390, 2540, 0, 0, 255, 0
L 2360, 2600, 0, 2360, 2540, 0, 0, 255, 0
L 2410, 2570, 0, 2440, 2570, 0, 0, 255, 0
L 2410, 2600, 0, 2440, 2600, 0, 0, 255, 0
L 2410, 2540, 0, 2410, 2600, 0, 0, 255, 0
L 2440, 2540, 0, 2410, 2540, 0, 0, 255, 0
L 2490, 2600, 0, 2460, 2600, 0, 0, 255, 0
L 2460, 2540, 0, 2490, 2540, 0, 0, 255, 0
L 2460, 2600, 0, 2460, 2540, 0, 0, 255, 0
L 2510, 2540, 0, 2510, 2600, 0, 0, 255, 0
L 2540, 2570, 0, 2560, 2570, 0, 0, 255, 0
L 2550, 2540, 0, 2570, 2600, 0, 0, 255, 0
L 2530, 2600, 0, 2550, 2540, 0, 0, 255, 0
L 2590, 2540, 0, 2590, 2600, 0, 0, 255, 0
L 2630, 2600, 0, 2590, 2600, 0, 0, 255, 0
L 2740, 2600, 0, 2710, 2600, 0, 0, 255, 0
L 2710, 2540, 0, 2740, 2540, 0, 0, 255, 0
L 2710, 2600, 0, 2710, 2540, 0, 0, 255, 0
L 2800, 2540, 0, 2800, 2600, 0, 0, 255, 0
L 2760, 2540, 0, 2760, 2600, 0, 0, 255, 0
L 2760, 2600, 0, 2800, 2600, 0, 0, 255, 0
L 2820, 2540, 0, 2820, 2570, 0, 0, 255, 0
L 2820, 2570, 0, 2820, 2600, 0, 0, 255, 0
L 2820, 2570, 0, 2840, 2570, 0, 0, 255, 0
L 2860, 2570, 0, 2860, 2540, 0, 0, 255, 0
L 2820, 2540, 0, 2860, 2540, 0, 0, 255, 0
L 2840, 2570, 0, 2860, 2570, 0, 0, 255, 0
L 2860, 2600, 0, 2840, 2570, 0, 0, 255, 0
L 2880, 2540, 0, 2880, 2570, 0, 0, 255, 0
L 2880, 2570, 0, 2880, 2600, 0, 0, 255, 0
L 2880, 2570, 0, 2900, 2570, 0, 0, 255, 0
L 2920, 2570, 0, 2920, 2540, 0, 0, 255, 0
L 2880, 2540, 0, 2920, 2540, 0, 0, 255, 0
L 2900, 2570, 0, 2920, 2570, 0, 0, 255, 0
L 2920, 2600, 0, 2900, 2570, 0, 0, 255, 0
L 2940, 2570, 0, 2970, 2570, 0, 0, 255, 0
L 2940, 2600, 0, 2970, 2600, 0, 0, 255, 0
L 2940, 2540, 0, 2940, 2600, 0, 0, 255, 0
L 2970, 2540, 0, 2940, 2540, 0, 0, 255, 0
L 3020, 2600, 0, 3020, 2540, 0, 0, 255, 0
L 2990, 2540, 0, 3020, 2600, 0, 0, 255, 0
L 2990, 2600, 0, 2990, 2540, 0, 0, 255, 0
L 3070, 2600, 0, 3040, 2600, 0, 0, 255, 0
L 3040, 2540, 0, 3070, 2540, 0, 0, 255, 0
L 3040, 2600, 0, 3040, 2540, 0, 0, 255, 0
L 3110, 2570, 0, 3110, 2600, 0, 0, 255, 0
L 3110, 2570, 0, 3130, 2540, 0, 0, 255, 0
L 3090, 2540, 0, 3110, 2570, 0, 0, 255, 0
L 2300, 2630, 0, 2300, 2660, 0, 255, 0, 0
L 2300, 2690, 0, 2340, 2690, 0, 255, 0, 0
L 2340, 2660, 0, 2300, 2660, 0, 255, 0, 0
L 2300, 2630, 0, 2340, 2630, 0, 255, 0, 0
L 2340, 2660, 0, 2340, 2690, 0, 255, 0, 0
L 2400, 2630, 0, 2400, 2690, 0, 255, 0, 0
L 2360, 2630, 0, 2360, 2690, 0, 255, 0, 0
L 2360, 2690, 0, 2400, 2690, 0, 255, 0, 0
L 2450, 2690, 0, 2420, 2690, 0, 255, 0, 0
L 2420, 2630, 0, 2450, 2630, 0, 255, 0, 0
L 2420, 2690, 0, 2420, 2630, 0, 255, 0, 0
L 2500, 2690, 0, 2470, 2690, 0, 255, 0, 0
L 2470, 2630, 0, 2500, 2630, 0, 255, 0, 0
L 2470, 2690, 0, 2470, 2630, 0, 255, 0, 0
L 2520, 2630, 0, 2550, 2630, 0, 255, 0, 0
L 2520, 2690, 0, 2550, 2690, 0, 255, 0, 0
L 2520, 2630, 0, 2520, 2690, 0, 255, 0, 0
L 2550, 2630, 0, 2550, 2690, 0, 255, 0, 0
L 2570, 2630, 0, 2570, 2660, 0, 255, 0, 0
L 2570, 2660, 0, 2570, 2690, 0, 255, 0, 0
L 2570, 2660, 0, 2590, 2660, 0, 255, 0, 0
L 2610, 2660, 0, 2610, 2630, 0, 255, 0, 0
L 2570, 2630, 0, 2610, 2630, 0, 255, 0, 0
L 2590, 2660, 0, 2610, 2660, 0, 255, 0, 0
L 2610, 2690, 0, 2590, 2660, 0, 255, 0, 0
L 2320, 2720, 0, 2320, 2780, 0, 255, 255, 0
L 2300, 2720, 0, 2340, 2720, 0, 255, 255, 0
L 2360, 2750, 0, 2390, 2750, 0, 255, 255, 0
L 2360, 2780, 0, 2390, 2780, 0, 255, 255, 0
L 2360, 2720, 0, 2360, 2780, 0, 255, 255, 0
L 2390, 2720, 0, 2360, 2720, 0, 255, 255, 0
L 2410, 2720, 0, 2410, 2780, 0, 255, 255, 0
L 2450, 2780, 0, 2410, 2780, 0, 255, 255, 0
L 2470, 2750, 0, 2500, 2750, 0, 255, 255, 0
L 2470, 2780, 0, 2500, 2780, 0, 255, 255, 0
L 2470, 2720, 0, 2470, 2780, 0, 255, 255, 0
L 2500, 2720, 0, 2470, 2720, 0, 255, 255, 0
L 2550, 2750, 0, 2520, 2750, 0, 255, 255, 0
L 2550, 2720, 0, 2550, 2750, 0, 255, 255, 0
L 2520, 2720, 0, 2550, 2720, 0, 255, 255, 0
L 2520, 2780, 0, 2520, 2720, 0, 255, 255, 0
L 2570, 2720, 0, 2600, 2720, 0, 255, 255, 0
L 2570, 2780, 0, 2600, 2780, 0, 255, 255, 0
L 2570, 2720, 0, 2570, 2780, 0, 255, 255, 0
L 2600, 2720, 0, 2600, 2780, 0, 255, 255, 0
L 2620, 2720, 0, 2620, 2750, 0, 255, 255, 0
L 2620, 2750, 0, 2620, 2780, 0, 255, 255, 0
L 2620, 2750, 0, 2640, 2750, 0, 255, 255, 0
L 2660, 2750, 0, 2660, 2720, 0, 255, 255, 0
L 2620, 2720, 0, 2660, 2720, 0, 255, 255, 0
L 2640, 2750, 0, 2660, 2750, 0, 255, 255, 0
L 2660, 2780, 0, 2640, 2750, 0, 255, 255, 0
L 2700, 2720, 0, 2700, 2780, 0, 255, 255, 0
L 2680, 2720, 0, 2720, 2720, 0, 255, 255, 0
L 2320, 2810, 0, 2320, 2870, 0, 128, 0, 128
L 2300, 2810, 0, 2340, 2810, 0, 128, 0, 128
L 2360, 2810, 0, 2360, 2840, 0, 128, 0, 128
L 2360, 2840, 0, 2360, 2870, 0, 128, 0, 128
L 2360, 2840, 0, 2380, 2840, 0, 128, 0, 128
L 2400, 2840, 0, 2400, 2810, 0, 128, 0, 128
L 2360, 2810, 0, 2400, 2810, 0, 128, 0, 128
L 2380, 2840, 0, 2400, 2840, 0, 128, 0, 128
L 2400, 2870, 0, 2380, 2840, 0, 128, 0, 128
L 2430, 2840, 0, 2450, 2840, 0, 128, 0, 128
L 2440, 2810, 0, 2460, 2870, 0, 128, 0, 128
L 2420, 2870, 0, 2440, 2810, 0, 128, 0, 128
L 2490, 2870, 0, 2490, 2810, 0, 128, 0, 128
L 2500, 2870, 0, 2480, 2870, 0, 128, 0, 128
L 2510, 2840, 0, 2500, 2870, 0, 128, 0, 128
L 2500, 2810, 0, 2510, 2840, 0, 128, 0, 128
L 2480, 2810, 0, 2500, 2810, 0, 128, 0, 128
L 2530, 2840, 0, 2560, 2840, 0, 128, 0, 128
L 2530, 2870, 0, 2560, 2870, 0, 128, 0, 128
L 2530, 2810, 0, 2530, 2870, 0, 128, 0, 128
L 2560, 2810, 0, 2530, 2810, 0, 128, 0, 128
L 2580, 2810, 0, 2580, 2840, 0, 128, 0, 128
L 2580, 2870, 0, 2620, 2870, 0, 128, 0, 128
L 2620, 2840, 0, 2580, 2840, 0, 128, 0, 128
L 2580, 2810, 0, 2620, 2810, 0, 128, 0, 128
L 2620, 2840, 0, 2620, 2870, 0, 128, 0, 128
L 2640, 2810, 0, 2640, 2840, 0, 128, 0, 128
L 2640, 2840, 0, 2640, 2870, 0, 128, 0, 128
L 2640, 2840, 0, 2680, 2870, 0, 128, 0, 128
L 2640, 2840, 0, 2680, 2810, 0, 128, 0, 128
L 2700, 2810, 0, 2700, 2870, 0, 128, 0, 128
L 2720, 2810, 0, 2720, 2870, 0, 128, 0, 128
L 2760, 2870, 0, 2720, 2870, 0, 128, 0, 128
L 2780, 2810, 0, 2780, 2870, 0, 128, 0, 128
L 2820, 2870, 0, 2780, 2870, 0, 128, 0, 128
L 2930, 2870, 0, 2900, 2870, 0, 128, 0, 128
L 2900, 2810, 0, 2930, 2810, 0, 128, 0, 128
L 2900, 2870, 0, 2900, 2810, 0, 128, 0, 128
L 2950, 2810, 0, 2980, 2810, 0, 128, 0, 128
L 2950, 2870, 0, 2980, 2870, 0, 128, 0, 128
L 2950, 2810, 0, 2950, 2870, 0, 128, 0, 128
L 2980, 2810, 0, 2980, 2870, 0, 128, 0, 128
L 3030, 2870, 0, 3030, 2810, 0, 128, 0, 128
L 3000, 2810, 0, 3030, 2870, 0, 128, 0, 128
L 3000, 2870, 0, 3000, 2810, 0, 128, 0, 128
L 3070, 2810, 0, 3070, 2870, 0, 128, 0, 128
L 3050, 2810, 0, 3090, 2810, 0, 128, 0, 128
L 3120, 2840, 0, 3140, 2840, 0, 128, 0, 128
L 3130, 2810, 0, 3150, 2870, 0, 128, 0, 128
L 3110, 2870, 0, 3130, 2810, 0, 128, 0, 128
L 3170, 2810, 0, 3170, 2870, 0, 128, 0, 128
L 3220, 2870, 0, 3220, 2810, 0, 128, 0, 128
L 3190, 2810, 0, 3220, 2870, 0, 128, 0, 128
L 3190, 2870, 0, 3190, 2810, 0, 128, 0, 128
L 3240, 2840, 0, 3270, 2840, 0, 128, 0, 128
L 3240, 2870, 0, 3270, 2870, 0, 128, 0, 128
L 3240, 2810, 0, 3240, 2870, 0, 128, 0, 128
L 3270, 2810, 0, 3240, 2810, 0, 128, 0, 128
L 3290, 2810, 0, 3290, 2840, 0, 128, 0, 128
L 3290, 2840, 0, 3290, 2870, 0, 128, 0, 128
L 3290, 2840, 0, 3310, 2840, 0, 128, 0, 128
L 3330, 2840, 0, 3330, 2810, 0, 128, 0, 128
L 3290, 2810, 0, 3330, 2810, 0, 128, 0, 128
L 3310, 2840, 0, 3330, 2840, 0, 128, 0, 128
L 3330, 2870, 0, 3310, 2840, 0, 128, 0, 128
L 2320, 2900, 0, 2320, 2960, 0, 255, 255, 0
L 2300, 2900, 0, 2340, 2900, 0, 255, 255, 0
L 2360, 2900, 0, 2360, 2930, 0, 255, 255, 0
L 2360, 2930, 0, 2360, 2960, 0, 255, 255, 0
L 2360, 2930, 0, 2380, 2930, 0, 255, 255, 0
L 2400, 2930, 0, 2400, 2900, 0, 255, 255, 0
L 2360, 2900, 0, 2400, 2900, 0, 255, 255, 0
L 2380, 2930, 0, 2400, 2930, 0, 255, 255, 0
L 2400, 2960, 0, 2380, 2930, 0, 255, 255, 0
L 2430, 2930, 0, 2450, 2930, 0, 255, 255, 0
L 2440, 2900, 0, 2460, 2960, 0, 255, 255, 0
L 2420, 2960, 0, 2440, 2900, 0, 255, 255, 0
L 2510, 2930, 0, 2480, 2930, 0, 255, 255, 0
L 2510, 2900, 0, 2510, 2930, 0, 255, 255, 0
L 2480, 2900, 0, 2510, 2900, 0, 255, 255, 0
L 2480, 2960, 0, 2480, 2900, 0, 255, 255, 0
L 2330, 2990, 0, 2300, 2990, 0, 255, 0, 0
L 2300, 3050, 0, 2330, 2990, 0, 255, 0, 0
L 2300, 3050, 0, 2330, 3050, 0, 255, 0, 0
L 2350, 2990, 0, 2380, 2990, 0, 255, 0, 0
L 2350, 3050, 0, 2380, 3050, 0, 255, 0, 0
L 2350, 2990, 0, 2350, 3050, 0, 255, 0, 0
L 2380, 2990, 0, 2380, 3050, 0, 255, 0, 0
L 2430, 3050, 0, 2430, 2990, 0, 255, 0, 0
L 2400, 2990, 0, 2430, 3050, 0, 255, 0, 0
L 2400, 3050, 0, 2400, 2990, 0, 255, 0, 0
L 2450, 3020, 0, 2480, 3020, 0, 255, 0, 0
L 2450, 3050, 0, 2480, 3050, 0, 255, 0, 0
L 2450, 2990, 0, 2450, 3050, 0, 255, 0, 0
L 2480, 2990, 0, 2450, 2990, 0, 255, 0, 0
P 1300, 1300, 0, 0, 0, 0, 2, Revised_Map:_Brewall_Rainsinger_(Cazic-Thule)
P 1300, 1500, 0, 0, 0, 0, 2, http://www.eqmaps.info
P 1300, 1700, 0, 0, 0, 0, 2, Return_of_the_Exiled_(www.roteguild.org)
P 1300, 1900, 0, 127, 64, 0, 2, Agraena_PH=a_forlorn_bone_golem
P 1300, 2100, 0, 127, 64, 0, 2, Andrevas_PH=an_obedient_servant
P 1300, 2300, 0, 127, 64, 0, 2, Angry_Wasp_PH=a_truculent_wasp
P 1300, 2500, 0, 127, 64, 0, 2, Arenrhaed_PH=a_forlorn_bone_golem
P 1300, 2700, 0, 127, 64, 0, 2, Beget_Cube_PH=a_mad_mulch_cube
P 1300, 2900, 0, 127, 64, 0, 2, Biunadhe_PH=a_bitter_treant
P 1300, 3100, 0, 127, 64, 0, 2, Chaotic_Heap_PH=a_petulant_heap
P 1300, 3300, 0, 127, 64, 0, 2, Compost_Cube_PH=a_mad_mulch_cube
P 1300, 3500, 0, 127, 64, 0, 2, Croakem_PH=a_wicked_thornfrog
P 1300, 3700, 0, 127, 64, 0, 2, Distraught_Heap_PH=a_petulant_heap
P 1300, 3900, 0, 127, 64, 0, 2, Grigoran_PH=an_obedient_servant
P 1300, 4100, 0, 127, 64, 0, 2, Helias_PH=a_disgruntled_aquadervish
P 1300, 4300, 0, 127, 64, 0, 2, Kijaemz_PH=a_bitter_treant
P 1300, 4500, 0, 127, 64, 0, 2, Minadra_PH=a_bixie_guard
P 1300, 4700, 0, 127, 64, 0, 2, Patch_Guardian_PH=a_putrified_peponnite
P 1300, 4900, 0, 127, 64, 0, 2, Pelias_PH=a_disgruntled_aquadervish
P 1300, 5100, 0, 127, 64, 0, 2, Raze_PH=a_mangy_rotdog
P 1300, 5300, 0, 127, 64, 0, 2, Rend_PH=a_mangy_rotdog
P 1300, 5500, 0, 127, 64, 0, 2, Riggbit_PH=a_wicked_thornfrog
P 1300, 5700, 0, 127, 64, 0, 2, Slynassin_PH=an_aggressive_snake
P 1300, 5900, 0, 127, 64, 0, 2, Venilinam_PH=an_aggressive_snake
P 1300, 6100, 0, 127, 64, 0, 2, Vile_Wasp_PH=a_truculent_wasp
P 1300, 6300, 0, 127, 64, 0, 2, Vicious_Gord_PH=a_putrified_peponnite
P 1300, 6500, 0, 127, 64, 0, 2, Zonoraz_PH=a_bixie_guard
