L 540.0, -60.0, -115.0, 542.0, -60.0, -115.0, 0, 0, 255
L 539.0, -62.0, -117.0, 540.0, -60.0, -115.0, 0, 0, 255
L 541.0, -63.0, -117.0, 539.0, -62.0, -117.0, 0, 0, 255
L 541.0, -77.0, -121.0, 541.0, -63.0, -117.0, 0, 0, 255
L 542.0, -87.0, -124.0, 541.0, -77.0, -121.0, 0, 0, 255
L 542.0, -89.0, -125.0, 542.0, -87.0, -124.0, 0, 0, 255
L 541.0, -95.0, -125.0, 542.0, -89.0, -125.0, 0, 0, 255
L 541.0, -97.0, -125.0, 541.0, -95.0, -125.0, 0, 0, 255
L 542.0, -99.0, -125.0, 541.0, -97.0, -125.0, 0, 0, 255
L 544.0, -100.0, -125.0, 542.0, -99.0, -125.0, 0, 0, 255
L 547.0, -101.0, -125.0, 544.0, -100.0, -125.0, 0, 0, 255
L 549.0, -101.0, -125.0, 547.0, -101.0, -125.0, 0, 0, 255
L 550.0, -102.0, -125.0, 549.0, -101.0, -125.0, 0, 0, 255
L 551.0, -103.0, -126.0, 550.0, -102.0, -125.0, 0, 0, 255
L 554.0, -106.0, -127.0, 551.0, -103.0, -126.0, 0, 0, 255
L 555.0, -108.0, -128.0, 554.0, -106.0, -127.0, 0, 0, 255
L 557.0, -109.0, -128.0, 555.0, -108.0, -128.0, 0, 0, 255
L 559.0, -110.0, -127.0, 557.0, -109.0, -128.0, 0, 0, 255
L 560.0, -110.0, -125.0, 559.0, -110.0, -127.0, 0, 0, 255
L 561.0, -108.0, -124.0, 560.0, -110.0, -125.0, 0, 0, 255
L 562.0, -106.0, -124.0, 561.0, -108.0, -124.0, 0, 0, 255
L 565.0, -105.0, -124.0, 562.0, -106.0, -124.0, 0, 0, 255
L 569.0, -105.0, -126.0, 565.0, -105.0, -124.0, 0, 0, 255
L 570.0, -104.0, -126.0, 569.0, -105.0, -126.0, 0, 0, 255
L 572.0, -103.0, -126.0, 570.0, -104.0, -126.0, 0, 0, 255
L 573.0, -101.0, -125.0, 572.0, -103.0, -126.0, 0, 0, 255
L 574.0, -100.0, -124.0, 573.0, -101.0, -125.0, 0, 0, 255
L 575.0, -98.0, -123.0, 574.0, -100.0, -124.0, 0, 0, 255
L 583.0, -92.0, -123.0, 575.0, -98.0, -123.0, 0, 0, 255
L 584.0, -90.0, -123.0, 583.0, -92.0, -123.0, 0, 0, 255
L 586.0, -89.0, -123.0, 584.0, -90.0, -123.0, 0, 0, 255
L 587.0, -87.0, -122.0, 586.0, -89.0, -123.0, 0, 0, 255
L 588.0, -86.0, -121.0, 587.0, -87.0, -122.0, 0, 0, 255
L 589.0, -84.0, -120.0, 588.0, -86.0, -121.0, 0, 0, 255
L 591.0, -83.0, -120.0, 589.0, -84.0, -120.0, 0, 0, 255
L 592.0, -82.0, -120.0, 591.0, -83.0, -120.0, 0, 0, 255
L 594.0, -81.0, -120.0, 592.0, -82.0, -120.0, 0, 0, 255
L 603.0, -79.0, -122.0, 594.0, -81.0, -120.0, 0, 0, 255
L 605.0, -79.0, -123.0, 603.0, -79.0, -122.0, 0, 0, 255
L 607.0, -78.0, -123.0, 605.0, -79.0, -123.0, 0, 0, 255
L 611.0, -77.0, -122.0, 607.0, -78.0, -123.0, 0, 0, 255
L 613.0, -76.0, -122.0, 611.0, -77.0, -122.0, 0, 0, 255
L 614.0, -74.0, -122.0, 613.0, -76.0, -122.0, 0, 0, 255
L 615.0, -73.0, -122.0, 614.0, -74.0, -122.0, 0, 0, 255
L 616.0, -71.0, -122.0, 615.0, -73.0, -122.0, 0, 0, 255
L 616.0, -69.0, -122.0, 616.0, -71.0, -122.0, 0, 0, 255
L 617.0, -68.0, -122.0, 616.0, -69.0, -122.0, 0, 0, 255
L 619.0, -64.0, -122.0, 617.0, -68.0, -122.0, 0, 0, 255
L 619.0, -63.0, -122.0, 619.0, -64.0, -122.0, 0, 0, 255
L 620.0, -61.0, -121.0, 619.0, -63.0, -122.0, 0, 0, 255
L 620.0, -56.0, -121.0, 620.0, -61.0, -121.0, 0, 0, 255
L 619.0, -55.0, -120.0, 620.0, -56.0, -121.0, 0, 0, 255
L 617.0, -55.0, -120.0, 619.0, -55.0, -120.0, 0, 0, 255
L 615.0, -54.0, -119.0, 617.0, -55.0, -120.0, 0, 0, 255
L 614.0, -53.0, -119.0, 615.0, -54.0, -119.0, 0, 0, 255
L 611.0, -50.0, -117.0, 614.0, -53.0, -119.0, 0, 0, 255
L 608.0, -48.0, -116.0, 611.0, -50.0, -117.0, 0, 0, 255
L 606.0, -47.0, -116.0, 608.0, -48.0, -116.0, 0, 0, 255
L 603.0, -46.0, -115.0, 606.0, -47.0, -116.0, 0, 0, 255
L 601.0, -46.0, -114.0, 603.0, -46.0, -115.0, 0, 0, 255
L 600.0, -47.0, -114.0, 601.0, -46.0, -114.0, 0, 0, 255
L 598.0, -49.0, -113.0, 600.0, -47.0, -114.0, 0, 0, 255
L 593.0, -54.0, -111.0, 598.0, -49.0, -113.0, 0, 0, 255
L 592.0, -55.0, -111.0, 593.0, -54.0, -111.0, 0, 0, 255
L 581.0, -56.0, -112.0, 592.0, -55.0, -111.0, 0, 0, 255
L 577.0, -58.0, -112.0, 581.0, -56.0, -112.0, 0, 0, 255
L 569.0, -57.0, -112.0, 577.0, -58.0, -112.0, 0, 0, 255
L 567.0, -57.0, -112.0, 569.0, -57.0, -112.0, 0, 0, 255
L 562.0, -56.0, -112.0, 567.0, -57.0, -112.0, 0, 0, 255
L 560.0, -56.0, -112.0, 562.0, -56.0, -112.0, 0, 0, 255
L 547.0, -58.0, -112.0, 560.0, -56.0, -112.0, 0, 0, 255
L 542.0, -60.0, -115.0, 547.0, -58.0, -112.0, 0, 0, 255
L 628.0, 82.0, -127.0, 625.0, 81.0, -128.0, 0, 0, 255
L 630.0, 82.0, -126.0, 628.0, 82.0, -127.0, 0, 0, 255
L 635.0, 82.0, -126.0, 630.0, 82.0, -126.0, 0, 0, 255
L 641.0, 80.0, -126.0, 635.0, 82.0, -126.0, 0, 0, 255
L 655.0, 76.0, -126.0, 641.0, 80.0, -126.0, 0, 0, 255
L 657.0, 75.0, -126.0, 655.0, 76.0, -126.0, 0, 0, 255
L 659.0, 75.0, -126.0, 657.0, 75.0, -126.0, 0, 0, 255
L 661.0, 74.0, -126.0, 659.0, 75.0, -126.0, 0, 0, 255
L 674.0, 61.0, -126.0, 661.0, 74.0, -126.0, 0, 0, 255
L 676.0, 60.0, -126.0, 674.0, 61.0, -126.0, 0, 0, 255
L 678.0, 56.0, -126.0, 676.0, 60.0, -126.0, 0, 0, 255
L 678.0, 55.0, -126.0, 678.0, 56.0, -126.0, 0, 0, 255
L 681.0, 43.0, -128.0, 678.0, 55.0, -126.0, 0, 0, 255
L 682.0, 41.0, -128.0, 681.0, 43.0, -128.0, 0, 0, 255
L 682.0, 39.0, -128.0, 682.0, 41.0, -128.0, 0, 0, 255
L 684.0, 31.0, -128.0, 682.0, 39.0, -128.0, 0, 0, 255
L 685.0, 20.0, -129.0, 684.0, 31.0, -128.0, 0, 0, 255
L 685.0, 13.0, -129.0, 685.0, 20.0, -129.0, 0, 0, 255
L 686.0, 7.0, -128.0, 685.0, 13.0, -129.0, 0, 0, 255
L 687.0, -7.0, -131.0, 686.0, 7.0, -128.0, 0, 0, 255
L 687.0, -8.0, -131.0, 687.0, -7.0, -131.0, 0, 0, 255
L 688.0, -22.0, -129.0, 687.0, -8.0, -131.0, 0, 0, 255
L 688.0, -24.0, -129.0, 688.0, -22.0, -129.0, 0, 0, 255
L 687.0, -26.0, -129.0, 688.0, -24.0, -129.0, 0, 0, 255
L 686.0, -27.0, -129.0, 687.0, -26.0, -129.0, 0, 0, 255
L 685.0, -29.0, -130.0, 686.0, -27.0, -129.0, 0, 0, 255
L 679.0, -37.0, -131.0, 685.0, -29.0, -130.0, 0, 0, 255
L 676.0, -41.0, -131.0, 679.0, -37.0, -131.0, 0, 0, 255
L 673.0, -47.0, -128.0, 676.0, -41.0, -131.0, 0, 0, 255
L 672.0, -49.0, -128.0, 673.0, -47.0, -128.0, 0, 0, 255
L 670.0, -50.0, -128.0, 672.0, -49.0, -128.0, 0, 0, 255
L 669.0, -51.0, -127.0, 670.0, -50.0, -128.0, 0, 0, 255
L 668.0, -53.0, -127.0, 669.0, -51.0, -127.0, 0, 0, 255
L 661.0, -56.0, -128.0, 668.0, -53.0, -127.0, 0, 0, 255
L 658.0, -57.0, -128.0, 661.0, -56.0, -128.0, 0, 0, 255
L 647.0, -62.0, -125.0, 658.0, -57.0, -128.0, 0, 0, 255
L 646.0, -63.0, -124.0, 647.0, -62.0, -125.0, 0, 0, 255
L 644.0, -64.0, -122.0, 646.0, -63.0, -124.0, 0, 0, 255
L 642.0, -67.0, -122.0, 644.0, -64.0, -122.0, 0, 0, 255
L 641.0, -69.0, -122.0, 642.0, -67.0, -122.0, 0, 0, 255
L 635.0, -74.0, -123.0, 641.0, -69.0, -122.0, 0, 0, 255
L 633.0, -77.0, -124.0, 635.0, -74.0, -123.0, 0, 0, 255
L 631.0, -80.0, -124.0, 633.0, -77.0, -124.0, 0, 0, 255
L 627.0, -84.0, -124.0, 631.0, -80.0, -124.0, 0, 0, 255
L 610.0, -93.0, -124.0, 627.0, -84.0, -124.0, 0, 0, 255
L 609.0, -93.0, -124.0, 610.0, -93.0, -124.0, 0, 0, 255
L 607.0, -94.0, -124.0, 609.0, -93.0, -124.0, 0, 0, 255
L 600.0, -96.0, -124.0, 607.0, -94.0, -124.0, 0, 0, 255
L 597.0, -96.0, -124.0, 600.0, -96.0, -124.0, 0, 0, 255
L 593.0, -98.0, -124.0, 597.0, -96.0, -124.0, 0, 0, 255
L 592.0, -100.0, -124.0, 593.0, -98.0, -124.0, 0, 0, 255
L 592.0, -102.0, -124.0, 592.0, -100.0, -124.0, 0, 0, 255
L 591.0, -106.0, -124.0, 592.0, -102.0, -124.0, 0, 0, 255
L 590.0, -108.0, -124.0, 591.0, -106.0, -124.0, 0, 0, 255
L 586.0, -114.0, -124.0, 590.0, -108.0, -124.0, 0, 0, 255
L 585.0, -116.0, -125.0, 586.0, -114.0, -124.0, 0, 0, 255
L 584.0, -117.0, -125.0, 585.0, -116.0, -125.0, 0, 0, 255
L 578.0, -122.0, -127.0, 584.0, -117.0, -125.0, 0, 0, 255
L 572.0, -128.0, -127.0, 578.0, -122.0, -127.0, 0, 0, 255
L 570.0, -129.0, -127.0, 572.0, -128.0, -127.0, 0, 0, 255
L 568.0, -130.0, -128.0, 570.0, -129.0, -127.0, 0, 0, 255
L 567.0, -130.0, -128.0, 568.0, -130.0, -128.0, 0, 0, 255
L 554.0, -129.0, -130.0, 567.0, -130.0, -128.0, 0, 0, 255
L 550.0, -130.0, -130.0, 554.0, -129.0, -130.0, 0, 0, 255
L 544.0, -128.0, -131.0, 550.0, -130.0, -130.0, 0, 0, 255
L 542.0, -128.0, -131.0, 544.0, -128.0, -131.0, 0, 0, 255
L 540.0, -127.0, -131.0, 542.0, -128.0, -131.0, 0, 0, 255
L 539.0, -125.0, -131.0, 540.0, -127.0, -131.0, 0, 0, 255
L 536.0, -123.0, -131.0, 539.0, -125.0, -131.0, 0, 0, 255
L 535.0, -121.0, -132.0, 536.0, -123.0, -131.0, 0, 0, 255
L 533.0, -120.0, -132.0, 535.0, -121.0, -132.0, 0, 0, 255
L 528.0, -118.0, -131.0, 533.0, -120.0, -132.0, 0, 0, 255
L 527.0, -117.0, -131.0, 528.0, -118.0, -131.0, 0, 0, 255
L 526.0, -111.0, -131.0, 527.0, -117.0, -131.0, 0, 0, 255
L 527.0, -109.0, -131.0, 526.0, -111.0, -131.0, 0, 0, 255
L 527.0, -104.0, -130.0, 527.0, -109.0, -131.0, 0, 0, 255
L 527.0, -102.0, -130.0, 527.0, -104.0, -130.0, 0, 0, 255
L 526.0, -100.0, -130.0, 527.0, -102.0, -130.0, 0, 0, 255
L 525.0, -99.0, -129.0, 526.0, -100.0, -130.0, 0, 0, 255
L 522.0, -93.0, -126.0, 525.0, -99.0, -129.0, 0, 0, 255
L 521.0, -92.0, -126.0, 522.0, -93.0, -126.0, 0, 0, 255
L 520.0, -88.0, -125.0, 521.0, -92.0, -126.0, 0, 0, 255
L 521.0, -86.0, -124.0, 520.0, -88.0, -125.0, 0, 0, 255
L 523.0, -77.0, -122.0, 521.0, -86.0, -124.0, 0, 0, 255
L 524.0, -72.0, -120.0, 523.0, -77.0, -122.0, 0, 0, 255
L 524.0, -70.0, -119.0, 524.0, -72.0, -120.0, 0, 0, 255
L 523.0, -63.0, -116.0, 524.0, -70.0, -119.0, 0, 0, 255
L 523.0, -61.0, -114.0, 523.0, -63.0, -116.0, 0, 0, 255
L 521.0, -53.0, -109.0, 523.0, -61.0, -114.0, 0, 0, 255
L 521.0, -49.0, -109.0, 521.0, -53.0, -109.0, 0, 0, 255
L 520.0, -47.0, -109.0, 521.0, -49.0, -109.0, 0, 0, 255
L 516.0, -41.0, -105.0, 520.0, -47.0, -109.0, 0, 0, 255
L 515.0, -39.0, -104.0, 516.0, -41.0, -105.0, 0, 0, 255
L 514.0, -38.0, -102.0, 515.0, -39.0, -104.0, 0, 0, 255
L 512.0, -37.0, -100.0, 514.0, -38.0, -102.0, 0, 0, 255
L 508.0, -35.0, -95.0, 512.0, -37.0, -100.0, 0, 0, 255
L 507.0, -34.0, -92.0, 508.0, -35.0, -95.0, 0, 0, 255
L 505.0, -33.0, -89.0, 507.0, -34.0, -92.0, 0, 0, 255
L 504.0, -29.0, -88.0, 505.0, -33.0, -89.0, 0, 0, 255
L 503.0, -27.0, -88.0, 504.0, -29.0, -88.0, 0, 0, 255
L 502.0, -25.0, -88.0, 503.0, -27.0, -88.0, 0, 0, 255
L 622.0, 80.0, -128.0, 625.0, 81.0, -128.0, 0, 0, 255
L 620.0, 80.0, -128.0, 622.0, 80.0, -128.0, 0, 0, 255
L 619.0, 79.0, -128.0, 620.0, 80.0, -128.0, 0, 0, 255
L 617.0, 78.0, -128.0, 619.0, 79.0, -128.0, 0, 0, 255
L 616.0, 77.0, -128.0, 617.0, 78.0, -128.0, 0, 0, 255
L 612.0, 72.0, -128.0, 616.0, 77.0, -128.0, 0, 0, 255
L 610.0, 71.0, -128.0, 612.0, 72.0, -128.0, 0, 0, 255
L 607.0, 69.0, -128.0, 610.0, 71.0, -128.0, 0, 0, 255
L 606.0, 68.0, -128.0, 607.0, 69.0, -128.0, 0, 0, 255
L 604.0, 67.0, -128.0, 606.0, 68.0, -128.0, 0, 0, 255
L 602.0, 67.0, -129.0, 604.0, 67.0, -128.0, 0, 0, 255
L 600.0, 68.0, -128.0, 602.0, 67.0, -129.0, 0, 0, 255
L 599.0, 70.0, -128.0, 600.0, 68.0, -128.0, 0, 0, 255
L 598.0, 71.0, -127.0, 599.0, 70.0, -128.0, 0, 0, 255
L 595.0, 75.0, -126.0, 598.0, 71.0, -127.0, 0, 0, 255
L 593.0, 79.0, -126.0, 595.0, 75.0, -126.0, 0, 0, 255
L 591.0, 82.0, -126.0, 593.0, 79.0, -126.0, 0, 0, 255
L 590.0, 83.0, -127.0, 591.0, 82.0, -126.0, 0, 0, 255
L 589.0, 85.0, -127.0, 590.0, 83.0, -127.0, 0, 0, 255
L 582.0, 94.0, -125.0, 589.0, 85.0, -127.0, 0, 0, 255
L 579.0, 99.0, -125.0, 582.0, 94.0, -125.0, 0, 0, 255
L 578.0, 101.0, -125.0, 579.0, 99.0, -125.0, 0, 0, 255
L 577.0, 102.0, -126.0, 578.0, 101.0, -125.0, 0, 0, 255
L 575.0, 107.0, -128.0, 577.0, 102.0, -126.0, 0, 0, 255
L 575.0, 108.0, -129.0, 575.0, 107.0, -128.0, 0, 0, 255
L 574.0, 111.0, -129.0, 575.0, 108.0, -129.0, 0, 0, 255
L 573.0, 112.0, -129.0, 574.0, 111.0, -129.0, 0, 0, 255
L 571.0, 113.0, -129.0, 573.0, 112.0, -129.0, 0, 0, 255
L 569.0, 113.0, -128.0, 571.0, 113.0, -129.0, 0, 0, 255
L 564.0, 111.0, -128.0, 569.0, 113.0, -128.0, 0, 0, 255
L 553.0, 109.0, -128.0, 564.0, 111.0, -128.0, 0, 0, 255
L 549.0, 107.0, -128.0, 553.0, 109.0, -128.0, 0, 0, 255
L 533.0, 96.0, -128.0, 549.0, 107.0, -128.0, 0, 0, 255
L 528.0, 93.0, -127.0, 533.0, 96.0, -128.0, 0, 0, 255
L 527.0, 92.0, -127.0, 528.0, 93.0, -127.0, 0, 0, 255
L 518.0, 88.0, -127.0, 527.0, 92.0, -127.0, 0, 0, 255
L 512.0, 85.0, -127.0, 518.0, 88.0, -127.0, 0, 0, 255
L 511.0, 84.0, -127.0, 512.0, 85.0, -127.0, 0, 0, 255
L 510.0, 82.0, -127.0, 511.0, 84.0, -127.0, 0, 0, 255
L 508.0, 81.0, -128.0, 510.0, 82.0, -127.0, 0, 0, 255
L 507.0, 80.0, -128.0, 508.0, 81.0, -128.0, 0, 0, 255
L 507.0, 77.0, -129.0, 507.0, 80.0, -128.0, 0, 0, 255
L 507.0, 75.0, -129.0, 507.0, 77.0, -129.0, 0, 0, 255
L 508.0, 73.0, -129.0, 507.0, 75.0, -129.0, 0, 0, 255
L 509.0, 72.0, -130.0, 508.0, 73.0, -129.0, 0, 0, 255
L 511.0, 70.0, -130.0, 509.0, 72.0, -130.0, 0, 0, 255
L 513.0, 68.0, -129.0, 511.0, 70.0, -130.0, 0, 0, 255
L 515.0, 67.0, -129.0, 513.0, 68.0, -129.0, 0, 0, 255
L 517.0, 63.0, -129.0, 515.0, 67.0, -129.0, 0, 0, 255
L 517.0, 62.0, -129.0, 517.0, 63.0, -129.0, 0, 0, 255
L 518.0, 58.0, -128.0, 517.0, 62.0, -129.0, 0, 0, 255
L 519.0, 56.0, -128.0, 518.0, 58.0, -128.0, 0, 0, 255
L 520.0, 51.0, -128.0, 519.0, 56.0, -128.0, 0, 0, 255
L 520.0, 50.0, -128.0, 520.0, 51.0, -128.0, 0, 0, 255
L 522.0, 46.0, -128.0, 520.0, 50.0, -128.0, 0, 0, 255
L 523.0, 45.0, -128.0, 522.0, 46.0, -128.0, 0, 0, 255
L 524.0, 43.0, -128.0, 523.0, 45.0, -128.0, 0, 0, 255
L 526.0, 40.0, -128.0, 524.0, 43.0, -128.0, 0, 0, 255
L 529.0, 37.0, -128.0, 526.0, 40.0, -128.0, 0, 0, 255
L 534.0, 31.0, -128.0, 529.0, 37.0, -128.0, 0, 0, 255
L 535.0, 29.0, -128.0, 534.0, 31.0, -128.0, 0, 0, 255
L 536.0, 28.0, -128.0, 535.0, 29.0, -128.0, 0, 0, 255
L 537.0, 26.0, -128.0, 536.0, 28.0, -128.0, 0, 0, 255
L 537.0, 24.0, -128.0, 537.0, 26.0, -128.0, 0, 0, 255
L 539.0, 17.0, -127.0, 537.0, 24.0, -128.0, 0, 0, 255
L 539.0, 16.0, -126.0, 539.0, 17.0, -127.0, 0, 0, 255
L 544.0, 9.0, -127.0, 539.0, 16.0, -126.0, 0, 0, 255
L 550.0, 1.0, -125.0, 544.0, 9.0, -127.0, 0, 0, 255
L 551.0, -1.0, -125.0, 550.0, 1.0, -125.0, 0, 0, 255
L 551.0, -3.0, -127.0, 551.0, -1.0, -125.0, 0, 0, 255
L 552.0, -4.0, -128.0, 551.0, -3.0, -127.0, 0, 0, 255
L 553.0, -6.0, -129.0, 552.0, -4.0, -128.0, 0, 0, 255
L 554.0, -7.0, -129.0, 553.0, -6.0, -129.0, 0, 0, 255
L 555.0, -9.0, -129.0, 554.0, -7.0, -129.0, 0, 0, 255
L 558.0, -12.0, -128.0, 555.0, -9.0, -129.0, 0, 0, 255
L 560.0, -13.0, -128.0, 558.0, -12.0, -128.0, 0, 0, 255
L 563.0, -12.0, -128.0, 560.0, -13.0, -128.0, 0, 0, 255
L 572.0, -7.0, -128.0, 563.0, -12.0, -128.0, 0, 0, 255
L 589.0, 3.0, -130.0, 572.0, -7.0, -128.0, 0, 0, 255
L 598.0, 7.0, -131.0, 589.0, 3.0, -130.0, 0, 0, 255
L 607.0, 12.0, -134.0, 598.0, 7.0, -131.0, 0, 0, 255
L 612.0, 15.0, -135.0, 607.0, 12.0, -134.0, 0, 0, 255
L 620.0, 20.0, -135.0, 612.0, 15.0, -135.0, 0, 0, 255
L 622.0, 21.0, -135.0, 620.0, 20.0, -135.0, 0, 0, 255
L 622.0, 25.0, -135.0, 622.0, 21.0, -135.0, 0, 0, 255
L 619.0, 29.0, -134.0, 622.0, 25.0, -135.0, 0, 0, 255
L 615.0, 37.0, -131.0, 619.0, 29.0, -134.0, 0, 0, 255
L 611.0, 44.0, -127.0, 615.0, 37.0, -131.0, 0, 0, 255
L 609.0, 48.0, -127.0, 611.0, 44.0, -127.0, 0, 0, 255
L 607.0, 49.0, -127.0, 609.0, 48.0, -127.0, 0, 0, 255
L 606.0, 50.0, -127.0, 607.0, 49.0, -127.0, 0, 0, 255
L 604.0, 51.0, -127.0, 606.0, 50.0, -127.0, 0, 0, 255
L 602.0, 51.0, -127.0, 604.0, 51.0, -127.0, 0, 0, 255
L 602.0, 53.0, -127.0, 602.0, 51.0, -127.0, 0, 0, 255
L 602.0, 55.0, -128.0, 602.0, 53.0, -127.0, 0, 0, 255
L 605.0, 58.0, -128.0, 602.0, 55.0, -128.0, 0, 0, 255
L 607.0, 58.0, -128.0, 605.0, 58.0, -128.0, 0, 0, 255
L 614.0, 59.0, -127.0, 607.0, 58.0, -128.0, 0, 0, 255
L 616.0, 60.0, -127.0, 614.0, 59.0, -127.0, 0, 0, 255
L 617.0, 60.0, -127.0, 616.0, 60.0, -127.0, 0, 0, 255
L 623.0, 64.0, -128.0, 617.0, 60.0, -127.0, 0, 0, 255
L 624.0, 64.0, -128.0, 623.0, 64.0, -128.0, 0, 0, 255
L 626.0, 65.0, -128.0, 624.0, 64.0, -128.0, 0, 0, 255
L 629.0, 64.0, -127.0, 626.0, 65.0, -128.0, 0, 0, 255
L 631.0, 63.0, -127.0, 629.0, 64.0, -127.0, 0, 0, 255
L 633.0, 62.0, -126.0, 631.0, 63.0, -127.0, 0, 0, 255
L 635.0, 61.0, -126.0, 633.0, 62.0, -126.0, 0, 0, 255
L 638.0, 62.0, -127.0, 635.0, 61.0, -126.0, 0, 0, 255
L 640.0, 63.0, -128.0, 638.0, 62.0, -127.0, 0, 0, 255
L 642.0, 63.0, -128.0, 640.0, 63.0, -128.0, 0, 0, 255
L 644.0, 62.0, -128.0, 642.0, 63.0, -128.0, 0, 0, 255
L 645.0, 61.0, -127.0, 644.0, 62.0, -128.0, 0, 0, 255
L 647.0, 60.0, -127.0, 645.0, 61.0, -127.0, 0, 0, 255
L 649.0, 59.0, -128.0, 647.0, 60.0, -127.0, 0, 0, 255
L 655.0, 56.0, -128.0, 649.0, 59.0, -128.0, 0, 0, 255
L 656.0, 55.0, -128.0, 655.0, 56.0, -128.0, 0, 0, 255
L 658.0, 54.0, -128.0, 656.0, 55.0, -128.0, 0, 0, 255
L 659.0, 52.0, -128.0, 658.0, 54.0, -128.0, 0, 0, 255
L 660.0, 48.0, -127.0, 659.0, 52.0, -128.0, 0, 0, 255
L 662.0, 43.0, -127.0, 660.0, 48.0, -127.0, 0, 0, 255
L 664.0, 39.0, -128.0, 662.0, 43.0, -127.0, 0, 0, 255
L 664.0, 37.0, -129.0, 664.0, 39.0, -128.0, 0, 0, 255
L 665.0, 33.0, -129.0, 664.0, 37.0, -129.0, 0, 0, 255
L 665.0, 31.0, -129.0, 665.0, 33.0, -129.0, 0, 0, 255
L 664.0, 28.0, -128.0, 665.0, 31.0, -129.0, 0, 0, 255
L 664.0, 26.0, -128.0, 664.0, 28.0, -128.0, 0, 0, 255
L 666.0, 22.0, -129.0, 664.0, 26.0, -128.0, 0, 0, 255
L 668.0, 18.0, -129.0, 666.0, 22.0, -129.0, 0, 0, 255
L 668.0, 12.0, -129.0, 668.0, 18.0, -129.0, 0, 0, 255
L 667.0, -0.0, -128.0, 668.0, 12.0, -129.0, 0, 0, 255
L 668.0, -2.0, -128.0, 667.0, -0.0, -128.0, 0, 0, 255
L 668.0, -4.0, -128.0, 668.0, -2.0, -128.0, 0, 0, 255
L 669.0, -8.0, -129.0, 668.0, -4.0, -128.0, 0, 0, 255
L 671.0, -11.0, -129.0, 669.0, -8.0, -129.0, 0, 0, 255
L 671.0, -13.0, -129.0, 671.0, -11.0, -129.0, 0, 0, 255
L 671.0, -15.0, -127.0, 671.0, -13.0, -129.0, 0, 0, 255
L 669.0, -19.0, -127.0, 671.0, -15.0, -127.0, 0, 0, 255
L 669.0, -21.0, -127.0, 669.0, -19.0, -127.0, 0, 0, 255
L 668.0, -25.0, -127.0, 669.0, -21.0, -127.0, 0, 0, 255
L 666.0, -29.0, -127.0, 668.0, -25.0, -127.0, 0, 0, 255
L 665.0, -30.0, -127.0, 666.0, -29.0, -127.0, 0, 0, 255
L 664.0, -32.0, -126.0, 665.0, -30.0, -127.0, 0, 0, 255
L 662.0, -32.0, -125.0, 664.0, -32.0, -126.0, 0, 0, 255
L 661.0, -34.0, -125.0, 662.0, -32.0, -125.0, 0, 0, 255
L 659.0, -35.0, -125.0, 661.0, -34.0, -125.0, 0, 0, 255
L 658.0, -36.0, -125.0, 659.0, -35.0, -125.0, 0, 0, 255
L 656.0, -39.0, -125.0, 658.0, -36.0, -125.0, 0, 0, 255
L 654.0, -41.0, -125.0, 656.0, -39.0, -125.0, 0, 0, 255
L 653.0, -42.0, -124.0, 654.0, -41.0, -125.0, 0, 0, 255
L 651.0, -43.0, -124.0, 653.0, -42.0, -124.0, 0, 0, 255
L 643.0, -44.0, -122.0, 651.0, -43.0, -124.0, 0, 0, 255
L 633.0, -45.0, -120.0, 643.0, -44.0, -122.0, 0, 0, 255
L 631.0, -44.0, -120.0, 633.0, -45.0, -120.0, 0, 0, 255
L 626.0, -43.0, -120.0, 631.0, -44.0, -120.0, 0, 0, 255
L 617.0, -39.0, -117.0, 626.0, -43.0, -120.0, 0, 0, 255
L 611.0, -37.0, -115.0, 617.0, -39.0, -117.0, 0, 0, 255
L 609.0, -36.0, -114.0, 611.0, -37.0, -115.0, 0, 0, 255
L 607.0, -36.0, -114.0, 609.0, -36.0, -114.0, 0, 0, 255
L 604.0, -35.0, -114.0, 607.0, -36.0, -114.0, 0, 0, 255
L 594.0, -34.0, -111.0, 604.0, -35.0, -114.0, 0, 0, 255
L 592.0, -33.0, -109.0, 594.0, -34.0, -111.0, 0, 0, 255
L 590.0, -34.0, -109.0, 592.0, -33.0, -109.0, 0, 0, 255
L 588.0, -34.0, -108.0, 590.0, -34.0, -109.0, 0, 0, 255
L 579.0, -37.0, -109.0, 588.0, -34.0, -108.0, 0, 0, 255
L 577.0, -38.0, -109.0, 579.0, -37.0, -109.0, 0, 0, 255
L 563.0, -41.0, -107.0, 577.0, -38.0, -109.0, 0, 0, 255
L 561.0, -42.0, -108.0, 563.0, -41.0, -107.0, 0, 0, 255
L 559.0, -42.0, -109.0, 561.0, -42.0, -108.0, 0, 0, 255
L 557.0, -42.0, -108.0, 559.0, -42.0, -109.0, 0, 0, 255
L 553.0, -41.0, -106.0, 557.0, -42.0, -108.0, 0, 0, 255
L 551.0, -40.0, -105.0, 553.0, -41.0, -106.0, 0, 0, 255
L 547.0, -39.0, -104.0, 551.0, -40.0, -105.0, 0, 0, 255
L 545.0, -39.0, -105.0, 547.0, -39.0, -104.0, 0, 0, 255
L 543.0, -38.0, -105.0, 545.0, -39.0, -105.0, 0, 0, 255
L 541.0, -38.0, -105.0, 543.0, -38.0, -105.0, 0, 0, 255
L 539.0, -37.0, -104.0, 541.0, -38.0, -105.0, 0, 0, 255
L 538.0, -36.0, -103.0, 539.0, -37.0, -104.0, 0, 0, 255
L 536.0, -34.0, -102.0, 538.0, -36.0, -103.0, 0, 0, 255
L 529.0, -30.0, -100.0, 536.0, -34.0, -102.0, 0, 0, 255
L 525.0, -28.0, -98.0, 529.0, -30.0, -100.0, 0, 0, 255
L 522.8, -25.0, -95.0, 525.0, -28.0, -98.0, 0, 0, 255
L 522.7, -24.0, -93.0, 522.8, -25.0, -95.0, 0, 0, 255
L 522.7, -22.0, -90.0, 522.7, -24.0, -93.0, 0, 0, 255
L 522.0, -20.0, -88.0, 522.7, -22.0, -90.0, 0, 0, 255
L 523.0, -19.0, -88.0, 522.0, -20.0, -88.0, 0, 0, 255
L 522.0, -17.0, -87.0, 523.0, -19.0, -88.0, 0, 0, 255
L 514.5, -11.5, -81.0, 522.0, -17.0, -87.0, 0, 0, 255
L 457.0, 45.0, -48.0, 461.0, 44.0, -50.0, 0, 0, 0
L 461.0, 44.0, -50.0, 462.0, 44.0, -50.0, 0, 0, 0
L 462.0, 44.0, -50.0, 471.0, 41.0, -52.0, 0, 0, 0
L 471.0, 41.0, -52.0, 473.0, 40.0, -53.0, 0, 0, 0
L 473.0, 40.0, -53.0, 476.0, 39.0, -54.0, 0, 0, 0
L 476.0, 39.0, -54.0, 478.0, 38.0, -55.0, 0, 0, 0
L 478.0, 38.0, -55.0, 484.0, 34.0, -56.0, 0, 0, 0
L 484.0, 34.0, -56.0, 485.0, 33.0, -56.0, 0, 0, 0
L 485.0, 33.0, -56.0, 487.0, 32.0, -57.0, 0, 0, 0
L 487.0, 32.0, -57.0, 488.0, 31.0, -57.0, 0, 0, 0
L 488.0, 31.0, -57.0, 489.0, 30.0, -59.0, 0, 0, 0
L 489.0, 30.0, -59.0, 490.0, 29.0, -59.0, 0, 0, 0
L 490.0, 29.0, -59.0, 492.0, 28.0, -59.0, 0, 0, 0
L 492.0, 28.0, -59.0, 493.0, 26.0, -61.0, 0, 0, 0
L 493.0, 26.0, -61.0, 494.0, 25.0, -61.0, 0, 0, 0
L 494.0, 25.0, -61.0, 496.0, 21.0, -62.0, 0, 0, 0
L 496.0, 21.0, -62.0, 498.0, 19.0, -62.0, 0, 0, 0
L 498.0, 19.0, -62.0, 500.0, 15.0, -63.0, 0, 0, 0
L 502.0, 12.0, -64.0, 507.0, 3.0, -68.0, 0, 0, 0
L 507.0, 3.0, -68.0, 512.0, -7.0, -77.0, 0, 0, 0
L 512.0, -7.0, -77.0, 514.5, -11.5, -81.0, 0, 0, 0
L 517.0, -16.0, -85.0, 518.0, -23.0, -90.0, 0, 0, 255
L 518.0, -23.0, -90.0, 508.0, -24.0, -91.0, 0, 0, 255
L 508.0, -24.0, -91.0, 502.0, -25.0, -88.0, 0, 0, 255
L 386.4, 13.0, -51.0, 360.5, 13.0, -51.0, 0, 0, 0
L 514.5, -11.5, -81.0, 517.0, -16.0, -85.0, 0, 0, 255
L -9.4, -6.3, -26.7, -9.5, -14.7, -26.7, 0, 0, 0
L -12.3, -18.4, -26.7, -12.3, -14.8, -26.7, 0, 0, 0
L -12.3, -14.8, -26.7, -9.5, -14.7, -26.7, 0, 0, 0
L -12.1, -18.3, -26.7, 15.2, -18.1, -26.7, 0, 0, 0
L 15.2, -18.1, -26.7, 15.3, -70.6, -26.7, 0, 0, 0
L 15.3, -70.9, -26.7, 28.0, -82.3, -26.7, 0, 0, 0
L 28.0, -82.3, -26.7, 61.7, -82.2, -26.7, 0, 0, 0
L 61.7, -82.2, -26.7, 102.8, -82.7, -38.7, 0, 0, 0
L 102.8, -82.7, -38.7, 103.2, -79.8, -38.7, 0, 0, 0
L 111.6, -79.9, -38.7, 103.2, -79.8, -38.7, 0, 0, 0
L 111.6, -79.9, -38.7, 111.7, -105.3, -38.7, 0, 0, 0
L 111.7, -105.3, -38.7, 103.2, -105.0, -38.7, 0, 0, 0
L 103.2, -105.0, -38.7, 103.0, -102.1, -38.7, 0, 0, 0
L 103.0, -102.1, -38.7, 75.3, -102.2, -38.7, 0, 0, 0
L 75.3, -102.2, -38.7, 76.0, -149.3, -38.7, 0, 0, 0
L 76.0, -149.3, -38.7, 102.0, -149.4, -38.8, 0, 0, 0
L 164.8, -149.5, -38.8, 159.4, -133.6, -40.0, 0, 0, 0
L 159.4, -133.6, -40.0, 160.0, -130.6, -40.1, 0, 0, 0
L 160.0, -130.6, -40.1, 161.1, -124.1, -39.9, 0, 0, 0
L 161.1, -124.1, -39.9, 162.4, -117.8, -38.8, 0, 0, 0
L 162.4, -117.8, -38.8, 160.8, -110.9, -38.8, 0, 0, 0
L 160.8, -110.9, -38.8, 166.7, -111.8, -39.3, 0, 0, 0
L 166.7, -111.8, -39.3, 170.1, -114.8, -37.9, 0, 0, 0
L 170.1, -114.8, -37.9, 173.8, -106.2, -37.4, 0, 0, 0
L 173.8, -106.2, -37.4, 170.2, -99.8, -35.3, 0, 0, 0
L 170.2, -99.8, -35.3, 165.9, -101.7, -38.4, 0, 0, 0
L 165.9, -101.7, -38.4, 131.3, -101.7, -38.5, 0, 0, 0
L 131.3, -101.7, -38.5, 131.5, -104.4, -38.7, 0, 0, 0
L 122.5, -105.6, -38.7, 131.5, -104.4, -38.7, 0, 0, 0
L 126.0, -149.4, -38.8, 126.1, -143.2, -38.8, 150, 150, 150
L 126.1, -143.2, -38.8, 117.8, -128.4, -38.8, 150, 150, 150
L 117.8, -128.4, -38.8, 115.1, -119.3, -38.8, 150, 150, 150
L 115.1, -119.3, -38.8, 108.3, -118.6, -38.8, 150, 150, 150
L 108.3, -118.6, -38.8, 105.2, -135.8, -38.8, 150, 150, 150
L 105.2, -135.8, -38.8, 102.0, -149.4, -38.8, 150, 150, 150
L 122.5, -105.6, -38.7, 122.4, -79.3, -38.7, 0, 0, 0
L 122.4, -79.3, -38.7, 130.2, -79.6, -38.7, 0, 0, 0
L 130.2, -79.6, -38.7, 130.3, -82.9, -38.3, 0, 0, 0
L 130.3, -82.9, -38.3, 131.7, -82.8, -38.5, 0, 0, 0
L 131.7, -82.8, -38.5, 132.3, -70.7, -37.9, 0, 0, 0
L 132.3, -70.7, -37.9, 148.5, -80.9, -50.9, 0, 0, 0
L 131.7, -80.1, -38.7, 131.1, -69.9, -38.8, 150, 150, 150
L 131.1, -69.9, -38.8, 132.4, -64.4, -38.7, 150, 150, 150
L 132.4, -64.4, -38.7, 129.1, -55.7, -38.8, 150, 150, 150
L 129.1, -55.7, -38.8, 129.7, -51.8, -38.8, 150, 150, 150
L 129.7, -51.8, -38.8, 137.2, -52.1, -38.6, 150, 150, 150
L 137.2, -52.1, -38.6, 138.1, -43.0, -38.8, 150, 150, 150
L 138.1, -43.0, -38.8, 140.6, -38.7, -38.8, 150, 150, 150
L 140.6, -38.7, -38.8, 143.3, -36.2, -38.8, 150, 150, 150
L 143.3, -36.2, -38.8, 143.3, 21.3, -38.8, 150, 150, 150
L 143.3, 21.3, -38.8, 141.7, 23.0, -38.8, 150, 150, 150
L 141.7, 23.0, -38.8, 141.8, 26.4, -38.8, 150, 150, 150
L 141.8, 26.4, -38.8, 144.1, 28.5, -38.8, 150, 150, 150
L 144.1, 28.5, -38.8, 147.4, 28.3, -38.8, 150, 150, 150
L 147.4, 28.3, -38.8, 149.4, 26.2, -38.7, 150, 150, 150
L 149.4, 26.2, -38.7, 150.7, 29.0, -38.7, 150, 150, 150
L 150.7, 29.0, -38.7, 158.8, 33.1, -44.5, 150, 150, 150
L 158.8, 33.1, -44.5, 171.0, 37.6, -50.7, 150, 150, 150
L 171.0, 37.6, -50.7, 172.0, 35.1, -50.8, 150, 150, 150
L 172.0, 35.1, -50.8, 160.2, 31.0, -50.7, 150, 150, 150
L 160.2, 31.0, -50.7, 152.5, 27.9, -50.7, 150, 150, 150
L 152.5, 27.9, -50.7, 148.8, 17.1, -50.7, 150, 150, 150
L 148.8, 17.1, -50.7, 148.9, -67.9, -50.8, 150, 150, 150
L 148.9, -67.9, -50.8, 149.1, -80.8, -50.8, 150, 150, 150
L 148.5, -80.9, -50.9, 151.8, -80.2, -50.4, 0, 0, 0
L 151.8, -80.2, -50.4, 161.7, -68.5, -50.5, 0, 0, 0
L 161.7, -68.5, -50.5, 164.5, -59.4, -51.6, 0, 0, 0
L 164.5, -59.4, -51.6, 166.4, -56.6, -51.9, 0, 0, 0
L 166.4, -56.6, -51.9, 171.2, -59.2, -51.2, 0, 0, 0
L 171.2, -59.2, -51.2, 194.4, -59.2, -50.8, 0, 0, 0
L 194.4, -59.2, -50.8, 230.3, -81.5, -50.8, 0, 0, 0
L 230.3, -81.5, -50.8, 230.2, -67.0, -50.8, 150, 150, 150
L 230.2, -67.0, -50.8, 227.2, -63.6, -50.8, 150, 150, 150
L 227.2, -63.6, -50.8, 227.2, -7.3, -50.8, 150, 150, 150
L 227.2, -7.3, -50.8, 225.6, -5.4, -50.8, 150, 150, 150
L 225.6, -5.4, -50.8, 225.6, -2.7, -50.8, 150, 150, 150
L 225.6, -2.7, -50.8, 227.5, -0.3, -50.8, 150, 150, 150
L 227.5, -0.3, -50.8, 230.4, 0.0, -50.8, 150, 150, 150
L 230.4, 0.0, -50.8, 233.3, -2.4, -50.8, 150, 150, 150
L 233.3, -2.4, -50.8, 233.3, -5.2, -50.8, 150, 150, 150
L 233.3, -5.2, -50.8, 232.1, -6.7, -50.8, 150, 150, 150
L 232.1, -6.7, -50.8, 232.5, -32.9, -62.8, 150, 150, 150
L 232.5, -32.9, -62.8, 232.6, -81.8, -62.7, 150, 150, 150
L 232.6, -81.8, -62.7, 245.4, -84.9, -62.8, 0, 0, 0
L 245.4, -84.9, -62.8, 255.0, -88.8, -62.8, 0, 0, 0
L 255.0, -88.8, -62.8, 271.4, -83.3, -62.7, 0, 0, 0
L 271.4, -83.3, -62.7, 274.7, -91.6, -62.8, 0, 0, 0
L 274.7, -91.6, -62.8, 280.0, -91.3, -62.7, 0, 0, 0
L 274.7, -91.6, -62.8, 270.8, -82.3, -62.7, 150, 150, 150
L 270.8, -82.3, -62.7, 269.2, -79.0, -62.7, 150, 150, 150
L 269.2, -79.0, -62.7, 272.2, -72.9, -62.8, 150, 150, 150
L 272.2, -72.9, -62.8, 275.6, -57.5, -62.8, 150, 150, 150
L 275.6, -57.5, -62.8, 268.5, -57.8, -62.8, 150, 150, 150
L 268.5, -57.8, -62.8, 262.9, -66.8, -62.8, 150, 150, 150
L 262.9, -66.8, -62.8, 254.9, -78.4, -62.8, 150, 150, 150
L 254.9, -78.4, -62.8, 254.9, -88.7, -62.8, 150, 150, 150
L 280.0, -91.3, -62.7, 280.2, -114.8, -62.7, 0, 0, 0
L 280.2, -114.8, -62.7, 280.2, -117.3, -62.7, 0, 0, 0
L 280.2, -117.3, -62.7, 271.6, -117.0, -62.7, 0, 0, 0
L 271.6, -117.0, -62.7, 270.9, -113.7, -62.3, 0, 0, 0
L 270.9, -113.7, -62.3, 244.1, -113.7, -62.4, 0, 0, 0
L 244.1, -113.7, -62.4, 243.7, -143.9, -62.7, 0, 0, 0
L 243.7, -143.9, -62.7, 255.9, -153.2, -63.9, 0, 0, 0
L 255.9, -153.2, -63.9, 273.5, -168.3, -63.7, 0, 0, 0
L 273.5, -168.3, -63.7, 300.0, -168.2, -64.2, 0, 0, 0
L 300.0, -168.2, -64.2, 311.8, -163.5, -64.4, 0, 0, 0
L 311.8, -163.5, -64.4, 316.3, -155.9, -63.6, 0, 0, 0
L 316.3, -155.9, -63.6, 322.2, -151.2, -63.9, 0, 0, 0
L 322.2, -151.2, -63.9, 332.3, -152.4, -63.7, 0, 0, 0
L 332.3, -152.4, -63.7, 337.0, -155.4, -63.3, 0, 0, 0
L 337.0, -155.4, -63.3, 339.6, -149.8, -62.2, 0, 0, 0
L 339.6, -149.8, -62.2, 339.4, -114.3, -62.6, 0, 0, 0
L 339.4, -114.3, -62.6, 298.1, -114.3, -62.7, 0, 0, 0
L 298.1, -114.3, -62.7, 298.1, -117.2, -62.7, 0, 0, 0
L 291.0, -117.3, -62.7, 298.1, -117.2, -62.7, 0, 0, 0
L 291.0, -117.3, -62.7, 290.8, -91.4, -62.7, 0, 0, 0
L 290.8, -91.4, -62.7, 299.4, -91.5, -62.7, 0, 0, 0
L 299.4, -91.5, -62.7, 299.4, -94.7, -62.7, 0, 0, 0
L 299.4, -94.7, -62.7, 350.1, -94.8, -62.6, 0, 0, 0
L 350.1, -94.8, -62.6, 363.6, -83.9, -62.7, 0, 0, 0
L 363.6, -83.9, -62.7, 363.3, -59.8, -62.8, 0, 0, 0
L 363.3, -59.8, -62.8, 363.5, -32.6, -50.8, 0, 0, 0
L 363.5, -32.6, -50.8, 357.9, -31.9, -50.8, 0, 0, 0
L 357.9, -31.9, -50.8, 353.5, -29.2, -50.8, 0, 0, 0
L 353.5, -29.2, -50.8, 351.8, -25.1, -50.8, 0, 0, 0
L 351.8, -25.1, -50.8, 353.7, -20.4, -50.8, 0, 0, 0
L 353.7, -20.4, -50.8, 356.4, -18.6, -50.8, 0, 0, 0
L 356.4, -18.6, -50.8, 363.4, -18.7, -50.7, 0, 0, 0
L 363.4, -18.7, -50.7, 363.7, -5.5, -50.7, 0, 0, 0
L 363.7, -5.5, -50.7, 360.5, -5.6, -50.7, 0, 0, 0
L 360.6, 1.6, -50.7, 360.5, -5.6, -50.7, 0, 0, 0
L 363.7, -83.9, -62.7, 359.3, -83.1, -62.8, 150, 150, 150
L 359.3, -83.1, -62.8, 354.0, -82.9, -62.8, 150, 150, 150
L 354.0, -82.9, -62.8, 351.5, -78.2, -62.8, 150, 150, 150
L 351.5, -78.2, -62.8, 343.9, -71.8, -62.8, 150, 150, 150
L 343.9, -71.8, -62.8, 338.3, -68.6, -62.8, 150, 150, 150
L 338.3, -68.6, -62.8, 336.4, -74.8, -62.8, 150, 150, 150
L 336.4, -74.8, -62.8, 347.7, -94.9, -62.4, 150, 150, 150
L 360.6, 1.6, -50.7, 386.6, 1.8, -50.7, 0, 0, 0
L 386.6, 1.8, -50.7, 385.7, -6.9, -50.7, 0, 0, 0
L 385.7, -6.9, -50.7, 383.4, -6.6, -50.7, 0, 0, 0
L 383.4, -6.6, -50.7, 383.5, -34.2, -50.7, 0, 0, 0
L 383.5, -34.2, -50.7, 417.2, -34.4, -50.8, 0, 0, 0
L 417.2, -34.4, -50.8, 431.3, -25.1, -50.0, 0, 0, 0
L 431.3, -25.1, -50.0, 431.3, -25.0, -50.0, 0, 0, 0
L 431.5, 13.1, -49.9, 436.2, 27.5, -51.8, 0, 0, 0
L 436.2, 27.5, -51.8, 448.7, 27.4, -51.5, 0, 0, 0
L 448.7, 27.4, -51.5, 450.5, 27.1, -51.1, 0, 0, 0
L 462.8, 25.0, -48.6, 469.8, 27.3, -51.8, 0, 0, 0
L 469.8, 27.3, -51.8, 477.5, 20.1, -53.6, 0, 0, 0
L 477.5, 20.1, -53.6, 484.2, 16.1, -57.0, 0, 0, 0
L 484.2, 16.1, -57.0, 489.2, 3.5, -61.3, 0, 0, 0
L 489.2, 3.5, -61.3, 493.2, -5.8, -68.5, 0, 0, 0
L 493.2, -5.8, -68.5, 499.0, -17.8, -81.2, 0, 0, 0
L 330.2, 60.8, -50.7, 350.1, 60.9, -50.7, 255, 255, 0
L 330.2, 60.8, -50.7, 329.7, 63.3, -50.4, 0, 0, 0
L 327.2, 77.1, -48.7, 323.2, 87.9, -49.9, 0, 0, 0
L 323.2, 87.9, -49.9, 308.7, 88.8, -48.5, 0, 0, 0
L 308.7, 88.8, -48.5, 303.2, 98.3, -47.4, 0, 0, 0
L 303.2, 98.3, -47.4, 306.1, 109.7, -49.7, 0, 0, 0
L 306.1, 109.7, -49.7, 319.0, 112.6, -49.8, 0, 0, 0
L 319.0, 112.6, -49.8, 335.7, 113.0, -49.4, 0, 0, 0
L 335.7, 113.0, -49.4, 354.3, 113.0, -48.1, 0, 0, 0
L 354.3, 113.0, -48.1, 373.3, 108.8, -49.9, 0, 0, 0
L 373.3, 108.8, -49.9, 376.9, 105.6, -47.2, 0, 0, 0
L 376.9, 105.6, -47.2, 374.1, 92.6, -49.7, 0, 0, 0
L 374.1, 92.6, -49.7, 368.0, 87.5, -47.7, 0, 0, 0
L 368.0, 87.5, -47.7, 356.9, 84.3, -47.1, 0, 0, 0
L 356.9, 84.3, -47.1, 352.3, 81.4, -48.9, 0, 0, 0
L 352.3, 81.4, -48.9, 350.4, 63.3, -50.5, 0, 0, 0
L 330.2, 60.8, -50.7, 321.5, 61.3, -50.1, 0, 0, 0
L 321.5, 61.3, -50.1, 321.5, -51.3, -50.8, 0, 0, 0
L 321.5, -51.3, -50.8, 322.9, -53.5, -50.8, 0, 0, 0
L 322.9, -53.5, -50.8, 322.9, -56.3, -50.7, 0, 0, 0
L 350.1, 60.9, -50.7, 352.8, 49.5, -45.6, 0, 0, 0
L 352.8, 49.5, -45.6, 363.4, 45.4, -50.8, 0, 0, 0
L 363.4, 45.4, -50.8, 363.7, 21.4, -50.7, 0, 0, 0
L 363.7, 21.4, -50.7, 360.6, 21.4, -50.7, 0, 0, 0
L 360.6, 21.4, -50.7, 360.5, 13.0, -50.7, 0, 0, 0
L 363.4, 45.4, -50.8, 354.6, 43.3, -50.8, 150, 150, 150
L 354.6, 43.3, -50.8, 349.8, 42.1, -50.8, 150, 150, 150
L 349.8, 42.1, -50.8, 343.1, 36.8, -50.8, 150, 150, 150
L 343.1, 36.8, -50.8, 338.1, 36.8, -50.8, 150, 150, 150
L 338.1, 36.8, -50.8, 337.9, 42.4, -50.8, 150, 150, 150
L 337.9, 42.4, -50.8, 344.2, 49.8, -50.8, 150, 150, 150
L 344.2, 49.8, -50.8, 350.1, 60.9, -50.7, 150, 150, 150
L 386.4, 13.0, -50.7, 386.3, 21.6, -50.7, 0, 0, 0
L 386.3, 21.6, -50.7, 382.8, 21.3, -50.2, 0, 0, 0
L 382.8, 21.3, -50.2, 382.9, 60.3, -50.3, 0, 0, 0
L 382.9, 60.3, -50.3, 396.0, 60.4, -50.8, 0, 0, 0
L 396.0, 60.4, -50.8, 402.5, 57.7, -51.1, 0, 0, 0
L 402.5, 57.7, -51.1, 410.3, 53.8, -51.0, 0, 0, 0
L 410.3, 53.8, -51.0, 416.3, 51.0, -51.8, 0, 0, 0
L 416.3, 51.0, -51.8, 420.3, 48.8, -53.0, 0, 0, 0
L 420.3, 48.8, -53.0, 425.8, 45.3, -52.8, 0, 0, 0
L 425.8, 45.3, -52.8, 430.1, 48.2, -52.3, 0, 0, 0
L 430.1, 48.2, -52.3, 439.2, 50.1, -49.8, 0, 0, 0
L 439.2, 50.1, -49.8, 444.0, 46.8, -50.2, 0, 0, 0
L 444.0, 46.8, -50.2, 448.1, 44.2, -50.6, 0, 0, 0
L 448.1, 44.2, -50.6, 448.5, 27.4, -51.5, 255, 255, 0
L 407.4, 41.8, -52.4, 401.9, 40.3, -52.3, 0, 0, 0
L 401.9, 40.3, -52.3, 398.8, 44.1, -47.7, 0, 0, 0
L 398.8, 44.1, -47.7, 396.4, 46.1, -50.8, 0, 0, 0
L 396.4, 46.1, -50.8, 398.9, 51.0, -52.1, 0, 0, 0
L 398.9, 51.0, -52.1, 405.0, 50.6, -51.9, 0, 0, 0
L 405.0, 50.6, -51.9, 408.9, 45.2, -52.5, 0, 0, 0
L 408.9, 45.2, -52.5, 407.4, 41.8, -52.4, 0, 0, 0
L 423.0, 26.9, -52.4, 429.4, 27.4, -52.4, 0, 0, 0
L 429.4, 27.4, -52.4, 431.7, 23.7, -52.1, 0, 0, 0
L 431.7, 23.7, -52.1, 429.4, 19.0, -52.1, 0, 0, 0
L 429.4, 19.0, -52.1, 426.0, 19.0, -52.3, 0, 0, 0
L 426.0, 19.0, -52.3, 423.3, 23.1, -52.4, 0, 0, 0
L 423.3, 23.1, -52.4, 423.0, 26.9, -52.4, 0, 0, 0
L 431.3, -25.0, -50.0, 431.5, 13.1, -49.9, 0, 0, 0
L 431.3, -25.0, -50.0, 427.8, -18.8, -50.7, 150, 150, 150
L 427.8, -18.8, -50.7, 416.5, -16.2, -50.6, 150, 150, 150
L 416.5, -16.2, -50.6, 411.2, -7.6, -50.8, 150, 150, 150
L 411.2, -7.6, -50.8, 404.6, -9.8, -50.7, 150, 150, 150
L 404.6, -9.8, -50.7, 404.6, -14.6, -50.8, 150, 150, 150
L 404.6, -14.6, -50.8, 410.2, -20.7, -50.8, 150, 150, 150
L 410.2, -20.7, -50.8, 417.2, -34.5, -50.8, 150, 150, 150
L 314.6, -59.4, -62.7, 314.6, 58.9, -62.8, 0, 0, 0
L 314.6, 58.9, -62.8, 299.7, 56.8, -63.7, 0, 0, 0
L 299.7, 56.8, -63.7, 280.7, 59.9, -60.2, 0, 0, 0
L 280.7, 59.9, -60.2, 274.7, 63.4, -61.5, 0, 0, 0
L 286.8, 35.8, -64.3, 285.2, 40.4, -64.3, 0, 0, 0
L 285.2, 40.4, -64.3, 288.0, 43.1, -64.3, 0, 0, 0
L 288.0, 43.1, -64.3, 293.0, 41.6, -61.2, 0, 0, 0
L 293.0, 41.6, -61.2, 297.6, 37.4, -61.8, 0, 0, 0
L 297.6, 37.4, -61.8, 293.0, 34.0, -61.3, 0, 0, 0
L 293.0, 34.0, -61.3, 286.8, 35.8, -64.3, 0, 0, 0
L 293.6, 19.5, -62.8, 286.9, 24.4, -62.8, 150, 150, 150
L 286.9, 24.4, -62.8, 288.2, 35.2, -64.3, 150, 150, 150
L 288.0, 43.2, -64.3, 281.7, 52.0, -63.9, 150, 150, 150
L 281.7, 52.0, -63.9, 274.7, 63.4, -61.5, 150, 150, 150
L 299.5, 57.3, -63.6, 302.3, 47.4, -64.2, 150, 150, 150
L 302.3, 47.4, -64.2, 302.6, 42.1, -64.3, 150, 150, 150
L 302.6, 42.1, -64.3, 293.6, 19.5, -62.8, 150, 150, 150
L 268.6, 66.9, -62.8, 268.5, -6.5, -62.8, 0, 0, 0
L 268.5, -6.5, -62.8, 271.5, -16.9, -62.8, 0, 0, 0
L 271.5, -16.9, -62.8, 277.8, -28.3, -62.8, 0, 0, 0
L 277.8, -28.3, -62.8, 274.3, -30.2, -62.8, 0, 0, 0
L 274.3, -30.2, -62.8, 267.0, -17.1, -56.6, 0, 0, 0
L 267.0, -17.1, -56.6, 265.3, -8.1, -51.4, 0, 0, 0
L 265.3, -8.1, -51.4, 262.0, -7.9, -51.3, 0, 0, 0
L 262.0, -7.9, -51.3, 260.1, -5.8, -50.8, 0, 0, 0
L 260.1, -5.8, -50.8, 260.1, -2.5, -50.8, 0, 0, 0
L 260.1, -2.5, -50.8, 261.6, -0.2, -50.8, 0, 0, 0
L 261.6, -0.2, -50.8, 261.6, 68.2, -50.7, 0, 0, 0
L 261.6, 68.2, -50.7, 228.5, 67.3, -50.8, 0, 0, 0
L 228.5, 67.3, -50.8, 227.6, 60.7, -50.8, 0, 0, 0
L 227.6, 60.7, -50.8, 222.5, 58.1, -50.2, 0, 0, 0
L 222.5, 58.1, -50.2, 218.1, 58.0, -50.7, 0, 0, 0
L 218.1, 58.0, -50.7, 216.4, 61.5, -50.7, 0, 0, 0
L 216.4, 61.5, -50.7, 214.2, 65.9, -50.8, 0, 0, 0
L 206.5, 65.2, -50.7, 214.2, 65.9, -50.7, 0, 0, 0
L 206.5, 65.2, -50.7, 206.4, 91.3, -50.7, 0, 0, 0
L 206.4, 91.3, -50.7, 215.0, 90.3, -50.7, 0, 0, 0
L 215.0, 90.3, -50.7, 215.9, 87.6, -50.1, 0, 0, 0
L 215.9, 87.6, -50.1, 242.8, 87.6, -50.2, 0, 0, 0
L 242.8, 87.6, -50.2, 242.8, 135.6, -50.6, 0, 0, 0
L 242.8, 135.6, -50.6, 210.7, 135.8, -50.4, 0, 0, 0
L 210.7, 135.8, -50.4, 210.8, 125.5, -50.7, 0, 0, 0
L 210.8, 123.2, -50.8, 195.5, 121.8, -50.8, 0, 0, 0
L 195.5, 121.8, -50.8, 193.4, 123.7, -50.8, 0, 0, 0
L 186.9, 129.8, -50.8, 188.4, 135.6, -50.7, 0, 0, 0
L 188.4, 135.6, -50.7, 148.1, 135.7, -50.4, 0, 0, 0
L 148.1, 135.7, -50.4, 144.1, 126.8, -50.0, 0, 0, 0
L 144.1, 126.8, -50.0, 145.8, 124.0, -50.9, 0, 0, 0
L 145.8, 124.0, -50.9, 152.7, 128.7, -51.6, 0, 0, 0
L 152.7, 128.7, -51.6, 156.3, 124.8, -51.8, 0, 0, 0
L 156.3, 124.8, -51.8, 154.2, 117.4, -51.8, 0, 0, 0
L 154.2, 117.4, -51.8, 153.8, 112.9, -51.8, 0, 0, 0
L 153.8, 112.9, -51.8, 155.4, 105.3, -51.7, 0, 0, 0
L 155.4, 105.3, -51.7, 153.8, 96.4, -51.6, 0, 0, 0
L 153.8, 96.4, -51.6, 153.8, 88.1, -51.6, 0, 0, 0
L 153.8, 88.1, -51.6, 187.0, 88.3, -50.7, 0, 0, 0
L 187.0, 88.3, -50.7, 187.2, 91.2, -50.7, 0, 0, 0
L 195.6, 91.3, -50.7, 187.2, 91.2, -50.7, 0, 0, 0
L 193.4, 123.7, -50.8, 200.9, 115.5, -50.8, 150, 150, 150
L 200.9, 115.5, -50.8, 208.5, 104.8, -50.8, 150, 150, 150
L 208.5, 104.8, -50.8, 215.3, 102.3, -50.8, 150, 150, 150
L 215.3, 102.3, -50.8, 216.1, 113.3, -50.8, 150, 150, 150
L 216.1, 113.3, -50.8, 210.8, 125.5, -50.7, 150, 150, 150
L 195.6, 91.3, -50.7, 195.7, 65.3, -50.7, 0, 0, 0
L 195.7, 65.3, -50.7, 186.9, 65.6, -50.7, 0, 0, 0
L 186.9, 65.6, -50.7, 186.9, 68.8, -50.7, 0, 0, 0
L 186.9, 68.8, -50.7, 176.1, 68.7, -50.8, 0, 0, 0
L 176.1, 68.7, -50.8, 176.7, 63.1, -49.5, 0, 0, 0
L 176.7, 63.1, -49.5, 167.7, 55.3, -49.0, 0, 0, 0
L 167.7, 55.3, -49.0, 161.5, 58.3, -45.9, 0, 0, 0
L 161.5, 58.3, -45.9, 150.0, 66.9, -40.1, 0, 0, 0
L 150.0, 66.9, -40.1, 149.6, 68.8, -39.9, 0, 0, 0
L 149.6, 68.8, -39.9, 135.7, 68.0, -38.7, 0, 0, 0
L 135.7, 68.0, -38.7, 116.0, 57.4, -40.2, 0, 0, 0
L 116.0, 57.4, -40.2, 99.0, 53.8, -40.1, 0, 0, 0
L 99.0, 53.8, -40.1, 81.7, 60.6, -40.0, 0, 0, 0
L 81.7, 60.6, -40.0, 64.7, 67.7, -38.8, 0, 0, 0
L 64.7, 67.7, -38.8, 64.7, -32.4, -38.7, 0, 0, 0
L 64.7, -32.4, -38.7, 68.6, -41.3, -38.7, 0, 0, 0
L 68.6, -41.3, -38.7, 75.6, -45.5, -38.7, 0, 0, 0
L 75.6, -45.5, -38.7, 87.2, -49.6, -38.7, 0, 0, 0
L 87.2, -49.6, -38.7, 87.4, -52.3, -38.7, 0, 0, 0
L 87.4, -52.3, -38.7, 73.7, -47.4, -31.5, 0, 0, 0
L 73.7, -47.4, -31.5, 65.6, -42.6, -26.7, 0, 0, 0
L 65.6, -42.6, -26.7, 63.8, -44.6, -26.7, 0, 0, 0
L 63.8, -44.6, -26.7, 60.9, -45.0, -26.7, 0, 0, 0
L 60.9, -45.0, -26.7, 58.1, -42.6, -26.7, 0, 0, 0
L 58.1, -42.6, -26.7, 58.0, -39.4, -26.7, 0, 0, 0
L 58.0, -39.4, -26.7, 59.5, -37.4, -26.8, 0, 0, 0
L 59.5, -37.4, -26.8, 57.4, -22.4, -26.7, 0, 0, 0
L 57.4, -22.4, -26.7, 55.6, -12.6, -26.7, 0, 0, 0
L 55.6, -12.6, -26.7, 59.5, -1.7, -26.8, 0, 0, 0
L 59.5, -1.7, -26.8, 59.3, 50.1, -26.7, 0, 0, 0
L 59.3, 51.4, -26.7, 50.5, 67.6, -26.7, 0, 0, 0
L 50.5, 67.6, -26.7, 50.4, 91.6, -26.7, 0, 0, 0
L 50.4, 91.6, -26.7, 59.5, 91.0, -26.7, 0, 0, 0
L 59.5, 91.0, -26.7, 59.6, 88.3, -26.7, 0, 0, 0
L 59.6, 88.3, -26.7, 63.1, 88.7, -26.8, 0, 0, 0
L 63.1, 88.7, -26.8, 71.1, 90.6, -25.5, 0, 0, 0
L 71.1, 90.6, -25.5, 69.7, 95.9, -26.9, 0, 0, 0
L 69.7, 95.9, -26.9, 71.2, 98.9, -27.2, 0, 0, 0
L 71.2, 98.9, -27.2, 75.5, 104.6, -27.6, 0, 0, 0
L 75.5, 104.6, -27.6, 79.4, 107.4, -27.6, 0, 0, 0
L 79.4, 107.4, -27.6, 88.2, 101.6, -25.4, 0, 0, 0
L 88.2, 101.6, -25.4, 108.9, 98.8, -25.6, 0, 0, 0
L 108.9, 98.8, -25.6, 125.3, 98.5, -25.1, 0, 0, 0
L 125.3, 98.5, -25.1, 129.8, 103.9, -25.5, 0, 0, 0
L 129.8, 103.9, -25.5, 128.3, 113.2, -27.4, 0, 0, 0
L 128.3, 113.2, -27.4, 129.9, 118.0, -27.3, 0, 0, 0
L 129.9, 118.0, -27.3, 127.0, 141.4, -26.0, 0, 0, 0
L 127.0, 141.4, -26.0, 122.7, 147.8, -26.7, 0, 0, 0
L 122.7, 147.8, -26.7, 59.3, 147.7, -26.8, 0, 0, 0
L 59.3, 147.7, -26.8, 41.8, 147.7, -26.8, 0, 0, 0
L 11.8, 147.7, -26.8, 2.5, 143.0, -15.1, 0, 0, 0
L 2.5, 143.0, -15.1, -5.5, 147.3, -26.8, 0, 0, 0
L -5.5, 147.3, -26.8, -32.2, 147.3, -26.8, 0, 0, 0
L -32.2, 147.3, -26.8, -32.4, 88.6, -26.7, 0, 0, 0
L -32.4, 88.6, -26.7, 31.0, 88.8, -26.7, 0, 0, 0
L 31.0, 88.8, -26.7, 30.2, 91.5, -26.7, 0, 0, 0
L 39.6, 91.5, -26.7, 30.2, 91.5, -26.7, 0, 0, 0
L 59.3, 147.7, -26.8, 63.5, 136.9, -26.8, 150, 150, 150
L 63.5, 136.9, -26.8, 69.2, 123.5, -26.8, 150, 150, 150
L 69.2, 123.5, -26.8, 68.8, 117.7, -26.8, 150, 150, 150
L 68.8, 117.7, -26.8, 62.0, 116.6, -26.8, 150, 150, 150
L 62.0, 116.6, -26.8, 57.1, 126.9, -26.8, 150, 150, 150
L 57.1, 126.9, -26.8, 45.8, 132.5, -26.8, 150, 150, 150
L 45.8, 132.5, -26.8, 41.8, 147.7, -26.8, 150, 150, 150
L 11.8, 147.7, -26.8, 9.3, 135.3, -26.8, 150, 150, 150
L 9.3, 135.3, -26.8, 1.0, 125.9, -26.8, 150, 150, 150
L 1.0, 125.9, -26.8, -9.3, 115.4, -26.8, 150, 150, 150
L -9.3, 115.4, -26.8, -15.3, 117.5, -26.8, 150, 150, 150
L -15.3, 117.5, -26.8, -12.5, 126.5, -26.8, 150, 150, 150
L -12.5, 126.5, -26.8, -7.5, 133.9, -26.8, 150, 150, 150
L -7.5, 133.9, -26.8, -3.9, 136.9, -26.8, 150, 150, 150
L -3.9, 136.9, -26.8, -5.5, 147.3, -26.8, 150, 150, 150
L 105.1, 133.0, -28.3, 110.6, 134.2, -28.2, 0, 0, 0
L 110.6, 134.2, -28.2, 115.3, 131.0, -28.1, 0, 0, 0
L 115.3, 131.0, -28.1, 122.8, 121.4, -28.0, 0, 0, 0
L 122.8, 121.4, -28.0, 118.8, 114.4, -28.0, 0, 0, 0
L 118.8, 114.4, -28.0, 114.3, 110.2, -28.0, 0, 0, 0
L 114.3, 110.2, -28.0, 106.1, 109.5, -27.5, 0, 0, 0
L 106.1, 109.5, -27.5, 96.4, 112.5, -27.4, 0, 0, 0
L 96.4, 112.5, -27.4, 93.9, 116.4, -27.5, 0, 0, 0
L 93.9, 116.4, -27.5, 97.2, 122.0, -27.7, 0, 0, 0
L 97.2, 122.0, -27.7, 101.2, 129.8, -26.8, 0, 0, 0
L 101.2, 129.8, -26.8, 105.1, 133.0, -28.3, 0, 0, 0
L 39.6, 91.5, -26.7, 39.7, 65.7, -26.7, 0, 0, 0
L 39.7, 65.7, -26.8, 30.8, 66.2, -26.7, 0, 0, 0
L 30.8, 66.2, -26.7, 30.7, 68.8, -26.7, 0, 0, 0
L 30.7, 68.8, -26.7, 15.7, 68.4, -26.7, 0, 0, 0
L 15.7, 68.4, -26.7, 16.0, 67.0, -26.7, 0, 0, 0
L 16.0, 67.0, -26.7, 22.8, 62.4, -26.7, 0, 0, 0
L 22.8, 62.4, -26.7, 23.6, 54.5, -26.7, 0, 0, 0
L 23.6, 54.5, -26.7, 19.9, 49.3, -26.7, 0, 0, 0
L 19.9, 49.3, -26.7, 15.8, 47.9, -26.7, 0, 0, 0
L 15.8, 47.9, -26.7, 15.5, 25.5, -26.7, 0, 0, 0
L 15.5, 25.5, -26.7, 24.8, 19.3, -26.7, 0, 0, 0
L 24.8, 19.3, -26.7, 28.6, 14.9, -26.7, 0, 0, 0
L 28.6, 14.9, -26.7, 20.3, 7.0, -25.7, 0, 0, 0
L 20.3, 7.0, -25.7, 13.9, 7.6, -26.7, 0, 0, 0
L 13.9, 7.6, -26.7, 0.9, 16.4, -26.7, 0, 0, 0
L 0.9, 16.4, -26.7, -12.5, 16.6, -26.7, 0, 0, 0
L -12.5, 16.6, -26.7, -12.4, 13.3, -26.7, 0, 0, 0
L -12.4, 13.3, -26.7, -9.8, 13.4, -26.7, 0, 0, 0
L -9.4, 4.6, -26.7, -9.8, 13.4, -26.7, 0, 0, 0
L 20.3, 7.0, -25.7, 21.1, 2.2, -26.7, 150, 150, 150
L 21.1, 2.2, -26.7, 27.1, -6.2, -26.7, 150, 150, 150
L 27.1, -6.2, -26.7, 31.7, -9.6, -26.7, 150, 150, 150
L 31.7, -9.6, -26.7, 35.1, -3.9, -26.7, 150, 150, 150
L 35.1, -3.9, -26.7, 28.6, 14.9, -26.7, 150, 150, 150
L 51.5, 65.9, -26.7, 46.3, 60.4, -26.7, 150, 150, 150
L 46.3, 60.4, -26.7, 48.8, 46.8, -26.7, 150, 150, 150
L 48.8, 46.8, -26.7, 55.1, 47.3, -26.7, 150, 150, 150
L 55.1, 47.3, -26.7, 59.3, 50.1, -26.7, 150, 150, 150
L 99.7, -15.4, -40.4, 89.4, -15.4, -40.8, 0, 0, 0
L 89.4, -15.4, -40.8, 83.7, -12.6, -40.9, 0, 0, 0
L 83.7, -12.6, -40.9, 76.1, 2.3, -40.3, 0, 0, 0
L 76.1, 2.3, -40.3, 82.2, 16.0, -40.8, 0, 0, 0
L 82.2, 16.0, -40.8, 95.3, 21.3, -40.8, 0, 0, 0
L 95.3, 21.3, -40.8, 105.0, 19.3, -40.0, 0, 0, 0
L 105.0, 19.3, -40.0, 106.2, 15.5, -41.3, 0, 0, 0
L 106.2, 15.5, -41.3, 113.4, 5.3, -40.1, 0, 0, 0
L 113.4, 5.3, -40.1, 109.7, -7.0, -40.3, 0, 0, 0
L 109.7, -7.0, -40.3, 99.7, -15.4, -38.8, 0, 0, 0
L 167.7, 55.3, -49.0, 170.3, 44.1, -50.3, 150, 150, 150
L 170.3, 44.1, -50.3, 176.6, 35.7, -50.4, 150, 150, 150
L 176.6, 35.7, -50.4, 181.9, 38.3, -50.8, 150, 150, 150
L 181.9, 38.3, -50.8, 176.7, 63.1, -49.5, 150, 150, 150
L 191.7, -14.1, -52.7, 195.0, -26.1, -52.8, 0, 0, 0
L 195.0, -26.1, -52.8, 188.7, -38.6, -52.6, 0, 0, 0
L 188.7, -38.6, -52.6, 183.2, -46.2, -52.3, 0, 0, 0
L 183.2, -46.2, -52.3, 176.9, -43.3, -52.4, 0, 0, 0
L 176.9, -43.3, -52.4, 164.1, -37.0, -52.4, 0, 0, 0
L 164.1, -37.0, -52.4, 159.3, -26.2, -52.5, 0, 0, 0
L 159.3, -26.2, -52.5, 160.3, -16.0, -50.8, 0, 0, 0
L 160.3, -16.0, -50.8, 173.7, -6.1, -52.3, 0, 0, 0
L 173.7, -6.1, -52.3, 179.7, -6.9, -52.6, 0, 0, 0
L 179.7, -6.9, -52.6, 191.7, -14.1, -52.7, 0, 0, 0
L 28.0, -82.3, -26.7, 32.8, -72.2, -26.7, 150, 150, 150
L 32.8, -72.2, -26.7, 35.9, -66.3, -26.7, 150, 150, 150
L 35.9, -66.3, -26.7, 35.1, -61.5, -26.7, 150, 150, 150
L 35.1, -61.5, -26.7, 27.6, -66.6, -26.7, 150, 150, 150
L 15.3, -70.6, -26.7, 15.3, -70.9, -26.7, 0, 0, 0
L 27.6, -66.6, -26.7, 15.3, -70.6, -26.7, 150, 150, 150
L -17.4, -6.2, -26.7, -9.4, -6.3, -26.7, 0, 0, 0
L -17.4, 4.6, -26.7, -9.4, 4.6, -26.7, 0, 0, 0
L 329.7, 63.3, -50.4, 327.2, 77.1, -48.7, 0, 0, 0
L 350.4, 63.3, -50.5, 350.1, 60.9, -50.7, 0, 0, 0
L 329.7, 63.3, -50.4, 350.4, 63.3, -50.5, 255, 255, 0
L 448.1, 44.2, -50.6, 450.5, 44.4, -49.9, 0, 0, 0
L 450.5, 27.1, -51.1, 462.8, 25.0, -48.6, 0, 0, 0
L 450.5, 44.4, -49.9, 457.0, 45.0, -48.0, 0, 0, 0
L 450.5, 27.1, -51.1, 450.5, 44.4, -49.9, 255, 255, 0
L 500.0, 15.0, -63.0, 502.0, 12.0, -64.0, 0, 0, 0
L 499.0, -17.8, -81.2, 502.0, -25.0, -88.0, 0, 0, 0
L 232.6, -81.8, -62.7, 230.3, -81.5, -50.8, 0, 0, 0
L 102.0, -149.4, -38.8, 126.0, -149.4, -38.8, 0, 0, 0
L 126.0, -149.4, -38.8, 164.8, -149.5, -38.8, 0, 0, 0
L 59.3, 50.1, -26.7, 59.3, 51.4, -26.7, 0, 0, 0
L 322.9, -56.3, -50.7, 322.0, -57.5, -50.7, 0, 0, 0
L 314.6, -59.4, -50.7, 318.8, -59.4, -50.7, 0, 0, 0
L 322.0, -57.5, -50.7, 318.8, -59.4, -50.7, 0, 0, 0
L 314.6, -59.4, -62.7, 318.8, -59.4, -62.7, 0, 0, 0
L 318.8, -59.4, -50.7, 318.8, -59.4, -62.7, 0, 0, 0
L 314.6, -59.4, -62.7, 314.6, -59.4, -50.7, 0, 0, 0
L 318.8, -59.4, -62.7, 327.6, -59.4, -62.7, 150, 150, 150
L 327.6, -59.4, -62.7, 329.4, -59.4, -62.7, 150, 150, 150
L 329.4, -59.4, -62.7, 329.4, -34.6, -50.8, 150, 150, 150
L 274.7, 63.4, -61.5, 268.7, 66.9, -62.8, 0, 0, 0
L -17.4, 4.6, -26.7, -17.4, -6.2, -26.7, 199, 21, 133
L 41.8, 147.7, -26.8, 11.8, 147.7, -26.8, 0, 0, 0
L 210.8, 125.5, -50.7, 210.8, 123.2, -50.8, 0, 0, 0
L 193.4, 123.7, -50.8, 186.9, 129.8, -50.8, 0, 0, 0
