P 1299.8333, 350.1791, -14.7524, 255, 0, 0, 3, to_Plane_of_Tranquility
P -1047.0000, 342.0000, 1.0000, 255, 0, 0, 3, to_The_Hero`s_Forge
P 189.0000, 1005.0000, 20.6459, 255, 0, 0, 3, to_Unkemptwoods
P 127.1324, 1020.1036, 20.6449, 255, 0, 0, 3, to_Pal`Lomen
P 146.5015, 1004.6088, 20.6449, 255, 0, 0, 3, to_Timorous_Falls
P 176.2905, 925.6505, 20.6449, 255, 0, 0, 3, to_Ankexfen_Keep
P 130.0782, 927.8676, 20.6449, 255, 0, 0, 3, to_Moors_of_Nokk
P 1255.0000, 355.0000, -13.2965,  255, 0, 0,  2,  Succor
P 119.0427, 1058.5873, -7.0945, 240, 240, 240, 2, 15
P 77.3719, 984.7427, 20.3132, 240, 240, 240, 2, 8
P 241.8861, 1013.9246, 20.3132, 240, 240, 240, 2, 2
P 240.7243, 1056.5037, 20.3132, 240, 240, 240, 2, 3
P 242.1602, 974.0129, 20.3132, 240, 240, 240, 2, 1
P -236.2239, 1005.8242, -12.9207, 0, 0, 0, 2, box
P 234.9220, 913.1342, 20.3132, 0, 127, 0, 2, Buthor_Glades_(Ranger_&_Druid_Spells)
P 262.2117, 934.9788, 20.4305, 0, 127, 0, 2, Grample_Spruce_(Shaman_&_Beastlord_Spells)
P 276.1693, 934.9089, 20.3132, 0, 127, 0, 2, Malessence_Torte_(Necromancer_&_Shadowknight_Spells)
P 246.5851, 900.0459, 20.3132, 0, 127, 0, 2, Bradword_Clang_(Enchanter_&_Bard_Spells)
P 245.8240, 890.0967, 20.3132, 0, 127, 0, 2, Faustus_Grotter_(Cleric_&_Paladin_Spells)
P 246.2002, 880.1595, 20.3132, 0, 127, 0, 2, Frost_Hardwood_(Melee_Tomes)
P 248.9888, 832.9016, 20.3132, 0, 240, 0, 2, Feldryn_L`Deth_(Group_and_Parcel)
P 260.7958, 834.5446, -5.1725, 0, 240, 240, 2, Elistyl_Kanghammer_(Mission,Raid)
P 601.1077, 1269.8019, -11.9448, 0, 127, 0, 2, Cogsworth_Fizzlespring_(Raid_Merchant)
P 62.1996, 889.9503, 20.3132, 0, 127, 0, 2, Erasmus_Waterford_(Wizard_&_Magician_Spells)
P 63.2820, 843.0297, 20.3132, 0, 127, 0, 2, Charice_Malfor_(Augments)
P 50.2275, 832.4854, 20.3132, 0, 127, 0, 2, Lauren_Festule_(Augments)
P 35.4615, 840.9033, 20.3132, 0, 127, 0, 2, Victor_Pedalfoot_(Augments)
P 61.7049, 835.9198, -7.4262, 0, 127, 127, 2, Ansie_(Quests)
P 51.9407, 834.2567, -7.4262, 0, 127, 127, 2, Calam_(Quests)
P 224.4595, 921.5847, -7.4262, 0, 240, 240, 2, Shalowain_(Mission,Raid,Roam)
P 218.6410, 919.6910, -7.4262, 0, 240, 240, 2, Elisel_(Bar,Mission,Raid)
P 543.2724, 764.9940, -15.0426, 0, 0, 0, 2, Smokey_(Roam)
P 38.9493, 913.2999, 20.3132, 0, 0, 0, 2, Thornel_Grayleaf
P 221.3320, 922.3376, 20.3132, 0, 0, 0, 2, Bamf_Oceanaut
P 249.4281, 834.7566, -5.1725, 0, 0, 0, 2, Dextris_Kanghammer
P 84.2619, 847.1490, -7.4262, 0, 0, 0, 2, Elbok_Bonesnapper_(Roam)
P 62.9081, 899.2558, -7.4262, 0, 240, 240, 2, Bidils_the_Quickhand_(Raid)
P 50.1460, 895.4680, -7.4262, 0, 240, 240, 2, Dhakka_Nogg_(Raid)
P 54.7017, 907.6254, -7.4262, 0, 240, 240, 2, Thormir_Helmsbane_(Raid)
P 557.0668, 1268.8506, -15.9049, 0, 0, 0, 2, Grumble_(Roam)
P 215.1248, 977.5630, -7.3071, 0, 127, 0, 2, a_confused_patron_(Merchant)
P 31.9567, 842.3723, -5.5596, 0, 0, 0, 2, Barrank
P 38.7240, 865.0349, -6.0161, 0, 0, 0, 2, Allegro
P 190.7213, 885.4042, -5.8950, 0, 0, 0, 2, Hart
P 203.5515, 882.6833, -7.4262, 0, 0, 0, 2, Tak
P 197.6284, 870.4615, -7.4262, 0, 0, 0, 2, Yuly
P 141.8939, 911.3680, -2.9039, 0, 0, 0, 2, Adaha
P 123.9380, 915.1714, -2.9039, 0, 0, 0, 2, Gael_Le_Rhytid
P 112.6959, 912.3334, -2.9039, 0, 0, 0, 2, Rhysl_Dorbint
P 120.5963, 923.0128, -2.9039, 0, 0, 0, 2, Erol_Xybella
P 129.8333, 920.9966, -2.9039, 0, 0, 0, 2, Llaydo_Tamms
P 252.6883, 1036.0922, -7.3071, 0, 0, 0, 2, Baker_Hylda
P 503.8069, 845.1738, -15.3744, 0, 0, 0, 2, Trouble
P 526.8953, 846.6695, -15.3744, 0, 0, 0, 2, Sephrim_Harkin
P -1237.9043, 1180.8300, 7.9019, 127, 64, 0, 2, a_brood_queen_(Hunter)_/_an_owlbear_(Hunter)
P 619.7270, -1222.2493, 31.3263, 127, 64, 0, 2, a_djinn_(Hunter)_/_an_efreeti_(Hunter)
P 1016.3085, -660.3674, -10.4289, 127, 64, 0, 2, a_geonid_(Hunter)_a_statue_(Hunter)
P -1287.0015, -687.8701, 45.6987, 127, 64, 0, 2, a_lich_(Hunter)_/_a_spectre_(Hunter)
P 785.1355, -41.2451, -53.6689, 127, 64, 0, 2, a_luggald_(Hunter,Roam)_/_a_water_dragon_(Hunter,Roam)
P 1141.8694, 1292.6543, 22.0771, 127, 64, 0, 2, a_queen_recluse_(Hunter)_/_a_queen_widow_(Hunter)
P 1163.7625, 1371.0774, 11.6715, 127, 64, 0, 2, a_queen_recluse_(Hunter)_/_a_queen_widow_(Hunter,Roam)
P -1035.1924, -726.6783, 20.1950, 127, 64, 0, 2, a_lich_(Hunter)_/_a_spectre_(Hunter)
P 1183.7218, -434.7325, -14.2330, 127, 64, 0, 2, a_geonid_(Hunter)_/_a_statue_(Hunter)
P 908.6601, 1068.5868, -55.8208, 127, 64, 0, 2, a_luggald_(Hunter)_/_a_water_dragon_(Hunter,Roam)
P 547.1566, -871.7203, -4.2923, 127, 64, 0, 2, a_djinn_(Hunter,Roam)_/_an_efreeti_(Hunter,Roam)
P -842.5922, 1036.9009, -49.5710, 127, 64, 0, 2, a_broodqueen_(Hunter)_/_an_owlbear_(Hunter)
P 1349.6184, -771.2086, 4.2594, 127, 64, 0, 2, a_geonid_(Hunter)_/_a_statue_(Hunter)
P -1056.3013, -859.4946, 51.9847, 127, 64, 0, 2, a_lich_(Hunter,Roam)_/_a_spectre_(Hunter,Roam)
P -808.1678, 1142.3297, -35.6745, 127, 64, 0, 2, a_brood_queen_(Hunter)_/_an_owlbear_(Hunter)
P -844.9319, 1015.1178, -50.0606, 255, 255, 255, 1, .
P -1201.7527, 555.0526, -6.6882, 255, 255, 255, 1, .
P -317.9741, -1023.0168, 17.9871, 255, 255, 255, 1, .
P 220.2405, 799.5339, -13.8493, 255, 255, 255, 1, .
P 260.0165, 929.6155, 21.8286, 255, 255, 255, 1, .
P -78.1870, 671.8536, -15.0426, 255, 255, 255, 1, .
P 808.0098, 1266.9960, -94.2996, 255, 255, 255, 1, .
P 1323.8350, 922.2719, -15.0265, 255, 255, 255, 1, .
P 1336.8097, 605.6306, -15.0426, 255, 255, 255, 1, .
P 1286.0862, 528.4246, -15.0426, 255, 255, 255, 1, .
P 219.8842, 914.0820, 23.7812, 255, 255, 255, 1, .
P 275.8060, 1059.6709, -6.9754, 255, 255, 255, 1, .
P 818.0417, 510.1143, -14.1696, 255, 255, 255, 1, .
P 232.0386, 269.7192, -15.0925, 255, 255, 255, 1, .
P 564.0000, 447.0000, -14.0000, 255, 255, 255, 1, .
P -1085.0000, -652.0000, 17.0000, 255, 255, 255, 1, .
P -1071.0000, -697.0000, 19.0000, 255, 255, 255, 1, .
P -552.2791, 1143.8875, -8.5182, 255, 255, 255, 1, .
P -692.2751, 1288.0165, -31.1218, 255, 255, 255, 1, .
P 1029.7533, 1184.0990, -62.4141, 255, 255, 255, 1, .
P 330.8546, -1318.7096, 2.0260, 255, 255, 255, 1, .
P 491.5999, -630.8041, -71.5642, 255, 255, 255, 1, .
P 731.1212, -255.2662, -74.5059, 255, 255, 255, 1, .
P 896.8346, 229.7360, -74.6092, 255, 255, 255, 1, .
P 988.0934, 540.0823, -77.2998, 255, 255, 255, 1, .
P 139.9531, 1491.0387, -15.0179, 255, 255, 255, 1, .
P -899.9659, 1552.8982, 2.3035, 255, 255, 255, 1, .
P 1336.7323, 702.8342, -15.3311, 255, 255, 255, 1, .
P -916.2983, 148.8389, -5.6810, 255, 255, 255, 1, .
P 918.8141, -285.2238, -15.3613, 255, 255, 255, 1, .
P 82.9041, -1181.5862, -56.3799, 255, 255, 255, 1, .
P -664.1920, 382.5888, -11.4463, 255, 255, 255, 1, .
P -741.7238, 1195.8694, -35.3412, 255, 255, 255, 1, .
P -364.0540, 831.6512, -14.0162, 255, 255, 255, 1, .
P 93.7406, 950.6631, -7.3829, 255, 255, 255, 1, .
P 424.9918, 1006.2194, -8.9470, 255, 255, 255, 1, .
P 110.4084, 986.3274, -7.4294, 255, 255, 255, 1, .
P 1312.4778, 1012.0849, -15.0393, 255, 255, 255, 1, .
P 806.6375, -809.7422, 44.5401, 255, 255, 255, 1, .
P 798.2165, -863.1686, 6.5059, 255, 255, 255, 1, .
P 443.5900, -1105.4120, 33.4945, 255, 255, 255, 1, .
P -1087.2527, -654.9056, 17.1826, 255, 255, 255, 1, .
P -1150.3346, -582.9327, 16.9264, 255, 255, 255, 1, .
P -963.4908, 472.5411, -1.8433, 255, 255, 255, 1, .
P -1232.1227, 1172.8340, 1.5848, 255, 255, 255, 1, .
P -235.7842, 1165.7140, -13.1691, 255, 255, 255, 1, .
P -770.6606, 1116.7587, -39.2597, 255, 255, 255, 1, .
P -313.7046, 286.8158, -13.8534, 255, 255, 255, 1, .
P -127.5785, 267.7880, -17.4025, 255, 255, 255, 1, .
P 856.9257, 958.6738, -12.3807, 255, 255, 255, 1, .
P 601.4339, 1273.2599, -12.2311, 255, 255, 255, 1, .
P 655.1168, 1292.2549, -20.7649, 255, 255, 255, 1, .
P 495.9379, 853.7250, -15.3311, 255, 255, 255, 1, .
P 538.3837, 868.2931, -15.3311, 255, 255, 255, 1, .
P 137.6785, 986.6469, -7.4293, 255, 255, 255, 1, .
P -556.7875, 589.6458, -14.5657, 255, 255, 255, 1, .
P -986.8606, 1321.4407, -3.4308, 255, 255, 255, 1, .
P -1285.9347, -137.1227, -6.4589, 255, 255, 255, 1, .
P -1369.8788, -408.2157, 21.9695, 255, 255, 255, 1, .
P -744.5613, -1256.6989, 48.7078, 255, 255, 255, 1, .
P -159.2962, -1144.6980, 44.4451, 255, 255, 255, 1, .
P 528.9877, -1007.6257, 38.0376, 255, 255, 255, 1, .
P 423.7823, -847.2958, -42.0263, 255, 255, 255, 1, .
P 602.0809, -323.4721, -72.3160, 255, 255, 255, 1, .
P 856.3747, -403.7340, -15.3337, 255, 255, 255, 1, .
P 1033.7394, 893.9928, -60.0132, 255, 255, 255, 1, .
P 1278.6852, 1205.7555, -8.9265, 255, 255, 255, 1, .
P 513.1201, 1533.2255, -22.8238, 255, 255, 255, 1, .
P 413.3584, 1614.5829, -17.8034, 255, 255, 255, 1, .
P -467.5398, 1473.4540, 12.1840, 255, 255, 255, 1, .
P 760.9280, 752.5121, -14.4400, 255, 255, 255, 1, .
P -440.4587, 743.7968, -15.0157, 255, 255, 255, 1, .
P 266.9586, 1059.0304, 20.3576, 255, 255, 255, 1, .
P 87.0744, 910.9651, 20.3565, 255, 255, 255, 1, .
P 94.3967, 1061.5298, 20.3565, 255, 255, 255, 1, .
P 541.0737, 766.4102, -15.3311, 255, 255, 255, 1, .
P 99.2688, 586.4422, -15.3311, 255, 255, 255, 1, .
P 20.3957, 631.3550, -15.1906, 255, 255, 255, 1, .
P 42.2256, 876.3649, -6.2330, 255, 255, 255, 1, .
P 107.8771, 816.9459, -7.3829, 255, 255, 255, 1, .
P 219.2805, 972.1917, -7.2638, 255, 255, 255, 1, .
P -1080.3112, 344.1829, 1.4555, 255, 255, 255, 1, .
P -986.3367, -1124.1012, 27.1413, 255, 255, 255, 1, .
P 850.9008, -490.5478, -14.5921, 255, 255, 255, 1, .
P 1333.7964, 223.2227, 0.1521, 255, 255, 255, 1, .
P 690.5253, 1432.0005, -77.5569, 255, 255, 255, 1, .
P 613.5558, 739.8427, -15.3311, 255, 255, 255, 1, .
P -388.0071, 1395.0016, 23.5313, 255, 255, 255, 1, .
P -569.9178, 1414.0436, 6.0989, 255, 255, 255, 1, .
P -1222.5365, 1308.6166, 8.1619, 255, 255, 255, 1, .
P -1044.8877, -825.0538, 49.1319, 255, 255, 255, 1, .
P 814.9153, -721.4314, 23.9862, 255, 255, 255, 1, .
P 525.7266, 1448.9574, -16.6218, 255, 255, 255, 1, .
P -481.9061, 1349.4186, 21.4798, 255, 255, 255, 1, .
P -940.5305, 563.2252, -23.5214, 255, 255, 255, 1, .
P 314.4299, 361.0934, -15.3375, 255, 255, 255, 1, .
P 279.2248, 850.7668, -6.8112, 255, 255, 255, 1, .
P 587.7194, 772.3922, -15.3311, 255, 255, 255, 1, .
P -337.7983, 1523.9220, 7.8730, 255, 255, 255, 1, .
P 155.9619, 1071.8804, -7.4294, 255, 255, 255, 1, .
P 471.3311, 877.8826, -15.3311, 255, 255, 255, 1, .
P -1358.6714, 737.6965, -5.6181, 255, 255, 255, 1, .
P -1152.4097, -1057.5719, 41.9507, 255, 255, 255, 1, .
P 1150.0580, 518.5273, -15.3321, 255, 255, 255, 1, .
P 1306.1543, 452.4043, -15.3311, 255, 255, 255, 1, .
P 771.8557, -1047.7228, 51.6396, 255, 255, 255, 1, .
P -1154.3584, 934.3661, -1.9912, 255, 255, 255, 1, .
P 188.3585, 1005.1976, 20.3132, 255, 255, 255, 1, .
P -65.3483, 1544.5927, 3.3487, 255, 255, 255, 1, .
P 272.1645, 1473.1608, -13.7882, 255, 255, 255, 1, .

