P -33.7619, 1018.5400, 29.0571,  240, 240, 240,  2,  Thoughleech_Cave
P -283.3912, -192.8044, -50.9181,  0, 0, 240,  1,  GS:_Book_Binding
P -549.0757, -195.5768, -56.2199,  127, 64, 0,  2,  A_Dusty_Spire_Spirit_(Named)
P 444.3539, 67.6120, -4.5917,  127, 64, 0,  2,  A_Imploded__Stonegrabber_(Named,Roam)
P -264.9543, 2252.1633, -236.3044,  127, 64, 0,  2,  A_Greater_Horror_(Named)
P -204.8898, 2288.6936, -224.9524,  127, 64, 0,  2,  A_Corrupted_Hivemistress_(Named)
P 249.4216, 318.1425, -93.9255,  127, 64, 0,  2,  A_Stonegrabber_of_Growth_(Named,Roam)
P 1275.3257, -824.0696, -1.8350,  0, 0, 0,  2,  Drema_Young
P -399.3596, -460.2859, 201.9759,  127, 64, 0,  2,  The_Spire_Lord_(Named)
P -330.2609, -240.5920, -53.9980,  240, 240, 240,  2,  Spire_Staircase
P -253.4317, -541.9305, -92.7261,  240, 240, 0,  2,  Cave_Entrance
P 623.0000, 1249.0000, 0.0000,  255, 0, 0,  2,  Succor
P 100.0000, -1350.0000, 0.0000,  255, 0, 0,  3,  to_The_Grey
P 640.0000, 1450.0000, 0.0000,  255, 0, 0,  3,  to_Marus_Seru
