P -3430.6497, 23.1188, -4.1453,  240, 240, 240,  2,  Wayfarer_Camp
P -3445.6892, -76.6953, -7.2646,  0, 0, 0,  2,  Tera_Farkeep
P 1712.1560, -1080.5514, -3.4283,  0, 0, 0,  2,  Cognoggin
P 1697.8286, -1058.5120, -3.5086,  0, 0, 0,  2,  Happ_Dremblenod
P 1517.4340, -1045.0396, 12.8550,  0, 0, 0,  2,  Grynnaf_Einoom
P -1000.0000, 2800.0000, 0.0000,  127, 64, 0,  2,  5._Whimsy_Larktwitter_-_PH=_
P -1000.0000, 2600.0000, 0.0000,  127, 64, 0,  2,  4._Queen_Nasheeji_-_PH=_
P -1000.0000, 2400.0000, 0.0000,  127, 64, 0,  2,  3._Old_Dimshimmer_-_PH=_
P -1000.0000, 2200.0000, 0.0000,  127, 64, 0,  2,  2._Mina_Glimmerwing_-_PH=_
P -1000.0000, 2000.0000, 0.0000,  127, 64, 0,  2,  1._Crookstinger_-_PH=_
P -2469.7449, -1058.2605, 28.9687,  127, 64, 0,  2,  Whimsy_Larkwitter_(Hunter,Roam,HS)
P -3146.0757, -1417.7087, 28.9436,  127, 64, 0,  2,  Queen_Nasheeji_(Hunter)
P -3388.2593, 69.5791, -3.4410,  127, 64, 0,  2,  Old_Dimshimmer_(Hunter,Roam,HS)
P -1103.1674, 122.6742, -3.5389,  127, 64, 0,  2,  Mina_Glimmerwing_(Hunter,Roam)
P -18.3980, 224.7534, 3.8047,  127, 64, 0,  2,  Crookstinger_(Hunter,Roam)
P 963.2428, -1854.3879, -10.7032,  0, 0, 0,  2,  Rainbethel_Geogo
P -666.5694, -510.1372, -4.5881,  0, 0, 0,  2,  Leaf_Dao
P -3607.0000, -1089.0000, 0.0000,  255, 255, 255,  2,  Faerie_Area
P -332.0000, -215.0000, 0.0000,  255, 255, 255,  2,  Orc_Area
P -3163.0000, 798.0000, 0.0000,  255, 255, 255,  2,  Fae_Drake_Area
P -3059.0000, -1788.0000, 0.0000,  255, 255, 255,  2,  Brownie_Area
P -2854.0000, -1356.0000, 0.0000,  255, 255, 255,  2,  Pixie_Area
P -2065.0000, -1467.0000, 0.0000,  255, 255, 255,  2,  Bandit_Camp
P -2271.0000, -42.0000, 0.0000,  255, 255, 255,  2,  Undead_Area
P -1253.0000, 278.0000, 0.0000,  255, 255, 255,  2,  Ranger_Outpost
P -1143.0000, 897.0000, 0.0000,  255, 255, 255,  2,  Dark_Elf_Camp
P 576.0000, 215.0000, 0.0000,  255, 255, 255,  2,  Orc_Camp
P 1827.0000, 350.0000, 0.0000,  255, 255, 255,  2,  Shadowmen_Camp
P 583.0000, -738.0000, 0.0000,  0, 0, 0,  2,  Elwinn_Prelliaen
P -2689.0000, 804.0000, 0.0000,  0, 0, 0,  2,  Nybright_Sisters
P -2558.0000, -65.0000, 0.0000,  0, 0, 0,  2,  Glidara_Myllar
P -1668.0000, 559.0000, 0.0000,  127, 64, 0,  2,  Orc_Chief_(Named)
P -1262.0000, -258.0000, 0.0000,  0, 0, 0,  2,  Glyndur_Tindel
P -1249.0000, 313.0000, -5.0302,  0, 128, 0,  2,  Anelia_(Merchant)
P -3088.0000, -1790.0000, -1.3638,  0, 128, 0,  2,  Brownie_(Merchant)
P -3843.0000, 67.0000, -53.0000,  255, 255, 0,  2,  Instance_(LDoN_Grave_Entrance)
P -3798.0000, 753.0000, 0.0000,  255, 255, 0,  2,  Instance_(LDoN_Crypt_Entrance)
P 1770.0000, 108.0000, 0.0000,  255, 0, 0,  2,  Succor
P 1183.1451, -2144.5815, 1.5277,  255, 0, 0,  3,  to_Greater_Faydark
P 2177.0000, -918.0000, -3.2511,  255, 0, 0,  3,  to_Steamfont_Mountains
P -3359.8699, 1117.2455, 2.8124,  255, 0, 0,  3,  to_Castle_Mistmoore
