L 1000.0, 0.0, 0.0, 1000.0, -50.0, 0.0, 255, 0, 0
L -20.0, 50.0, 0.0, -50.0, 20.0, 0.0, 255, 0, 0
L 50.0, 20.0, 0.0, 20.0, 50.0, 0.0, 255, 0, 0
L 20.0, -50.0, 0.0, 50.0, -20.0, 0.0, 255, 0, 0
L -50.0, -20.0, 0.0, -20.0, -50.0, 0.0, 255, 0, 0
L -50.0, 20.0, 0.0, -50.0, -20.0, 0.0, 255, 0, 0
L 20.0, 50.0, 0.0, -20.0, 50.0, 0.0, 255, 0, 0
L 50.0, -20.0, 0.0, 50.0, 20.0, 0.0, 255, 0, 0
L -20.0, -50.0, 0.0, 20.0, -50.0, 0.0, 255, 0, 0
L 580.0, -20.0, 0.0, 540.0, -20.0, 0.0, 255, 0, 0
L 580.0, -90.0, 0.0, 580.0, -20.0, 0.0, 255, 0, 0
L 540.0, -90.0, 0.0, 580.0, -90.0, 0.0, 255, 0, 0
L 540.0, -20.0, 0.0, 540.0, -90.0, 0.0, 255, 0, 0
L 520.0, -20.0, 0.0, 480.0, -20.0, 0.0, 255, 0, 0
L 520.0, -90.0, 0.0, 520.0, -20.0, 0.0, 255, 0, 0
L 480.0, -90.0, 0.0, 520.0, -90.0, 0.0, 255, 0, 0
L 480.0, -20.0, 0.0, 480.0, -90.0, 0.0, 255, 0, 0
L 460.0, -90.0, 0.0, 450.0, -80.0, 0.0, 255, 0, 0
L 460.0, -20.0, 0.0, 460.0, -90.0, 0.0, 255, 0, 0
L 0.0, -250.0, 0.0, 0.0, 250.0, 0.0, 255, 0, 0
L -250.0, 0.0, 0.0, 1000.0, 0.0, 0.0, 255, 0, 0
L -120.0, -80.0, 0.0, -120.0, -60.0, 0.0, 255, 0, 0
L -120.0, -60.0, 0.0, -120.0, -40.0, 0.0, 255, 0, 0
L -100.0, -60.0, 0.0, -120.0, -60.0, 0.0, 255, 0, 0
L -120.0, -60.0, 0.0, -140.0, -60.0, 0.0, 255, 0, 0
L -90.0, -50.0, 0.0, -100.0, -30.0, 0.0, 255, 0, 0
L -60.0, -80.0, 0.0, -60.0, -60.0, 0.0, 255, 0, 0
L -60.0, -60.0, 0.0, -60.0, -40.0, 0.0, 255, 0, 0
L -40.0, -60.0, 0.0, -60.0, -60.0, 0.0, 255, 0, 0
L -60.0, -60.0, 0.0, -80.0, -60.0, 0.0, 255, 0, 0
L 100.0, 60.0, 0.0, 120.0, 60.0, 0.0, 255, 0, 0
L 120.0, 60.0, 0.0, 140.0, 60.0, 0.0, 255, 0, 0
L 90.0, 70.0, 0.0, 80.0, 90.0, 0.0, 255, 0, 0
L 40.0, 60.0, 0.0, 60.0, 60.0, 0.0, 255, 0, 0
L 60.0, 60.0, 0.0, 80.0, 60.0, 0.0, 255, 0, 0
L -100.0, 60.0, 0.0, -120.0, 60.0, 0.0, 255, 0, 0
L -120.0, 60.0, 0.0, -140.0, 60.0, 0.0, 255, 0, 0
L -90.0, 70.0, 0.0, -100.0, 90.0, 0.0, 255, 0, 0
L -60.0, 80.0, 0.0, -60.0, 60.0, 0.0, 255, 0, 0
L -60.0, 60.0, 0.0, -60.0, 40.0, 0.0, 255, 0, 0
L -40.0, 60.0, 0.0, -60.0, 60.0, 0.0, 255, 0, 0
L -60.0, 60.0, 0.0, -80.0, 60.0, 0.0, 255, 0, 0
L 100.0, -60.0, 0.0, 120.0, -60.0, 0.0, 255, 0, 0
L 120.0, -60.0, 0.0, 140.0, -60.0, 0.0, 255, 0, 0
L 90.0, -50.0, 0.0, 80.0, -30.0, 0.0, 255, 0, 0
L 60.0, -80.0, 0.0, 60.0, -60.0, 0.0, 255, 0, 0
L 60.0, -60.0, 0.0, 60.0, -40.0, 0.0, 255, 0, 0
L 40.0, -60.0, 0.0, 60.0, -60.0, 0.0, 255, 0, 0
L 60.0, -60.0, 0.0, 80.0, -60.0, 0.0, 255, 0, 0
L 599.0, -90.0, 0.0, 637.3, -90.0, 0.0, 255, 0, 0
L 599.0, -20.0, 0.0, 637.3, -20.0, 0.0, 255, 0, 0
L 599.0, -90.0, 0.0, 599.0, -20.0, 0.0, 255, 0, 0
L 637.3, -90.0, 0.0, 637.3, -20.0, 0.0, 255, 0, 0
L 700, 900, 0, 700, 960, 0, 0, 0, 0
L 740, 960, 0, 700, 960, 0, 0, 0, 0
L 760, 930, 0, 790, 930, 0, 0, 0, 0
L 760, 960, 0, 790, 960, 0, 0, 0, 0
L 760, 900, 0, 760, 960, 0, 0, 0, 0
L 790, 900, 0, 760, 900, 0, 0, 0, 0
L 840, 960, 0, 810, 960, 0, 0, 0, 0
L 810, 900, 0, 840, 900, 0, 0, 0, 0
L 810, 960, 0, 810, 900, 0, 0, 0, 0
L 840, 960, 0, 840, 930, 0, 0, 0, 0
L 840, 930, 0, 820, 930, 0, 0, 0, 0
L 860, 930, 0, 890, 930, 0, 0, 0, 0
L 860, 960, 0, 890, 960, 0, 0, 0, 0
L 860, 900, 0, 860, 960, 0, 0, 0, 0
L 890, 900, 0, 860, 900, 0, 0, 0, 0
L 940, 960, 0, 940, 900, 0, 0, 0, 0
L 910, 900, 0, 940, 960, 0, 0, 0, 0
L 910, 960, 0, 910, 900, 0, 0, 0, 0
L 970, 960, 0, 970, 900, 0, 0, 0, 0
L 980, 960, 0, 960, 960, 0, 0, 0, 0
L 990, 930, 0, 980, 960, 0, 0, 0, 0
L 980, 900, 0, 990, 930, 0, 0, 0, 0
L 960, 900, 0, 980, 900, 0, 0, 0, 0
L 780, 1110, 0, 820, 1070, 0, 255, 255, 0
L 700, 1070, 0, 740, 1030, 0, 255, 255, 0
L 700, 1110, 0, 780, 1030, 0, 255, 255, 0
L 740, 1110, 0, 820, 1030, 0, 255, 255, 0
L 700, 1110, 0, 700, 1030, 0, 0, 0, 0
L 820, 1110, 0, 700, 1110, 0, 0, 0, 0
L 820, 1030, 0, 820, 1110, 0, 0, 0, 0
L 700, 1030, 0, 820, 1030, 0, 0, 0, 0
L 860, 1070, 0, 890, 1070, 0, 0, 0, 0
L 860, 1040, 0, 860, 1100, 0, 0, 0, 0
L 890, 1040, 0, 860, 1040, 0, 0, 0, 0
L 920, 1070, 0, 940, 1070, 0, 0, 0, 0
L 930, 1040, 0, 950, 1100, 0, 0, 0, 0
L 910, 1100, 0, 930, 1040, 0, 0, 0, 0
L 970, 1040, 0, 970, 1070, 0, 0, 0, 0
L 970, 1070, 0, 970, 1100, 0, 0, 0, 0
L 970, 1070, 0, 1010, 1100, 0, 0, 0, 0
L 970, 1070, 0, 1010, 1040, 0, 0, 0, 0
L 1030, 1070, 0, 1060, 1070, 0, 0, 0, 0
L 1030, 1100, 0, 1060, 1100, 0, 0, 0, 0
L 1030, 1040, 0, 1030, 1100, 0, 0, 0, 0
L 1060, 1040, 0, 1030, 1040, 0, 0, 0, 0
L 1140, 1070, 0, 1170, 1070, 0, 0, 0, 0
L 1140, 1040, 0, 1140, 1100, 0, 0, 0, 0
L 1170, 1040, 0, 1140, 1040, 0, 0, 0, 0
L 1190, 1040, 0, 1190, 1100, 0, 0, 0, 0
L 1230, 1100, 0, 1190, 1100, 0, 0, 0, 0
L 1250, 1040, 0, 1280, 1040, 0, 0, 0, 0
L 1250, 1100, 0, 1280, 1100, 0, 0, 0, 0
L 1250, 1040, 0, 1250, 1100, 0, 0, 0, 0
L 1280, 1040, 0, 1280, 1100, 0, 0, 0, 0
L 1300, 1040, 0, 1330, 1040, 0, 0, 0, 0
L 1300, 1100, 0, 1330, 1100, 0, 0, 0, 0
L 1300, 1040, 0, 1300, 1100, 0, 0, 0, 0
L 1330, 1040, 0, 1330, 1100, 0, 0, 0, 0
L 1350, 1040, 0, 1350, 1070, 0, 0, 0, 0
L 1350, 1070, 0, 1350, 1100, 0, 0, 0, 0
L 1350, 1070, 0, 1370, 1070, 0, 0, 0, 0
L 1390, 1070, 0, 1390, 1040, 0, 0, 0, 0
L 1350, 1040, 0, 1390, 1040, 0, 0, 0, 0
L 1370, 1070, 0, 1390, 1070, 0, 0, 0, 0
L 1390, 1100, 0, 1370, 1070, 0, 0, 0, 0
L 700, 1150, 0, 760, 1150, 0, 0, 0, 0
L 700, 1230, 0, 760, 1230, 0, 0, 0, 0
L 760, 1150, 0, 790, 1150, 0, 0, 0, 0
L 760, 1230, 0, 790, 1230, 0, 0, 0, 0
L 760, 1150, 0, 760, 1230, 0, 255, 255, 0
L 790, 1150, 0, 820, 1150, 0, 0, 0, 0
L 790, 1230, 0, 820, 1230, 0, 0, 0, 0
L 790, 1150, 0, 790, 1230, 0, 255, 255, 0
L 860, 1190, 0, 890, 1190, 0, 0, 0, 0
L 860, 1160, 0, 860, 1220, 0, 0, 0, 0
L 890, 1160, 0, 860, 1160, 0, 0, 0, 0
L 920, 1190, 0, 940, 1190, 0, 0, 0, 0
L 930, 1160, 0, 950, 1220, 0, 0, 0, 0
L 910, 1220, 0, 930, 1160, 0, 0, 0, 0
L 970, 1160, 0, 970, 1190, 0, 0, 0, 0
L 970, 1190, 0, 970, 1220, 0, 0, 0, 0
L 970, 1190, 0, 1010, 1220, 0, 0, 0, 0
L 970, 1190, 0, 1010, 1160, 0, 0, 0, 0
L 1030, 1190, 0, 1060, 1190, 0, 0, 0, 0
L 1030, 1220, 0, 1060, 1220, 0, 0, 0, 0
L 1030, 1160, 0, 1030, 1220, 0, 0, 0, 0
L 1060, 1160, 0, 1030, 1160, 0, 0, 0, 0
L 1170, 1220, 0, 1180, 1160, 0, 0, 0, 0
L 1160, 1190, 0, 1170, 1220, 0, 0, 0, 0
L 1150, 1220, 0, 1160, 1190, 0, 0, 0, 0
L 1140, 1160, 0, 1150, 1220, 0, 0, 0, 0
L 1210, 1190, 0, 1230, 1190, 0, 0, 0, 0
L 1220, 1160, 0, 1240, 1220, 0, 0, 0, 0
L 1200, 1220, 0, 1220, 1160, 0, 0, 0, 0
L 1260, 1160, 0, 1260, 1220, 0, 0, 0, 0
L 1300, 1220, 0, 1260, 1220, 0, 0, 0, 0
L 1320, 1160, 0, 1320, 1220, 0, 0, 0, 0
L 1360, 1220, 0, 1320, 1220, 0, 0, 0, 0
L 700, 1350, 0, 760, 1350, 0, 0, 0, 0
L 700, 1270, 0, 760, 1270, 0, 0, 0, 0
L 730, 1323, 0, 730, 1297, 0, 205, 133, 63
L 760, 1350, 0, 820, 1350, 0, 0, 0, 0
L 760, 1350, 0, 760, 1323, 0, 205, 133, 63
L 730, 1323, 0, 790, 1323, 0, 205, 133, 63
L 730, 1297, 0, 760, 1297, 0, 205, 133, 63
L 760, 1297, 0, 790, 1297, 0, 205, 133, 63
L 760, 1270, 0, 820, 1270, 0, 0, 0, 0
L 760, 1297, 0, 760, 1270, 0, 205, 133, 63
L 790, 1323, 0, 790, 1297, 0, 205, 133, 63
L 870, 1340, 0, 870, 1280, 0, 0, 0, 0
L 880, 1340, 0, 860, 1340, 0, 0, 0, 0
L 890, 1310, 0, 880, 1340, 0, 0, 0, 0
L 880, 1280, 0, 890, 1310, 0, 0, 0, 0
L 860, 1280, 0, 880, 1280, 0, 0, 0, 0
L 910, 1280, 0, 940, 1280, 0, 0, 0, 0
L 910, 1340, 0, 940, 1340, 0, 0, 0, 0
L 910, 1280, 0, 910, 1340, 0, 0, 0, 0
L 940, 1280, 0, 940, 1340, 0, 0, 0, 0
L 960, 1280, 0, 990, 1280, 0, 0, 0, 0
L 960, 1340, 0, 990, 1340, 0, 0, 0, 0
L 960, 1280, 0, 960, 1340, 0, 0, 0, 0
L 990, 1280, 0, 990, 1340, 0, 0, 0, 0
L 1010, 1280, 0, 1010, 1310, 0, 0, 0, 0
L 1010, 1310, 0, 1010, 1340, 0, 0, 0, 0
L 1010, 1310, 0, 1030, 1310, 0, 0, 0, 0
L 1050, 1310, 0, 1050, 1280, 0, 0, 0, 0
L 1010, 1280, 0, 1050, 1280, 0, 0, 0, 0
L 1030, 1310, 0, 1050, 1310, 0, 0, 0, 0
L 1050, 1340, 0, 1030, 1310, 0, 0, 0, 0
L 700, 1390, 0, 700, 1420, 0, 255, 210, 0
L 700, 1390, 0, 720, 1390, 0, 255, 210, 0
L 720, 1450, 0, 700, 1450, 0, 255, 210, 0
L 700, 1420, 0, 700, 1450, 0, 255, 210, 0
L 720, 1420, 0, 700, 1420, 0, 255, 210, 0
L 720, 1420, 0, 740, 1405, 0, 255, 210, 0
L 720, 1390, 0, 740, 1405, 0, 255, 210, 0
L 720, 1420, 0, 740, 1435, 0, 255, 210, 0
L 740, 1435, 0, 720, 1450, 0, 255, 210, 0
L 770, 1420, 0, 790, 1420, 0, 255, 210, 0
L 780, 1390, 0, 800, 1450, 0, 255, 210, 0
L 760, 1450, 0, 780, 1390, 0, 255, 210, 0
L 850, 1450, 0, 850, 1390, 0, 255, 210, 0
L 820, 1390, 0, 850, 1450, 0, 255, 210, 0
L 820, 1450, 0, 820, 1390, 0, 255, 210, 0
L 870, 1390, 0, 870, 1420, 0, 255, 210, 0
L 870, 1420, 0, 870, 1450, 0, 255, 210, 0
L 870, 1420, 0, 910, 1450, 0, 255, 210, 0
L 870, 1420, 0, 910, 1390, 0, 255, 210, 0
L 930, 1420, 0, 960, 1420, 0, 255, 210, 0
L 930, 1450, 0, 960, 1450, 0, 255, 210, 0
L 930, 1390, 0, 930, 1450, 0, 255, 210, 0
L 960, 1390, 0, 930, 1390, 0, 255, 210, 0
L 980, 1390, 0, 980, 1420, 0, 255, 210, 0
L 980, 1420, 0, 980, 1450, 0, 255, 210, 0
L 980, 1420, 0, 1000, 1420, 0, 255, 210, 0
L 1020, 1420, 0, 1020, 1390, 0, 255, 210, 0
L 980, 1390, 0, 1020, 1390, 0, 255, 210, 0
L 1000, 1420, 0, 1020, 1420, 0, 255, 210, 0
L 1020, 1450, 0, 1000, 1420, 0, 255, 210, 0
L 730, 1540, 0, 700, 1540, 0, 255, 255, 255
L 700, 1480, 0, 730, 1480, 0, 255, 255, 255
L 700, 1540, 0, 700, 1480, 0, 255, 255, 255
L 750, 1480, 0, 780, 1480, 0, 255, 255, 255
L 750, 1540, 0, 780, 1540, 0, 255, 255, 255
L 750, 1480, 0, 750, 1540, 0, 255, 255, 255
L 780, 1480, 0, 780, 1540, 0, 255, 255, 255
L 840, 1480, 0, 840, 1540, 0, 255, 255, 255
L 820, 1510, 0, 840, 1480, 0, 255, 255, 255
L 800, 1480, 0, 820, 1510, 0, 255, 255, 255
L 800, 1540, 0, 800, 1480, 0, 255, 255, 255
L 900, 1480, 0, 900, 1540, 0, 255, 255, 255
L 880, 1510, 0, 900, 1480, 0, 255, 255, 255
L 860, 1480, 0, 880, 1510, 0, 255, 255, 255
L 860, 1540, 0, 860, 1480, 0, 255, 255, 255
L 920, 1510, 0, 950, 1510, 0, 255, 255, 255
L 920, 1540, 0, 950, 1540, 0, 255, 255, 255
L 920, 1480, 0, 920, 1540, 0, 255, 255, 255
L 950, 1480, 0, 920, 1480, 0, 255, 255, 255
L 1000, 1540, 0, 1000, 1480, 0, 255, 255, 255
L 970, 1480, 0, 1000, 1540, 0, 255, 255, 255
L 970, 1540, 0, 970, 1480, 0, 255, 255, 255
L 1040, 1480, 0, 1040, 1540, 0, 255, 255, 255
L 1020, 1480, 0, 1060, 1480, 0, 255, 255, 255
L 730, 1630, 0, 700, 1630, 0, 0, 0, 0
L 700, 1570, 0, 730, 1570, 0, 0, 0, 0
L 700, 1630, 0, 700, 1570, 0, 0, 0, 0
L 730, 1630, 0, 730, 1600, 0, 0, 0, 0
L 730, 1600, 0, 710, 1600, 0, 0, 0, 0
L 750, 1600, 0, 780, 1600, 0, 0, 0, 0
L 750, 1630, 0, 780, 1630, 0, 0, 0, 0
L 750, 1570, 0, 750, 1630, 0, 0, 0, 0
L 780, 1570, 0, 750, 1570, 0, 0, 0, 0
L 830, 1630, 0, 830, 1570, 0, 0, 0, 0
L 800, 1570, 0, 830, 1630, 0, 0, 0, 0
L 800, 1630, 0, 800, 1570, 0, 0, 0, 0
L 850, 1600, 0, 880, 1600, 0, 0, 0, 0
L 850, 1630, 0, 880, 1630, 0, 0, 0, 0
L 850, 1570, 0, 850, 1630, 0, 0, 0, 0
L 880, 1570, 0, 850, 1570, 0, 0, 0, 0
L 900, 1570, 0, 900, 1600, 0, 0, 0, 0
L 900, 1600, 0, 900, 1630, 0, 0, 0, 0
L 900, 1600, 0, 920, 1600, 0, 0, 0, 0
L 940, 1600, 0, 940, 1570, 0, 0, 0, 0
L 900, 1570, 0, 940, 1570, 0, 0, 0, 0
L 920, 1600, 0, 940, 1600, 0, 0, 0, 0
L 940, 1630, 0, 920, 1600, 0, 0, 0, 0
L 970, 1600, 0, 990, 1600, 0, 0, 0, 0
L 980, 1570, 0, 1000, 1630, 0, 0, 0, 0
L 960, 1630, 0, 980, 1570, 0, 0, 0, 0
L 1020, 1570, 0, 1020, 1630, 0, 0, 0, 0
L 1060, 1630, 0, 1020, 1630, 0, 0, 0, 0
L 730, 1720, 0, 700, 1720, 0, 0, 0, 255
L 700, 1660, 0, 730, 1660, 0, 0, 0, 255
L 700, 1720, 0, 700, 1660, 0, 0, 0, 255
L 730, 1720, 0, 730, 1690, 0, 0, 0, 255
L 730, 1690, 0, 710, 1690, 0, 0, 0, 255
L 750, 1660, 0, 750, 1690, 0, 0, 0, 255
L 750, 1690, 0, 750, 1720, 0, 0, 0, 255
L 750, 1690, 0, 770, 1690, 0, 0, 0, 255
L 790, 1690, 0, 790, 1660, 0, 0, 0, 255
L 750, 1660, 0, 790, 1660, 0, 0, 0, 255
L 770, 1690, 0, 790, 1690, 0, 0, 0, 255
L 790, 1720, 0, 770, 1690, 0, 0, 0, 255
L 810, 1660, 0, 840, 1660, 0, 0, 0, 255
L 810, 1720, 0, 840, 1720, 0, 0, 0, 255
L 810, 1660, 0, 810, 1720, 0, 0, 0, 255
L 840, 1660, 0, 840, 1720, 0, 0, 0, 255
L 900, 1660, 0, 900, 1720, 0, 0, 0, 255
L 860, 1660, 0, 860, 1720, 0, 0, 0, 255
L 860, 1720, 0, 900, 1720, 0, 0, 0, 255
L 950, 1720, 0, 950, 1660, 0, 0, 0, 255
L 920, 1660, 0, 950, 1720, 0, 0, 0, 255
L 920, 1720, 0, 920, 1660, 0, 0, 0, 255
L 980, 1720, 0, 980, 1660, 0, 0, 0, 255
L 990, 1720, 0, 970, 1720, 0, 0, 0, 255
L 1000, 1690, 0, 990, 1720, 0, 0, 0, 255
L 990, 1660, 0, 1000, 1690, 0, 0, 0, 255
L 970, 1660, 0, 990, 1660, 0, 0, 0, 255
L 1080, 1660, 0, 1080, 1690, 0, 0, 0, 255
L 1080, 1720, 0, 1120, 1720, 0, 0, 0, 255
L 1120, 1690, 0, 1080, 1690, 0, 0, 0, 255
L 1080, 1660, 0, 1120, 1660, 0, 0, 0, 255
L 1120, 1690, 0, 1120, 1720, 0, 0, 0, 255
L 1170, 1690, 0, 1140, 1690, 0, 0, 0, 255
L 1170, 1660, 0, 1170, 1690, 0, 0, 0, 255
L 1140, 1660, 0, 1170, 1660, 0, 0, 0, 255
L 1140, 1720, 0, 1140, 1660, 0, 0, 0, 255
L 1200, 1690, 0, 1220, 1690, 0, 0, 0, 255
L 1210, 1660, 0, 1230, 1720, 0, 0, 0, 255
L 1190, 1720, 0, 1210, 1660, 0, 0, 0, 255
L 1280, 1720, 0, 1290, 1660, 0, 0, 0, 255
L 1270, 1690, 0, 1280, 1720, 0, 0, 0, 255
L 1260, 1720, 0, 1270, 1690, 0, 0, 0, 255
L 1250, 1660, 0, 1260, 1720, 0, 0, 0, 255
L 1340, 1720, 0, 1340, 1660, 0, 0, 0, 255
L 1310, 1660, 0, 1340, 1720, 0, 0, 0, 255
L 1310, 1720, 0, 1310, 1660, 0, 0, 0, 255
L 730, 1810, 0, 700, 1810, 0, 128, 128, 128
L 700, 1750, 0, 730, 1750, 0, 128, 128, 128
L 700, 1810, 0, 700, 1750, 0, 128, 128, 128
L 730, 1810, 0, 730, 1780, 0, 128, 128, 128
L 730, 1780, 0, 710, 1780, 0, 128, 128, 128
L 790, 1750, 0, 790, 1810, 0, 128, 128, 128
L 750, 1750, 0, 750, 1810, 0, 128, 128, 128
L 750, 1810, 0, 790, 1810, 0, 128, 128, 128
L 810, 1750, 0, 810, 1810, 0, 128, 128, 128
L 830, 1750, 0, 830, 1810, 0, 128, 128, 128
L 870, 1810, 0, 830, 1810, 0, 128, 128, 128
L 900, 1810, 0, 900, 1750, 0, 128, 128, 128
L 910, 1810, 0, 890, 1810, 0, 128, 128, 128
L 920, 1780, 0, 910, 1810, 0, 128, 128, 128
L 910, 1750, 0, 920, 1780, 0, 128, 128, 128
L 890, 1750, 0, 910, 1750, 0, 128, 128, 128
L 1040, 1750, 0, 1040, 1810, 0, 128, 128, 128
L 1020, 1780, 0, 1040, 1750, 0, 128, 128, 128
L 1000, 1750, 0, 1020, 1780, 0, 128, 128, 128
L 1000, 1810, 0, 1000, 1750, 0, 128, 128, 128
L 1070, 1780, 0, 1090, 1780, 0, 128, 128, 128
L 1080, 1750, 0, 1100, 1810, 0, 128, 128, 128
L 1060, 1810, 0, 1080, 1750, 0, 128, 128, 128
L 1120, 1750, 0, 1120, 1780, 0, 128, 128, 128
L 1120, 1810, 0, 1160, 1810, 0, 128, 128, 128
L 1160, 1780, 0, 1120, 1780, 0, 128, 128, 128
L 1120, 1750, 0, 1160, 1750, 0, 128, 128, 128
L 1160, 1780, 0, 1160, 1810, 0, 128, 128, 128
L 1200, 1750, 0, 1200, 1810, 0, 128, 128, 128
L 1180, 1750, 0, 1220, 1750, 0, 128, 128, 128
L 1240, 1780, 0, 1270, 1780, 0, 128, 128, 128
L 1240, 1810, 0, 1270, 1810, 0, 128, 128, 128
L 1240, 1750, 0, 1240, 1810, 0, 128, 128, 128
L 1270, 1750, 0, 1240, 1750, 0, 128, 128, 128
L 1290, 1750, 0, 1290, 1780, 0, 128, 128, 128
L 1290, 1780, 0, 1290, 1810, 0, 128, 128, 128
L 1290, 1780, 0, 1310, 1780, 0, 128, 128, 128
L 1330, 1780, 0, 1330, 1750, 0, 128, 128, 128
L 1290, 1750, 0, 1330, 1750, 0, 128, 128, 128
L 1310, 1780, 0, 1330, 1780, 0, 128, 128, 128
L 1330, 1810, 0, 1310, 1780, 0, 128, 128, 128
L 700, 1840, 0, 700, 1870, 0, 127, 64, 0
L 740, 1900, 0, 740, 1870, 0, 127, 64, 0
L 700, 1870, 0, 700, 1900, 0, 127, 64, 0
L 740, 1870, 0, 740, 1840, 0, 127, 64, 0
L 700, 1870, 0, 740, 1870, 0, 127, 64, 0
L 800, 1840, 0, 800, 1900, 0, 127, 64, 0
L 760, 1840, 0, 760, 1900, 0, 127, 64, 0
L 760, 1900, 0, 800, 1900, 0, 127, 64, 0
L 850, 1900, 0, 850, 1840, 0, 127, 64, 0
L 820, 1840, 0, 850, 1900, 0, 127, 64, 0
L 820, 1900, 0, 820, 1840, 0, 127, 64, 0
L 890, 1840, 0, 890, 1900, 0, 127, 64, 0
L 870, 1840, 0, 910, 1840, 0, 127, 64, 0
L 930, 1870, 0, 960, 1870, 0, 127, 64, 0
L 930, 1900, 0, 960, 1900, 0, 127, 64, 0
L 930, 1840, 0, 930, 1900, 0, 127, 64, 0
L 960, 1840, 0, 930, 1840, 0, 127, 64, 0
L 980, 1840, 0, 980, 1870, 0, 127, 64, 0
L 980, 1870, 0, 980, 1900, 0, 127, 64, 0
L 980, 1870, 0, 1000, 1870, 0, 127, 64, 0
L 1020, 1870, 0, 1020, 1840, 0, 127, 64, 0
L 980, 1840, 0, 1020, 1840, 0, 127, 64, 0
L 1000, 1870, 0, 1020, 1870, 0, 127, 64, 0
L 1020, 1900, 0, 1000, 1870, 0, 127, 64, 0
L 740, 1930, 0, 740, 1990, 0, 0, 127, 0
L 720, 1960, 0, 740, 1930, 0, 0, 127, 0
L 700, 1930, 0, 720, 1960, 0, 0, 127, 0
L 700, 1990, 0, 700, 1930, 0, 0, 127, 0
L 760, 1960, 0, 790, 1960, 0, 0, 127, 0
L 760, 1990, 0, 790, 1990, 0, 0, 127, 0
L 760, 1930, 0, 760, 1990, 0, 0, 127, 0
L 790, 1930, 0, 760, 1930, 0, 0, 127, 0
L 810, 1930, 0, 810, 1960, 0, 0, 127, 0
L 810, 1960, 0, 810, 1990, 0, 0, 127, 0
L 810, 1960, 0, 830, 1960, 0, 0, 127, 0
L 850, 1960, 0, 850, 1930, 0, 0, 127, 0
L 810, 1930, 0, 850, 1930, 0, 0, 127, 0
L 830, 1960, 0, 850, 1960, 0, 0, 127, 0
L 850, 1990, 0, 830, 1960, 0, 0, 127, 0
L 900, 1990, 0, 870, 1990, 0, 0, 127, 0
L 870, 1930, 0, 900, 1930, 0, 0, 127, 0
L 870, 1990, 0, 870, 1930, 0, 0, 127, 0
L 920, 1930, 0, 920, 1960, 0, 0, 127, 0
L 960, 1990, 0, 960, 1960, 0, 0, 127, 0
L 920, 1960, 0, 920, 1990, 0, 0, 127, 0
L 960, 1960, 0, 960, 1930, 0, 0, 127, 0
L 920, 1960, 0, 960, 1960, 0, 0, 127, 0
L 990, 1960, 0, 1010, 1960, 0, 0, 127, 0
L 1000, 1930, 0, 1020, 1990, 0, 0, 127, 0
L 980, 1990, 0, 1000, 1930, 0, 0, 127, 0
L 1070, 1990, 0, 1070, 1930, 0, 0, 127, 0
L 1040, 1930, 0, 1070, 1990, 0, 0, 127, 0
L 1040, 1990, 0, 1040, 1930, 0, 0, 127, 0
L 1110, 1930, 0, 1110, 1990, 0, 0, 127, 0
L 1090, 1930, 0, 1130, 1930, 0, 0, 127, 0
L 740, 2020, 0, 740, 2080, 0, 0, 127, 127
L 720, 2050, 0, 740, 2020, 0, 0, 127, 127
L 700, 2020, 0, 720, 2050, 0, 0, 127, 127
L 700, 2080, 0, 700, 2020, 0, 0, 127, 127
L 760, 2020, 0, 760, 2080, 0, 0, 127, 127
L 780, 2020, 0, 780, 2050, 0, 0, 127, 127
L 780, 2080, 0, 820, 2080, 0, 0, 127, 127
L 820, 2050, 0, 780, 2050, 0, 0, 127, 127
L 780, 2020, 0, 820, 2020, 0, 0, 127, 127
L 820, 2050, 0, 820, 2080, 0, 0, 127, 127
L 840, 2020, 0, 840, 2050, 0, 0, 127, 127
L 840, 2080, 0, 880, 2080, 0, 0, 127, 127
L 880, 2050, 0, 840, 2050, 0, 0, 127, 127
L 840, 2020, 0, 880, 2020, 0, 0, 127, 127
L 880, 2050, 0, 880, 2080, 0, 0, 127, 127
L 900, 2020, 0, 900, 2080, 0, 0, 127, 127
L 920, 2020, 0, 950, 2020, 0, 0, 127, 127
L 920, 2080, 0, 950, 2080, 0, 0, 127, 127
L 920, 2020, 0, 920, 2080, 0, 0, 127, 127
L 950, 2020, 0, 950, 2080, 0, 0, 127, 127
L 1000, 2080, 0, 1000, 2020, 0, 0, 127, 127
L 970, 2020, 0, 1000, 2080, 0, 0, 127, 127
L 970, 2080, 0, 970, 2020, 0, 0, 127, 127
L 730, 2170, 0, 730, 2110, 0, 127, 64, 0
L 700, 2110, 0, 730, 2170, 0, 127, 64, 0
L 700, 2170, 0, 700, 2110, 0, 127, 64, 0
L 760, 2140, 0, 780, 2140, 0, 127, 64, 0
L 770, 2110, 0, 790, 2170, 0, 127, 64, 0
L 750, 2170, 0, 770, 2110, 0, 127, 64, 0
L 850, 2110, 0, 850, 2170, 0, 127, 64, 0
L 830, 2140, 0, 850, 2110, 0, 127, 64, 0
L 810, 2110, 0, 830, 2140, 0, 127, 64, 0
L 810, 2170, 0, 810, 2110, 0, 127, 64, 0
L 870, 2140, 0, 900, 2140, 0, 127, 64, 0
L 870, 2170, 0, 900, 2170, 0, 127, 64, 0
L 870, 2110, 0, 870, 2170, 0, 127, 64, 0
L 900, 2110, 0, 870, 2110, 0, 127, 64, 0
L 930, 2170, 0, 930, 2110, 0, 127, 64, 0
L 940, 2170, 0, 920, 2170, 0, 127, 64, 0
L 950, 2140, 0, 940, 2170, 0, 127, 64, 0
L 940, 2110, 0, 950, 2140, 0, 127, 64, 0
L 920, 2110, 0, 940, 2110, 0, 127, 64, 0
L 730, 2230, 0, 700, 2230, 0, 0, 255, 0
L 730, 2200, 0, 730, 2230, 0, 0, 255, 0
L 700, 2200, 0, 730, 2200, 0, 0, 255, 0
L 700, 2260, 0, 700, 2200, 0, 0, 255, 0
L 760, 2230, 0, 780, 2230, 0, 0, 255, 0
L 770, 2200, 0, 790, 2260, 0, 0, 255, 0
L 750, 2260, 0, 770, 2200, 0, 0, 255, 0
L 810, 2200, 0, 810, 2230, 0, 0, 255, 0
L 810, 2230, 0, 810, 2260, 0, 0, 255, 0
L 810, 2230, 0, 830, 2230, 0, 0, 255, 0
L 850, 2230, 0, 850, 2200, 0, 0, 255, 0
L 810, 2200, 0, 850, 2200, 0, 0, 255, 0
L 830, 2230, 0, 850, 2230, 0, 0, 255, 0
L 850, 2260, 0, 830, 2230, 0, 0, 255, 0
L 900, 2260, 0, 870, 2260, 0, 0, 255, 0
L 870, 2200, 0, 900, 2200, 0, 0, 255, 0
L 870, 2260, 0, 870, 2200, 0, 0, 255, 0
L 920, 2230, 0, 950, 2230, 0, 0, 255, 0
L 920, 2260, 0, 950, 2260, 0, 0, 255, 0
L 920, 2200, 0, 920, 2260, 0, 0, 255, 0
L 950, 2200, 0, 920, 2200, 0, 0, 255, 0
L 970, 2200, 0, 970, 2260, 0, 0, 255, 0
L 1010, 2260, 0, 970, 2260, 0, 0, 255, 0
L 1030, 2200, 0, 1030, 2230, 0, 0, 255, 0
L 1030, 2260, 0, 1070, 2260, 0, 0, 255, 0
L 1070, 2230, 0, 1030, 2230, 0, 0, 255, 0
L 1030, 2200, 0, 1070, 2200, 0, 0, 255, 0
L 1070, 2230, 0, 1070, 2260, 0, 0, 255, 0
L 700, 2290, 0, 700, 2320, 0, 0, 240, 240
L 700, 2320, 0, 700, 2350, 0, 0, 240, 240
L 700, 2320, 0, 720, 2320, 0, 0, 240, 240
L 740, 2320, 0, 740, 2290, 0, 0, 240, 240
L 700, 2290, 0, 740, 2290, 0, 0, 240, 240
L 720, 2320, 0, 740, 2320, 0, 0, 240, 240
L 740, 2350, 0, 720, 2320, 0, 0, 240, 240
L 770, 2320, 0, 790, 2320, 0, 0, 240, 240
L 780, 2290, 0, 800, 2350, 0, 0, 240, 240
L 760, 2350, 0, 780, 2290, 0, 0, 240, 240
L 820, 2290, 0, 820, 2350, 0, 0, 240, 240
L 850, 2350, 0, 850, 2290, 0, 0, 240, 240
L 860, 2350, 0, 840, 2350, 0, 0, 240, 240
L 870, 2320, 0, 860, 2350, 0, 0, 240, 240
L 860, 2290, 0, 870, 2320, 0, 0, 240, 240
L 840, 2290, 0, 860, 2290, 0, 0, 240, 240
L 700, 2380, 0, 700, 2410, 0, 0, 255, 0
L 700, 2440, 0, 740, 2440, 0, 0, 255, 0
L 740, 2410, 0, 700, 2410, 0, 0, 255, 0
L 700, 2380, 0, 740, 2380, 0, 0, 255, 0
L 740, 2410, 0, 740, 2440, 0, 0, 255, 0
L 790, 2410, 0, 760, 2410, 0, 0, 255, 0
L 790, 2380, 0, 790, 2410, 0, 0, 255, 0
L 760, 2380, 0, 790, 2380, 0, 0, 255, 0
L 760, 2440, 0, 760, 2380, 0, 0, 255, 0
L 810, 2410, 0, 840, 2410, 0, 0, 255, 0
L 810, 2440, 0, 840, 2440, 0, 0, 255, 0
L 810, 2380, 0, 810, 2440, 0, 0, 255, 0
L 840, 2380, 0, 810, 2380, 0, 0, 255, 0
L 890, 2440, 0, 860, 2440, 0, 0, 255, 0
L 860, 2380, 0, 890, 2380, 0, 0, 255, 0
L 860, 2440, 0, 860, 2380, 0, 0, 255, 0
L 910, 2380, 0, 910, 2440, 0, 0, 255, 0
L 940, 2410, 0, 960, 2410, 0, 0, 255, 0
L 950, 2380, 0, 970, 2440, 0, 0, 255, 0
L 930, 2440, 0, 950, 2380, 0, 0, 255, 0
L 990, 2380, 0, 990, 2440, 0, 0, 255, 0
L 1030, 2440, 0, 990, 2440, 0, 0, 255, 0
L 1140, 2440, 0, 1110, 2440, 0, 0, 255, 0
L 1110, 2380, 0, 1140, 2380, 0, 0, 255, 0
L 1110, 2440, 0, 1110, 2380, 0, 0, 255, 0
L 1200, 2380, 0, 1200, 2440, 0, 0, 255, 0
L 1160, 2380, 0, 1160, 2440, 0, 0, 255, 0
L 1160, 2440, 0, 1200, 2440, 0, 0, 255, 0
L 1220, 2380, 0, 1220, 2410, 0, 0, 255, 0
L 1220, 2410, 0, 1220, 2440, 0, 0, 255, 0
L 1220, 2410, 0, 1240, 2410, 0, 0, 255, 0
L 1260, 2410, 0, 1260, 2380, 0, 0, 255, 0
L 1220, 2380, 0, 1260, 2380, 0, 0, 255, 0
L 1240, 2410, 0, 1260, 2410, 0, 0, 255, 0
L 1260, 2440, 0, 1240, 2410, 0, 0, 255, 0
L 1280, 2380, 0, 1280, 2410, 0, 0, 255, 0
L 1280, 2410, 0, 1280, 2440, 0, 0, 255, 0
L 1280, 2410, 0, 1300, 2410, 0, 0, 255, 0
L 1320, 2410, 0, 1320, 2380, 0, 0, 255, 0
L 1280, 2380, 0, 1320, 2380, 0, 0, 255, 0
L 1300, 2410, 0, 1320, 2410, 0, 0, 255, 0
L 1320, 2440, 0, 1300, 2410, 0, 0, 255, 0
L 1340, 2410, 0, 1370, 2410, 0, 0, 255, 0
L 1340, 2440, 0, 1370, 2440, 0, 0, 255, 0
L 1340, 2380, 0, 1340, 2440, 0, 0, 255, 0
L 1370, 2380, 0, 1340, 2380, 0, 0, 255, 0
L 1420, 2440, 0, 1420, 2380, 0, 0, 255, 0
L 1390, 2380, 0, 1420, 2440, 0, 0, 255, 0
L 1390, 2440, 0, 1390, 2380, 0, 0, 255, 0
L 1470, 2440, 0, 1440, 2440, 0, 0, 255, 0
L 1440, 2380, 0, 1470, 2380, 0, 0, 255, 0
L 1440, 2440, 0, 1440, 2380, 0, 0, 255, 0
L 1510, 2410, 0, 1510, 2440, 0, 0, 255, 0
L 1510, 2410, 0, 1530, 2380, 0, 0, 255, 0
L 1490, 2380, 0, 1510, 2410, 0, 0, 255, 0
L 700, 2470, 0, 700, 2500, 0, 255, 0, 0
L 700, 2530, 0, 740, 2530, 0, 255, 0, 0
L 740, 2500, 0, 700, 2500, 0, 255, 0, 0
L 700, 2470, 0, 740, 2470, 0, 255, 0, 0
L 740, 2500, 0, 740, 2530, 0, 255, 0, 0
L 800, 2470, 0, 800, 2530, 0, 255, 0, 0
L 760, 2470, 0, 760, 2530, 0, 255, 0, 0
L 760, 2530, 0, 800, 2530, 0, 255, 0, 0
L 850, 2530, 0, 820, 2530, 0, 255, 0, 0
L 820, 2470, 0, 850, 2470, 0, 255, 0, 0
L 820, 2530, 0, 820, 2470, 0, 255, 0, 0
L 900, 2530, 0, 870, 2530, 0, 255, 0, 0
L 870, 2470, 0, 900, 2470, 0, 255, 0, 0
L 870, 2530, 0, 870, 2470, 0, 255, 0, 0
L 920, 2470, 0, 950, 2470, 0, 255, 0, 0
L 920, 2530, 0, 950, 2530, 0, 255, 0, 0
L 920, 2470, 0, 920, 2530, 0, 255, 0, 0
L 950, 2470, 0, 950, 2530, 0, 255, 0, 0
L 970, 2470, 0, 970, 2500, 0, 255, 0, 0
L 970, 2500, 0, 970, 2530, 0, 255, 0, 0
L 970, 2500, 0, 990, 2500, 0, 255, 0, 0
L 1010, 2500, 0, 1010, 2470, 0, 255, 0, 0
L 970, 2470, 0, 1010, 2470, 0, 255, 0, 0
L 990, 2500, 0, 1010, 2500, 0, 255, 0, 0
L 1010, 2530, 0, 990, 2500, 0, 255, 0, 0
L 720, 2560, 0, 720, 2620, 0, 255, 255, 0
L 700, 2560, 0, 740, 2560, 0, 255, 255, 0
L 760, 2590, 0, 790, 2590, 0, 255, 255, 0
L 760, 2620, 0, 790, 2620, 0, 255, 255, 0
L 760, 2560, 0, 760, 2620, 0, 255, 255, 0
L 790, 2560, 0, 760, 2560, 0, 255, 255, 0
L 810, 2560, 0, 810, 2620, 0, 255, 255, 0
L 850, 2620, 0, 810, 2620, 0, 255, 255, 0
L 870, 2590, 0, 900, 2590, 0, 255, 255, 0
L 870, 2620, 0, 900, 2620, 0, 255, 255, 0
L 870, 2560, 0, 870, 2620, 0, 255, 255, 0
L 900, 2560, 0, 870, 2560, 0, 255, 255, 0
L 950, 2590, 0, 920, 2590, 0, 255, 255, 0
L 950, 2560, 0, 950, 2590, 0, 255, 255, 0
L 920, 2560, 0, 950, 2560, 0, 255, 255, 0
L 920, 2620, 0, 920, 2560, 0, 255, 255, 0
L 970, 2560, 0, 1000, 2560, 0, 255, 255, 0
L 970, 2620, 0, 1000, 2620, 0, 255, 255, 0
L 970, 2560, 0, 970, 2620, 0, 255, 255, 0
L 1000, 2560, 0, 1000, 2620, 0, 255, 255, 0
L 1020, 2560, 0, 1020, 2590, 0, 255, 255, 0
L 1020, 2590, 0, 1020, 2620, 0, 255, 255, 0
L 1020, 2590, 0, 1040, 2590, 0, 255, 255, 0
L 1060, 2590, 0, 1060, 2560, 0, 255, 255, 0
L 1020, 2560, 0, 1060, 2560, 0, 255, 255, 0
L 1040, 2590, 0, 1060, 2590, 0, 255, 255, 0
L 1060, 2620, 0, 1040, 2590, 0, 255, 255, 0
L 1100, 2560, 0, 1100, 2620, 0, 255, 255, 0
L 1080, 2560, 0, 1120, 2560, 0, 255, 255, 0
L 720, 2650, 0, 720, 2710, 0, 128, 0, 128
L 700, 2650, 0, 740, 2650, 0, 128, 0, 128
L 760, 2650, 0, 760, 2680, 0, 128, 0, 128
L 760, 2680, 0, 760, 2710, 0, 128, 0, 128
L 760, 2680, 0, 780, 2680, 0, 128, 0, 128
L 800, 2680, 0, 800, 2650, 0, 128, 0, 128
L 760, 2650, 0, 800, 2650, 0, 128, 0, 128
L 780, 2680, 0, 800, 2680, 0, 128, 0, 128
L 800, 2710, 0, 780, 2680, 0, 128, 0, 128
L 830, 2680, 0, 850, 2680, 0, 128, 0, 128
L 840, 2650, 0, 860, 2710, 0, 128, 0, 128
L 820, 2710, 0, 840, 2650, 0, 128, 0, 128
L 890, 2710, 0, 890, 2650, 0, 128, 0, 128
L 900, 2710, 0, 880, 2710, 0, 128, 0, 128
L 910, 2680, 0, 900, 2710, 0, 128, 0, 128
L 900, 2650, 0, 910, 2680, 0, 128, 0, 128
L 880, 2650, 0, 900, 2650, 0, 128, 0, 128
L 930, 2680, 0, 960, 2680, 0, 128, 0, 128
L 930, 2710, 0, 960, 2710, 0, 128, 0, 128
L 930, 2650, 0, 930, 2710, 0, 128, 0, 128
L 960, 2650, 0, 930, 2650, 0, 128, 0, 128
L 980, 2650, 0, 980, 2680, 0, 128, 0, 128
L 980, 2710, 0, 1020, 2710, 0, 128, 0, 128
L 1020, 2680, 0, 980, 2680, 0, 128, 0, 128
L 980, 2650, 0, 1020, 2650, 0, 128, 0, 128
L 1020, 2680, 0, 1020, 2710, 0, 128, 0, 128
L 1040, 2650, 0, 1040, 2680, 0, 128, 0, 128
L 1040, 2680, 0, 1040, 2710, 0, 128, 0, 128
L 1040, 2680, 0, 1080, 2710, 0, 128, 0, 128
L 1040, 2680, 0, 1080, 2650, 0, 128, 0, 128
L 1100, 2650, 0, 1100, 2710, 0, 128, 0, 128
L 1120, 2650, 0, 1120, 2710, 0, 128, 0, 128
L 1160, 2710, 0, 1120, 2710, 0, 128, 0, 128
L 1180, 2650, 0, 1180, 2710, 0, 128, 0, 128
L 1220, 2710, 0, 1180, 2710, 0, 128, 0, 128
L 1330, 2710, 0, 1300, 2710, 0, 128, 0, 128
L 1300, 2650, 0, 1330, 2650, 0, 128, 0, 128
L 1300, 2710, 0, 1300, 2650, 0, 128, 0, 128
L 1350, 2650, 0, 1380, 2650, 0, 128, 0, 128
L 1350, 2710, 0, 1380, 2710, 0, 128, 0, 128
L 1350, 2650, 0, 1350, 2710, 0, 128, 0, 128
L 1380, 2650, 0, 1380, 2710, 0, 128, 0, 128
L 1430, 2710, 0, 1430, 2650, 0, 128, 0, 128
L 1400, 2650, 0, 1430, 2710, 0, 128, 0, 128
L 1400, 2710, 0, 1400, 2650, 0, 128, 0, 128
L 1470, 2650, 0, 1470, 2710, 0, 128, 0, 128
L 1450, 2650, 0, 1490, 2650, 0, 128, 0, 128
L 1520, 2680, 0, 1540, 2680, 0, 128, 0, 128
L 1530, 2650, 0, 1550, 2710, 0, 128, 0, 128
L 1510, 2710, 0, 1530, 2650, 0, 128, 0, 128
L 1570, 2650, 0, 1570, 2710, 0, 128, 0, 128
L 1620, 2710, 0, 1620, 2650, 0, 128, 0, 128
L 1590, 2650, 0, 1620, 2710, 0, 128, 0, 128
L 1590, 2710, 0, 1590, 2650, 0, 128, 0, 128
L 1640, 2680, 0, 1670, 2680, 0, 128, 0, 128
L 1640, 2710, 0, 1670, 2710, 0, 128, 0, 128
L 1640, 2650, 0, 1640, 2710, 0, 128, 0, 128
L 1670, 2650, 0, 1640, 2650, 0, 128, 0, 128
L 1690, 2650, 0, 1690, 2680, 0, 128, 0, 128
L 1690, 2680, 0, 1690, 2710, 0, 128, 0, 128
L 1690, 2680, 0, 1710, 2680, 0, 128, 0, 128
L 1730, 2680, 0, 1730, 2650, 0, 128, 0, 128
L 1690, 2650, 0, 1730, 2650, 0, 128, 0, 128
L 1710, 2680, 0, 1730, 2680, 0, 128, 0, 128
L 1730, 2710, 0, 1710, 2680, 0, 128, 0, 128
L 720, 2740, 0, 720, 2800, 0, 255, 255, 0
L 700, 2740, 0, 740, 2740, 0, 255, 255, 0
L 760, 2740, 0, 760, 2770, 0, 255, 255, 0
L 760, 2770, 0, 760, 2800, 0, 255, 255, 0
L 760, 2770, 0, 780, 2770, 0, 255, 255, 0
L 800, 2770, 0, 800, 2740, 0, 255, 255, 0
L 760, 2740, 0, 800, 2740, 0, 255, 255, 0
L 780, 2770, 0, 800, 2770, 0, 255, 255, 0
L 800, 2800, 0, 780, 2770, 0, 255, 255, 0
L 830, 2770, 0, 850, 2770, 0, 255, 255, 0
L 840, 2740, 0, 860, 2800, 0, 255, 255, 0
L 820, 2800, 0, 840, 2740, 0, 255, 255, 0
L 910, 2770, 0, 880, 2770, 0, 255, 255, 0
L 910, 2740, 0, 910, 2770, 0, 255, 255, 0
L 880, 2740, 0, 910, 2740, 0, 255, 255, 0
L 880, 2800, 0, 880, 2740, 0, 255, 255, 0
L 730, 2830, 0, 700, 2830, 0, 255, 0, 0
L 700, 2890, 0, 730, 2830, 0, 255, 0, 0
L 700, 2890, 0, 730, 2890, 0, 255, 0, 0
L 750, 2830, 0, 780, 2830, 0, 255, 0, 0
L 750, 2890, 0, 780, 2890, 0, 255, 0, 0
L 750, 2830, 0, 750, 2890, 0, 255, 0, 0
L 780, 2830, 0, 780, 2890, 0, 255, 0, 0
L 830, 2890, 0, 830, 2830, 0, 255, 0, 0
L 800, 2830, 0, 830, 2890, 0, 255, 0, 0
L 800, 2890, 0, 800, 2830, 0, 255, 0, 0
L 850, 2860, 0, 880, 2860, 0, 255, 0, 0
L 850, 2890, 0, 880, 2890, 0, 255, 0, 0
L 850, 2830, 0, 850, 2890, 0, 255, 0, 0
L 880, 2830, 0, 850, 2830, 0, 255, 0, 0
P -300, 900, 0, 0, 0, 0, 2, Revised_Map:_Brewall_Rainsinger_(Cazic-Thule)
P -300, 1100, 0, 0, 0, 0, 2, http://www.eqmaps.info
P -300, 1300, 0, 0, 0, 0, 2, Return_of_the_Exiled_(www.roteguild.org)
P -300, 1500, 0, 127, 64, 0, 2, Bloodfeather_PH=a_darkshadow_raven
P -300, 1700, 0, 127, 64, 0, 2, Fearstalker_PH=a_mournful_shade
P -300, 1900, 0, 127, 64, 0, 2, Foeslicer_PH=an_ancient_guardian
P -300, 2100, 0, 127, 64, 0, 2, Gilibus_the_Unseen_PH=an_unseen_warrior
P -300, 2300, 0, 127, 64, 0, 2, Iglum_the_Deformed_PH=a_darkbone_golem
P -300, 2500, 0, 127, 64, 0, 2, Shadowlord_Gixblat_PH=a_darkshadow_mephit
P -300, 2700, 0, 127, 64, 0, 2, Sotor_the_Unmerciful_PH=a_shadow_mephit
P -300, 2900, 0, 127, 64, 0, 2, Soul_Taster_PH=a_silent_shadow
