L 1000.0, 0.0, 0.0, 1000.0, -50.0, 0.0, 255, 0, 0
L -20.0, 50.0, 0.0, -50.0, 20.0, 0.0, 255, 0, 0
L 50.0, 20.0, 0.0, 20.0, 50.0, 0.0, 255, 0, 0
L 20.0, -50.0, 0.0, 50.0, -20.0, 0.0, 255, 0, 0
L -50.0, -20.0, 0.0, -20.0, -50.0, 0.0, 255, 0, 0
L -50.0, 20.0, 0.0, -50.0, -20.0, 0.0, 255, 0, 0
L 20.0, 50.0, 0.0, -20.0, 50.0, 0.0, 255, 0, 0
L 50.0, -20.0, 0.0, 50.0, 20.0, 0.0, 255, 0, 0
L -20.0, -50.0, 0.0, 20.0, -50.0, 0.0, 255, 0, 0
L 580.0, -20.0, 0.0, 540.0, -20.0, 0.0, 255, 0, 0
L 580.0, -90.0, 0.0, 580.0, -20.0, 0.0, 255, 0, 0
L 540.0, -90.0, 0.0, 580.0, -90.0, 0.0, 255, 0, 0
L 540.0, -20.0, 0.0, 540.0, -90.0, 0.0, 255, 0, 0
L 520.0, -20.0, 0.0, 480.0, -20.0, 0.0, 255, 0, 0
L 520.0, -90.0, 0.0, 520.0, -20.0, 0.0, 255, 0, 0
L 480.0, -90.0, 0.0, 520.0, -90.0, 0.0, 255, 0, 0
L 480.0, -20.0, 0.0, 480.0, -90.0, 0.0, 255, 0, 0
L 460.0, -90.0, 0.0, 450.0, -80.0, 0.0, 255, 0, 0
L 460.0, -20.0, 0.0, 460.0, -90.0, 0.0, 255, 0, 0
L 0.0, -250.0, 0.0, 0.0, 250.0, 0.0, 255, 0, 0
L -250.0, 0.0, 0.0, 1000.0, 0.0, 0.0, 255, 0, 0
L -120.0, -80.0, 0.0, -120.0, -60.0, 0.0, 255, 0, 0
L -120.0, -60.0, 0.0, -120.0, -40.0, 0.0, 255, 0, 0
L -100.0, -60.0, 0.0, -120.0, -60.0, 0.0, 255, 0, 0
L -120.0, -60.0, 0.0, -140.0, -60.0, 0.0, 255, 0, 0
L -90.0, -50.0, 0.0, -100.0, -30.0, 0.0, 255, 0, 0
L -60.0, -80.0, 0.0, -60.0, -60.0, 0.0, 255, 0, 0
L -60.0, -60.0, 0.0, -60.0, -40.0, 0.0, 255, 0, 0
L -40.0, -60.0, 0.0, -60.0, -60.0, 0.0, 255, 0, 0
L -60.0, -60.0, 0.0, -80.0, -60.0, 0.0, 255, 0, 0
L 100.0, 60.0, 0.0, 120.0, 60.0, 0.0, 255, 0, 0
L 120.0, 60.0, 0.0, 140.0, 60.0, 0.0, 255, 0, 0
L 90.0, 70.0, 0.0, 80.0, 90.0, 0.0, 255, 0, 0
L 40.0, 60.0, 0.0, 60.0, 60.0, 0.0, 255, 0, 0
L 60.0, 60.0, 0.0, 80.0, 60.0, 0.0, 255, 0, 0
L -100.0, 60.0, 0.0, -120.0, 60.0, 0.0, 255, 0, 0
L -120.0, 60.0, 0.0, -140.0, 60.0, 0.0, 255, 0, 0
L -90.0, 70.0, 0.0, -100.0, 90.0, 0.0, 255, 0, 0
L -60.0, 80.0, 0.0, -60.0, 60.0, 0.0, 255, 0, 0
L -60.0, 60.0, 0.0, -60.0, 40.0, 0.0, 255, 0, 0
L -40.0, 60.0, 0.0, -60.0, 60.0, 0.0, 255, 0, 0
L -60.0, 60.0, 0.0, -80.0, 60.0, 0.0, 255, 0, 0
L 100.0, -60.0, 0.0, 120.0, -60.0, 0.0, 255, 0, 0
L 120.0, -60.0, 0.0, 140.0, -60.0, 0.0, 255, 0, 0
L 90.0, -50.0, 0.0, 80.0, -30.0, 0.0, 255, 0, 0
L 60.0, -80.0, 0.0, 60.0, -60.0, 0.0, 255, 0, 0
L 60.0, -60.0, 0.0, 60.0, -40.0, 0.0, 255, 0, 0
L 40.0, -60.0, 0.0, 60.0, -60.0, 0.0, 255, 0, 0
L 60.0, -60.0, 0.0, 80.0, -60.0, 0.0, 255, 0, 0
L 599.0, -90.0, 0.0, 637.3, -90.0, 0.0, 255, 0, 0
L 599.0, -20.0, 0.0, 637.3, -20.0, 0.0, 255, 0, 0
L 599.0, -90.0, 0.0, 599.0, -20.0, 0.0, 255, 0, 0
L 637.3, -90.0, 0.0, 637.3, -20.0, 0.0, 255, 0, 0
L 600, 1300, 0, 600, 1360, 0, 0, 0, 0
L 640, 1360, 0, 600, 1360, 0, 0, 0, 0
L 660, 1330, 0, 690, 1330, 0, 0, 0, 0
L 660, 1360, 0, 690, 1360, 0, 0, 0, 0
L 660, 1300, 0, 660, 1360, 0, 0, 0, 0
L 690, 1300, 0, 660, 1300, 0, 0, 0, 0
L 740, 1360, 0, 710, 1360, 0, 0, 0, 0
L 710, 1300, 0, 740, 1300, 0, 0, 0, 0
L 710, 1360, 0, 710, 1300, 0, 0, 0, 0
L 740, 1360, 0, 740, 1330, 0, 0, 0, 0
L 740, 1330, 0, 720, 1330, 0, 0, 0, 0
L 760, 1330, 0, 790, 1330, 0, 0, 0, 0
L 760, 1360, 0, 790, 1360, 0, 0, 0, 0
L 760, 1300, 0, 760, 1360, 0, 0, 0, 0
L 790, 1300, 0, 760, 1300, 0, 0, 0, 0
L 840, 1360, 0, 840, 1300, 0, 0, 0, 0
L 810, 1300, 0, 840, 1360, 0, 0, 0, 0
L 810, 1360, 0, 810, 1300, 0, 0, 0, 0
L 870, 1360, 0, 870, 1300, 0, 0, 0, 0
L 880, 1360, 0, 860, 1360, 0, 0, 0, 0
L 890, 1330, 0, 880, 1360, 0, 0, 0, 0
L 880, 1300, 0, 890, 1330, 0, 0, 0, 0
L 860, 1300, 0, 880, 1300, 0, 0, 0, 0
L 600, 1510, 0, 660, 1510, 0, 0, 0, 0
L 600, 1430, 0, 660, 1430, 0, 0, 0, 0
L 630, 1483, 0, 630, 1457, 0, 205, 133, 63
L 660, 1510, 0, 720, 1510, 0, 0, 0, 0
L 660, 1510, 0, 660, 1483, 0, 205, 133, 63
L 630, 1483, 0, 690, 1483, 0, 205, 133, 63
L 630, 1457, 0, 660, 1457, 0, 205, 133, 63
L 660, 1457, 0, 690, 1457, 0, 205, 133, 63
L 660, 1430, 0, 720, 1430, 0, 0, 0, 0
L 660, 1457, 0, 660, 1430, 0, 205, 133, 63
L 690, 1483, 0, 690, 1457, 0, 205, 133, 63
L 770, 1500, 0, 770, 1440, 0, 0, 0, 0
L 780, 1500, 0, 760, 1500, 0, 0, 0, 0
L 790, 1470, 0, 780, 1500, 0, 0, 0, 0
L 780, 1440, 0, 790, 1470, 0, 0, 0, 0
L 760, 1440, 0, 780, 1440, 0, 0, 0, 0
L 810, 1440, 0, 840, 1440, 0, 0, 0, 0
L 810, 1500, 0, 840, 1500, 0, 0, 0, 0
L 810, 1440, 0, 810, 1500, 0, 0, 0, 0
L 840, 1440, 0, 840, 1500, 0, 0, 0, 0
L 860, 1440, 0, 890, 1440, 0, 0, 0, 0
L 860, 1500, 0, 890, 1500, 0, 0, 0, 0
L 860, 1440, 0, 860, 1500, 0, 0, 0, 0
L 890, 1440, 0, 890, 1500, 0, 0, 0, 0
L 910, 1440, 0, 910, 1470, 0, 0, 0, 0
L 910, 1470, 0, 910, 1500, 0, 0, 0, 0
L 910, 1470, 0, 930, 1470, 0, 0, 0, 0
L 950, 1470, 0, 950, 1440, 0, 0, 0, 0
L 910, 1440, 0, 950, 1440, 0, 0, 0, 0
L 930, 1470, 0, 950, 1470, 0, 0, 0, 0
L 950, 1500, 0, 930, 1470, 0, 0, 0, 0
L 600, 1550, 0, 600, 1580, 0, 255, 210, 0
L 600, 1550, 0, 620, 1550, 0, 255, 210, 0
L 620, 1610, 0, 600, 1610, 0, 255, 210, 0
L 600, 1580, 0, 600, 1610, 0, 255, 210, 0
L 620, 1580, 0, 600, 1580, 0, 255, 210, 0
L 620, 1580, 0, 640, 1565, 0, 255, 210, 0
L 620, 1550, 0, 640, 1565, 0, 255, 210, 0
L 620, 1580, 0, 640, 1595, 0, 255, 210, 0
L 640, 1595, 0, 620, 1610, 0, 255, 210, 0
L 670, 1580, 0, 690, 1580, 0, 255, 210, 0
L 680, 1550, 0, 700, 1610, 0, 255, 210, 0
L 660, 1610, 0, 680, 1550, 0, 255, 210, 0
L 750, 1610, 0, 750, 1550, 0, 255, 210, 0
L 720, 1550, 0, 750, 1610, 0, 255, 210, 0
L 720, 1610, 0, 720, 1550, 0, 255, 210, 0
L 770, 1550, 0, 770, 1580, 0, 255, 210, 0
L 770, 1580, 0, 770, 1610, 0, 255, 210, 0
L 770, 1580, 0, 810, 1610, 0, 255, 210, 0
L 770, 1580, 0, 810, 1550, 0, 255, 210, 0
L 830, 1580, 0, 860, 1580, 0, 255, 210, 0
L 830, 1610, 0, 860, 1610, 0, 255, 210, 0
L 830, 1550, 0, 830, 1610, 0, 255, 210, 0
L 860, 1550, 0, 830, 1550, 0, 255, 210, 0
L 880, 1550, 0, 880, 1580, 0, 255, 210, 0
L 880, 1580, 0, 880, 1610, 0, 255, 210, 0
L 880, 1580, 0, 900, 1580, 0, 255, 210, 0
L 920, 1580, 0, 920, 1550, 0, 255, 210, 0
L 880, 1550, 0, 920, 1550, 0, 255, 210, 0
L 900, 1580, 0, 920, 1580, 0, 255, 210, 0
L 920, 1610, 0, 900, 1580, 0, 255, 210, 0
L 630, 1700, 0, 600, 1700, 0, 255, 255, 255
L 600, 1640, 0, 630, 1640, 0, 255, 255, 255
L 600, 1700, 0, 600, 1640, 0, 255, 255, 255
L 650, 1640, 0, 680, 1640, 0, 255, 255, 255
L 650, 1700, 0, 680, 1700, 0, 255, 255, 255
L 650, 1640, 0, 650, 1700, 0, 255, 255, 255
L 680, 1640, 0, 680, 1700, 0, 255, 255, 255
L 740, 1640, 0, 740, 1700, 0, 255, 255, 255
L 720, 1670, 0, 740, 1640, 0, 255, 255, 255
L 700, 1640, 0, 720, 1670, 0, 255, 255, 255
L 700, 1700, 0, 700, 1640, 0, 255, 255, 255
L 800, 1640, 0, 800, 1700, 0, 255, 255, 255
L 780, 1670, 0, 800, 1640, 0, 255, 255, 255
L 760, 1640, 0, 780, 1670, 0, 255, 255, 255
L 760, 1700, 0, 760, 1640, 0, 255, 255, 255
L 820, 1670, 0, 850, 1670, 0, 255, 255, 255
L 820, 1700, 0, 850, 1700, 0, 255, 255, 255
L 820, 1640, 0, 820, 1700, 0, 255, 255, 255
L 850, 1640, 0, 820, 1640, 0, 255, 255, 255
L 900, 1700, 0, 900, 1640, 0, 255, 255, 255
L 870, 1640, 0, 900, 1700, 0, 255, 255, 255
L 870, 1700, 0, 870, 1640, 0, 255, 255, 255
L 940, 1640, 0, 940, 1700, 0, 255, 255, 255
L 920, 1640, 0, 960, 1640, 0, 255, 255, 255
L 630, 1790, 0, 600, 1790, 0, 0, 0, 0
L 600, 1730, 0, 630, 1730, 0, 0, 0, 0
L 600, 1790, 0, 600, 1730, 0, 0, 0, 0
L 630, 1790, 0, 630, 1760, 0, 0, 0, 0
L 630, 1760, 0, 610, 1760, 0, 0, 0, 0
L 650, 1760, 0, 680, 1760, 0, 0, 0, 0
L 650, 1790, 0, 680, 1790, 0, 0, 0, 0
L 650, 1730, 0, 650, 1790, 0, 0, 0, 0
L 680, 1730, 0, 650, 1730, 0, 0, 0, 0
L 730, 1790, 0, 730, 1730, 0, 0, 0, 0
L 700, 1730, 0, 730, 1790, 0, 0, 0, 0
L 700, 1790, 0, 700, 1730, 0, 0, 0, 0
L 750, 1760, 0, 780, 1760, 0, 0, 0, 0
L 750, 1790, 0, 780, 1790, 0, 0, 0, 0
L 750, 1730, 0, 750, 1790, 0, 0, 0, 0
L 780, 1730, 0, 750, 1730, 0, 0, 0, 0
L 800, 1730, 0, 800, 1760, 0, 0, 0, 0
L 800, 1760, 0, 800, 1790, 0, 0, 0, 0
L 800, 1760, 0, 820, 1760, 0, 0, 0, 0
L 840, 1760, 0, 840, 1730, 0, 0, 0, 0
L 800, 1730, 0, 840, 1730, 0, 0, 0, 0
L 820, 1760, 0, 840, 1760, 0, 0, 0, 0
L 840, 1790, 0, 820, 1760, 0, 0, 0, 0
L 870, 1760, 0, 890, 1760, 0, 0, 0, 0
L 880, 1730, 0, 900, 1790, 0, 0, 0, 0
L 860, 1790, 0, 880, 1730, 0, 0, 0, 0
L 920, 1730, 0, 920, 1790, 0, 0, 0, 0
L 960, 1790, 0, 920, 1790, 0, 0, 0, 0
L 630, 1880, 0, 600, 1880, 0, 0, 0, 255
L 600, 1820, 0, 630, 1820, 0, 0, 0, 255
L 600, 1880, 0, 600, 1820, 0, 0, 0, 255
L 630, 1880, 0, 630, 1850, 0, 0, 0, 255
L 630, 1850, 0, 610, 1850, 0, 0, 0, 255
L 650, 1820, 0, 650, 1850, 0, 0, 0, 255
L 650, 1850, 0, 650, 1880, 0, 0, 0, 255
L 650, 1850, 0, 670, 1850, 0, 0, 0, 255
L 690, 1850, 0, 690, 1820, 0, 0, 0, 255
L 650, 1820, 0, 690, 1820, 0, 0, 0, 255
L 670, 1850, 0, 690, 1850, 0, 0, 0, 255
L 690, 1880, 0, 670, 1850, 0, 0, 0, 255
L 710, 1820, 0, 740, 1820, 0, 0, 0, 255
L 710, 1880, 0, 740, 1880, 0, 0, 0, 255
L 710, 1820, 0, 710, 1880, 0, 0, 0, 255
L 740, 1820, 0, 740, 1880, 0, 0, 0, 255
L 800, 1820, 0, 800, 1880, 0, 0, 0, 255
L 760, 1820, 0, 760, 1880, 0, 0, 0, 255
L 760, 1880, 0, 800, 1880, 0, 0, 0, 255
L 850, 1880, 0, 850, 1820, 0, 0, 0, 255
L 820, 1820, 0, 850, 1880, 0, 0, 0, 255
L 820, 1880, 0, 820, 1820, 0, 0, 0, 255
L 880, 1880, 0, 880, 1820, 0, 0, 0, 255
L 890, 1880, 0, 870, 1880, 0, 0, 0, 255
L 900, 1850, 0, 890, 1880, 0, 0, 0, 255
L 890, 1820, 0, 900, 1850, 0, 0, 0, 255
L 870, 1820, 0, 890, 1820, 0, 0, 0, 255
L 980, 1820, 0, 980, 1850, 0, 0, 0, 255
L 980, 1880, 0, 1020, 1880, 0, 0, 0, 255
L 1020, 1850, 0, 980, 1850, 0, 0, 0, 255
L 980, 1820, 0, 1020, 1820, 0, 0, 0, 255
L 1020, 1850, 0, 1020, 1880, 0, 0, 0, 255
L 1070, 1850, 0, 1040, 1850, 0, 0, 0, 255
L 1070, 1820, 0, 1070, 1850, 0, 0, 0, 255
L 1040, 1820, 0, 1070, 1820, 0, 0, 0, 255
L 1040, 1880, 0, 1040, 1820, 0, 0, 0, 255
L 1100, 1850, 0, 1120, 1850, 0, 0, 0, 255
L 1110, 1820, 0, 1130, 1880, 0, 0, 0, 255
L 1090, 1880, 0, 1110, 1820, 0, 0, 0, 255
L 1180, 1880, 0, 1190, 1820, 0, 0, 0, 255
L 1170, 1850, 0, 1180, 1880, 0, 0, 0, 255
L 1160, 1880, 0, 1170, 1850, 0, 0, 0, 255
L 1150, 1820, 0, 1160, 1880, 0, 0, 0, 255
L 1240, 1880, 0, 1240, 1820, 0, 0, 0, 255
L 1210, 1820, 0, 1240, 1880, 0, 0, 0, 255
L 1210, 1880, 0, 1210, 1820, 0, 0, 0, 255
L 630, 1970, 0, 600, 1970, 0, 128, 128, 128
L 600, 1910, 0, 630, 1910, 0, 128, 128, 128
L 600, 1970, 0, 600, 1910, 0, 128, 128, 128
L 630, 1970, 0, 630, 1940, 0, 128, 128, 128
L 630, 1940, 0, 610, 1940, 0, 128, 128, 128
L 690, 1910, 0, 690, 1970, 0, 128, 128, 128
L 650, 1910, 0, 650, 1970, 0, 128, 128, 128
L 650, 1970, 0, 690, 1970, 0, 128, 128, 128
L 710, 1910, 0, 710, 1970, 0, 128, 128, 128
L 730, 1910, 0, 730, 1970, 0, 128, 128, 128
L 770, 1970, 0, 730, 1970, 0, 128, 128, 128
L 800, 1970, 0, 800, 1910, 0, 128, 128, 128
L 810, 1970, 0, 790, 1970, 0, 128, 128, 128
L 820, 1940, 0, 810, 1970, 0, 128, 128, 128
L 810, 1910, 0, 820, 1940, 0, 128, 128, 128
L 790, 1910, 0, 810, 1910, 0, 128, 128, 128
L 940, 1910, 0, 940, 1970, 0, 128, 128, 128
L 920, 1940, 0, 940, 1910, 0, 128, 128, 128
L 900, 1910, 0, 920, 1940, 0, 128, 128, 128
L 900, 1970, 0, 900, 1910, 0, 128, 128, 128
L 970, 1940, 0, 990, 1940, 0, 128, 128, 128
L 980, 1910, 0, 1000, 1970, 0, 128, 128, 128
L 960, 1970, 0, 980, 1910, 0, 128, 128, 128
L 1020, 1910, 0, 1020, 1940, 0, 128, 128, 128
L 1020, 1970, 0, 1060, 1970, 0, 128, 128, 128
L 1060, 1940, 0, 1020, 1940, 0, 128, 128, 128
L 1020, 1910, 0, 1060, 1910, 0, 128, 128, 128
L 1060, 1940, 0, 1060, 1970, 0, 128, 128, 128
L 1100, 1910, 0, 1100, 1970, 0, 128, 128, 128
L 1080, 1910, 0, 1120, 1910, 0, 128, 128, 128
L 1140, 1940, 0, 1170, 1940, 0, 128, 128, 128
L 1140, 1970, 0, 1170, 1970, 0, 128, 128, 128
L 1140, 1910, 0, 1140, 1970, 0, 128, 128, 128
L 1170, 1910, 0, 1140, 1910, 0, 128, 128, 128
L 1190, 1910, 0, 1190, 1940, 0, 128, 128, 128
L 1190, 1940, 0, 1190, 1970, 0, 128, 128, 128
L 1190, 1940, 0, 1210, 1940, 0, 128, 128, 128
L 1230, 1940, 0, 1230, 1910, 0, 128, 128, 128
L 1190, 1910, 0, 1230, 1910, 0, 128, 128, 128
L 1210, 1940, 0, 1230, 1940, 0, 128, 128, 128
L 1230, 1970, 0, 1210, 1940, 0, 128, 128, 128
L 600, 2000, 0, 600, 2030, 0, 127, 64, 0
L 640, 2060, 0, 640, 2030, 0, 127, 64, 0
L 600, 2030, 0, 600, 2060, 0, 127, 64, 0
L 640, 2030, 0, 640, 2000, 0, 127, 64, 0
L 600, 2030, 0, 640, 2030, 0, 127, 64, 0
L 700, 2000, 0, 700, 2060, 0, 127, 64, 0
L 660, 2000, 0, 660, 2060, 0, 127, 64, 0
L 660, 2060, 0, 700, 2060, 0, 127, 64, 0
L 750, 2060, 0, 750, 2000, 0, 127, 64, 0
L 720, 2000, 0, 750, 2060, 0, 127, 64, 0
L 720, 2060, 0, 720, 2000, 0, 127, 64, 0
L 790, 2000, 0, 790, 2060, 0, 127, 64, 0
L 770, 2000, 0, 810, 2000, 0, 127, 64, 0
L 830, 2030, 0, 860, 2030, 0, 127, 64, 0
L 830, 2060, 0, 860, 2060, 0, 127, 64, 0
L 830, 2000, 0, 830, 2060, 0, 127, 64, 0
L 860, 2000, 0, 830, 2000, 0, 127, 64, 0
L 880, 2000, 0, 880, 2030, 0, 127, 64, 0
L 880, 2030, 0, 880, 2060, 0, 127, 64, 0
L 880, 2030, 0, 900, 2030, 0, 127, 64, 0
L 920, 2030, 0, 920, 2000, 0, 127, 64, 0
L 880, 2000, 0, 920, 2000, 0, 127, 64, 0
L 900, 2030, 0, 920, 2030, 0, 127, 64, 0
L 920, 2060, 0, 900, 2030, 0, 127, 64, 0
L 640, 2090, 0, 640, 2150, 0, 0, 127, 0
L 620, 2120, 0, 640, 2090, 0, 0, 127, 0
L 600, 2090, 0, 620, 2120, 0, 0, 127, 0
L 600, 2150, 0, 600, 2090, 0, 0, 127, 0
L 660, 2120, 0, 690, 2120, 0, 0, 127, 0
L 660, 2150, 0, 690, 2150, 0, 0, 127, 0
L 660, 2090, 0, 660, 2150, 0, 0, 127, 0
L 690, 2090, 0, 660, 2090, 0, 0, 127, 0
L 710, 2090, 0, 710, 2120, 0, 0, 127, 0
L 710, 2120, 0, 710, 2150, 0, 0, 127, 0
L 710, 2120, 0, 730, 2120, 0, 0, 127, 0
L 750, 2120, 0, 750, 2090, 0, 0, 127, 0
L 710, 2090, 0, 750, 2090, 0, 0, 127, 0
L 730, 2120, 0, 750, 2120, 0, 0, 127, 0
L 750, 2150, 0, 730, 2120, 0, 0, 127, 0
L 800, 2150, 0, 770, 2150, 0, 0, 127, 0
L 770, 2090, 0, 800, 2090, 0, 0, 127, 0
L 770, 2150, 0, 770, 2090, 0, 0, 127, 0
L 820, 2090, 0, 820, 2120, 0, 0, 127, 0
L 860, 2150, 0, 860, 2120, 0, 0, 127, 0
L 820, 2120, 0, 820, 2150, 0, 0, 127, 0
L 860, 2120, 0, 860, 2090, 0, 0, 127, 0
L 820, 2120, 0, 860, 2120, 0, 0, 127, 0
L 890, 2120, 0, 910, 2120, 0, 0, 127, 0
L 900, 2090, 0, 920, 2150, 0, 0, 127, 0
L 880, 2150, 0, 900, 2090, 0, 0, 127, 0
L 970, 2150, 0, 970, 2090, 0, 0, 127, 0
L 940, 2090, 0, 970, 2150, 0, 0, 127, 0
L 940, 2150, 0, 940, 2090, 0, 0, 127, 0
L 1010, 2090, 0, 1010, 2150, 0, 0, 127, 0
L 990, 2090, 0, 1030, 2090, 0, 0, 127, 0
L 640, 2180, 0, 640, 2240, 0, 0, 127, 127
L 620, 2210, 0, 640, 2180, 0, 0, 127, 127
L 600, 2180, 0, 620, 2210, 0, 0, 127, 127
L 600, 2240, 0, 600, 2180, 0, 0, 127, 127
L 660, 2180, 0, 660, 2240, 0, 0, 127, 127
L 680, 2180, 0, 680, 2210, 0, 0, 127, 127
L 680, 2240, 0, 720, 2240, 0, 0, 127, 127
L 720, 2210, 0, 680, 2210, 0, 0, 127, 127
L 680, 2180, 0, 720, 2180, 0, 0, 127, 127
L 720, 2210, 0, 720, 2240, 0, 0, 127, 127
L 740, 2180, 0, 740, 2210, 0, 0, 127, 127
L 740, 2240, 0, 780, 2240, 0, 0, 127, 127
L 780, 2210, 0, 740, 2210, 0, 0, 127, 127
L 740, 2180, 0, 780, 2180, 0, 0, 127, 127
L 780, 2210, 0, 780, 2240, 0, 0, 127, 127
L 800, 2180, 0, 800, 2240, 0, 0, 127, 127
L 820, 2180, 0, 850, 2180, 0, 0, 127, 127
L 820, 2240, 0, 850, 2240, 0, 0, 127, 127
L 820, 2180, 0, 820, 2240, 0, 0, 127, 127
L 850, 2180, 0, 850, 2240, 0, 0, 127, 127
L 900, 2240, 0, 900, 2180, 0, 0, 127, 127
L 870, 2180, 0, 900, 2240, 0, 0, 127, 127
L 870, 2240, 0, 870, 2180, 0, 0, 127, 127
L 630, 2330, 0, 630, 2270, 0, 127, 64, 0
L 600, 2270, 0, 630, 2330, 0, 127, 64, 0
L 600, 2330, 0, 600, 2270, 0, 127, 64, 0
L 660, 2300, 0, 680, 2300, 0, 127, 64, 0
L 670, 2270, 0, 690, 2330, 0, 127, 64, 0
L 650, 2330, 0, 670, 2270, 0, 127, 64, 0
L 750, 2270, 0, 750, 2330, 0, 127, 64, 0
L 730, 2300, 0, 750, 2270, 0, 127, 64, 0
L 710, 2270, 0, 730, 2300, 0, 127, 64, 0
L 710, 2330, 0, 710, 2270, 0, 127, 64, 0
L 770, 2300, 0, 800, 2300, 0, 127, 64, 0
L 770, 2330, 0, 800, 2330, 0, 127, 64, 0
L 770, 2270, 0, 770, 2330, 0, 127, 64, 0
L 800, 2270, 0, 770, 2270, 0, 127, 64, 0
L 830, 2330, 0, 830, 2270, 0, 127, 64, 0
L 840, 2330, 0, 820, 2330, 0, 127, 64, 0
L 850, 2300, 0, 840, 2330, 0, 127, 64, 0
L 840, 2270, 0, 850, 2300, 0, 127, 64, 0
L 820, 2270, 0, 840, 2270, 0, 127, 64, 0
L 630, 2390, 0, 600, 2390, 0, 0, 255, 0
L 630, 2360, 0, 630, 2390, 0, 0, 255, 0
L 600, 2360, 0, 630, 2360, 0, 0, 255, 0
L 600, 2420, 0, 600, 2360, 0, 0, 255, 0
L 660, 2390, 0, 680, 2390, 0, 0, 255, 0
L 670, 2360, 0, 690, 2420, 0, 0, 255, 0
L 650, 2420, 0, 670, 2360, 0, 0, 255, 0
L 710, 2360, 0, 710, 2390, 0, 0, 255, 0
L 710, 2390, 0, 710, 2420, 0, 0, 255, 0
L 710, 2390, 0, 730, 2390, 0, 0, 255, 0
L 750, 2390, 0, 750, 2360, 0, 0, 255, 0
L 710, 2360, 0, 750, 2360, 0, 0, 255, 0
L 730, 2390, 0, 750, 2390, 0, 0, 255, 0
L 750, 2420, 0, 730, 2390, 0, 0, 255, 0
L 800, 2420, 0, 770, 2420, 0, 0, 255, 0
L 770, 2360, 0, 800, 2360, 0, 0, 255, 0
L 770, 2420, 0, 770, 2360, 0, 0, 255, 0
L 820, 2390, 0, 850, 2390, 0, 0, 255, 0
L 820, 2420, 0, 850, 2420, 0, 0, 255, 0
L 820, 2360, 0, 820, 2420, 0, 0, 255, 0
L 850, 2360, 0, 820, 2360, 0, 0, 255, 0
L 870, 2360, 0, 870, 2420, 0, 0, 255, 0
L 910, 2420, 0, 870, 2420, 0, 0, 255, 0
L 930, 2360, 0, 930, 2390, 0, 0, 255, 0
L 930, 2420, 0, 970, 2420, 0, 0, 255, 0
L 970, 2390, 0, 930, 2390, 0, 0, 255, 0
L 930, 2360, 0, 970, 2360, 0, 0, 255, 0
L 970, 2390, 0, 970, 2420, 0, 0, 255, 0
L 600, 2450, 0, 600, 2480, 0, 0, 240, 240
L 600, 2480, 0, 600, 2510, 0, 0, 240, 240
L 600, 2480, 0, 620, 2480, 0, 0, 240, 240
L 640, 2480, 0, 640, 2450, 0, 0, 240, 240
L 600, 2450, 0, 640, 2450, 0, 0, 240, 240
L 620, 2480, 0, 640, 2480, 0, 0, 240, 240
L 640, 2510, 0, 620, 2480, 0, 0, 240, 240
L 670, 2480, 0, 690, 2480, 0, 0, 240, 240
L 680, 2450, 0, 700, 2510, 0, 0, 240, 240
L 660, 2510, 0, 680, 2450, 0, 0, 240, 240
L 720, 2450, 0, 720, 2510, 0, 0, 240, 240
L 750, 2510, 0, 750, 2450, 0, 0, 240, 240
L 760, 2510, 0, 740, 2510, 0, 0, 240, 240
L 770, 2480, 0, 760, 2510, 0, 0, 240, 240
L 760, 2450, 0, 770, 2480, 0, 0, 240, 240
L 740, 2450, 0, 760, 2450, 0, 0, 240, 240
L 600, 2540, 0, 600, 2570, 0, 0, 255, 0
L 600, 2600, 0, 640, 2600, 0, 0, 255, 0
L 640, 2570, 0, 600, 2570, 0, 0, 255, 0
L 600, 2540, 0, 640, 2540, 0, 0, 255, 0
L 640, 2570, 0, 640, 2600, 0, 0, 255, 0
L 690, 2570, 0, 660, 2570, 0, 0, 255, 0
L 690, 2540, 0, 690, 2570, 0, 0, 255, 0
L 660, 2540, 0, 690, 2540, 0, 0, 255, 0
L 660, 2600, 0, 660, 2540, 0, 0, 255, 0
L 710, 2570, 0, 740, 2570, 0, 0, 255, 0
L 710, 2600, 0, 740, 2600, 0, 0, 255, 0
L 710, 2540, 0, 710, 2600, 0, 0, 255, 0
L 740, 2540, 0, 710, 2540, 0, 0, 255, 0
L 790, 2600, 0, 760, 2600, 0, 0, 255, 0
L 760, 2540, 0, 790, 2540, 0, 0, 255, 0
L 760, 2600, 0, 760, 2540, 0, 0, 255, 0
L 810, 2540, 0, 810, 2600, 0, 0, 255, 0
L 840, 2570, 0, 860, 2570, 0, 0, 255, 0
L 850, 2540, 0, 870, 2600, 0, 0, 255, 0
L 830, 2600, 0, 850, 2540, 0, 0, 255, 0
L 890, 2540, 0, 890, 2600, 0, 0, 255, 0
L 930, 2600, 0, 890, 2600, 0, 0, 255, 0
L 1040, 2600, 0, 1010, 2600, 0, 0, 255, 0
L 1010, 2540, 0, 1040, 2540, 0, 0, 255, 0
L 1010, 2600, 0, 1010, 2540, 0, 0, 255, 0
L 1100, 2540, 0, 1100, 2600, 0, 0, 255, 0
L 1060, 2540, 0, 1060, 2600, 0, 0, 255, 0
L 1060, 2600, 0, 1100, 2600, 0, 0, 255, 0
L 1120, 2540, 0, 1120, 2570, 0, 0, 255, 0
L 1120, 2570, 0, 1120, 2600, 0, 0, 255, 0
L 1120, 2570, 0, 1140, 2570, 0, 0, 255, 0
L 1160, 2570, 0, 1160, 2540, 0, 0, 255, 0
L 1120, 2540, 0, 1160, 2540, 0, 0, 255, 0
L 1140, 2570, 0, 1160, 2570, 0, 0, 255, 0
L 1160, 2600, 0, 1140, 2570, 0, 0, 255, 0
L 1180, 2540, 0, 1180, 2570, 0, 0, 255, 0
L 1180, 2570, 0, 1180, 2600, 0, 0, 255, 0
L 1180, 2570, 0, 1200, 2570, 0, 0, 255, 0
L 1220, 2570, 0, 1220, 2540, 0, 0, 255, 0
L 1180, 2540, 0, 1220, 2540, 0, 0, 255, 0
L 1200, 2570, 0, 1220, 2570, 0, 0, 255, 0
L 1220, 2600, 0, 1200, 2570, 0, 0, 255, 0
L 1240, 2570, 0, 1270, 2570, 0, 0, 255, 0
L 1240, 2600, 0, 1270, 2600, 0, 0, 255, 0
L 1240, 2540, 0, 1240, 2600, 0, 0, 255, 0
L 1270, 2540, 0, 1240, 2540, 0, 0, 255, 0
L 1320, 2600, 0, 1320, 2540, 0, 0, 255, 0
L 1290, 2540, 0, 1320, 2600, 0, 0, 255, 0
L 1290, 2600, 0, 1290, 2540, 0, 0, 255, 0
L 1370, 2600, 0, 1340, 2600, 0, 0, 255, 0
L 1340, 2540, 0, 1370, 2540, 0, 0, 255, 0
L 1340, 2600, 0, 1340, 2540, 0, 0, 255, 0
L 1410, 2570, 0, 1410, 2600, 0, 0, 255, 0
L 1410, 2570, 0, 1430, 2540, 0, 0, 255, 0
L 1390, 2540, 0, 1410, 2570, 0, 0, 255, 0
L 600, 2630, 0, 600, 2660, 0, 255, 0, 0
L 600, 2690, 0, 640, 2690, 0, 255, 0, 0
L 640, 2660, 0, 600, 2660, 0, 255, 0, 0
L 600, 2630, 0, 640, 2630, 0, 255, 0, 0
L 640, 2660, 0, 640, 2690, 0, 255, 0, 0
L 700, 2630, 0, 700, 2690, 0, 255, 0, 0
L 660, 2630, 0, 660, 2690, 0, 255, 0, 0
L 660, 2690, 0, 700, 2690, 0, 255, 0, 0
L 750, 2690, 0, 720, 2690, 0, 255, 0, 0
L 720, 2630, 0, 750, 2630, 0, 255, 0, 0
L 720, 2690, 0, 720, 2630, 0, 255, 0, 0
L 800, 2690, 0, 770, 2690, 0, 255, 0, 0
L 770, 2630, 0, 800, 2630, 0, 255, 0, 0
L 770, 2690, 0, 770, 2630, 0, 255, 0, 0
L 820, 2630, 0, 850, 2630, 0, 255, 0, 0
L 820, 2690, 0, 850, 2690, 0, 255, 0, 0
L 820, 2630, 0, 820, 2690, 0, 255, 0, 0
L 850, 2630, 0, 850, 2690, 0, 255, 0, 0
L 870, 2630, 0, 870, 2660, 0, 255, 0, 0
L 870, 2660, 0, 870, 2690, 0, 255, 0, 0
L 870, 2660, 0, 890, 2660, 0, 255, 0, 0
L 910, 2660, 0, 910, 2630, 0, 255, 0, 0
L 870, 2630, 0, 910, 2630, 0, 255, 0, 0
L 890, 2660, 0, 910, 2660, 0, 255, 0, 0
L 910, 2690, 0, 890, 2660, 0, 255, 0, 0
L 620, 2720, 0, 620, 2780, 0, 255, 255, 0
L 600, 2720, 0, 640, 2720, 0, 255, 255, 0
L 660, 2750, 0, 690, 2750, 0, 255, 255, 0
L 660, 2780, 0, 690, 2780, 0, 255, 255, 0
L 660, 2720, 0, 660, 2780, 0, 255, 255, 0
L 690, 2720, 0, 660, 2720, 0, 255, 255, 0
L 710, 2720, 0, 710, 2780, 0, 255, 255, 0
L 750, 2780, 0, 710, 2780, 0, 255, 255, 0
L 770, 2750, 0, 800, 2750, 0, 255, 255, 0
L 770, 2780, 0, 800, 2780, 0, 255, 255, 0
L 770, 2720, 0, 770, 2780, 0, 255, 255, 0
L 800, 2720, 0, 770, 2720, 0, 255, 255, 0
L 850, 2750, 0, 820, 2750, 0, 255, 255, 0
L 850, 2720, 0, 850, 2750, 0, 255, 255, 0
L 820, 2720, 0, 850, 2720, 0, 255, 255, 0
L 820, 2780, 0, 820, 2720, 0, 255, 255, 0
L 870, 2720, 0, 900, 2720, 0, 255, 255, 0
L 870, 2780, 0, 900, 2780, 0, 255, 255, 0
L 870, 2720, 0, 870, 2780, 0, 255, 255, 0
L 900, 2720, 0, 900, 2780, 0, 255, 255, 0
L 920, 2720, 0, 920, 2750, 0, 255, 255, 0
L 920, 2750, 0, 920, 2780, 0, 255, 255, 0
L 920, 2750, 0, 940, 2750, 0, 255, 255, 0
L 960, 2750, 0, 960, 2720, 0, 255, 255, 0
L 920, 2720, 0, 960, 2720, 0, 255, 255, 0
L 940, 2750, 0, 960, 2750, 0, 255, 255, 0
L 960, 2780, 0, 940, 2750, 0, 255, 255, 0
L 1000, 2720, 0, 1000, 2780, 0, 255, 255, 0
L 980, 2720, 0, 1020, 2720, 0, 255, 255, 0
L 620, 2810, 0, 620, 2870, 0, 128, 0, 128
L 600, 2810, 0, 640, 2810, 0, 128, 0, 128
L 660, 2810, 0, 660, 2840, 0, 128, 0, 128
L 660, 2840, 0, 660, 2870, 0, 128, 0, 128
L 660, 2840, 0, 680, 2840, 0, 128, 0, 128
L 700, 2840, 0, 700, 2810, 0, 128, 0, 128
L 660, 2810, 0, 700, 2810, 0, 128, 0, 128
L 680, 2840, 0, 700, 2840, 0, 128, 0, 128
L 700, 2870, 0, 680, 2840, 0, 128, 0, 128
L 730, 2840, 0, 750, 2840, 0, 128, 0, 128
L 740, 2810, 0, 760, 2870, 0, 128, 0, 128
L 720, 2870, 0, 740, 2810, 0, 128, 0, 128
L 790, 2870, 0, 790, 2810, 0, 128, 0, 128
L 800, 2870, 0, 780, 2870, 0, 128, 0, 128
L 810, 2840, 0, 800, 2870, 0, 128, 0, 128
L 800, 2810, 0, 810, 2840, 0, 128, 0, 128
L 780, 2810, 0, 800, 2810, 0, 128, 0, 128
L 830, 2840, 0, 860, 2840, 0, 128, 0, 128
L 830, 2870, 0, 860, 2870, 0, 128, 0, 128
L 830, 2810, 0, 830, 2870, 0, 128, 0, 128
L 860, 2810, 0, 830, 2810, 0, 128, 0, 128
L 880, 2810, 0, 880, 2840, 0, 128, 0, 128
L 880, 2870, 0, 920, 2870, 0, 128, 0, 128
L 920, 2840, 0, 880, 2840, 0, 128, 0, 128
L 880, 2810, 0, 920, 2810, 0, 128, 0, 128
L 920, 2840, 0, 920, 2870, 0, 128, 0, 128
L 940, 2810, 0, 940, 2840, 0, 128, 0, 128
L 940, 2840, 0, 940, 2870, 0, 128, 0, 128
L 940, 2840, 0, 980, 2870, 0, 128, 0, 128
L 940, 2840, 0, 980, 2810, 0, 128, 0, 128
L 1000, 2810, 0, 1000, 2870, 0, 128, 0, 128
L 1020, 2810, 0, 1020, 2870, 0, 128, 0, 128
L 1060, 2870, 0, 1020, 2870, 0, 128, 0, 128
L 1080, 2810, 0, 1080, 2870, 0, 128, 0, 128
L 1120, 2870, 0, 1080, 2870, 0, 128, 0, 128
L 1230, 2870, 0, 1200, 2870, 0, 128, 0, 128
L 1200, 2810, 0, 1230, 2810, 0, 128, 0, 128
L 1200, 2870, 0, 1200, 2810, 0, 128, 0, 128
L 1250, 2810, 0, 1280, 2810, 0, 128, 0, 128
L 1250, 2870, 0, 1280, 2870, 0, 128, 0, 128
L 1250, 2810, 0, 1250, 2870, 0, 128, 0, 128
L 1280, 2810, 0, 1280, 2870, 0, 128, 0, 128
L 1330, 2870, 0, 1330, 2810, 0, 128, 0, 128
L 1300, 2810, 0, 1330, 2870, 0, 128, 0, 128
L 1300, 2870, 0, 1300, 2810, 0, 128, 0, 128
L 1370, 2810, 0, 1370, 2870, 0, 128, 0, 128
L 1350, 2810, 0, 1390, 2810, 0, 128, 0, 128
L 1420, 2840, 0, 1440, 2840, 0, 128, 0, 128
L 1430, 2810, 0, 1450, 2870, 0, 128, 0, 128
L 1410, 2870, 0, 1430, 2810, 0, 128, 0, 128
L 1470, 2810, 0, 1470, 2870, 0, 128, 0, 128
L 1520, 2870, 0, 1520, 2810, 0, 128, 0, 128
L 1490, 2810, 0, 1520, 2870, 0, 128, 0, 128
L 1490, 2870, 0, 1490, 2810, 0, 128, 0, 128
L 1540, 2840, 0, 1570, 2840, 0, 128, 0, 128
L 1540, 2870, 0, 1570, 2870, 0, 128, 0, 128
L 1540, 2810, 0, 1540, 2870, 0, 128, 0, 128
L 1570, 2810, 0, 1540, 2810, 0, 128, 0, 128
L 1590, 2810, 0, 1590, 2840, 0, 128, 0, 128
L 1590, 2840, 0, 1590, 2870, 0, 128, 0, 128
L 1590, 2840, 0, 1610, 2840, 0, 128, 0, 128
L 1630, 2840, 0, 1630, 2810, 0, 128, 0, 128
L 1590, 2810, 0, 1630, 2810, 0, 128, 0, 128
L 1610, 2840, 0, 1630, 2840, 0, 128, 0, 128
L 1630, 2870, 0, 1610, 2840, 0, 128, 0, 128
L 620, 2900, 0, 620, 2960, 0, 255, 255, 0
L 600, 2900, 0, 640, 2900, 0, 255, 255, 0
L 660, 2900, 0, 660, 2930, 0, 255, 255, 0
L 660, 2930, 0, 660, 2960, 0, 255, 255, 0
L 660, 2930, 0, 680, 2930, 0, 255, 255, 0
L 700, 2930, 0, 700, 2900, 0, 255, 255, 0
L 660, 2900, 0, 700, 2900, 0, 255, 255, 0
L 680, 2930, 0, 700, 2930, 0, 255, 255, 0
L 700, 2960, 0, 680, 2930, 0, 255, 255, 0
L 730, 2930, 0, 750, 2930, 0, 255, 255, 0
L 740, 2900, 0, 760, 2960, 0, 255, 255, 0
L 720, 2960, 0, 740, 2900, 0, 255, 255, 0
L 810, 2930, 0, 780, 2930, 0, 255, 255, 0
L 810, 2900, 0, 810, 2930, 0, 255, 255, 0
L 780, 2900, 0, 810, 2900, 0, 255, 255, 0
L 780, 2960, 0, 780, 2900, 0, 255, 255, 0
L 630, 2990, 0, 600, 2990, 0, 255, 0, 0
L 600, 3050, 0, 630, 2990, 0, 255, 0, 0
L 600, 3050, 0, 630, 3050, 0, 255, 0, 0
L 650, 2990, 0, 680, 2990, 0, 255, 0, 0
L 650, 3050, 0, 680, 3050, 0, 255, 0, 0
L 650, 2990, 0, 650, 3050, 0, 255, 0, 0
L 680, 2990, 0, 680, 3050, 0, 255, 0, 0
L 730, 3050, 0, 730, 2990, 0, 255, 0, 0
L 700, 2990, 0, 730, 3050, 0, 255, 0, 0
L 700, 3050, 0, 700, 2990, 0, 255, 0, 0
L 750, 3020, 0, 780, 3020, 0, 255, 0, 0
L 750, 3050, 0, 780, 3050, 0, 255, 0, 0
L 750, 2990, 0, 750, 3050, 0, 255, 0, 0
L 780, 2990, 0, 750, 2990, 0, 255, 0, 0
P -400, 1300, 0, 0, 0, 0, 2, The_Morbid_Laboratory_(MIRH)
P -400, 1500, 0, 0, 0, 0, 2, Original_Map:_Brewall_Rainsinger_(Cazic-Thule)
P -400, 1700, 0, 0, 0, 0, 2, http://www.eqmaps.info
P -400, 1900, 0, 0, 0, 0, 2, Return_of_the_Exiled_(www.roteguild.org)
P -400, 2100, 0, 127, 64, 0, 2, Bone-Riddled_Dervish
P -400, 2300, 0, 127, 64, 0, 2, Chirping_Construct
P -400, 2500, 0, 127, 64, 0, 2, Confused_Holgresh
