L 39.0, 358.0, 17.0, 39.0, 359.0, 17.0, 0, 0, 0
L 13.4, 219.0, 0.0, 2.6, 219.0, 0.0, 0, 0, 0
L 114.4, 433.6, 16.5, 114.4, 416.6, 16.5, 0, 0, 0
L 114.4, 416.6, 16.5, 36.8, 416.6, 16.5, 0, 0, 0
L 36.8, 416.6, 16.5, 27.9, 407.7, 16.5, 0, 0, 0
L 27.9, 407.7, 16.5, 27.9, 400.6, 16.5, 0, 0, 0
L 27.9, 400.6, 16.5, 15.1, 400.6, 16.5, 0, 0, 0
L 15.1, 416.6, 16.5, 15.1, 400.6, 16.5, 0, 0, 0
L 15.1, 438.3, 16.5, 15.1, 445.4, 16.9, 0, 0, 0
L 15.1, 445.4, 16.9, 43.9, 445.4, 16.5, 0, 0, 0
L 43.9, 445.4, 16.5, 43.9, 428.4, 16.5, 0, 0, 0
L 43.9, 428.4, 16.5, 69.6, 428.4, 16.5, 0, 0, 0
L 69.6, 428.4, 16.5, 69.6, 445.4, 16.5, 0, 0, 0
L 69.6, 445.4, 16.5, 119.6, 445.4, 16.5, 0, 0, 0
L 119.6, 445.4, 16.5, 119.6, 448.0, 15.2, 0, 0, 0
L 119.6, 465.8, 6.1, 119.6, 494.4, 6.1, 0, 0, 0
L 119.6, 494.4, 6.0, 176.9, 494.4, 6.0, 0, 0, 0
L 176.9, 494.4, 6.0, 180.4, 494.4, 6.0, 0, 0, 0
L 180.4, 494.4, 6.0, 180.4, 433.6, 6.0, 0, 0, 0
L 180.4, 433.6, 6.0, 131.0, 433.6, 6.0, 0, 0, 0
L 131.0, 433.6, 6.0, 129.0, 433.6, 16.5, 0, 0, 0
L 129.0, 433.6, 16.5, 114.4, 433.6, 16.5, 0, 0, 0
L -296.6, 242.6, 16.5, -296.6, 260.1, 16.5, 0, 0, 0
L -296.6, 260.1, 16.5, -286.9, 260.1, 16.5, 0, 0, 0
L 119.6, 445.4, 16.5, 129.0, 445.4, 16.5, 150, 150, 150
L 129.1, 445.4, 16.5, 129.1, 445.6, 16.5, 150, 150, 150
L 129.0, 433.6, 16.5, 129.0, 445.4, 16.5, 150, 150, 150
L 129.0, 445.4, 16.5, 129.1, 445.4, 16.5, 150, 150, 150
L 119.6, 465.8, 6.1, 129.1, 465.8, 6.1, 150, 150, 150
L 129.0, 445.4, 16.5, 129.0, 448.0, 15.2, 150, 150, 150
L 119.6, 455.6, 11.3, 119.6, 458.2, 10.0, 0, 0, 0
L 129.0, 455.6, 11.3, 129.0, 458.2, 10.0, 150, 150, 150
L 119.6, 455.6, 11.3, 129.0, 455.6, 11.3, 150, 150, 150
L 119.6, 450.5, 13.9, 119.6, 453.1, 12.6, 0, 0, 0
L 129.0, 450.5, 13.9, 129.0, 453.1, 12.6, 150, 150, 150
L 119.6, 450.5, 13.9, 129.0, 450.5, 13.9, 150, 150, 150
L 119.6, 448.0, 15.2, 119.6, 450.5, 13.9, 0, 0, 0
L 129.0, 448.0, 15.2, 129.0, 450.5, 13.9, 150, 150, 150
L 119.6, 448.0, 15.2, 129.0, 448.0, 15.2, 150, 150, 150
L 119.6, 460.7, 8.7, 119.6, 463.3, 7.4, 0, 0, 0
L 129.1, 460.7, 8.7, 129.1, 463.3, 7.4, 150, 150, 150
L 119.6, 460.7, 8.7, 129.1, 460.7, 8.7, 150, 150, 150
L 119.6, 458.2, 10.0, 119.6, 460.7, 8.7, 0, 0, 0
L 129.0, 458.2, 10.0, 129.1, 460.7, 8.7, 150, 150, 150
L 119.6, 458.2, 10.0, 129.0, 458.2, 10.0, 150, 150, 150
L 119.6, 453.1, 12.6, 119.6, 455.6, 11.3, 0, 0, 0
L 129.0, 453.1, 12.6, 129.0, 455.6, 11.3, 150, 150, 150
L 119.6, 453.1, 12.6, 129.0, 453.1, 12.6, 150, 150, 150
L 119.6, 463.3, 7.4, 119.6, 465.8, 6.1, 0, 0, 0
L 129.1, 463.3, 7.4, 129.1, 465.8, 6.1, 150, 150, 150
L 119.6, 463.3, 7.4, 129.1, 463.3, 7.4, 150, 150, 150
L -64.5, 281.2, 6.2, -64.6, 251.0, 6.2, 150, 150, 150
L -72.8, 281.2, 10.3, -68.7, 281.2, 8.3, 0, 0, 0
L -56.2, 281.2, 2.1, -52.0, 281.2, 0.0, 0, 0, 0
L -60.3, 281.2, 4.1, -56.2, 281.2, 2.1, 0, 0, 0
L -52.0, 297.9, 8.3, -52.0, 302.1, 10.3, 0, 0, 0
L -52.0, 293.7, 6.2, -52.0, 297.9, 8.3, 0, 0, 0
L -52.0, 302.1, 10.3, -52.0, 306.2, 12.4, 0, 0, 0
L -52.0, 289.5, 4.1, -52.0, 293.7, 6.2, 0, 0, 0
L -21.8, 310.4, 14.4, -21.8, 306.2, 12.4, 0, 0, 0
L -100.0, 281.2, 16.5, -85.3, 281.2, 16.5, 0, 0, 0
L -21.8, 297.9, 8.3, -21.8, 293.7, 6.2, 0, 0, 0
L -21.8, 302.1, 10.3, -21.8, 297.9, 8.3, 0, 0, 0
L -52.0, 306.2, 12.4, -52.0, 310.4, 14.4, 0, 0, 0
L -52.0, 297.9, 8.3, -21.8, 297.9, 8.3, 150, 150, 150
L -52.0, 285.4, 2.1, -52.0, 289.5, 4.1, 0, 0, 0
L -52.0, 302.1, 10.3, -21.8, 302.1, 10.3, 150, 150, 150
L -52.0, 310.4, 14.4, -52.0, 314.6, 16.5, 0, 0, 0
L -21.8, 285.4, 2.1, -21.8, 281.2, 0.0, 0, 0, 0
L -52.0, 310.4, 14.4, -21.8, 310.4, 14.4, 150, 150, 150
L -64.5, 281.2, 6.2, -60.3, 281.2, 4.1, 0, 0, 0
L -21.8, 293.7, 6.2, -21.8, 289.5, 4.1, 0, 0, 0
L -21.8, 281.2, 0.0, -52.0, 281.2, 0.0, 150, 150, 150
L -56.2, 251.0, 2.1, -52.0, 251.0, 0.0, 0, 0, 0
L -52.0, 306.2, 12.4, -21.8, 306.2, 12.4, 150, 150, 150
L -85.5, 251.0, 16.5, -81.3, 251.0, 14.4, 0, 0, 0
L -52.0, 285.4, 2.1, -21.8, 285.4, 2.1, 150, 150, 150
L -52.0, 289.5, 4.1, -21.8, 289.5, 4.1, 150, 150, 150
L -85.3, 251.0, 16.5, -85.5, 251.0, 16.5, 0, 0, 0
L -100.0, 271.7, 16.5, -100.0, 281.2, 16.5, 0, 0, 0
L -21.8, 306.2, 12.4, -21.8, 302.1, 10.3, 0, 0, 0
L -68.7, 281.2, 8.3, -64.5, 281.2, 6.2, 0, 0, 0
L -85.5, 251.0, 16.5, -100.0, 251.0, 16.5, 0, 0, 0
L -21.8, 289.5, 4.1, -21.8, 285.4, 2.1, 0, 0, 0
L -85.3, 281.2, 16.5, -81.2, 281.2, 14.4, 0, 0, 0
L -85.3, 281.2, 16.5, -85.3, 251.0, 16.5, 150, 150, 150
L -52.0, 293.7, 6.2, -21.8, 293.7, 6.2, 150, 150, 150
L -21.8, 329.2, 16.5, -21.8, 315.0, 16.5, 0, 0, 0
L -64.6, 251.0, 6.2, -60.4, 251.0, 4.1, 0, 0, 0
L -81.2, 281.2, 14.4, -77.0, 281.2, 12.4, 0, 0, 0
L -52.0, 281.2, 0.0, -52.0, 285.4, 2.1, 0, 0, 0
L -81.3, 251.0, 14.4, -77.1, 251.0, 12.4, 0, 0, 0
L -72.8, 281.2, 10.3, -72.9, 251.0, 10.3, 150, 150, 150
L -77.1, 251.0, 12.4, -72.9, 251.0, 10.3, 0, 0, 0
L -5.8, 235.0, 0.0, -23.1, 235.0, 0.0, 0, 0, 0
L -21.8, 314.6, 16.5, -21.8, 310.4, 14.4, 0, 0, 0
L -68.8, 251.0, 8.3, -64.6, 251.0, 6.2, 0, 0, 0
L -100.0, 251.0, 16.5, -100.0, 260.5, 16.5, 0, 0, 0
L -77.0, 281.2, 12.4, -77.1, 251.0, 12.4, 150, 150, 150
L -68.7, 281.2, 8.3, -68.8, 251.0, 8.3, 150, 150, 150
L -5.8, 281.2, 0.0, -5.8, 235.0, 0.0, 0, 0, 0
L -52.0, 235.0, 0.0, -52.0, 251.0, 0.0, 0, 0, 0
L -56.2, 281.2, 2.1, -56.2, 251.0, 2.1, 150, 150, 150
L -21.8, 315.0, 16.5, -21.8, 314.6, 16.5, 0, 0, 0
L -81.2, 281.2, 14.4, -81.3, 251.0, 14.4, 150, 150, 150
L -77.0, 281.2, 12.4, -72.8, 281.2, 10.3, 0, 0, 0
L -52.0, 251.0, 0.0, -52.0, 281.2, 0.0, 150, 150, 150
L -72.9, 251.0, 10.3, -68.8, 251.0, 8.3, 0, 0, 0
L -60.3, 281.2, 4.1, -60.4, 251.0, 4.1, 150, 150, 150
L -5.8, 281.2, 0.0, -21.8, 281.2, 0.0, 0, 0, 0
L -60.4, 251.0, 4.1, -56.2, 251.0, 2.1, 0, 0, 0
L -52.0, 314.6, 16.5, -21.8, 314.6, 16.5, 150, 150, 150
L -34.4, 235.0, 0.0, -52.0, 235.0, 0.0, 0, 0, 0
L -294.7, -389.0, -10.3, -294.8, -419.2, -10.3, 150, 150, 150
L -252.0, -372.3, -8.2, -252.0, -376.5, -10.3, 0, 0, 0
L -252.0, -368.1, -6.2, -252.0, -372.3, -8.2, 0, 0, 0
L -282.2, -372.3, -8.2, -252.0, -372.3, -8.2, 150, 150, 150
L -282.2, -368.1, -6.2, -252.0, -368.1, -6.2, 150, 150, 150
L -282.2, -364.0, -4.1, -282.2, -359.8, -2.1, 0, 0, 0
L -282.2, -359.8, -2.1, -252.0, -359.8, -2.1, 150, 150, 150
L -252.0, -384.8, -14.4, -252.0, -389.0, -16.5, 0, 0, 0
L -286.4, -419.2, -14.4, -282.2, -419.2, -16.5, 0, 0, 0
L -282.2, -359.8, -2.1, -282.2, -355.6, 0.0, 0, 0, 0
L -282.2, -380.7, -12.4, -282.2, -376.5, -10.3, 0, 0, 0
L -252.0, -359.8, -2.1, -252.0, -364.0, -4.1, 0, 0, 0
L -282.2, -368.1, -6.2, -282.2, -364.0, -4.1, 0, 0, 0
L -252.0, -376.5, -10.3, -252.0, -380.7, -12.4, 0, 0, 0
L -282.2, -372.3, -8.2, -282.2, -368.1, -6.2, 0, 0, 0
L -282.2, -384.8, -14.4, -282.2, -380.7, -12.4, 0, 0, 0
L -303.0, -389.0, -6.2, -298.9, -389.0, -8.2, 0, 0, 0
L -290.5, -389.0, -12.4, -286.4, -389.0, -14.4, 0, 0, 0
L -282.2, -376.5, -10.3, -282.2, -372.3, -8.2, 0, 0, 0
L -252.0, -389.0, -16.5, -282.2, -389.0, -16.5, 150, 150, 150
L -294.7, -389.0, -10.3, -290.5, -389.0, -12.4, 0, 0, 0
L -236.0, -389.0, -16.5, -252.0, -389.0, -16.5, 0, 0, 0
L -307.2, -389.0, -4.1, -307.3, -419.2, -4.1, 150, 150, 150
L -236.0, -435.2, -16.5, -282.2, -435.2, -16.5, 0, 0, 0
L -282.2, -435.2, -16.5, -282.2, -419.2, -16.5, 0, 0, 0
L -298.9, -389.0, -8.2, -299.0, -419.2, -8.2, 150, 150, 150
L -299.0, -419.2, -8.2, -294.8, -419.2, -10.3, 0, 0, 0
L -282.2, -355.6, 0.0, -252.0, -355.6, 0.0, 150, 150, 150
L -303.0, -389.0, -6.2, -303.1, -419.2, -6.2, 150, 150, 150
L -294.8, -419.2, -10.3, -290.6, -419.2, -12.4, 0, 0, 0
L -311.4, -389.0, -2.1, -307.2, -389.0, -4.1, 0, 0, 0
L -311.4, -389.0, -2.1, -311.5, -419.2, -2.1, 150, 150, 150
L -290.5, -389.0, -12.4, -290.6, -419.2, -12.4, 150, 150, 150
L -303.1, -419.2, -6.2, -299.0, -419.2, -8.2, 0, 0, 0
L -282.2, -389.0, -16.5, -282.2, -384.8, -14.4, 0, 0, 0
L -311.5, -419.2, -2.1, -307.3, -419.2, -4.1, 0, 0, 0
L -286.4, -389.0, -14.4, -282.2, -389.0, -16.5, 0, 0, 0
L -290.6, -419.2, -12.4, -286.4, -419.2, -14.4, 0, 0, 0
L -252.0, -355.6, 0.0, -252.0, -359.8, -2.1, 0, 0, 0
L -307.2, -389.0, -4.1, -303.0, -389.0, -6.2, 0, 0, 0
L -286.4, -389.0, -14.4, -286.4, -419.2, -14.4, 150, 150, 150
L -307.3, -419.2, -4.1, -303.1, -419.2, -6.2, 0, 0, 0
L -282.2, -419.2, -16.5, -282.2, -389.0, -16.5, 150, 150, 150
L -315.5, -419.2, 0.0, -315.7, -419.2, 0.0, 0, 0, 0
L -282.2, -364.0, -4.1, -252.0, -364.0, -4.1, 150, 150, 150
L -252.0, -380.7, -12.4, -252.0, -384.8, -14.4, 0, 0, 0
L -282.2, -376.5, -10.3, -252.0, -376.5, -10.3, 150, 150, 150
L -298.9, -389.0, -8.2, -294.7, -389.0, -10.3, 0, 0, 0
L -282.2, -380.7, -12.4, -252.0, -380.7, -12.4, 150, 150, 150
L -252.0, -364.0, -4.1, -252.0, -368.1, -6.2, 0, 0, 0
L -282.2, -384.8, -14.4, -252.0, -384.8, -14.4, 150, 150, 150
L -315.7, -419.2, 0.0, -311.5, -419.2, -2.1, 0, 0, 0
L -315.5, -389.0, 0.0, -315.5, -419.2, 0.0, 150, 150, 150
L -315.5, -389.0, 0.0, -311.4, -389.0, -2.1, 0, 0, 0
L -236.0, -435.2, -16.5, -236.0, -389.0, -16.5, 0, 0, 0
L -243.0, -168.7, -0.0, -259.0, -184.7, -0.0, 0, 0, 0
L -243.0, -138.0, -0.0, -243.0, -168.7, -0.0, 0, 0, 0
L -321.7, -186.0, -0.0, -337.6, -186.0, -0.0, 0, 0, 0
L -34.4, 220.4, 0.0, -34.4, 228.2, 0.0, 0, 0, 0
L -7.1, -5.0, 0.0, 0.4, -5.0, 0.0, 0, 0, 0
L -50.0, -21.0, 0.0, -7.1, -21.0, 0.0, 0, 0, 0
L -50.0, 22.4, 0.0, -50.0, -21.0, 0.0, 0, 0, 0
L -26.0, 22.4, 0.0, -26.0, 38.0, 0.0, 0, 0, 0
L -7.0, 38.0, 0.0, 9.0, 54.0, 0.0, 0, 0, 0
L -26.0, 38.0, 0.0, -7.0, 38.0, 0.0, 0, 0, 0
L -33.0, 36.6, 0.0, -33.0, 22.4, 0.0, 0, 0, 0
L 55.1, -52.6, 0.0, 35.9, -52.6, 0.0, 0, 0, 0
L 67.9, -36.6, 0.0, 67.9, -81.4, 0.0, 0, 0, 0
L 23.1, 42.9, 0.0, 23.1, 5.0, 0.0, 0, 0, 0
L 51.9, -22.4, 0.0, 51.9, 6.4, 0.0, 0, 0, 0
L 51.9, -22.4, 0.0, 35.9, -22.4, 0.0, 0, 0, 0
L -7.1, -5.0, 0.0, -7.1, -21.0, 0.0, 0, 0, 0
L 51.9, 6.4, 0.0, 44.9, 6.4, 0.0, 0, 0, 0
L 23.1, -81.4, 0.0, 23.1, -29.1, 0.0, 0, 0, 0
L -7.1, 22.4, 0.0, -26.0, 22.4, 0.0, 0, 0, 0
L -7.1, 5.0, 0.0, -7.1, 22.4, 0.0, 0, 0, 0
L -33.0, 22.4, 0.0, -50.0, 22.4, 0.0, 0, 0, 0
L 35.9, 42.9, 0.0, 23.1, 42.9, 0.0, 0, 0, 0
L 13.4, 193.0, 0.0, 13.4, 177.0, 0.0, 0, 0, 0
L 35.9, 15.3, 0.0, 35.9, 42.9, 0.0, 0, 0, 0
L 44.9, 6.4, 0.0, 35.9, 15.3, 0.0, 0, 0, 0
L 55.1, -36.6, 0.0, 67.9, -36.6, 0.0, 0, 0, 0
L 67.9, -81.4, 0.0, 23.1, -81.4, 0.0, 0, 0, 0
L 55.1, -52.6, 0.0, 55.1, -36.6, 0.0, 0, 0, 0
L 68.0, 176.0, 0.0, 68.0, 220.0, 0.0, 0, 0, 0
L 2.6, 177.0, 0.0, 13.4, 177.0, 0.0, 0, 0, 0
L 68.0, 220.0, 0.0, 23.0, 220.0, 0.0, 0, 0, 0
L 23.0, 193.0, 0.0, 23.0, 176.0, 0.0, 0, 0, 0
L -6.0, 161.0, 0.0, -23.1, 161.0, 0.0, 0, 0, 0
L 9.0, 147.0, 0.0, -6.0, 161.0, 0.0, 0, 0, 0
L 9.0, 54.0, 0.0, 9.0, 147.0, 0.0, 0, 0, 0
L -142.0, 85.0, 0.0, -159.0, 102.0, 0.0, 0, 0, 0
L 23.0, 176.0, 0.0, 68.0, 176.0, 0.0, 0, 0, 0
L 13.4, 193.0, 0.0, 23.0, 193.0, 0.0, 0, 0, 0
L -51.9, 190.9, 0.0, -34.4, 173.4, 0.0, 0, 0, 0
L 2.6, 203.0, 0.0, -4.5, 203.0, 0.0, 0, 0, 0
L -34.4, 161.0, 0.0, -85.0, 161.0, 0.0, 0, 0, 0
L -85.0, 161.0, 0.0, -100.0, 146.0, 0.0, 0, 0, 0
L -287.0, -108.0, 0.0, -272.7, -108.0, 0.0, 0, 0, 0
L -287.0, -79.0, 0.0, -287.0, -108.0, 0.0, 0, 0, 0
L 23.0, 220.0, 0.0, 23.0, 202.9, 0.0, 0, 0, 0
L -100.0, 146.0, 0.0, -100.0, 112.0, 0.0, 0, 0, 0
L -168.0, 54.0, 0.0, -212.0, 54.0, 0.0, 0, 0, 0
L -259.0, -94.0, 0.0, -259.0, -92.0, 0.0, 0, 0, 0
L -212.0, 54.0, 0.0, -212.0, -7.0, 0.0, 0, 0, 0
L -259.0, -92.0, 0.0, -259.0, -79.0, 0.0, 0, 0, 0
L -259.0, -79.0, 0.0, -287.0, -79.0, 0.0, 0, 0, 0
L -258.0, -95.0, 0.0, -259.0, -94.0, 0.0, 0, 0, 0
L -166.0, 53.0, 0.0, -168.0, 54.0, 0.0, 0, 0, 0
L 2.6, 191.6, 0.0, 2.6, 177.0, 0.0, 0, 0, 0
L 2.6, 191.6, 0.0, -14.2, 191.6, 0.0, 0, 0, 0
L -14.2, 191.6, 0.0, -23.1, 182.7, 0.0, 0, 0, 0
L 23.0, 202.9, 0.0, 13.4, 202.9, 0.0, 0, 0, 0
L 13.4, 202.9, 0.0, 13.4, 219.0, 0.0, 0, 0, 0
L -34.4, 161.0, 0.0, -34.4, 167.9, 0.0, 0, 0, 0
L -51.9, 220.4, 0.0, -51.9, 190.9, 0.0, 0, 0, 0
L -51.9, 220.4, 0.0, -38.3, 220.4, 0.0, 0, 0, 0
L -38.3, 220.4, 0.0, -34.4, 220.4, 0.0, 0, 0, 0
L 2.6, 219.0, 0.0, 2.6, 203.0, 0.0, 0, 0, 0
L -289.2, -153.5, -0.0, -321.7, -186.0, -0.0, 0, 0, 0
L -337.6, -186.0, -0.0, -353.2, -217.3, -0.0, 0, 0, 0
L -353.2, -217.3, -0.0, -353.2, -232.9, -0.0, 0, 0, 0
L -289.2, -296.7, -0.0, -289.2, -312.2, -0.0, 0, 0, 0
L -260.5, -312.2, -0.0, -243.0, -312.2, -0.0, 0, 0, 0
L -243.0, -281.5, -0.0, -259.0, -265.5, -0.0, 0, 0, 0
L -353.2, -232.9, -0.0, -337.5, -264.2, -0.0, 0, 0, 0
L -337.5, -264.2, -0.0, -321.7, -264.2, -0.0, 0, 0, 0
L -243.0, -138.0, -0.0, -259.5, -138.0, 0.0, 0, 0, 0
L -289.2, -312.2, -0.0, -271.7, -312.2, 0.0, 0, 0, 0
L -243.0, -312.2, -0.0, -243.0, -281.5, -0.0, 0, 0, 0
L -272.7, -138.0, 0.0, -289.2, -138.0, -0.0, 0, 0, 0
L -321.7, -264.2, -0.0, -289.2, -296.7, -0.0, 0, 0, 0
L -289.2, -138.0, -0.0, -289.2, -153.5, -0.0, 0, 0, 0
L -233.0, -231.0, 0.0, -188.0, -231.0, 0.0, 0, 0, 0
L -232.0, -206.0, 0.0, -233.0, -207.0, 0.0, 0, 0, 0
L -213.0, -202.0, 0.0, -213.0, -205.0, 0.0, 0, 0, 0
L -213.0, -205.0, 0.0, -215.0, -206.0, 0.0, 0, 0, 0
L -233.0, -207.0, 0.0, -233.0, -220.0, 0.0, 0, 0, 0
L -260.5, -312.2, -0.0, -260.5, -341.0, 0.0, 0, 0, 0
L -252.0, -341.0, 0.0, -252.0, -355.2, 0.0, 0, 0, 0
L -282.2, -355.6, 0.0, -282.2, -341.0, 0.0, 0, 0, 0
L -330.2, -389.0, 0.0, -315.5, -389.0, 0.0, 0, 0, 0
L -386.4, -397.0, 0.0, -441.0, -397.0, 0.0, 0, 0, 0
L -342.0, -381.0, 0.0, -386.0, -381.0, 0.0, 0, 0, 0
L -342.0, -398.6, 0.0, -342.0, -381.0, 0.0, 0, 0, 0
L -396.0, -409.9, 0.0, -380.1, -409.9, 0.0, 0, 0, 0
L -386.4, -381.1, 0.0, -386.4, -397.0, 0.0, 0, 0, 0
L -370.0, -426.0, 0.0, -369.0, -426.0, 0.0, 0, 0, 0
L -357.0, -426.0, 0.0, -356.0, -425.0, 0.0, 0, 0, 0
L -380.1, -409.9, 0.0, -371.0, -419.0, 0.0, 0, 0, 0
L -396.0, -426.0, 0.0, -396.0, -409.9, 0.0, 0, 0, 0
L -441.0, -397.0, 0.0, -441.0, -426.0, 0.0, 0, 0, 0
L -370.0, -420.0, 0.0, -370.0, -426.0, 0.0, 0, 0, 0
L -330.2, -408.4, 0.0, -334.6, -408.4, 0.0, 0, 0, 0
L -356.0, -425.0, 0.0, -339.4, -408.4, 0.0, 0, 0, 0
L -441.0, -426.0, 0.0, -396.0, -426.0, 0.0, 0, 0, 0
L -369.0, -426.0, 0.0, -357.0, -426.0, 0.0, 0, 0, 0
L -371.0, -419.0, 0.0, -370.0, -420.0, 0.0, 0, 0, 0
L -315.7, -419.2, 0.0, -330.2, -419.2, 0.0, 0, 0, 0
L -271.7, -312.2, 0.0, -271.7, -341.0, 0.0, 0, 0, 0
L -260.5, -341.0, 0.0, -252.0, -341.0, 0.0, 0, 0, 0
L -282.2, -341.0, 0.0, -271.7, -341.0, 0.0, 0, 0, 0
L -330.2, -389.0, 0.0, -330.2, -398.5, 0.0, 0, 0, 0
L -330.2, -398.5, 0.0, -330.2, -398.6, 0.0, 0, 0, 0
L -330.2, -408.4, 0.0, -330.2, -419.2, 0.0, 0, 0, 0
L -342.0, -398.6, 0.0, -334.6, -398.6, 0.0, 0, 0, 0
L -336.1, -401.9, 0.0, -336.1, -405.1, 0.0, 205, 133, 63
L -334.6, -398.6, 0.0, -330.2, -398.6, 0.0, 0, 0, 0
L -334.6, -398.6, 0.0, -334.6, -401.9, 0.0, 205, 133, 63
L -336.1, -401.9, 0.0, -333.1, -401.9, 0.0, 205, 133, 63
L -336.1, -405.1, 0.0, -334.6, -405.1, 0.0, 205, 133, 63
L -334.6, -405.1, 0.0, -333.1, -405.1, 0.0, 205, 133, 63
L -334.6, -408.4, 0.0, -339.4, -408.4, 0.0, 0, 0, 0
L -334.6, -405.1, 0.0, -334.6, -408.4, 0.0, 205, 133, 63
L -333.1, -401.9, 0.0, -333.1, -405.1, 0.0, 205, 133, 63
L -242.0, -231.0, 0.0, -258.0, -231.0, 0.0, 0, 0, 0
L -258.0, -231.0, 0.0, -259.0, -231.0, -0.0, 0, 0, 0
L -259.0, -265.5, -0.0, -259.0, -232.2, 0.0, 0, 0, 0
L -259.0, -232.2, 0.0, -259.0, -231.0, -0.0, 0, 0, 0
L -242.0, -231.0, 0.0, -242.0, -229.0, -0.0, 0, 0, 0
L -259.0, -218.0, -0.0, -259.0, -184.7, -0.0, 0, 0, 0
L -259.0, -218.0, -0.0, -242.0, -218.0, -0.0, 0, 0, 0
L -242.0, -220.0, -0.0, -242.0, -218.0, -0.0, 0, 0, 0
L -233.0, -220.0, 0.0, -242.0, -220.0, -0.0, 0, 0, 0
L -233.0, -229.0, 0.0, -233.0, -231.0, 0.0, 0, 0, 0
L -233.0, -229.0, 0.0, -242.0, -229.0, -0.0, 0, 0, 0
L -188.0, -231.0, 0.0, -188.0, -202.0, 0.0, 0, 0, 0
L -213.0, -202.0, 0.0, -188.0, -202.0, 0.0, 0, 0, 0
L -215.0, -206.0, 0.0, -232.0, -206.0, 0.0, 0, 0, 0
L -259.5, -138.0, 0.0, -259.5, -125.0, 0.0, 0, 0, 0
L -272.7, -138.0, 0.0, -272.7, -108.0, 0.0, 0, 0, 0
L -214.0, -95.0, 0.0, -234.2, -95.0, 0.0, 0, 0, 0
L -258.0, -125.0, 0.0, -259.5, -125.0, 0.0, 0, 0, 0
L -241.0, -108.0, 0.0, -258.0, -125.0, 0.0, 0, 0, 0
L -241.0, -108.0, 0.0, -234.2, -108.0, 0.0, 0, 0, 0
L -236.5, -99.3, 0.0, -236.5, -103.7, 0.0, 205, 133, 63
L -234.2, -95.0, 0.0, -258.0, -95.0, 0.0, 0, 0, 0
L -234.2, -95.0, 0.0, -234.2, -99.3, 0.0, 205, 133, 63
L -236.5, -99.3, 0.0, -232.0, -99.3, 0.0, 205, 133, 63
L -236.5, -103.7, 0.0, -234.2, -103.7, 0.0, 205, 133, 63
L -234.2, -103.7, 0.0, -232.0, -103.7, 0.0, 205, 133, 63
L -234.2, -108.0, 0.0, -213.0, -108.0, 0.0, 0, 0, 0
L -234.2, -103.7, 0.0, -234.2, -108.0, 0.0, 205, 133, 63
L -232.0, -99.3, 0.0, -232.0, -103.7, 0.0, 205, 133, 63
L -181.8, -29.9, -0.0, -181.8, -14.4, -0.0, 0, 0, 0
L -228.0, -188.6, -0.0, -181.8, -188.6, -0.0, 0, 0, 0
L -149.3, -62.4, -0.0, -181.8, -29.9, -0.0, 0, 0, 0
L -133.5, -62.4, -0.0, -149.3, -62.4, -0.0, 0, 0, 0
L -117.8, -109.3, -0.0, -117.8, -93.7, -0.0, 0, 0, 0
L -181.8, -173.1, -0.0, -149.3, -140.6, -0.0, 0, 0, 0
L -117.8, -93.7, -0.0, -133.5, -62.4, -0.0, 0, 0, 0
L -228.0, -157.9, -0.0, -212.0, -141.9, -0.0, 0, 0, 0
L -133.4, -140.6, -0.0, -117.8, -109.3, -0.0, 0, 0, 0
L -181.8, -188.6, -0.0, -181.8, -173.1, -0.0, 0, 0, 0
L -149.3, -140.6, -0.0, -133.4, -140.6, -0.0, 0, 0, 0
L -228.0, -14.4, -0.0, -228.0, -45.1, -0.0, 0, 0, 0
L -228.0, -188.6, -0.0, -228.0, -157.9, -0.0, 0, 0, 0
L -228.0, -45.1, -0.0, -212.0, -61.1, -0.0, 0, 0, 0
L -213.0, -108.0, 0.0, -212.0, -108.0, -0.0, 0, 0, 0
L -214.0, -95.0, 0.0, -212.0, -95.0, -0.0, 0, 0, 0
L -212.0, -141.9, -0.0, -212.0, -108.0, -0.0, 0, 0, 0
L -212.0, -95.0, -0.0, -212.0, -61.1, -0.0, 0, 0, 0
L -143.4, 289.8, 16.5, -159.4, 273.8, 16.5, 0, 0, 0
L -160.7, 195.3, 16.5, -160.7, 211.1, 16.5, 0, 0, 0
L -238.9, 211.1, 16.5, -238.9, 195.2, 16.5, 0, 0, 0
L -286.9, 243.6, 16.5, -271.4, 243.6, 16.5, 0, 0, 0
L -192.0, 179.6, 16.5, -160.7, 195.3, 16.5, 0, 0, 0
L -286.9, 289.8, 16.5, -256.2, 289.8, 16.5, 0, 0, 0
L -286.9, 260.1, 16.5, -286.9, 243.6, 16.5, 0, 0, 0
L -112.7, 243.6, 16.5, -112.7, 260.5, 16.5, 0, 0, 0
L -160.7, 211.1, 16.5, -128.2, 243.6, 16.5, 0, 0, 0
L -238.9, 195.2, 16.5, -207.6, 179.6, 16.5, 0, 0, 0
L -256.2, 289.8, 16.5, -240.2, 273.8, 16.5, 0, 0, 0
L -207.6, 179.6, 16.5, -192.0, 179.6, 16.5, 0, 0, 0
L -128.2, 243.6, 16.5, -112.7, 243.6, 16.5, 0, 0, 0
L -159.4, 273.8, 16.5, -240.2, 273.8, 16.5, 0, 0, 0
L -271.4, 243.6, 16.5, -238.9, 211.1, 16.5, 0, 0, 0
L -112.7, 289.8, 16.5, -143.4, 289.8, 16.5, 0, 0, 0
L -286.9, 289.8, 16.5, -286.9, 273.3, 16.5, 0, 0, 0
L -100.0, 260.5, 16.5, -112.7, 260.5, 16.5, 0, 0, 0
L -100.0, 271.7, 16.5, -112.7, 271.7, 16.5, 0, 0, 0
L -112.7, 289.8, 16.5, -112.7, 271.7, 16.5, 0, 0, 0
L 35.9, -22.4, 0.0, 35.9, -29.1, 0.0, 0, 0, 0
L 23.1, -29.1, 0.0, 23.1, -5.0, 0.0, 0, 0, 0
L 23.1, -29.1, 0.0, 27.4, -29.1, 0.0, 205, 133, 63
L 27.4, -31.8, 0.0, 27.4, -26.5, 0.0, 205, 133, 63
L 27.4, -31.8, 0.0, 31.6, -31.8, 0.0, 205, 133, 63
L 27.4, -26.5, 0.0, 31.6, -26.5, 0.0, 205, 133, 63
L 31.6, -31.8, 0.0, 31.6, -29.1, 0.0, 205, 133, 63
L 31.6, -29.1, 0.0, 31.6, -26.5, 0.0, 205, 133, 63
L 35.9, -29.1, 0.0, 35.9, -52.6, 0.0, 0, 0, 0
L 31.6, -29.1, 0.0, 35.9, -29.1, 0.0, 205, 133, 63
L 23.1, 5.0, 0.0, 0.4, 5.0, 0.0, 0, 0, 0
L -1.7, 1.7, 0.0, -1.7, -1.7, 0.0, 205, 133, 63
L 0.4, 5.0, 0.0, -7.1, 5.0, 0.0, 0, 0, 0
L 0.4, 5.0, 0.0, 0.4, 1.7, 0.0, 205, 133, 63
L -1.7, 1.7, 0.0, 2.6, 1.7, 0.0, 205, 133, 63
L -1.7, -1.7, 0.0, 0.4, -1.7, 0.0, 205, 133, 63
L 0.4, -1.7, 0.0, 2.6, -1.7, 0.0, 205, 133, 63
L 0.4, -5.0, 0.0, 23.1, -5.0, 0.0, 0, 0, 0
L 0.4, -1.7, 0.0, 0.4, -5.0, 0.0, 205, 133, 63
L 2.6, 1.7, 0.0, 2.6, -1.7, 0.0, 205, 133, 63
L -23.1, 182.7, 0.0, -23.1, 167.9, 0.0, 0, 0, 0
L -34.4, 167.9, 0.0, -34.4, 173.4, 0.0, 0, 0, 0
L -34.4, 167.9, 0.0, -30.6, 167.9, 0.0, 205, 133, 63
L -30.6, 165.6, 0.0, -30.6, 170.3, 0.0, 205, 133, 63
L -30.6, 165.6, 0.0, -26.9, 165.6, 0.0, 205, 133, 63
L -30.6, 170.3, 0.0, -26.9, 170.3, 0.0, 205, 133, 63
L -26.9, 165.6, 0.0, -26.9, 167.9, 0.0, 205, 133, 63
L -26.9, 167.9, 0.0, -26.9, 170.3, 0.0, 205, 133, 63
L -23.1, 167.9, 0.0, -23.1, 161.0, 0.0, 0, 0, 0
L -26.9, 167.9, 0.0, -23.1, 167.9, 0.0, 205, 133, 63
L -23.1, 221.4, 0.0, -4.5, 203.0, 0.0, 0, 0, 0
L -23.1, 221.4, 0.0, -23.1, 228.2, 0.0, 0, 0, 0
L -26.9, 228.2, 0.0, -26.9, 230.5, 0.0, 205, 133, 63
L -30.6, 225.9, 0.0, -30.6, 228.2, 0.0, 205, 133, 63
L -26.9, 225.9, 0.0, -26.9, 228.2, 0.0, 205, 133, 63
L -30.6, 230.5, 0.0, -26.9, 230.5, 0.0, 205, 133, 63
L -26.9, 228.2, 0.0, -23.1, 228.2, 0.0, 205, 133, 63
L -30.6, 225.9, 0.0, -26.9, 225.9, 0.0, 205, 133, 63
L -34.4, 228.2, 0.0, -30.6, 228.2, 0.0, 205, 133, 63
L -34.4, 228.2, 0.0, -34.4, 235.0, 0.0, 0, 0, 0
L -23.1, 228.2, 0.0, -23.1, 235.0, 0.0, 0, 0, 0
L -30.6, 228.2, 0.0, -30.6, 230.5, 0.0, 205, 133, 63
L -52.0, 314.6, 16.5, -52.0, 329.2, 16.5, 0, 0, 0
L 6.2, 429.4, 16.5, 15.1, 438.3, 16.5, 0, 0, 0
L -31.1, 429.4, 16.5, 6.2, 429.4, 16.5, 0, 0, 0
L 15.1, 416.6, 16.5, -31.1, 416.6, 16.5, 0, 0, 0
L -59.9, 416.6, 16.5, -59.9, 429.4, 16.5, 0, 0, 0
L -31.1, 429.4, 16.5, -31.1, 445.4, 16.5, 0, 0, 0
L -60.0, 358.0, 16.5, -53.3, 358.0, 16.5, 0, 0, 0
L -60.0, 386.0, 16.5, -60.0, 358.0, 16.5, 0, 0, 0
L -13.0, 369.0, 16.5, -15.0, 370.0, 16.5, 0, 0, 0
L 39.0, 359.0, 16.5, 39.0, 386.0, 16.5, 0, 0, 0
L -13.0, 359.0, 16.5, -8.0, 359.0, 16.5, 0, 0, 0
L -6.0, 358.0, 16.5, 39.0, 358.0, 16.5, 0, 0, 0
L -8.0, 359.0, 16.5, -6.0, 358.0, 16.5, 0, 0, 0
L -15.0, 371.0, 16.5, -31.1, 387.1, 16.5, 0, 0, 0
L -15.0, 370.0, 16.5, -15.0, 371.0, 16.5, 0, 0, 0
L -6.0, 371.0, 16.5, -8.0, 369.0, 16.5, 0, 0, 0
L -15.0, 342.0, 16.5, -15.0, 357.0, 16.5, 0, 0, 0
L -8.0, 369.0, 16.5, -13.0, 369.0, 16.5, 0, 0, 0
L -15.0, 357.0, 16.5, -13.0, 359.0, 16.5, 0, 0, 0
L -34.9, 396.0, 16.5, -34.9, 398.3, 16.5, 205, 133, 63
L -31.1, 396.0, 16.5, -31.1, 416.6, 16.5, 0, 0, 0
L -34.9, 396.0, 16.5, -31.1, 396.0, 16.5, 205, 133, 63
L -59.9, 416.6, 16.5, -52.8, 416.6, 16.5, 0, 0, 0
L -31.1, 387.1, 16.5, -31.1, 396.0, 16.5, 0, 0, 0
L -52.8, 429.4, 16.5, -59.9, 429.4, 16.5, 0, 0, 0
L -31.1, 445.4, 16.5, -42.4, 445.4, 16.5, 0, 0, 0
L -43.9, 348.7, 16.5, -53.3, 358.0, 16.5, 0, 0, 0
L -38.6, 393.7, 16.5, -34.9, 393.7, 16.5, 205, 133, 63
L -60.0, 386.0, 16.5, -42.4, 386.0, 16.5, 0, 0, 0
L -38.6, 398.3, 16.5, -34.9, 398.3, 16.5, 205, 133, 63
L -38.6, 396.0, 16.5, -38.6, 398.3, 16.5, 205, 133, 63
L -42.4, 396.0, 16.5, -38.6, 396.0, 16.5, 205, 133, 63
L -38.6, 393.7, 16.5, -38.6, 396.0, 16.5, 205, 133, 63
L -34.9, 393.7, 16.5, -34.9, 396.0, 16.5, 205, 133, 63
L -42.4, 396.0, 16.5, -42.4, 386.0, 16.5, 0, 0, 0
L -42.4, 396.0, 16.5, -42.4, 406.2, 16.5, 0, 0, 0
L -52.8, 416.6, 16.5, -43.9, 407.7, 16.5, 0, 0, 0
L -43.9, 407.7, 16.5, -42.4, 406.2, 16.5, 0, 0, 0
L -42.4, 439.8, 16.5, -42.4, 445.4, 16.5, 0, 0, 0
L -52.8, 429.4, 16.5, -42.4, 439.8, 16.5, 0, 0, 0
L -21.8, 329.2, 16.5, -31.1, 329.2, 16.5, 0, 0, 0
L -52.0, 329.2, 16.5, -42.4, 329.2, 16.5, 0, 0, 0
L -34.9, 335.1, 16.5, -31.1, 335.1, 16.5, 205, 133, 63
L -38.6, 335.1, 16.5, -38.6, 337.4, 16.5, 205, 133, 63
L -38.6, 332.8, 16.5, -38.6, 335.1, 16.5, 205, 133, 63
L -38.6, 337.4, 16.5, -34.9, 337.4, 16.5, 205, 133, 63
L -38.6, 332.8, 16.5, -34.9, 332.8, 16.5, 205, 133, 63
L -34.9, 335.1, 16.5, -34.9, 337.4, 16.5, 205, 133, 63
L -42.4, 335.1, 16.5, -38.6, 335.1, 16.5, 205, 133, 63
L -34.9, 332.8, 16.5, -34.9, 335.1, 16.5, 205, 133, 63
L -31.1, 335.1, 16.5, -31.1, 329.2, 16.5, 0, 0, 0
L -42.4, 335.1, 16.5, -42.4, 329.2, 16.5, 0, 0, 0
L -31.1, 342.0, 16.5, -31.1, 335.1, 16.5, 0, 0, 0
L -15.0, 342.0, 16.5, -31.1, 342.0, 16.5, 0, 0, 0
L -42.4, 342.0, 16.5, -42.4, 335.1, 16.5, 0, 0, 0
L -43.9, 342.0, 16.5, -43.9, 348.7, 16.5, 0, 0, 0
L -42.4, 342.0, 16.5, -43.9, 342.0, 16.5, 0, 0, 0
L -6.0, 371.0, 16.5, -6.0, 386.0, 16.5, 0, 0, 0
L 39.0, 386.0, 16.5, -6.0, 386.0, 16.5, 0, 0, 0
L -100.0, 112.0, 0.0, -107.5, 112.0, 0.0, 0, 0, 0
L -109.0, 108.7, 0.0, -109.0, 105.3, 0.0, 205, 133, 63
L -107.5, 112.0, 0.0, -107.5, 108.7, 0.0, 205, 133, 63
L -109.0, 108.7, 0.0, -106.0, 108.7, 0.0, 205, 133, 63
L -109.0, 105.3, 0.0, -107.5, 105.3, 0.0, 205, 133, 63
L -107.5, 105.3, 0.0, -106.0, 105.3, 0.0, 205, 133, 63
L -107.5, 105.3, 0.0, -107.5, 102.0, 0.0, 205, 133, 63
L -106.0, 108.7, 0.0, -106.0, 105.3, 0.0, 205, 133, 63
L -107.5, 102.0, 0.0, -100.0, 102.0, 0.0, 0, 0, 0
L -100.0, 102.0, 0.0, -100.0, 68.0, 0.0, 0, 0, 0
L -68.0, 52.0, 0.0, -85.0, 52.0, 0.0, 0, 0, 0
L -85.0, 52.0, 0.0, -100.0, 68.0, 0.0, 0, 0, 0
L -33.0, 36.6, 0.0, -52.6, 36.6, 0.0, 0, 0, 0
L -52.6, 36.6, 0.0, -52.8, 36.6, 0.0, 0, 0, 0
L -52.6, 36.6, 0.0, -68.0, 52.0, 0.0, 0, 0, 0
L -201.2, 124.2, -6.2, -205.3, 124.2, -8.2, 0, 0, 0
L -201.2, 94.0, -6.2, -197.2, 94.0, -4.1, 0, 0, 0
L -209.4, 124.2, -10.3, -213.5, 124.2, -12.4, 0, 0, 0
L -209.4, 94.0, -10.3, -209.4, 124.2, -10.3, 150, 150, 150
L -213.5, 94.0, -12.4, -209.4, 94.0, -10.3, 0, 0, 0
L -213.5, 124.2, -12.4, -217.6, 124.2, -14.4, 0, 0, 0
L -217.6, 124.2, -14.4, -221.7, 124.2, -16.5, 0, 0, 0
L -174.0, 94.0, 0.0, -189.0, 94.0, 0.0, 0, 0, 0
L -236.2, 124.2, -16.5, -221.7, 124.2, -16.5, 0, 0, 0
L -221.7, 94.0, -16.5, -236.2, 94.0, -16.5, 0, 0, 0
L -217.6, 94.0, -14.4, -217.6, 124.2, -14.4, 150, 150, 150
L -205.3, 124.2, -8.2, -209.4, 124.2, -10.3, 0, 0, 0
L -201.2, 94.0, -6.2, -201.2, 124.2, -6.2, 150, 150, 150
L -193.1, 94.0, -2.1, -189.0, 94.0, 0.0, 0, 0, 0
L -236.2, 94.0, -16.5, -236.2, 124.2, -16.5, 0, 0, 0
L -189.0, 124.2, 0.0, -174.0, 124.2, 0.0, 0, 0, 0
L -205.3, 94.0, -8.2, -201.2, 94.0, -6.2, 0, 0, 0
L -193.1, 94.0, -2.1, -193.1, 124.2, -2.1, 150, 150, 150
L -213.5, 94.0, -12.4, -213.5, 124.2, -12.4, 150, 150, 150
L -197.2, 94.0, -4.1, -193.1, 94.0, -2.1, 0, 0, 0
L -205.3, 94.0, -8.2, -205.3, 124.2, -8.2, 150, 150, 150
L -217.6, 94.0, -14.4, -213.5, 94.0, -12.4, 0, 0, 0
L -197.2, 124.2, -4.1, -201.2, 124.2, -6.2, 0, 0, 0
L -174.0, 103.5, 0.0, -174.0, 94.0, 0.0, 0, 0, 0
L -197.2, 94.0, -4.1, -197.2, 124.2, -4.1, 150, 150, 150
L -209.4, 94.0, -10.3, -205.3, 94.0, -8.2, 0, 0, 0
L -174.0, 124.2, 0.0, -174.0, 114.7, 0.0, 0, 0, 0
L -221.7, 94.0, -16.5, -221.7, 124.2, -16.5, 150, 150, 150
L -189.0, 124.2, 0.0, -193.1, 124.2, -2.1, 0, 0, 0
L -189.0, 124.2, 0.0, -189.0, 94.0, 0.0, 150, 150, 150
L -193.1, 124.2, -2.1, -197.2, 124.2, -4.1, 0, 0, 0
L -221.7, 94.0, -16.5, -217.6, 94.0, -14.4, 0, 0, 0
L -159.0, 129.0, 0.0, -114.0, 129.0, 0.0, 0, 0, 0
L -107.5, 112.0, 0.0, -114.0, 112.0, 0.0, 0, 0, 0
L -114.0, 129.0, 0.0, -114.0, 112.0, 0.0, 0, 0, 0
L -130.0, 92.0, 0.0, -122.0, 100.0, 0.0, 0, 0, 0
L -122.0, 100.0, 0.0, -120.0, 102.0, 0.0, 0, 0, 0
L -107.5, 102.0, 0.0, -120.0, 102.0, 0.0, 0, 0, 0
L -159.0, 129.0, 0.0, -159.0, 114.7, 0.0, 0, 0, 0
L -130.0, 92.0, 0.0, -130.0, 85.0, 0.0, 0, 0, 0
L -142.0, 85.0, 0.0, -140.0, 85.0, 0.0, 0, 0, 0
L -131.6, 85.0, 0.0, -130.0, 85.0, 0.0, 0, 0, 0
L -114.0, 56.0, 0.0, -131.6, 72.6, 0.0, 0, 0, 0
L -114.0, 56.0, 0.0, -114.0, 26.0, 0.0, 0, 0, 0
L -140.0, 69.0, 0.0, -140.0, 75.7, 0.0, 0, 0, 0
L -131.6, 72.6, 0.0, -131.6, 75.7, 0.0, 0, 0, 0
L -140.0, 75.7, 0.0, -140.0, 85.0, 0.0, 0, 0, 0
L -140.0, 75.7, 0.0, -137.2, 75.7, 0.0, 205, 133, 63
L -137.2, 74.1, 0.0, -137.2, 77.2, 0.0, 205, 133, 63
L -137.2, 74.1, 0.0, -134.4, 74.1, 0.0, 205, 133, 63
L -137.2, 77.2, 0.0, -134.4, 77.2, 0.0, 205, 133, 63
L -134.4, 74.1, 0.0, -134.4, 75.7, 0.0, 205, 133, 63
L -134.4, 75.7, 0.0, -134.4, 77.2, 0.0, 205, 133, 63
L -131.6, 75.7, 0.0, -131.6, 85.0, 0.0, 0, 0, 0
L -134.4, 75.7, 0.0, -131.6, 75.7, 0.0, 205, 133, 63
L -114.0, 26.0, 0.0, -159.0, 26.0, 0.0, 0, 0, 0
L -140.0, 69.0, 0.0, -159.0, 69.0, 0.0, 0, 0, 0
L -159.0, 53.0, 0.0, -159.0, 69.0, 0.0, 0, 0, 0
L -166.0, 53.0, 0.0, -159.0, 53.0, 0.0, 0, 0, 0
L -168.0, 42.0, 0.0, -200.0, 42.0, 0.0, 0, 0, 0
L -166.0, 43.0, 0.0, -159.0, 43.0, 0.0, 0, 0, 0
L -166.0, 43.0, 0.0, -168.0, 42.0, 0.0, 0, 0, 0
L -159.0, 43.0, 0.0, -159.0, 26.0, 0.0, 0, 0, 0
L -211.0, -9.0, 0.0, -212.0, -7.0, 0.0, 0, 0, 0
L -201.0, -9.0, 0.0, -201.0, -14.4, -0.0, 0, 0, 0
L -211.0, -9.0, 0.0, -211.0, -14.4, -0.0, 0, 0, 0
L -201.0, -9.0, 0.0, -200.0, -7.0, 0.0, 0, 0, 0
L -200.0, -7.0, 0.0, -200.0, 42.0, 0.0, 0, 0, 0
L -228.0, -14.4, -0.0, -211.0, -14.4, -0.0, 0, 0, 0
L -201.0, -14.4, -0.0, -181.8, -14.4, -0.0, 0, 0, 0
L -174.0, 114.7, 0.0, -159.0, 114.7, 0.0, 0, 0, 0
L -174.0, 103.5, 0.0, -159.0, 103.5, 0.0, 0, 0, 0
L -159.0, 103.5, 0.0, -159.0, 102.0, 0.0, 0, 0, 0
L -519.0, 248.0, 16.5, -519.0, 236.0, 16.5, 0, 0, 0
L -575.0, 244.0, 16.5, -575.0, 259.0, 16.5, 0, 0, 0
L -520.0, 234.0, 16.5, -522.0, 233.0, 16.5, 0, 0, 0
L -519.0, 236.0, 16.5, -520.0, 234.0, 16.5, 0, 0, 0
L -548.0, 232.0, 16.5, -554.0, 232.0, 16.5, 0, 0, 0
L -567.0, 234.0, 16.5, -571.0, 234.0, 16.5, 0, 0, 0
L -554.0, 232.0, 16.5, -555.0, 233.0, 16.5, 0, 0, 0
L -526.0, 342.0, 16.5, -519.0, 344.0, 16.5, 0, 0, 0
L -530.0, 345.0, 16.5, -528.0, 343.0, 16.5, 0, 0, 0
L -572.0, 239.0, 16.5, -573.0, 241.0, 16.5, 0, 0, 0
L -520.0, 319.0, 16.5, -520.0, 317.0, 16.5, 0, 0, 0
L -565.0, 233.0, 16.5, -567.0, 234.0, 16.5, 0, 0, 0
L -528.0, 343.0, 16.5, -526.0, 342.0, 16.5, 0, 0, 0
L -502.0, 303.0, 16.5, -498.0, 304.0, 16.5, 0, 0, 0
L -505.0, 303.0, 16.5, -503.0, 303.0, 16.5, 0, 0, 0
L -572.0, 238.0, 16.5, -572.0, 239.0, 16.5, 0, 0, 0
L -520.0, 307.0, 16.5, -518.0, 303.0, 16.5, 0, 0, 0
L -521.0, 314.0, 16.5, -520.0, 307.0, 16.5, 0, 0, 0
L -521.0, 315.0, 16.5, -521.0, 314.0, 16.5, 0, 0, 0
L -507.0, 302.0, 16.5, -505.0, 303.0, 16.5, 0, 0, 0
L -520.0, 317.0, 16.5, -521.0, 315.0, 16.5, 0, 0, 0
L -514.0, 301.0, 16.5, -507.0, 302.0, 16.5, 0, 0, 0
L -537.0, 231.0, 16.5, -548.0, 232.0, 16.5, 0, 0, 0
L -519.0, 341.0, 16.5, -519.0, 327.0, 16.5, 0, 0, 0
L -573.0, 241.0, 16.5, -575.0, 244.0, 16.5, 0, 0, 0
L -503.0, 303.0, 16.5, -502.0, 303.0, 16.5, 0, 0, 0
L -572.0, 236.0, 16.5, -572.0, 238.0, 16.5, 0, 0, 0
L -519.0, 327.0, 16.5, -520.0, 319.0, 16.5, 0, 0, 0
L -525.0, 231.0, 16.5, -537.0, 231.0, 16.5, 0, 0, 0
L -556.0, 233.0, 16.5, -558.0, 233.0, 16.5, 0, 0, 0
L -515.0, 302.0, 16.5, -514.0, 301.0, 16.5, 0, 0, 0
L -519.0, 342.0, 16.5, -519.0, 341.0, 16.5, 0, 0, 0
L -523.0, 232.0, 16.5, -525.0, 231.0, 16.5, 0, 0, 0
L -517.0, 302.0, 16.5, -515.0, 302.0, 16.5, 0, 0, 0
L -571.0, 234.0, 16.5, -572.0, 236.0, 16.5, 0, 0, 0
L -518.0, 303.0, 16.5, -517.0, 302.0, 16.5, 0, 0, 0
L -519.0, 344.0, 16.5, -519.0, 342.0, 16.5, 0, 0, 0
L -558.0, 233.0, 16.5, -565.0, 233.0, 16.5, 0, 0, 0
L -555.0, 233.0, 16.5, -556.0, 233.0, 16.5, 0, 0, 0
L -522.0, 233.0, 16.5, -523.0, 232.0, 16.5, 0, 0, 0
L -572.0, 344.0, 16.5, -570.0, 344.0, 16.5, 0, 0, 0
L -574.0, 345.0, 16.5, -572.0, 344.0, 16.5, 0, 0, 0
L -572.0, 320.0, 16.5, -572.0, 324.0, 16.5, 0, 0, 0
L -545.0, 350.0, 16.5, -539.0, 348.0, 16.5, 0, 0, 0
L -569.0, 346.0, 16.5, -566.0, 348.0, 16.5, 0, 0, 0
L -575.0, 344.0, 16.5, -574.0, 345.0, 16.5, 0, 0, 0
L -444.0, 276.0, 16.5, -474.0, 276.0, 16.5, 0, 0, 0
L -474.0, 315.0, 16.5, -473.0, 316.0, 16.5, 0, 0, 0
L -572.0, 298.0, 16.5, -571.0, 299.0, 16.5, 0, 0, 0
L -566.0, 348.0, 16.5, -564.0, 351.0, 16.5, 0, 0, 0
L -539.0, 348.0, 16.5, -530.0, 345.0, 16.5, 0, 0, 0
L -520.0, 257.0, 16.5, -520.0, 253.0, 16.5, 0, 0, 0
L -519.0, 294.0, 16.5, -521.0, 292.0, 16.5, 0, 0, 0
L -575.0, 312.0, 16.5, -574.0, 318.0, 16.5, 0, 0, 0
L -572.0, 324.0, 16.5, -575.0, 329.0, 16.5, 0, 0, 0
L -521.0, 292.0, 16.5, -522.0, 281.0, 16.5, 0, 0, 0
L -564.0, 351.0, 16.5, -562.0, 351.0, 16.5, 0, 0, 0
L -575.0, 329.0, 16.5, -575.0, 344.0, 16.5, 0, 0, 0
L -431.0, 318.0, 16.5, -383.0, 270.0, 16.5, 0, 0, 0
L -562.0, 351.0, 16.5, -545.0, 350.0, 16.5, 0, 0, 0
L -520.0, 253.0, 16.5, -519.0, 248.0, 16.5, 0, 0, 0
L -573.0, 319.0, 16.5, -572.0, 320.0, 16.5, 0, 0, 0
L -443.0, 275.0, 16.5, -444.0, 276.0, 16.5, 0, 0, 0
L -570.0, 344.0, 16.5, -569.0, 346.0, 16.5, 0, 0, 0
L -522.0, 281.0, 16.5, -521.0, 264.0, 16.5, 0, 0, 0
L -575.0, 310.0, 16.5, -575.0, 312.0, 16.5, 0, 0, 0
L -573.0, 307.0, 16.5, -575.0, 310.0, 16.5, 0, 0, 0
L -521.0, 264.0, 16.5, -520.0, 257.0, 16.5, 0, 0, 0
L -471.0, 318.0, 16.5, -431.0, 318.0, 16.5, 0, 0, 0
L -473.0, 316.0, 16.5, -471.0, 318.0, 16.5, 0, 0, 0
L -574.0, 318.0, 16.5, -573.0, 319.0, 16.5, 0, 0, 0
L -571.0, 299.0, 16.5, -573.0, 307.0, 16.5, 0, 0, 0
L -573.0, 269.0, 16.5, -574.0, 274.0, 16.5, 0, 0, 0
L -494.0, 305.0, 16.5, -493.0, 305.0, 16.5, 0, 0, 0
L -496.0, 304.0, 16.5, -494.0, 305.0, 16.5, 0, 0, 0
L -476.0, 302.0, 16.5, -475.0, 303.0, 16.5, 0, 0, 0
L -574.0, 285.0, 16.5, -573.0, 286.0, 16.5, 0, 0, 0
L -572.0, 266.0, 16.5, -573.0, 269.0, 16.5, 0, 0, 0
L -573.0, 263.0, 16.5, -572.0, 265.0, 16.5, 0, 0, 0
L -486.0, 304.0, 16.5, -484.0, 301.0, 16.5, 0, 0, 0
L -493.0, 305.0, 16.5, -486.0, 304.0, 16.5, 0, 0, 0
L -574.0, 262.0, 16.5, -573.0, 263.0, 16.5, 0, 0, 0
L -574.0, 274.0, 16.5, -575.0, 278.0, 16.5, 0, 0, 0
L -498.0, 304.0, 16.5, -496.0, 304.0, 16.5, 0, 0, 0
L -575.0, 259.0, 16.5, -574.0, 262.0, 16.5, 0, 0, 0
L -572.0, 288.0, 16.5, -572.0, 298.0, 16.5, 0, 0, 0
L -573.0, 286.0, 16.5, -572.0, 288.0, 16.5, 0, 0, 0
L -483.0, 300.0, 16.5, -478.0, 301.0, 16.5, 0, 0, 0
L -478.0, 301.0, 16.5, -476.0, 302.0, 16.5, 0, 0, 0
L -572.0, 265.0, 16.5, -572.0, 266.0, 16.5, 0, 0, 0
L -475.0, 303.0, 16.5, -474.0, 305.0, 16.5, 0, 0, 0
L -575.0, 278.0, 16.5, -574.0, 285.0, 16.5, 0, 0, 0
L -484.0, 301.0, 16.5, -483.0, 300.0, 16.5, 0, 0, 0
L -341.4, 270.0, 16.5, -341.4, 273.3, 16.5, 0, 0, 0
L -341.4, 253.9, 16.5, -341.4, 270.0, 16.5, 0, 0, 0
L -286.9, 273.3, 16.5, -341.4, 273.3, 16.5, 0, 0, 0
L -411.9, 226.6, 16.5, -411.9, 244.0, 16.5, 0, 0, 0
L -351.1, 253.9, 16.5, -351.1, 270.0, 16.5, 0, 0, 0
L -351.1, 226.6, 16.5, -351.1, 242.6, 16.5, 0, 0, 0
L -411.9, 226.6, 16.5, -351.1, 226.6, 16.5, 0, 0, 0
L -351.1, 242.6, 16.5, -296.6, 242.6, 16.5, 0, 0, 0
L -341.4, 253.9, 16.5, -351.1, 253.9, 16.5, 0, 0, 0
L -442.0, 235.0, 16.5, -443.0, 275.0, 16.5, 0, 0, 0
L -411.9, 244.0, 16.5, -433.0, 244.0, 16.5, 0, 0, 0
L -383.0, 270.0, 16.5, -351.1, 270.0, 16.5, 0, 0, 0
L -442.0, 235.0, 16.5, -433.0, 235.0, 16.5, 0, 0, 0
L -433.0, 244.0, 16.5, -433.0, 235.0, 16.5, 0, 0, 0
L -474.0, 276.0, 16.5, -474.0, 294.0, 16.5, 0, 0, 0
L -474.0, 305.0, 16.5, -474.0, 315.0, 16.5, 0, 0, 0
L -519.0, 294.0, 16.5, -474.0, 294.0, 16.5, 0, 0, 0
