L 274.0, 213.0, 0.0, 217.4, 213.0, 0.0, 0, 0, 0
L 274.0, 184.0, 0.0, 274.0, 213.0, 0.0, 0, 0, 0
L -525.6, 228.4, 0.0, -541.6, 228.4, 0.0, 0, 0, 0
L -541.6, 228.4, 0.0, -557.1, 243.8, 0.0, 0, 0, 0
L -557.1, 323.1, 0.0, -541.6, 338.6, 0.0, 0, 0, 0
L -541.6, 338.6, 0.0, -462.4, 338.6, 0.0, 0, 0, 0
L -462.4, 338.6, 0.0, -446.9, 323.1, 0.0, 0, 0, 0
L -446.9, 323.1, 0.0, -446.9, 227.9, 0.0, 0, 0, 0
L -446.9, 227.9, 0.0, -462.4, 212.4, 0.0, 0, 0, 0
L -462.4, 212.4, 0.0, -480.4, 212.4, 0.0, 0, 0, 0
L -480.4, 212.4, 0.0, -480.4, 199.6, 0.0, 0, 0, 0
L -480.4, 199.6, 0.0, -462.3, 199.6, 0.0, 0, 0, 0
L -462.3, 199.6, 0.0, -446.4, 183.6, 0.0, 0, 0, 0
L -446.4, 183.6, 0.0, -430.3, 183.6, 0.0, 0, 0, 0
L -430.3, 183.6, 0.0, -414.9, 168.1, 0.0, 0, 0, 0
L -414.9, 168.1, 0.0, -414.9, 134.1, 0.0, 0, 0, 0
L -414.9, 134.1, 0.0, -408.5, 134.1, 0.0, 0, 0, 0
L -414.9, 122.9, 0.0, -414.9, 88.9, 0.0, 0, 0, 0
L -414.9, 88.9, 0.0, -430.4, 73.4, 0.0, 0, 0, 0
L -430.4, 73.4, 0.0, -509.6, 73.4, 0.0, 0, 0, 0
L -509.6, 73.4, 0.0, -525.1, 88.9, 0.0, 0, 0, 0
L -525.1, 88.9, 0.0, -525.1, 184.1, 0.0, 0, 0, 0
L -525.1, 184.1, 0.0, -509.6, 199.6, 0.0, 0, 0, 0
L -509.6, 199.6, 0.0, -491.6, 199.6, 0.0, 0, 0, 0
L -491.6, 199.6, 0.0, -491.6, 212.4, 0.0, 0, 0, 0
L -509.6, 212.4, 0.0, -525.6, 228.4, 0.0, 0, 0, 0
L -491.6, 212.4, 0.0, -509.6, 212.4, 0.0, 0, 0, 0
L -404.1, 122.9, 0.0, -408.5, 122.9, 0.0, 0, 0, 0
L -402.1, 134.1, 0.0, -402.1, 151.6, 0.0, 0, 0, 0
L -402.1, 151.6, 0.0, -355.9, 151.6, 0.0, 0, 0, 0
L -355.9, 151.6, 0.0, -355.9, 137.4, 0.0, 0, 0, 0
L -355.9, 137.4, 0.0, -371.9, 137.4, 0.0, 0, 0, 0
L -371.9, 137.4, 0.5, -371.9, 119.6, 0.0, 0, 0, 0
L -371.9, 119.6, 0.0, -347.6, 119.6, 0.0, 0, 0, 0
L -301.4, 105.4, 0.0, -386.6, 105.4, 0.0, 0, 0, 0
L -386.6, 105.4, 0.0, -404.1, 122.9, 0.0, 0, 0, 0
L -347.6, 119.6, 0.0, -347.6, 135.6, 0.0, 0, 0, 0
L -347.6, 135.6, 0.0, -277.1, 135.6, 0.0, 0, 0, 0
L -277.1, 121.4, 0.0, -301.4, 121.4, 0.0, 0, 0, 0
L -301.4, 121.4, 0.0, -301.4, 105.4, 0.0, 0, 0, 0
L -293.1, 72.1, 0.0, -293.1, 41.4, 0.0, 0, 0, 0
L -293.1, 41.4, 0.0, -275.6, 41.4, 0.0, 0, 0, 0
L -275.6, 28.6, 0.0, -275.6, 41.4, 0.0, 0, 0, 0
L -275.6, 28.6, 0.0, -293.1, 28.6, 0.0, 0, 0, 0
L -293.1, 28.6, 0.0, -293.1, 12.6, 0.0, 0, 0, 0
L -293.1, 12.6, 0.0, -332.4, 12.6, 0.0, 0, 0, 0
L -332.4, 12.6, 0.0, -332.4, 28.6, 0.0, 0, 0, 0
L -332.4, 28.6, 0.0, -348.4, 28.6, 0.0, 0, 0, 0
L -348.4, 28.6, 0.0, -348.4, 93.6, 0.0, 0, 0, 0
L -348.4, 93.6, 0.0, -378.6, 93.6, 0.0, 0, 0, 0
L -378.6, 93.6, 0.0, -378.6, 47.4, 0.0, 0, 0, 0
L -378.6, 47.4, 0.0, -362.6, 47.4, 0.0, 0, 0, 0
L -362.6, 47.4, 0.0, -362.6, -1.6, 0.0, 0, 0, 0
L -362.6, -1.6, 0.0, -277.1, -1.6, 0.0, 0, 0, 0
L -277.1, -1.6, 0.0, -277.1, -17.6, 0.0, 0, 0, 0
L -277.1, -17.6, 0.0, -246.9, -17.6, 0.0, 0, 0, 0
L -246.9, -17.6, 0.0, -246.9, -0.1, 0.0, 0, 0, 0
L -246.9, -0.1, 0.0, -235.1, -0.1, 0.0, 0, 0, 0
L -235.1, -1.6, 0.0, -235.1, -0.1, 0.0, 0, 0, 0
L -235.1, -1.6, 0.0, -218.1, -1.6, 0.0, 0, 0, 0
L -218.1, -1.6, 0.0, -218.1, -19.4, 0.6, 0, 0, 0
L -218.1, -19.4, 0.0, -234.1, -19.4, 0.0, 0, 0, 0
L -234.1, -19.4, 0.0, -234.1, -33.6, 0.0, 0, 0, 0
L -234.1, -33.6, 0.0, -187.9, -33.6, 0.0, 0, 0, 0
L -187.9, -33.6, 0.0, -187.9, 12.6, 0.0, 0, 0, 0
L -187.9, 12.6, 0.0, -235.1, 12.6, 0.0, 0, 0, 0
L -235.1, 12.6, 0.0, -235.1, 11.1, 0.0, 0, 0, 0
L -235.1, 11.1, 0.0, -246.9, 11.1, 0.0, 0, 0, 0
L -246.9, 11.1, 0.0, -246.9, 28.6, 0.0, 0, 0, 0
L -246.9, 28.6, 0.0, -264.4, 28.6, 0.0, 0, 0, 0
L -264.4, 28.6, 0.0, -264.4, 41.4, 0.0, 0, 0, 0
L -264.4, 41.4, 0.0, -246.9, 41.4, 0.0, 0, 0, 0
L -246.9, 41.4, 0.0, -246.9, 56.9, 0.0, 0, 0, 0
L -246.9, 56.9, 0.0, -214.4, 89.4, 0.0, 0, 0, 0
L -214.4, 89.4, 0.0, -198.6, 89.4, 0.0, 0, 0, 0
L -198.6, 89.4, 0.0, -182.9, 120.8, 0.0, 0, 0, 0
L -182.9, 120.8, 0.0, -182.9, 136.3, 0.0, 0, 0, 0
L -182.9, 136.3, 0.0, -198.5, 167.6, 0.0, 0, 0, 0
L -198.5, 167.6, 0.0, -214.4, 167.6, 0.0, 0, 0, 0
L -214.4, 167.6, 0.0, -246.9, 200.1, 0.0, 0, 0, 0
L -246.9, 200.1, 0.0, -246.9, 215.6, 0.0, 0, 0, 0
L -246.9, 215.6, 0.0, -262.9, 215.6, 0.0, 0, 0, 0
L -262.9, 215.6, 0.0, -262.9, 254.9, 0.0, 0, 0, 0
L -262.9, 254.9, 0.0, -246.9, 254.9, 0.0, 0, 0, 0
L -246.9, 254.9, 0.0, -246.9, 270.9, 0.0, 0, 0, 0
L -246.9, 270.9, 0.0, -223.6, 270.9, 0.0, 0, 0, 0
L -223.6, 262.9, 0.0, -223.6, 270.9, 0.0, 0, 0, 0
L -223.6, 262.9, 0.0, -209.1, 262.9, 0.0, 0, 0, 0
L -100.9, 262.9, 0.0, -86.4, 262.9, 0.0, 0, 0, 0
L -86.4, 262.9, 0.0, -86.4, 270.9, 0.0, 0, 0, 0
L -86.4, 285.1, 0.0, -86.4, 293.1, 0.0, 0, 0, 0
L -86.4, 293.1, 0.0, -100.9, 293.1, 0.0, 0, 0, 0
L -223.6, 293.1, 0.0, -223.6, 285.1, 0.0, 0, 0, 0
L -223.6, 285.1, 0.0, -277.1, 285.1, 2.3, 0, 0, 0
L -277.1, 285.1, 2.3, -277.1, 215.6, 0.0, 0, 0, 0
L -277.1, 215.6, 0.0, -293.1, 215.6, 0.0, 0, 0, 0
L -293.1, 215.6, 0.0, -293.1, 184.8, 0.0, 0, 0, 0
L -293.1, 184.8, 0.0, -277.1, 168.9, 0.0, 0, 0, 0
L -277.1, 168.9, 0.0, -277.1, 135.6, 0.0, 0, 0, 0
L -86.4, 270.9, 0.0, -31.1, 270.9, 0.0, 0, 0, 0
L -31.1, 270.9, 0.0, -31.1, 231.6, 0.0, 0, 0, 0
L -31.1, 231.6, 0.0, -47.1, 231.6, 0.0, 0, 0, 0
L -47.1, 231.6, 0.0, -47.1, 199.6, 0.0, 0, 0, 0
L -47.1, 199.6, 0.0, -95.1, 199.6, 0.0, 0, 0, 0
L -95.1, 199.6, 0.0, -95.1, 105.4, 0.0, 0, 0, 0
L -95.1, 105.4, 0.0, -77.6, 105.4, 0.0, 0, 0, 0
L -103.1, -14.4, -16.5, -103.1, -28.6, -16.5, 0, 0, 0
L -103.1, -28.6, -16.5, -72.9, -28.6, -16.5, 0, 0, 0
L -72.9, -28.6, -16.5, -72.9, -14.4, -16.5, 0, 0, 0
L -66.4, 92.6, 0.0, -66.4, 100.0, 0.0, 0, 0, 0
L -66.4, 105.4, 0.0, -48.9, 105.4, 0.0, 0, 0, 0
L -48.9, 105.4, 0.0, -48.9, 137.4, 0.0, 0, 0, 0
L -48.9, 137.4, 0.0, -32.9, 137.4, 0.0, 0, 0, 0
L -32.9, 137.4, 0.0, -32.9, 153.4, 0.0, 0, 0, 0
L -32.9, 153.4, 0.0, -15.1, 153.4, 0.0, 0, 0, 0
L -15.1, 153.4, 0.0, -15.1, 137.4, 0.0, 0, 0, 0
L -15.1, 137.4, 0.0, -0.9, 137.4, 0.0, 0, 0, 0
L -0.9, 137.4, 0.0, -0.9, 231.6, 0.0, 0, 0, 0
L -0.9, 231.6, 0.0, -16.9, 231.6, 0.0, 0, 0, 0
L -16.9, 231.6, 0.0, -16.9, 285.1, 0.0, 0, 0, 0
L -16.9, 285.1, 0.0, -86.4, 285.1, 0.0, 0, 0, 0
L -409.7, 130.4, 0.0, -409.7, 126.6, 0.0, 205, 133, 63
L -408.5, 134.1, 0.0, -402.1, 134.1, 0.0, 0, 0, 0
L -408.5, 134.1, 0.0, -408.5, 130.4, 0.0, 205, 133, 63
L -409.7, 130.4, 0.0, -407.3, 130.4, 0.0, 205, 133, 63
L -409.7, 126.6, 0.0, -408.5, 126.6, 0.0, 205, 133, 63
L -408.5, 126.6, 0.0, -407.3, 126.6, 0.0, 205, 133, 63
L -408.5, 122.9, 0.0, -414.9, 122.9, 0.0, 0, 0, 0
L -408.5, 126.6, 0.0, -408.5, 122.9, 0.0, 205, 133, 63
L -407.3, 130.4, 0.0, -407.3, 126.6, 0.0, 205, 133, 63
L -209.1, 262.9, 0.0, -209.1, 293.1, 0.0, 150, 150, 150
L -209.1, 293.1, 0.0, -223.6, 293.1, 0.0, 0, 0, 0
L -161.4, 272.4, -16.5, -148.6, 272.4, -16.5, 0, 0, 0
L -161.4, 262.9, -16.5, -161.4, 272.4, -16.5, 0, 0, 0
L -175.9, 262.9, -16.5, -161.4, 262.9, -16.5, 0, 0, 0
L -148.6, 272.4, -16.5, -148.6, 262.9, -16.5, 0, 0, 0
L -148.6, 262.9, -16.5, -133.9, 262.9, -16.5, 0, 0, 0
L -161.4, 283.6, -16.5, -161.4, 293.1, -16.5, 0, 0, 0
L -148.6, 283.6, -16.5, -161.4, 283.6, -16.5, 0, 0, 0
L -148.6, 293.1, -16.5, -148.6, 283.6, -16.5, 0, 0, 0
L -175.9, 262.9, -16.5, -175.9, 293.1, -16.5, 150, 150, 150
L -161.4, 293.1, -16.5, -175.9, 293.1, -16.5, 0, 0, 0
L -175.9, 293.1, -16.5, -180.1, 293.1, -14.4, 0, 0, 0
L -209.1, 262.9, 0.0, -204.9, 262.9, -2.1, 0, 0, 0
L -192.5, 262.9, -8.2, -188.4, 262.9, -10.3, 0, 0, 0
L -192.5, 293.1, -8.2, -196.7, 293.1, -6.2, 0, 0, 0
L -192.5, 262.9, -8.2, -192.5, 293.1, -8.2, 150, 150, 150
L -184.2, 262.9, -12.4, -180.1, 262.9, -14.4, 0, 0, 0
L -184.2, 293.1, -12.4, -188.4, 293.1, -10.3, 0, 0, 0
L -184.2, 262.9, -12.4, -184.2, 293.1, -12.4, 150, 150, 150
L -180.1, 262.9, -14.4, -175.9, 262.9, -16.5, 0, 0, 0
L -180.1, 293.1, -14.4, -184.2, 293.1, -12.4, 0, 0, 0
L -180.1, 262.9, -14.4, -180.1, 293.1, -14.4, 150, 150, 150
L -188.4, 262.9, -10.3, -184.2, 262.9, -12.4, 0, 0, 0
L -188.4, 293.1, -10.3, -192.5, 293.1, -8.2, 0, 0, 0
L -188.4, 262.9, -10.3, -188.4, 293.1, -10.3, 150, 150, 150
L -200.8, 262.9, -4.1, -196.7, 262.9, -6.2, 0, 0, 0
L -200.8, 293.1, -4.1, -204.9, 293.1, -2.1, 0, 0, 0
L -200.8, 262.9, -4.1, -200.8, 293.1, -4.1, 150, 150, 150
L -196.7, 262.9, -6.2, -192.5, 262.9, -8.2, 0, 0, 0
L -196.7, 293.1, -6.2, -200.8, 293.1, -4.1, 0, 0, 0
L -196.7, 262.9, -6.2, -196.7, 293.1, -6.2, 150, 150, 150
L -204.9, 262.9, -2.1, -200.8, 262.9, -4.1, 0, 0, 0
L -204.9, 293.1, -2.1, -209.1, 293.1, 0.0, 0, 0, 0
L -204.9, 262.9, -2.1, -204.9, 293.1, -2.1, 150, 150, 150
L -100.9, 262.9, 0.0, -100.9, 293.1, 0.0, 150, 150, 150
L -133.9, 262.9, -16.5, -133.9, 293.1, -16.5, 150, 150, 150
L -148.6, 293.1, -16.5, -133.9, 293.1, -16.5, 0, 0, 0
L -133.9, 262.9, -16.5, -129.8, 262.9, -14.4, 0, 0, 0
L -100.9, 293.1, 0.0, -105.0, 293.1, -2.1, 0, 0, 0
L -117.4, 262.9, -8.2, -113.2, 262.9, -6.2, 0, 0, 0
L -117.4, 293.1, -8.2, -121.5, 293.1, -10.3, 0, 0, 0
L -117.4, 262.9, -8.2, -117.4, 293.1, -8.2, 150, 150, 150
L -109.1, 262.9, -4.1, -105.0, 262.9, -2.1, 0, 0, 0
L -109.1, 293.1, -4.1, -113.2, 293.1, -6.2, 0, 0, 0
L -109.1, 262.9, -4.1, -109.1, 293.1, -4.1, 150, 150, 150
L -105.0, 262.9, -2.1, -100.9, 262.9, 0.0, 0, 0, 0
L -105.0, 293.1, -2.1, -109.1, 293.1, -4.1, 0, 0, 0
L -105.0, 262.9, -2.1, -105.0, 293.1, -2.1, 150, 150, 150
L -113.2, 262.9, -6.2, -109.1, 262.9, -4.1, 0, 0, 0
L -113.2, 293.1, -6.2, -117.4, 293.1, -8.2, 0, 0, 0
L -113.2, 262.9, -6.2, -113.2, 293.1, -6.2, 150, 150, 150
L -125.6, 262.9, -12.4, -121.5, 262.9, -10.3, 0, 0, 0
L -125.6, 293.1, -12.4, -129.8, 293.1, -14.4, 0, 0, 0
L -125.6, 262.9, -12.4, -125.6, 293.1, -12.4, 150, 150, 150
L -121.5, 262.9, -10.3, -117.4, 262.9, -8.2, 0, 0, 0
L -121.5, 293.1, -10.3, -125.6, 293.1, -12.4, 0, 0, 0
L -121.5, 262.9, -10.3, -121.5, 293.1, -10.3, 150, 150, 150
L -129.8, 262.9, -14.4, -125.6, 262.9, -12.4, 0, 0, 0
L -129.8, 293.1, -14.4, -133.9, 293.1, -16.5, 0, 0, 0
L -129.8, 262.9, -14.4, -129.8, 293.1, -14.4, 150, 150, 150
L -77.6, 105.4, 0.0, -77.6, 100.0, 0.0, 0, 0, 0
L -77.6, 100.0, 0.0, -77.6, 94.6, 0.0, 0, 0, 0
L -77.6, 100.0, 0.0, -73.9, 100.0, 0.0, 205, 133, 63
L -73.9, 97.3, 0.0, -73.9, 102.7, 0.0, 205, 133, 63
L -73.9, 97.3, 0.0, -70.1, 97.3, 0.0, 205, 133, 63
L -73.9, 102.7, 0.0, -70.1, 102.7, 0.0, 205, 133, 63
L -70.1, 97.3, 0.0, -70.1, 100.0, 0.0, 205, 133, 63
L -70.1, 100.0, 0.0, -70.1, 102.7, 0.0, 205, 133, 63
L -66.4, 100.0, 0.0, -66.4, 105.4, 0.0, 0, 0, 0
L -70.1, 100.0, 0.0, -66.4, 100.0, 0.0, 205, 133, 63
L -77.6, 94.6, 0.0, -95.1, 77.1, 0.0, 0, 0, 0
L -48.9, 23.1, 0.0, -48.9, 92.6, 0.0, 0, 0, 0
L -48.9, 92.6, 0.0, -66.4, 92.6, 0.0, 0, 0, 0
L -82.4, 62.4, 0.0, -64.7, 62.4, 0.0, 0, 0, 0
L -64.7, 62.4, 0.0, -64.7, -7.0, 0.0, 0, 0, 0
L -72.9, 33.6, 0.0, -82.4, 33.6, 0.0, 0, 0, 0
L -95.1, 33.6, 0.0, -103.1, 33.6, 0.0, 0, 0, 0
L -72.9, 19.0, 0.0, -72.9, 33.6, 0.0, 0, 0, 0
L -82.4, 33.6, 0.0, -82.4, 62.4, 0.0, 0, 0, 0
L -95.1, 77.1, 0.0, -95.1, 33.6, 0.0, 0, 0, 0
L -103.1, 33.6, 0.0, -103.1, 19.0, 0.0, 0, 0, 0
L -72.9, 19.0, 0.0, -103.1, 19.0, 0.0, 150, 150, 150
L -103.1, 19.0, 0.0, -103.1, 18.9, 0.0, 0, 0, 0
L -103.1, -14.4, -16.5, -72.9, -14.4, -16.5, 150, 150, 150
L -72.9, 19.0, 0.0, -72.9, 14.8, -2.1, 0, 0, 0
L -103.1, -14.4, -16.5, -103.1, -10.3, -14.4, 0, 0, 0
L -72.9, 2.3, -8.2, -72.9, -1.9, -10.3, 0, 0, 0
L -103.1, 2.2, -8.2, -103.1, 6.4, -6.2, 0, 0, 0
L -72.9, 2.3, -8.2, -103.1, 2.2, -8.2, 150, 150, 150
L -72.9, 10.7, -4.1, -72.9, 6.5, -6.2, 0, 0, 0
L -103.1, 10.6, -4.1, -103.1, 14.8, -2.1, 0, 0, 0
L -72.9, 10.7, -4.1, -103.1, 10.6, -4.1, 150, 150, 150
L -72.9, 14.8, -2.1, -72.9, 10.7, -4.1, 0, 0, 0
L -103.1, 14.8, -2.1, -103.1, 18.9, 0.0, 0, 0, 0
L -72.9, 14.8, -2.1, -103.1, 14.8, -2.1, 150, 150, 150
L -72.9, 6.5, -6.2, -72.9, 2.3, -8.2, 0, 0, 0
L -103.1, 6.4, -6.2, -103.1, 10.6, -4.1, 0, 0, 0
L -72.9, 6.5, -6.2, -103.1, 6.4, -6.2, 150, 150, 150
L -72.9, -6.0, -12.4, -72.9, -10.2, -14.4, 0, 0, 0
L -103.1, -6.1, -12.4, -103.1, -1.9, -10.3, 0, 0, 0
L -72.9, -6.0, -12.4, -103.1, -6.1, -12.4, 150, 150, 150
L -72.9, -1.9, -10.3, -72.9, -6.0, -12.4, 0, 0, 0
L -103.1, -1.9, -10.3, -103.1, 2.2, -8.2, 0, 0, 0
L -72.9, -1.9, -10.3, -103.1, -1.9, -10.3, 150, 150, 150
L -72.9, -10.2, -14.4, -72.9, -14.4, -16.5, 0, 0, 0
L -103.1, -10.3, -14.4, -103.1, -6.1, -12.4, 0, 0, 0
L -72.9, -10.2, -14.4, -103.1, -10.3, -14.4, 150, 150, 150
L -32.9, 23.1, 0.0, -32.9, 7.0, 0.0, 0, 0, 0
L -32.9, 23.1, 0.0, -48.9, 23.1, 0.0, 0, 0, 0
L 549.0, -41.0, 0.0, 549.0, -52.0, 0.0, 0, 0, 0
L 551.0, -38.0, 0.0, 549.0, -39.0, 0.0, 0, 0, 0
L 549.0, -52.0, 0.0, 549.0, -56.0, 0.0, 0, 0, 0
L 549.0, -39.0, 0.0, 549.0, -41.0, 0.0, 0, 0, 0
L 566.0, -58.0, 0.0, 567.0, -59.0, 0.0, 0, 0, 0
L 551.0, -58.0, 0.0, 566.0, -58.0, 0.0, 0, 0, 0
L 549.0, -56.0, 0.0, 551.0, -58.0, 0.0, 0, 0, 0
L 521.0, -26.0, 0.0, 565.0, -26.0, 0.0, 0, 0, 0
L 521.0, -41.4, 0.0, 521.0, -26.0, 0.0, 0, 0, 0
L 382.0, -23.0, 0.0, 413.1, -23.0, 0.0, 0, 0, 0
L 506.0, -70.0, 0.0, 506.0, -54.5, 0.0, 0, 0, 0
L 506.0, -26.0, 0.0, 506.0, -41.5, 0.0, 0, 0, 0
L 473.9, -26.0, 0.0, 506.0, -26.0, 0.0, 0, 0, 0
L 382.0, -23.0, 0.0, 382.0, -5.0, 0.0, 0, 0, 0
L 382.0, 5.0, 0.0, 382.0, 22.4, 0.0, 0, 0, 0
L 0.0, 7.0, 0.0, -32.9, 7.0, 0.0, 0, 0, 0
L 0.0, 5.0, 0.0, 0.0, 7.0, 0.0, 0, 0, 0
L 0.0, -6.0, 0.0, 0.0, -7.0, 0.0, 0, 0, 0
L 0.0, -7.0, 0.0, -64.7, -7.0, 0.0, 0, 0, 0
L 0.0, -5.0, 0.0, 0.0, -6.0, 0.0, 0, 0, 0
L 274.0, 34.8, 0.0, 274.0, 25.6, 0.0, 0, 0, 0
L -48.0, -92.0, 0.0, -48.0, -79.0, 0.0, 0, 0, 0
L -33.0, -92.0, 0.0, -48.0, -92.0, 0.0, 0, 0, 0
L -48.0, -79.0, 0.0, -4.0, -79.0, 0.0, 0, 0, 0
L 51.0, -108.0, 0.0, 49.0, -108.0, 0.0, 0, 0, 0
L 49.0, -108.0, 0.0, 6.0, -108.0, 0.0, 0, 0, 0
L 6.0, -79.0, 0.0, 88.0, -79.0, 0.0, 0, 0, 0
L 100.0, -92.0, 0.0, 98.0, -92.0, 0.0, 0, 0, 0
L 98.0, -92.0, 0.0, 51.0, -92.0, 0.0, 0, 0, 0
L 51.0, -108.0, 0.0, 51.0, -92.0, 0.0, 0, 0, 0
L -4.0, -124.0, 0.0, -4.0, -106.0, 0.0, 0, 0, 0
L 6.0, -79.0, 0.0, 6.0, -94.0, 0.0, 0, 0, 0
L 6.0, -94.0, 0.0, 6.0, -97.0, 0.0, 0, 0, 0
L 6.0, -106.0, 0.0, 6.0, -108.0, 0.0, 0, 0, 0
L 6.0, -106.0, 0.0, -4.0, -106.0, 0.0, 0, 0, 0
L 6.0, -97.0, 0.0, -4.0, -97.0, 0.0, 0, 0, 0
L -4.0, -97.0, 0.0, -4.0, -79.0, 0.0, 0, 0, 0
L -49.0, -111.0, 0.0, -33.0, -111.0, 0.0, 0, 0, 0
L -33.0, -92.0, 0.0, -33.0, -111.0, 0.0, 0, 0, 0
L -49.0, -124.0, 0.0, -4.0, -124.0, 0.0, 0, 0, 0
L -123.0, -103.0, -16.0, -123.0, -132.0, -16.0, 0, 0, 0
L -49.0, -124.0, 0.0, -49.0, -122.0, 0.0, 0, 0, 0
L -49.0, -113.0, 0.0, -49.0, -111.0, 0.0, 0, 0, 0
L -49.0, -122.0, 0.0, -55.8, -122.0, 0.0, 0, 0, 0
L -63.0, -132.0, 0.0, -63.0, -122.0, 0.0, 0, 0, 0
L -63.0, -132.0, 0.0, -70.0, -132.0, 0.0, 0, 0, 0
L -63.0, -103.0, 0.0, -70.0, -103.0, 0.0, 0, 0, 0
L -70.0, -103.0, 0.0, -70.0, -132.0, 0.0, 150, 150, 150
L -49.0, -113.0, 0.0, -55.8, -113.0, 0.0, 0, 0, 0
L -63.0, -113.0, 0.0, -63.0, -103.0, 0.0, 0, 0, 0
L -123.0, -103.0, -16.0, -112.5, -103.0, -16.0, 0, 0, 0
L -112.5, -132.0, -16.0, -123.0, -132.0, -16.0, 0, 0, 0
L -112.5, -103.0, -16.0, -112.5, -132.0, -16.0, 150, 150, 150
L -112.5, -103.0, -16.0, -107.2, -103.0, -14.0, 0, 0, 0
L -70.0, -132.0, 0.0, -75.3, -132.0, -2.0, 0, 0, 0
L -91.2, -103.0, -8.0, -85.9, -103.0, -6.0, 0, 0, 0
L -91.2, -132.0, -8.0, -96.6, -132.0, -10.0, 0, 0, 0
L -91.2, -103.0, -8.0, -91.2, -132.0, -8.0, 150, 150, 150
L -101.9, -103.0, -12.0, -96.6, -103.0, -10.0, 0, 0, 0
L -101.9, -132.0, -12.0, -107.2, -132.0, -14.0, 0, 0, 0
L -101.9, -103.0, -12.0, -101.9, -132.0, -12.0, 150, 150, 150
L -107.2, -103.0, -14.0, -101.9, -103.0, -12.0, 0, 0, 0
L -107.2, -132.0, -14.0, -112.5, -132.0, -16.0, 0, 0, 0
L -107.2, -103.0, -14.0, -107.2, -132.0, -14.0, 150, 150, 150
L -96.6, -103.0, -10.0, -91.2, -103.0, -8.0, 0, 0, 0
L -96.6, -132.0, -10.0, -101.9, -132.0, -12.0, 0, 0, 0
L -96.6, -103.0, -10.0, -96.6, -132.0, -10.0, 150, 150, 150
L -80.6, -103.0, -4.0, -75.3, -103.0, -2.0, 0, 0, 0
L -80.6, -132.0, -4.0, -85.9, -132.0, -6.0, 0, 0, 0
L -80.6, -103.0, -4.0, -80.6, -132.0, -4.0, 150, 150, 150
L -85.9, -103.0, -6.0, -80.6, -103.0, -4.0, 0, 0, 0
L -85.9, -132.0, -6.0, -91.2, -132.0, -8.0, 0, 0, 0
L -85.9, -103.0, -6.0, -85.9, -132.0, -6.0, 150, 150, 150
L -75.3, -103.0, -2.0, -70.0, -103.0, 0.0, 0, 0, 0
L -75.3, -132.0, -2.0, -80.6, -132.0, -4.0, 0, 0, 0
L -75.3, -103.0, -2.0, -75.3, -132.0, -2.0, 150, 150, 150
L -277.1, 121.4, 0.0, -277.1, 89.1, 0.0, 0, 0, 0
L -277.1, 89.1, 0.0, -277.1, 88.1, 0.0, 0, 0, 0
L -293.1, 72.1, 0.0, -277.9, 87.4, 0.0, 0, 0, 0
L -277.9, 87.4, 0.0, -277.1, 88.1, 0.0, 0, 0, 0
L 445.0, -70.0, 0.0, 506.0, -70.0, 0.0, 0, 0, 0
L 266.0, 65.9, -8.2, 266.0, 61.7, -6.2, 0, 0, 0
L 296.2, 78.3, -14.4, 266.0, 78.3, -14.4, 150, 150, 150
L 296.2, 70.0, -10.3, 266.0, 70.0, -10.3, 150, 150, 150
L 296.2, 65.9, -8.2, 266.0, 65.9, -8.2, 150, 150, 150
L 266.0, 136.9, -10.3, 266.0, 132.8, -12.4, 0, 0, 0
L 296.2, 74.2, -12.4, 296.2, 78.3, -14.4, 0, 0, 0
L 266.0, 74.2, -12.4, 266.0, 70.0, -10.3, 0, 0, 0
L 296.2, 136.9, -10.3, 266.0, 136.9, -10.3, 150, 150, 150
L 296.2, 61.7, -6.2, 296.2, 65.9, -8.2, 0, 0, 0
L 266.0, 61.7, -6.2, 266.0, 57.6, -4.1, 0, 0, 0
L 296.2, 78.3, -14.4, 296.2, 82.5, -16.5, 0, 0, 0
L 296.2, 74.2, -12.4, 266.0, 74.2, -12.4, 150, 150, 150
L 296.2, 70.0, -10.3, 296.2, 74.2, -12.4, 0, 0, 0
L 266.0, 128.6, -14.4, 266.0, 124.5, -16.5, 0, 0, 0
L 296.2, 57.6, -4.1, 296.2, 61.7, -6.2, 0, 0, 0
L 266.0, 82.5, -16.5, 266.0, 78.3, -14.4, 0, 0, 0
L 296.2, 34.8, 0.0, 296.2, 49.3, 0.0, 0, 0, 0
L 266.0, 57.6, -4.1, 266.0, 53.5, -2.1, 0, 0, 0
L 266.0, 78.3, -14.4, 266.0, 74.2, -12.4, 0, 0, 0
L 266.0, 70.0, -10.3, 266.0, 65.9, -8.2, 0, 0, 0
L 296.2, 57.6, -4.1, 266.0, 57.6, -4.1, 150, 150, 150
L 266.0, 97.0, -16.5, 266.0, 82.5, -16.5, 0, 0, 0
L 296.2, 128.6, -14.4, 266.0, 128.6, -14.4, 150, 150, 150
L 296.2, 128.6, -14.4, 296.2, 132.8, -12.4, 0, 0, 0
L 296.2, 34.8, 0.0, 288.2, 34.8, 0.0, 0, 0, 0
L 296.2, 49.3, 0.0, 296.2, 53.5, -2.1, 0, 0, 0
L 296.2, 65.9, -8.2, 296.2, 70.0, -10.3, 0, 0, 0
L 296.2, 82.5, -16.5, 266.0, 82.5, -16.5, 150, 150, 150
L 296.2, 136.9, -10.3, 296.2, 141.0, -8.2, 0, 0, 0
L 296.2, 153.4, -2.1, 266.0, 153.4, -2.1, 150, 150, 150
L 266.0, 145.2, -6.2, 266.0, 141.0, -8.2, 0, 0, 0
L 274.0, 172.0, 0.0, 266.0, 172.0, 0.0, 0, 0, 0
L 296.2, 53.5, -2.1, 266.0, 53.5, -2.1, 150, 150, 150
L 296.2, 132.8, -12.4, 296.2, 136.9, -10.3, 0, 0, 0
L 296.2, 53.5, -2.1, 296.2, 57.6, -4.1, 0, 0, 0
L 266.0, 49.3, 0.0, 266.0, 34.8, 0.0, 0, 0, 0
L 275.5, 109.8, -16.5, 275.5, 97.0, -16.5, 0, 0, 0
L 266.0, 149.3, -4.1, 266.0, 145.2, -6.2, 0, 0, 0
L 296.2, 145.2, -6.2, 266.0, 145.2, -6.2, 150, 150, 150
L 296.2, 141.0, -8.2, 296.2, 145.2, -6.2, 0, 0, 0
L 296.2, 109.8, -16.5, 296.2, 124.5, -16.5, 0, 0, 0
L 296.2, 149.3, -4.1, 266.0, 149.3, -4.1, 150, 150, 150
L 296.2, 141.0, -8.2, 266.0, 141.0, -8.2, 150, 150, 150
L 266.0, 172.0, 0.0, 266.0, 157.5, 0.0, 0, 0, 0
L 266.0, 157.5, 0.0, 266.0, 153.4, -2.1, 0, 0, 0
L 286.7, 97.0, -16.5, 286.7, 109.8, -16.5, 0, 0, 0
L 296.2, 61.7, -6.2, 266.0, 61.7, -6.2, 150, 150, 150
L 296.2, 124.5, -16.5, 296.2, 128.6, -14.4, 0, 0, 0
L 296.2, 124.5, -16.5, 266.0, 124.5, -16.5, 150, 150, 150
L 296.2, 49.3, 0.0, 266.0, 49.3, 0.0, 150, 150, 150
L 266.0, 53.5, -2.1, 266.0, 49.3, 0.0, 0, 0, 0
L 296.2, 82.5, -16.5, 296.2, 97.0, -16.5, 0, 0, 0
L 296.2, 153.4, -2.1, 296.2, 157.5, 0.0, 0, 0, 0
L 296.2, 145.2, -6.2, 296.2, 149.3, -4.1, 0, 0, 0
L 266.0, 109.8, -16.5, 275.5, 109.8, -16.5, 0, 0, 0
L 296.2, 157.5, 0.0, 296.2, 172.0, 0.0, 0, 0, 0
L 266.0, 153.4, -2.1, 266.0, 149.3, -4.1, 0, 0, 0
L 266.0, 109.8, -16.5, 266.0, 124.5, -16.5, 0, 0, 0
L 296.2, 149.3, -4.1, 296.2, 153.4, -2.1, 0, 0, 0
L 296.2, 97.0, -16.5, 286.7, 97.0, -16.5, 0, 0, 0
L 275.5, 97.0, -16.5, 266.0, 97.0, -16.5, 0, 0, 0
L 296.2, 172.0, 0.0, 288.2, 172.0, 0.0, 0, 0, 0
L 266.0, 141.0, -8.2, 266.0, 136.9, -10.3, 0, 0, 0
L 296.2, 157.5, 0.0, 266.0, 157.5, 0.0, 150, 150, 150
L 296.2, 132.8, -12.4, 266.0, 132.8, -12.4, 150, 150, 150
L 266.0, 132.8, -12.4, 266.0, 128.6, -14.4, 0, 0, 0
L 266.0, 34.8, 0.0, 274.0, 34.8, 0.0, 0, 0, 0
L 286.7, 109.8, -16.5, 296.2, 109.8, -16.5, 0, 0, 0
L 288.2, 34.8, 0.0, 288.2, 25.6, 0.0, 0, 0, 0
L 288.2, 172.0, 0.0, 288.2, 226.0, 0.0, 0, 0, 0
L 274.0, 172.0, 0.0, 274.0, 184.0, 0.0, 0, 0, 0
L 217.4, 226.0, 0.0, 287.0, 226.0, 0.0, 0, 0, 0
L 287.0, 226.0, 0.0, 288.2, 226.0, 0.0, 0, 0, 0
L -10.4, 378.6, 0.0, -10.4, 407.4, 0.0, 0, 0, 0
L -10.4, 407.4, 0.0, 52.6, 407.4, 0.0, 0, 0, 0
L 52.6, 407.4, 0.0, 52.6, 439.4, 0.0, 0, 0, 0
L 52.6, 439.4, 0.0, 81.4, 439.4, 0.0, 0, 0, 0
L 81.4, 439.4, 0.0, 81.4, 407.4, 0.0, 0, 0, 0
L 81.4, 407.4, 0.0, 144.5, 407.4, 0.0, 0, 0, 0
L 145.4, 315.6, 0.0, 135.9, 315.6, 0.0, 0, 0, 0
L 135.9, 315.6, 0.0, 135.9, 307.5, 0.0, 0, 0, 0
L 126.1, 307.0, 0.0, 126.1, 315.6, 0.0, 0, 0, 0
L 126.1, 315.6, 0.0, 117.0, 315.6, 0.0, 0, 0, 0
L 116.6, 378.6, 0.0, -10.4, 378.6, 0.0, 0, 0, 0
L 445.1, -70.4, 0.0, 445.1, -54.4, 1.3, 0, 0, 0
L 445.1, -54.4, 0.5, 429.1, -54.4, 0.0, 0, 0, 0
L 429.1, -54.4, 0.0, 429.1, -38.4, 0.0, 0, 0, 0
L 429.1, -38.4, 0.0, 413.1, -38.4, 0.0, 0, 0, 0
L 413.1, -38.4, 0.0, 413.1, -23.0, 0.0, 0, 0, 0
L 382.0, 22.4, 0.0, 457.9, 22.4, 0.0, 0, 0, 0
L 457.9, 22.4, 0.0, 457.9, 6.4, 0.0, 0, 0, 0
L 457.9, 6.4, 0.0, 473.9, 6.4, 0.0, 0, 0, 0
L 473.9, 6.4, 0.0, 473.9, -26.0, 0.0, 0, 0, 0
L 506.0, -41.5, 0.0, 521.0, -41.4, 0.0, 0, 0, 0
L 520.1, -54.5, 0.0, 506.0, -54.5, 0.0, 0, 0, 0
L 520.1, -70.4, 0.0, 520.1, -54.5, 0.0, 0, 0, 0
L 520.1, -70.4, 0.0, 565.9, -70.4, 0.0, 0, 0, 0
L -557.1, 243.8, 0.0, -557.1, 276.4, 0.0, 0, 0, 0
L -557.1, 276.4, 0.0, -565.4, 276.4, 0.0, 0, 0, 0
L -565.4, 276.4, 0.0, -565.4, 260.4, 0.0, 0, 0, 0
L -563.4, 290.6, 0.0, -563.4, 289.1, 0.0, 0, 0, 0
L -600.0, 260.4, 0.0, -601.8, 260.4, 0.0, 0, 0, 0
L -601.8, 260.4, 0.0, -611.6, 260.4, 0.0, 0, 0, 0
L -611.6, 260.4, 0.0, -611.6, 290.6, 0.0, 0, 0, 0
L -611.6, 290.6, 0.0, -563.4, 290.6, 0.0, 0, 0, 0
L -557.1, 289.1, 0.0, -557.1, 323.1, 0.0, 0, 0, 0
L -563.4, 289.1, 0.0, -557.1, 289.1, 0.0, 0, 0, 0
L -600.0, 262.4, 0.0, -600.0, 260.4, 0.0, 0, 0, 0
L -578.2, 262.4, 0.0, -600.0, 262.4, 0.0, 0, 0, 0
L -576.5, 260.4, 0.0, -578.2, 260.4, 0.0, 0, 0, 0
L -565.4, 260.4, 0.0, -576.5, 260.4, 0.0, 0, 0, 0
L -578.2, 260.4, 0.0, -578.2, 262.4, 0.0, 0, 0, 0
L -58.0, -116.0, 0.0, -58.0, -119.0, 0.0, 205, 133, 63
L -55.8, -113.0, 0.0, -63.0, -113.0, 0.0, 0, 0, 0
L -55.8, -113.0, 0.0, -55.8, -116.0, 0.0, 205, 133, 63
L -58.0, -116.0, 0.0, -53.5, -116.0, 0.0, 205, 133, 63
L -58.0, -119.0, 0.0, -55.8, -119.0, 0.0, 205, 133, 63
L -55.8, -119.0, 0.0, -53.5, -119.0, 0.0, 205, 133, 63
L -55.8, -122.0, 0.0, -63.0, -122.0, 0.0, 0, 0, 0
L -55.8, -119.0, 0.0, -55.8, -122.0, 0.0, 205, 133, 63
L -53.5, -116.0, 0.0, -53.5, -119.0, 0.0, 205, 133, 63
L 274.0, 25.6, 0.0, 278.7, 25.6, 0.0, 205, 133, 63
L 278.7, 21.9, 0.0, 278.7, 29.4, 0.0, 205, 133, 63
L 278.7, 21.9, 0.0, 283.5, 21.9, 0.0, 205, 133, 63
L 278.7, 29.4, 0.0, 283.5, 29.4, 0.0, 205, 133, 63
L 283.5, 21.9, 0.0, 283.5, 25.6, 0.0, 205, 133, 63
L 283.5, 25.6, 0.0, 283.5, 29.4, 0.0, 205, 133, 63
L 283.5, 25.6, 0.0, 288.2, 25.6, 0.0, 205, 133, 63
L 372.4, 1.7, 0.0, 372.4, -1.7, 0.0, 205, 133, 63
L 375.1, 5.0, 0.0, 382.0, 5.0, 0.0, 0, 0, 0
L 375.1, 5.0, 0.0, 375.1, 1.7, 0.0, 205, 133, 63
L 372.4, 1.7, 0.0, 377.7, 1.7, 0.0, 205, 133, 63
L 372.4, -1.7, 0.0, 375.1, -1.7, 0.0, 205, 133, 63
L 375.1, -1.7, 0.0, 377.7, -1.7, 0.0, 205, 133, 63
L 375.1, -5.0, 0.0, 382.0, -5.0, 0.0, 0, 0, 0
L 375.1, -1.7, 0.0, 375.1, -5.0, 0.0, 205, 133, 63
L 377.7, 1.7, 0.0, 377.7, -1.7, 0.0, 205, 133, 63
L 567.0, -69.0, 0.0, 572.9, -69.0, 0.0, 0, 0, 0
L 570.9, -62.3, 0.0, 570.9, -65.7, 0.0, 205, 133, 63
L 572.9, -59.0, 0.0, 572.9, -62.3, 0.0, 205, 133, 63
L 570.9, -62.3, 0.0, 572.9, -62.3, 0.0, 205, 133, 63
L 570.9, -65.7, 0.0, 572.9, -65.7, 0.0, 205, 133, 63
L 572.9, -65.7, 0.0, 574.8, -65.7, 0.0, 205, 133, 63
L 572.9, -65.7, 0.0, 572.9, -69.0, 0.0, 205, 133, 63
L 574.8, -62.3, 0.0, 574.8, -65.7, 0.0, 205, 133, 63
L 186.0, 198.0, 1.0, 172.0, 213.0, 1.0, 0, 0, 0
L 188.0, 197.0, 1.0, 186.0, 198.0, 1.0, 0, 0, 0
L 217.0, 197.0, 1.0, 188.0, 197.0, 1.0, 0, 0, 0
L 93.0, 291.0, 1.0, 126.1, 307.0, 1.0, 0, 0, 0
L 170.0, 275.0, 1.0, 171.0, 273.0, 1.0, 0, 0, 0
L 169.0, 289.0, 1.0, 170.0, 275.0, 1.0, 0, 0, 0
L 135.9, 307.5, 1.0, 169.0, 291.0, 1.0, 0, 0, 0
L 171.0, 273.0, 1.0, 178.0, 266.0, 1.0, 0, 0, 0
L 169.0, 291.0, 1.0, 169.0, 289.0, 1.0, 0, 0, 0
L 217.4, 226.0, 1.0, 217.4, 242.0, 1.0, 0, 0, 0
L 217.4, 197.1, 1.0, 217.4, 213.0, 1.0, 0, 0, 0
L 178.0, 266.0, 1.0, 202.0, 242.0, 1.0, 0, 0, 0
L 202.0, 242.0, 1.0, 217.4, 242.0, 1.0, 0, 0, 0
L 45.0, 197.0, 1.0, 45.0, 242.0, 1.0, 0, 0, 0
L 45.0, 242.0, 1.0, 60.0, 242.0, 1.0, 0, 0, 0
L 91.0, 213.0, 1.0, 89.0, 212.0, 1.0, 0, 0, 0
L 60.0, 242.0, 1.0, 93.0, 276.0, 1.0, 0, 0, 0
L 74.0, 197.0, 1.0, 45.0, 197.0, 1.0, 0, 0, 0
L 93.0, 276.0, 1.0, 93.0, 291.0, 1.0, 0, 0, 0
L 89.0, 212.0, 1.0, 74.0, 197.0, 1.0, 0, 0, 0
L 133.0, 53.0, 0.0, 140.0, 46.0, 0.0, 0, 0, 0
L 140.0, 46.0, 0.0, 164.0, 22.0, 0.0, 0, 0, 0
L 179.4, 6.0, 0.0, 179.4, 22.0, 0.0, 0, 0, 0
L 150.0, -23.0, 0.0, 148.0, -22.0, 0.0, 0, 0, 0
L 148.0, -22.0, 0.0, 134.0, -7.0, 0.0, 0, 0, 0
L 132.0, 55.0, 0.0, 133.0, 53.0, 0.0, 0, 0, 0
L 55.0, 71.0, 0.0, 88.1, 87.0, 0.0, 0, 0, 0
L 53.0, -7.0, 0.0, 51.0, -8.0, 0.0, 0, 0, 0
L 51.0, -8.0, 0.0, 36.0, -23.0, 0.0, 0, 0, 0
L 7.0, 22.0, 0.0, 22.0, 22.0, 0.0, 0, 0, 0
L 164.0, 22.0, 0.0, 179.4, 22.0, 0.0, 0, 0, 0
L 131.0, 71.0, 0.0, 131.0, 69.0, 0.0, 0, 0, 0
L 131.0, 69.0, 0.0, 132.0, 55.0, 0.0, 0, 0, 0
L 36.0, -23.0, 0.0, 7.0, -23.0, 0.0, 0, 0, 0
L 22.0, 22.0, 0.0, 55.0, 56.0, 0.0, 0, 0, 0
L 7.0, -23.0, 0.0, 7.0, -5.0, 0.0, 0, 0, 0
L 55.0, 56.0, 0.0, 55.0, 71.0, 0.0, 0, 0, 0
L 7.0, 5.0, 0.0, 7.0, 22.0, 0.0, 0, 0, 0
L 0.0, 5.0, 0.0, 7.0, 5.0, 0.0, 0, 0, 0
L 0.0, -5.0, 0.0, 4.0, -5.0, 0.0, 0, 0, 0
L 4.0, -5.0, 0.0, 7.0, -5.0, 0.0, 0, 0, 0
L 88.1, 87.0, 0.0, 98.9, 87.0, 0.0, 0, 0, 0
L 98.9, 87.0, 0.0, 131.0, 71.0, 0.0, 0, 0, 0
L 88.0, -79.0, 0.0, 88.0, -7.0, 0.0, 0, 0, 0
L 100.0, -92.0, 0.0, 100.0, -7.0, 0.0, 0, 0, 0
L 134.0, -7.0, 0.0, 100.0, -7.0, 0.0, 0, 0, 0
L 88.0, -7.0, 0.0, 53.0, -7.0, 0.0, 0, 0, 0
L 179.4, -7.0, 0.0, 179.4, -22.9, 0.0, 0, 0, 0
L 179.4, -22.9, 0.0, 179.4, -23.0, 0.0, 0, 0, 0
L 150.0, -23.0, 0.0, 179.0, -23.0, 0.0, 0, 0, 0
L 179.0, -23.0, 0.0, 179.4, -23.0, 0.0, 0, 0, 0
L 223.6, 22.0, 0.0, 194.6, 22.0, 0.0, 0, 0, 0
L 194.6, -23.0, 0.0, 209.6, -23.0, 0.0, 0, 0, 0
L 242.6, -72.0, 0.0, 275.6, -88.0, 0.0, 0, 0, 0
L 240.6, 6.0, 0.0, 238.6, 7.0, 0.0, 0, 0, 0
L 275.6, -88.0, 0.0, 286.5, -88.0, 0.0, 0, 0, 0
L 327.6, -47.0, 0.0, 351.6, -23.0, 0.0, 0, 0, 0
L 242.6, -57.0, 0.0, 242.6, -72.0, 0.0, 0, 0, 0
L 318.6, -70.0, 0.0, 319.6, -56.0, 0.0, 0, 0, 0
L 238.6, 7.0, 0.0, 223.6, 22.0, 0.0, 0, 0, 0
L 194.6, 22.0, 0.0, 194.6, 6.0, 0.0, 0, 0, 0
L 337.6, 22.0, 0.0, 366.6, 22.0, 0.0, 0, 0, 0
L 320.6, -54.0, 0.0, 327.6, -47.0, 0.0, 0, 0, 0
L 321.6, 6.0, 0.0, 288.2, 6.0, 0.0, 0, 0, 0
L 337.6, 22.0, 0.0, 335.6, 21.0, 0.0, 0, 0, 0
L 318.6, -72.0, 0.0, 318.6, -70.0, 0.0, 0, 0, 0
L 366.6, 22.0, 0.0, 367.0, 22.0, 0.0, 0, 0, 0
L 351.6, -23.0, 0.0, 367.0, -23.0, 0.0, 0, 0, 0
L 286.5, -88.0, 0.0, 318.6, -72.0, 0.0, 0, 0, 0
L 319.6, -56.0, 0.0, 320.6, -54.0, 0.0, 0, 0, 0
L 209.6, -23.0, 0.0, 242.6, -57.0, 0.0, 0, 0, 0
L 335.6, 21.0, 0.0, 321.6, 6.0, 0.0, 0, 0, 0
L 194.6, -7.0, 0.0, 194.6, -23.0, 0.0, 0, 0, 0
L 288.2, 25.6, 0.0, 288.2, 6.0, 0.0, 0, 0, 0
L 274.0, 25.6, 0.0, 274.0, 6.0, 0.0, 0, 0, 0
L 274.0, 6.0, 0.0, 240.6, 6.0, 0.0, 0, 0, 0
L 367.0, -23.0, 0.0, 367.0, -5.0, 0.0, 0, 0, 0
L 367.0, 21.9, 0.0, 367.0, 22.0, 0.0, 0, 0, 0
L 375.1, 5.0, 0.0, 367.0, 5.0, 0.0, 0, 0, 0
L 367.0, 5.0, 0.0, 367.0, 21.9, 0.0, 0, 0, 0
L 375.1, -5.0, 0.0, 367.0, -5.0, 0.0, 0, 0, 0
L 179.4, -7.0, 0.0, 186.2, -7.0, 0.0, 0, 0, 0
L 179.4, 6.0, 0.0, 186.2, 6.0, 0.0, 0, 0, 0
L 183.3, 1.7, 0.0, 183.3, -2.7, 0.0, 205, 133, 63
L 186.2, 6.0, 0.0, 194.6, 6.0, 0.0, 0, 0, 0
L 186.2, 6.0, 0.0, 186.2, 1.7, 0.0, 205, 133, 63
L 183.3, 1.7, 0.0, 189.0, 1.7, 0.0, 205, 133, 63
L 183.3, -2.7, 0.0, 186.2, -2.7, 0.0, 205, 133, 63
L 186.2, -2.7, 0.0, 189.0, -2.7, 0.0, 205, 133, 63
L 186.2, -7.0, 0.0, 194.6, -7.0, 0.0, 0, 0, 0
L 186.2, -2.7, 0.0, 186.2, -7.0, 0.0, 205, 133, 63
L 189.0, 1.7, 0.0, 189.0, -2.7, 0.0, 205, 133, 63
L 551.0, -38.0, 0.0, 565.0, -38.0, 0.0, 0, 0, 0
L 567.0, -69.0, 0.0, 565.9, -70.4, 0.0, 0, 0, 0
L 704.0, -88.6, -0.0, 672.9, -88.6, -0.0, 0, 0, 0
L 704.0, -88.6, -0.0, 704.0, -104.0, -0.0, 0, 0, 0
L 612.1, -85.6, -0.0, 580.0, -85.6, -0.0, 0, 0, 0
L 628.1, -118.0, -0.0, 612.1, -118.0, -0.0, 0, 0, 0
L 704.0, -134.0, -0.0, 628.1, -134.0, -0.0, 0, 0, 0
L 656.9, -73.1, -0.0, 672.9, -73.1, -0.0, 0, 0, 0
L 704.0, -116.6, -0.0, 704.0, -134.0, -0.0, 0, 0, 0
L 628.1, -134.0, -0.0, 628.1, -118.0, -0.0, 0, 0, 0
L 656.9, -57.1, -0.0, 656.9, -73.1, -0.0, 0, 0, 0
L 672.9, -73.1, -0.0, 672.9, -88.6, -0.0, 0, 0, 0
L 612.1, -118.0, -0.0, 612.1, -85.6, -0.0, 0, 0, 0
L 672.9, -57.1, -0.0, 672.9, -41.6, -0.0, 0, 0, 0
L 656.9, -57.1, -0.0, 672.9, -57.1, -0.0, 0, 0, 0
L 580.0, -41.6, -0.0, 641.0, -41.6, -0.0, 0, 0, 0
L 641.0, -41.6, -0.0, 672.9, -41.6, -0.0, 0, 0, 0
L 572.9, -62.3, 0.0, 574.8, -62.3, 0.0, 205, 133, 63
L 567.0, -59.0, 0.0, 572.9, -59.0, 0.0, 0, 0, 0
L 572.9, -59.0, 0.0, 578.0, -59.0, 0.0, 0, 0, 0
L 578.0, -59.0, 0.0, 580.0, -59.0, -0.0, 0, 0, 0
L 572.9, -69.0, 0.0, 580.0, -69.0, -0.0, 0, 0, 0
L 580.0, -85.6, -0.0, 580.0, -69.0, -0.0, 0, 0, 0
L 580.0, -41.6, -0.0, 580.0, -59.0, -0.0, 0, 0, 0
L 565.0, -38.0, 0.0, 565.0, -26.0, 0.0, 0, 0, 0
L 704.0, -116.6, -0.0, 726.6, -116.6, 0.0, 0, 0, 0
L 759.0, -116.6, 0.0, 759.0, -104.0, 0.0, 0, 0, 0
L 726.6, -116.6, 0.0, 746.0, -116.6, 0.0, 0, 0, 0
L 746.0, -116.6, 0.0, 759.0, -116.6, 0.0, 150, 150, 150
L 704.0, -104.0, -0.0, 759.0, -104.0, 0.0, 0, 0, 0
L 746.0, -144.2, -8.0, 759.0, -144.2, -8.0, 150, 150, 150
L 746.0, -144.2, -8.0, 746.0, -140.8, -7.0, 0, 0, 0
L 759.0, -144.2, -8.0, 759.0, -140.8, -7.0, 0, 0, 0
L 746.0, -130.4, -4.0, 746.0, -126.9, -3.0, 0, 0, 0
L 759.0, -130.4, -4.0, 759.0, -126.9, -3.0, 0, 0, 0
L 746.0, -130.4, -4.0, 759.0, -130.4, -4.0, 150, 150, 150
L 746.0, -137.3, -6.0, 746.0, -133.8, -5.0, 0, 0, 0
L 759.0, -137.3, -6.0, 759.0, -133.8, -5.0, 0, 0, 0
L 746.0, -137.3, -6.0, 759.0, -137.3, -6.0, 150, 150, 150
L 746.0, -140.8, -7.0, 746.0, -137.3, -6.0, 0, 0, 0
L 759.0, -140.8, -7.0, 759.0, -137.3, -6.0, 0, 0, 0
L 746.0, -140.8, -7.0, 759.0, -140.8, -7.0, 150, 150, 150
L 746.0, -133.8, -5.0, 746.0, -130.4, -4.0, 0, 0, 0
L 759.0, -133.8, -5.0, 759.0, -130.4, -4.0, 0, 0, 0
L 746.0, -133.8, -5.0, 759.0, -133.8, -5.0, 150, 150, 150
L 746.0, -123.5, -2.0, 746.0, -120.0, -1.0, 0, 0, 0
L 759.0, -123.5, -2.0, 759.0, -120.0, -1.0, 0, 0, 0
L 746.0, -123.5, -2.0, 759.0, -123.5, -2.0, 150, 150, 150
L 746.0, -126.9, -3.0, 746.0, -123.5, -2.0, 0, 0, 0
L 759.0, -126.9, -3.0, 759.0, -123.5, -2.0, 0, 0, 0
L 746.0, -126.9, -3.0, 759.0, -126.9, -3.0, 150, 150, 150
L 746.0, -120.0, -1.0, 746.0, -116.6, 0.0, 0, 0, 0
L 759.0, -120.0, -1.0, 759.0, -116.6, 0.0, 0, 0, 0
L 746.0, -120.0, -1.0, 759.0, -120.0, -1.0, 150, 150, 150
L 140.6, 154.1, 1.0, 121.0, 154.1, 1.0, 0, 0, 0
L 121.0, 138.0, 1.0, 109.0, 138.0, 1.0, 0, 0, 0
L 109.0, 138.0, 1.0, 109.0, 184.0, 1.0, 0, 0, 0
L 121.0, 154.1, 1.0, 121.0, 138.0, 1.0, 0, 0, 0
L 125.0, 197.0, 1.0, 125.0, 213.0, 1.0, 0, 0, 0
L 126.0, 196.0, 1.0, 125.0, 197.0, 1.0, 0, 0, 0
L 126.0, 184.0, 1.0, 126.0, 196.0, 1.0, 0, 0, 0
L 91.0, 213.0, 1.0, 124.0, 213.0, 1.0, 0, 0, 0
L 124.0, 213.0, 1.0, 125.0, 213.0, 1.0, 0, 0, 0
L 136.0, 184.0, 1.0, 136.0, 196.0, 1.0, 0, 0, 0
L 137.0, 197.0, 1.0, 136.0, 196.0, 1.0, 0, 0, 0
L 137.0, 197.0, 1.0, 137.0, 213.0, 1.0, 0, 0, 0
L 172.0, 213.0, 1.0, 137.0, 213.0, 1.0, 0, 0, 0
L 153.0, 138.0, 1.0, 153.0, 184.0, 1.0, 0, 0, 0
L 140.6, 154.1, 1.0, 140.6, 138.1, 1.0, 0, 0, 0
L 153.0, 138.0, 1.0, 140.6, 138.1, 1.0, 0, 0, 0
L 145.4, 315.6, 0.0, 145.4, 406.5, 0.0, 0, 0, 0
L 145.4, 406.5, 0.0, 145.4, 407.4, 0.0, 0, 0, 0
L 81.4, 407.4, 0.0, 145.4, 407.4, 0.0, 0, 0, 0
L 126.1, 315.6, 0.0, 116.6, 315.6, 0.0, 0, 0, 0
L 116.6, 378.6, 0.0, 116.6, 316.2, 0.0, 0, 0, 0
L 116.6, 316.2, 0.0, 116.6, 315.6, 0.0, 0, 0, 0
L 815.0, -207.0, -8.0, 806.6, -175.8, -8.0, 0, 0, 0
L 806.6, -175.8, -8.0, 783.8, -152.9, -8.0, 0, 0, 0
L 783.8, -152.9, -8.0, 759.0, -146.2, -8.0, 0, 0, 0
L 721.2, -152.9, -8.0, 698.4, -175.7, -8.0, 0, 0, 0
L 698.4, -175.7, -8.0, 690.0, -207.0, -8.0, 0, 0, 0
L 690.0, -207.0, -8.0, 698.4, -238.2, -8.0, 0, 0, 0
L 698.4, -238.2, -8.0, 721.2, -261.1, -8.0, 0, 0, 0
L 721.2, -261.1, -8.0, 752.5, -269.5, -8.0, 0, 0, 0
L 752.5, -269.5, -8.0, 783.8, -261.1, -8.0, 0, 0, 0
L 783.8, -261.1, -8.0, 806.6, -238.2, -8.0, 0, 0, 0
L 806.6, -238.2, -8.0, 815.0, -207.0, -8.0, 0, 0, 0
L 759.0, -144.2, -8.0, 759.0, -146.2, -8.0, 0, 0, 0
L 746.0, -146.2, -8.0, 721.2, -152.9, -8.0, 0, 0, 0
L 746.0, -144.2, -8.0, 746.0, -146.2, -8.0, 0, 0, 0
L 153.0, 184.0, 1.0, 136.0, 184.0, 1.0, 0, 0, 0
L 126.0, 184.0, 1.0, 109.0, 184.0, 1.0, 0, 0, 0
