L 1000.0, 0.0, 0.0, 1000.0, -50.0, 0.0, 255, 0, 0
L -20.0, 50.0, 0.0, -50.0, 20.0, 0.0, 255, 0, 0
L 50.0, 20.0, 0.0, 20.0, 50.0, 0.0, 255, 0, 0
L 20.0, -50.0, 0.0, 50.0, -20.0, 0.0, 255, 0, 0
L -50.0, -20.0, 0.0, -20.0, -50.0, 0.0, 255, 0, 0
L -50.0, 20.0, 0.0, -50.0, -20.0, 0.0, 255, 0, 0
L 20.0, 50.0, 0.0, -20.0, 50.0, 0.0, 255, 0, 0
L 50.0, -20.0, 0.0, 50.0, 20.0, 0.0, 255, 0, 0
L -20.0, -50.0, 0.0, 20.0, -50.0, 0.0, 255, 0, 0
L 580.0, -20.0, 0.0, 540.0, -20.0, 0.0, 255, 0, 0
L 580.0, -90.0, 0.0, 580.0, -20.0, 0.0, 255, 0, 0
L 540.0, -90.0, 0.0, 580.0, -90.0, 0.0, 255, 0, 0
L 540.0, -20.0, 0.0, 540.0, -90.0, 0.0, 255, 0, 0
L 520.0, -20.0, 0.0, 480.0, -20.0, 0.0, 255, 0, 0
L 520.0, -90.0, 0.0, 520.0, -20.0, 0.0, 255, 0, 0
L 480.0, -90.0, 0.0, 520.0, -90.0, 0.0, 255, 0, 0
L 480.0, -20.0, 0.0, 480.0, -90.0, 0.0, 255, 0, 0
L 460.0, -90.0, 0.0, 450.0, -80.0, 0.0, 255, 0, 0
L 460.0, -20.0, 0.0, 460.0, -90.0, 0.0, 255, 0, 0
L 0.0, -250.0, 0.0, 0.0, 250.0, 0.0, 255, 0, 0
L -250.0, 0.0, 0.0, 1000.0, 0.0, 0.0, 255, 0, 0
L -120.0, -80.0, 0.0, -120.0, -60.0, 0.0, 255, 0, 0
L -120.0, -60.0, 0.0, -120.0, -40.0, 0.0, 255, 0, 0
L -100.0, -60.0, 0.0, -120.0, -60.0, 0.0, 255, 0, 0
L -120.0, -60.0, 0.0, -140.0, -60.0, 0.0, 255, 0, 0
L -90.0, -50.0, 0.0, -100.0, -30.0, 0.0, 255, 0, 0
L -60.0, -80.0, 0.0, -60.0, -60.0, 0.0, 255, 0, 0
L -60.0, -60.0, 0.0, -60.0, -40.0, 0.0, 255, 0, 0
L -40.0, -60.0, 0.0, -60.0, -60.0, 0.0, 255, 0, 0
L -60.0, -60.0, 0.0, -80.0, -60.0, 0.0, 255, 0, 0
L 100.0, 60.0, 0.0, 120.0, 60.0, 0.0, 255, 0, 0
L 120.0, 60.0, 0.0, 140.0, 60.0, 0.0, 255, 0, 0
L 90.0, 70.0, 0.0, 80.0, 90.0, 0.0, 255, 0, 0
L 40.0, 60.0, 0.0, 60.0, 60.0, 0.0, 255, 0, 0
L 60.0, 60.0, 0.0, 80.0, 60.0, 0.0, 255, 0, 0
L -100.0, 60.0, 0.0, -120.0, 60.0, 0.0, 255, 0, 0
L -120.0, 60.0, 0.0, -140.0, 60.0, 0.0, 255, 0, 0
L -90.0, 70.0, 0.0, -100.0, 90.0, 0.0, 255, 0, 0
L -60.0, 80.0, 0.0, -60.0, 60.0, 0.0, 255, 0, 0
L -60.0, 60.0, 0.0, -60.0, 40.0, 0.0, 255, 0, 0
L -40.0, 60.0, 0.0, -60.0, 60.0, 0.0, 255, 0, 0
L -60.0, 60.0, 0.0, -80.0, 60.0, 0.0, 255, 0, 0
L 100.0, -60.0, 0.0, 120.0, -60.0, 0.0, 255, 0, 0
L 120.0, -60.0, 0.0, 140.0, -60.0, 0.0, 255, 0, 0
L 90.0, -50.0, 0.0, 80.0, -30.0, 0.0, 255, 0, 0
L 60.0, -80.0, 0.0, 60.0, -60.0, 0.0, 255, 0, 0
L 60.0, -60.0, 0.0, 60.0, -40.0, 0.0, 255, 0, 0
L 40.0, -60.0, 0.0, 60.0, -60.0, 0.0, 255, 0, 0
L 60.0, -60.0, 0.0, 80.0, -60.0, 0.0, 255, 0, 0
L 599.0, -90.0, 0.0, 637.3, -90.0, 0.0, 255, 0, 0
L 599.0, -20.0, 0.0, 637.3, -20.0, 0.0, 255, 0, 0
L 599.0, -90.0, 0.0, 599.0, -20.0, 0.0, 255, 0, 0
L 637.3, -90.0, 0.0, 637.3, -20.0, 0.0, 255, 0, 0
L 1100, 1000, 0, 1100, 1060, 0, 0, 0, 0
L 1140, 1060, 0, 1100, 1060, 0, 0, 0, 0
L 1160, 1030, 0, 1190, 1030, 0, 0, 0, 0
L 1160, 1060, 0, 1190, 1060, 0, 0, 0, 0
L 1160, 1000, 0, 1160, 1060, 0, 0, 0, 0
L 1190, 1000, 0, 1160, 1000, 0, 0, 0, 0
L 1240, 1060, 0, 1210, 1060, 0, 0, 0, 0
L 1210, 1000, 0, 1240, 1000, 0, 0, 0, 0
L 1210, 1060, 0, 1210, 1000, 0, 0, 0, 0
L 1240, 1060, 0, 1240, 1030, 0, 0, 0, 0
L 1240, 1030, 0, 1220, 1030, 0, 0, 0, 0
L 1260, 1030, 0, 1290, 1030, 0, 0, 0, 0
L 1260, 1060, 0, 1290, 1060, 0, 0, 0, 0
L 1260, 1000, 0, 1260, 1060, 0, 0, 0, 0
L 1290, 1000, 0, 1260, 1000, 0, 0, 0, 0
L 1340, 1060, 0, 1340, 1000, 0, 0, 0, 0
L 1310, 1000, 0, 1340, 1060, 0, 0, 0, 0
L 1310, 1060, 0, 1310, 1000, 0, 0, 0, 0
L 1370, 1060, 0, 1370, 1000, 0, 0, 0, 0
L 1380, 1060, 0, 1360, 1060, 0, 0, 0, 0
L 1390, 1030, 0, 1380, 1060, 0, 0, 0, 0
L 1380, 1000, 0, 1390, 1030, 0, 0, 0, 0
L 1360, 1000, 0, 1380, 1000, 0, 0, 0, 0
L 1100, 1210, 0, 1160, 1210, 0, 0, 0, 0
L 1100, 1130, 0, 1160, 1130, 0, 0, 0, 0
L 1130, 1183, 0, 1130, 1157, 0, 205, 133, 63
L 1160, 1210, 0, 1220, 1210, 0, 0, 0, 0
L 1160, 1210, 0, 1160, 1183, 0, 205, 133, 63
L 1130, 1183, 0, 1190, 1183, 0, 205, 133, 63
L 1130, 1157, 0, 1160, 1157, 0, 205, 133, 63
L 1160, 1157, 0, 1190, 1157, 0, 205, 133, 63
L 1160, 1130, 0, 1220, 1130, 0, 0, 0, 0
L 1160, 1157, 0, 1160, 1130, 0, 205, 133, 63
L 1190, 1183, 0, 1190, 1157, 0, 205, 133, 63
L 1270, 1200, 0, 1270, 1140, 0, 0, 0, 0
L 1280, 1200, 0, 1260, 1200, 0, 0, 0, 0
L 1290, 1170, 0, 1280, 1200, 0, 0, 0, 0
L 1280, 1140, 0, 1290, 1170, 0, 0, 0, 0
L 1260, 1140, 0, 1280, 1140, 0, 0, 0, 0
L 1310, 1140, 0, 1340, 1140, 0, 0, 0, 0
L 1310, 1200, 0, 1340, 1200, 0, 0, 0, 0
L 1310, 1140, 0, 1310, 1200, 0, 0, 0, 0
L 1340, 1140, 0, 1340, 1200, 0, 0, 0, 0
L 1360, 1140, 0, 1390, 1140, 0, 0, 0, 0
L 1360, 1200, 0, 1390, 1200, 0, 0, 0, 0
L 1360, 1140, 0, 1360, 1200, 0, 0, 0, 0
L 1390, 1140, 0, 1390, 1200, 0, 0, 0, 0
L 1410, 1140, 0, 1410, 1170, 0, 0, 0, 0
L 1410, 1170, 0, 1410, 1200, 0, 0, 0, 0
L 1410, 1170, 0, 1430, 1170, 0, 0, 0, 0
L 1450, 1170, 0, 1450, 1140, 0, 0, 0, 0
L 1410, 1140, 0, 1450, 1140, 0, 0, 0, 0
L 1430, 1170, 0, 1450, 1170, 0, 0, 0, 0
L 1450, 1200, 0, 1430, 1170, 0, 0, 0, 0
L 1100, 1250, 0, 1100, 1280, 0, 255, 210, 0
L 1100, 1250, 0, 1120, 1250, 0, 255, 210, 0
L 1120, 1310, 0, 1100, 1310, 0, 255, 210, 0
L 1100, 1280, 0, 1100, 1310, 0, 255, 210, 0
L 1120, 1280, 0, 1100, 1280, 0, 255, 210, 0
L 1120, 1280, 0, 1140, 1265, 0, 255, 210, 0
L 1120, 1250, 0, 1140, 1265, 0, 255, 210, 0
L 1120, 1280, 0, 1140, 1295, 0, 255, 210, 0
L 1140, 1295, 0, 1120, 1310, 0, 255, 210, 0
L 1170, 1280, 0, 1190, 1280, 0, 255, 210, 0
L 1180, 1250, 0, 1200, 1310, 0, 255, 210, 0
L 1160, 1310, 0, 1180, 1250, 0, 255, 210, 0
L 1250, 1310, 0, 1250, 1250, 0, 255, 210, 0
L 1220, 1250, 0, 1250, 1310, 0, 255, 210, 0
L 1220, 1310, 0, 1220, 1250, 0, 255, 210, 0
L 1270, 1250, 0, 1270, 1280, 0, 255, 210, 0
L 1270, 1280, 0, 1270, 1310, 0, 255, 210, 0
L 1270, 1280, 0, 1310, 1310, 0, 255, 210, 0
L 1270, 1280, 0, 1310, 1250, 0, 255, 210, 0
L 1330, 1280, 0, 1360, 1280, 0, 255, 210, 0
L 1330, 1310, 0, 1360, 1310, 0, 255, 210, 0
L 1330, 1250, 0, 1330, 1310, 0, 255, 210, 0
L 1360, 1250, 0, 1330, 1250, 0, 255, 210, 0
L 1380, 1250, 0, 1380, 1280, 0, 255, 210, 0
L 1380, 1280, 0, 1380, 1310, 0, 255, 210, 0
L 1380, 1280, 0, 1400, 1280, 0, 255, 210, 0
L 1420, 1280, 0, 1420, 1250, 0, 255, 210, 0
L 1380, 1250, 0, 1420, 1250, 0, 255, 210, 0
L 1400, 1280, 0, 1420, 1280, 0, 255, 210, 0
L 1420, 1310, 0, 1400, 1280, 0, 255, 210, 0
L 1130, 1400, 0, 1100, 1400, 0, 255, 255, 255
L 1100, 1340, 0, 1130, 1340, 0, 255, 255, 255
L 1100, 1400, 0, 1100, 1340, 0, 255, 255, 255
L 1150, 1340, 0, 1180, 1340, 0, 255, 255, 255
L 1150, 1400, 0, 1180, 1400, 0, 255, 255, 255
L 1150, 1340, 0, 1150, 1400, 0, 255, 255, 255
L 1180, 1340, 0, 1180, 1400, 0, 255, 255, 255
L 1240, 1340, 0, 1240, 1400, 0, 255, 255, 255
L 1220, 1370, 0, 1240, 1340, 0, 255, 255, 255
L 1200, 1340, 0, 1220, 1370, 0, 255, 255, 255
L 1200, 1400, 0, 1200, 1340, 0, 255, 255, 255
L 1300, 1340, 0, 1300, 1400, 0, 255, 255, 255
L 1280, 1370, 0, 1300, 1340, 0, 255, 255, 255
L 1260, 1340, 0, 1280, 1370, 0, 255, 255, 255
L 1260, 1400, 0, 1260, 1340, 0, 255, 255, 255
L 1320, 1370, 0, 1350, 1370, 0, 255, 255, 255
L 1320, 1400, 0, 1350, 1400, 0, 255, 255, 255
L 1320, 1340, 0, 1320, 1400, 0, 255, 255, 255
L 1350, 1340, 0, 1320, 1340, 0, 255, 255, 255
L 1400, 1400, 0, 1400, 1340, 0, 255, 255, 255
L 1370, 1340, 0, 1400, 1400, 0, 255, 255, 255
L 1370, 1400, 0, 1370, 1340, 0, 255, 255, 255
L 1440, 1340, 0, 1440, 1400, 0, 255, 255, 255
L 1420, 1340, 0, 1460, 1340, 0, 255, 255, 255
L 1130, 1490, 0, 1100, 1490, 0, 0, 0, 0
L 1100, 1430, 0, 1130, 1430, 0, 0, 0, 0
L 1100, 1490, 0, 1100, 1430, 0, 0, 0, 0
L 1130, 1490, 0, 1130, 1460, 0, 0, 0, 0
L 1130, 1460, 0, 1110, 1460, 0, 0, 0, 0
L 1150, 1460, 0, 1180, 1460, 0, 0, 0, 0
L 1150, 1490, 0, 1180, 1490, 0, 0, 0, 0
L 1150, 1430, 0, 1150, 1490, 0, 0, 0, 0
L 1180, 1430, 0, 1150, 1430, 0, 0, 0, 0
L 1230, 1490, 0, 1230, 1430, 0, 0, 0, 0
L 1200, 1430, 0, 1230, 1490, 0, 0, 0, 0
L 1200, 1490, 0, 1200, 1430, 0, 0, 0, 0
L 1250, 1460, 0, 1280, 1460, 0, 0, 0, 0
L 1250, 1490, 0, 1280, 1490, 0, 0, 0, 0
L 1250, 1430, 0, 1250, 1490, 0, 0, 0, 0
L 1280, 1430, 0, 1250, 1430, 0, 0, 0, 0
L 1300, 1430, 0, 1300, 1460, 0, 0, 0, 0
L 1300, 1460, 0, 1300, 1490, 0, 0, 0, 0
L 1300, 1460, 0, 1320, 1460, 0, 0, 0, 0
L 1340, 1460, 0, 1340, 1430, 0, 0, 0, 0
L 1300, 1430, 0, 1340, 1430, 0, 0, 0, 0
L 1320, 1460, 0, 1340, 1460, 0, 0, 0, 0
L 1340, 1490, 0, 1320, 1460, 0, 0, 0, 0
L 1370, 1460, 0, 1390, 1460, 0, 0, 0, 0
L 1380, 1430, 0, 1400, 1490, 0, 0, 0, 0
L 1360, 1490, 0, 1380, 1430, 0, 0, 0, 0
L 1420, 1430, 0, 1420, 1490, 0, 0, 0, 0
L 1460, 1490, 0, 1420, 1490, 0, 0, 0, 0
L 1130, 1580, 0, 1100, 1580, 0, 0, 0, 255
L 1100, 1520, 0, 1130, 1520, 0, 0, 0, 255
L 1100, 1580, 0, 1100, 1520, 0, 0, 0, 255
L 1130, 1580, 0, 1130, 1550, 0, 0, 0, 255
L 1130, 1550, 0, 1110, 1550, 0, 0, 0, 255
L 1150, 1520, 0, 1150, 1550, 0, 0, 0, 255
L 1150, 1550, 0, 1150, 1580, 0, 0, 0, 255
L 1150, 1550, 0, 1170, 1550, 0, 0, 0, 255
L 1190, 1550, 0, 1190, 1520, 0, 0, 0, 255
L 1150, 1520, 0, 1190, 1520, 0, 0, 0, 255
L 1170, 1550, 0, 1190, 1550, 0, 0, 0, 255
L 1190, 1580, 0, 1170, 1550, 0, 0, 0, 255
L 1210, 1520, 0, 1240, 1520, 0, 0, 0, 255
L 1210, 1580, 0, 1240, 1580, 0, 0, 0, 255
L 1210, 1520, 0, 1210, 1580, 0, 0, 0, 255
L 1240, 1520, 0, 1240, 1580, 0, 0, 0, 255
L 1300, 1520, 0, 1300, 1580, 0, 0, 0, 255
L 1260, 1520, 0, 1260, 1580, 0, 0, 0, 255
L 1260, 1580, 0, 1300, 1580, 0, 0, 0, 255
L 1350, 1580, 0, 1350, 1520, 0, 0, 0, 255
L 1320, 1520, 0, 1350, 1580, 0, 0, 0, 255
L 1320, 1580, 0, 1320, 1520, 0, 0, 0, 255
L 1380, 1580, 0, 1380, 1520, 0, 0, 0, 255
L 1390, 1580, 0, 1370, 1580, 0, 0, 0, 255
L 1400, 1550, 0, 1390, 1580, 0, 0, 0, 255
L 1390, 1520, 0, 1400, 1550, 0, 0, 0, 255
L 1370, 1520, 0, 1390, 1520, 0, 0, 0, 255
L 1480, 1520, 0, 1480, 1550, 0, 0, 0, 255
L 1480, 1580, 0, 1520, 1580, 0, 0, 0, 255
L 1520, 1550, 0, 1480, 1550, 0, 0, 0, 255
L 1480, 1520, 0, 1520, 1520, 0, 0, 0, 255
L 1520, 1550, 0, 1520, 1580, 0, 0, 0, 255
L 1570, 1550, 0, 1540, 1550, 0, 0, 0, 255
L 1570, 1520, 0, 1570, 1550, 0, 0, 0, 255
L 1540, 1520, 0, 1570, 1520, 0, 0, 0, 255
L 1540, 1580, 0, 1540, 1520, 0, 0, 0, 255
L 1600, 1550, 0, 1620, 1550, 0, 0, 0, 255
L 1610, 1520, 0, 1630, 1580, 0, 0, 0, 255
L 1590, 1580, 0, 1610, 1520, 0, 0, 0, 255
L 1680, 1580, 0, 1690, 1520, 0, 0, 0, 255
L 1670, 1550, 0, 1680, 1580, 0, 0, 0, 255
L 1660, 1580, 0, 1670, 1550, 0, 0, 0, 255
L 1650, 1520, 0, 1660, 1580, 0, 0, 0, 255
L 1740, 1580, 0, 1740, 1520, 0, 0, 0, 255
L 1710, 1520, 0, 1740, 1580, 0, 0, 0, 255
L 1710, 1580, 0, 1710, 1520, 0, 0, 0, 255
L 1130, 1670, 0, 1100, 1670, 0, 128, 128, 128
L 1100, 1610, 0, 1130, 1610, 0, 128, 128, 128
L 1100, 1670, 0, 1100, 1610, 0, 128, 128, 128
L 1130, 1670, 0, 1130, 1640, 0, 128, 128, 128
L 1130, 1640, 0, 1110, 1640, 0, 128, 128, 128
L 1190, 1610, 0, 1190, 1670, 0, 128, 128, 128
L 1150, 1610, 0, 1150, 1670, 0, 128, 128, 128
L 1150, 1670, 0, 1190, 1670, 0, 128, 128, 128
L 1210, 1610, 0, 1210, 1670, 0, 128, 128, 128
L 1230, 1610, 0, 1230, 1670, 0, 128, 128, 128
L 1270, 1670, 0, 1230, 1670, 0, 128, 128, 128
L 1300, 1670, 0, 1300, 1610, 0, 128, 128, 128
L 1310, 1670, 0, 1290, 1670, 0, 128, 128, 128
L 1320, 1640, 0, 1310, 1670, 0, 128, 128, 128
L 1310, 1610, 0, 1320, 1640, 0, 128, 128, 128
L 1290, 1610, 0, 1310, 1610, 0, 128, 128, 128
L 1440, 1610, 0, 1440, 1670, 0, 128, 128, 128
L 1420, 1640, 0, 1440, 1610, 0, 128, 128, 128
L 1400, 1610, 0, 1420, 1640, 0, 128, 128, 128
L 1400, 1670, 0, 1400, 1610, 0, 128, 128, 128
L 1470, 1640, 0, 1490, 1640, 0, 128, 128, 128
L 1480, 1610, 0, 1500, 1670, 0, 128, 128, 128
L 1460, 1670, 0, 1480, 1610, 0, 128, 128, 128
L 1520, 1610, 0, 1520, 1640, 0, 128, 128, 128
L 1520, 1670, 0, 1560, 1670, 0, 128, 128, 128
L 1560, 1640, 0, 1520, 1640, 0, 128, 128, 128
L 1520, 1610, 0, 1560, 1610, 0, 128, 128, 128
L 1560, 1640, 0, 1560, 1670, 0, 128, 128, 128
L 1600, 1610, 0, 1600, 1670, 0, 128, 128, 128
L 1580, 1610, 0, 1620, 1610, 0, 128, 128, 128
L 1640, 1640, 0, 1670, 1640, 0, 128, 128, 128
L 1640, 1670, 0, 1670, 1670, 0, 128, 128, 128
L 1640, 1610, 0, 1640, 1670, 0, 128, 128, 128
L 1670, 1610, 0, 1640, 1610, 0, 128, 128, 128
L 1690, 1610, 0, 1690, 1640, 0, 128, 128, 128
L 1690, 1640, 0, 1690, 1670, 0, 128, 128, 128
L 1690, 1640, 0, 1710, 1640, 0, 128, 128, 128
L 1730, 1640, 0, 1730, 1610, 0, 128, 128, 128
L 1690, 1610, 0, 1730, 1610, 0, 128, 128, 128
L 1710, 1640, 0, 1730, 1640, 0, 128, 128, 128
L 1730, 1670, 0, 1710, 1640, 0, 128, 128, 128
L 1100, 1700, 0, 1100, 1730, 0, 127, 64, 0
L 1140, 1760, 0, 1140, 1730, 0, 127, 64, 0
L 1100, 1730, 0, 1100, 1760, 0, 127, 64, 0
L 1140, 1730, 0, 1140, 1700, 0, 127, 64, 0
L 1100, 1730, 0, 1140, 1730, 0, 127, 64, 0
L 1200, 1700, 0, 1200, 1760, 0, 127, 64, 0
L 1160, 1700, 0, 1160, 1760, 0, 127, 64, 0
L 1160, 1760, 0, 1200, 1760, 0, 127, 64, 0
L 1250, 1760, 0, 1250, 1700, 0, 127, 64, 0
L 1220, 1700, 0, 1250, 1760, 0, 127, 64, 0
L 1220, 1760, 0, 1220, 1700, 0, 127, 64, 0
L 1290, 1700, 0, 1290, 1760, 0, 127, 64, 0
L 1270, 1700, 0, 1310, 1700, 0, 127, 64, 0
L 1330, 1730, 0, 1360, 1730, 0, 127, 64, 0
L 1330, 1760, 0, 1360, 1760, 0, 127, 64, 0
L 1330, 1700, 0, 1330, 1760, 0, 127, 64, 0
L 1360, 1700, 0, 1330, 1700, 0, 127, 64, 0
L 1380, 1700, 0, 1380, 1730, 0, 127, 64, 0
L 1380, 1730, 0, 1380, 1760, 0, 127, 64, 0
L 1380, 1730, 0, 1400, 1730, 0, 127, 64, 0
L 1420, 1730, 0, 1420, 1700, 0, 127, 64, 0
L 1380, 1700, 0, 1420, 1700, 0, 127, 64, 0
L 1400, 1730, 0, 1420, 1730, 0, 127, 64, 0
L 1420, 1760, 0, 1400, 1730, 0, 127, 64, 0
L 1140, 1790, 0, 1140, 1850, 0, 0, 127, 0
L 1120, 1820, 0, 1140, 1790, 0, 0, 127, 0
L 1100, 1790, 0, 1120, 1820, 0, 0, 127, 0
L 1100, 1850, 0, 1100, 1790, 0, 0, 127, 0
L 1160, 1820, 0, 1190, 1820, 0, 0, 127, 0
L 1160, 1850, 0, 1190, 1850, 0, 0, 127, 0
L 1160, 1790, 0, 1160, 1850, 0, 0, 127, 0
L 1190, 1790, 0, 1160, 1790, 0, 0, 127, 0
L 1210, 1790, 0, 1210, 1820, 0, 0, 127, 0
L 1210, 1820, 0, 1210, 1850, 0, 0, 127, 0
L 1210, 1820, 0, 1230, 1820, 0, 0, 127, 0
L 1250, 1820, 0, 1250, 1790, 0, 0, 127, 0
L 1210, 1790, 0, 1250, 1790, 0, 0, 127, 0
L 1230, 1820, 0, 1250, 1820, 0, 0, 127, 0
L 1250, 1850, 0, 1230, 1820, 0, 0, 127, 0
L 1300, 1850, 0, 1270, 1850, 0, 0, 127, 0
L 1270, 1790, 0, 1300, 1790, 0, 0, 127, 0
L 1270, 1850, 0, 1270, 1790, 0, 0, 127, 0
L 1320, 1790, 0, 1320, 1820, 0, 0, 127, 0
L 1360, 1850, 0, 1360, 1820, 0, 0, 127, 0
L 1320, 1820, 0, 1320, 1850, 0, 0, 127, 0
L 1360, 1820, 0, 1360, 1790, 0, 0, 127, 0
L 1320, 1820, 0, 1360, 1820, 0, 0, 127, 0
L 1390, 1820, 0, 1410, 1820, 0, 0, 127, 0
L 1400, 1790, 0, 1420, 1850, 0, 0, 127, 0
L 1380, 1850, 0, 1400, 1790, 0, 0, 127, 0
L 1470, 1850, 0, 1470, 1790, 0, 0, 127, 0
L 1440, 1790, 0, 1470, 1850, 0, 0, 127, 0
L 1440, 1850, 0, 1440, 1790, 0, 0, 127, 0
L 1510, 1790, 0, 1510, 1850, 0, 0, 127, 0
L 1490, 1790, 0, 1530, 1790, 0, 0, 127, 0
L 1140, 1880, 0, 1140, 1940, 0, 0, 127, 127
L 1120, 1910, 0, 1140, 1880, 0, 0, 127, 127
L 1100, 1880, 0, 1120, 1910, 0, 0, 127, 127
L 1100, 1940, 0, 1100, 1880, 0, 0, 127, 127
L 1160, 1880, 0, 1160, 1940, 0, 0, 127, 127
L 1180, 1880, 0, 1180, 1910, 0, 0, 127, 127
L 1180, 1940, 0, 1220, 1940, 0, 0, 127, 127
L 1220, 1910, 0, 1180, 1910, 0, 0, 127, 127
L 1180, 1880, 0, 1220, 1880, 0, 0, 127, 127
L 1220, 1910, 0, 1220, 1940, 0, 0, 127, 127
L 1240, 1880, 0, 1240, 1910, 0, 0, 127, 127
L 1240, 1940, 0, 1280, 1940, 0, 0, 127, 127
L 1280, 1910, 0, 1240, 1910, 0, 0, 127, 127
L 1240, 1880, 0, 1280, 1880, 0, 0, 127, 127
L 1280, 1910, 0, 1280, 1940, 0, 0, 127, 127
L 1300, 1880, 0, 1300, 1940, 0, 0, 127, 127
L 1320, 1880, 0, 1350, 1880, 0, 0, 127, 127
L 1320, 1940, 0, 1350, 1940, 0, 0, 127, 127
L 1320, 1880, 0, 1320, 1940, 0, 0, 127, 127
L 1350, 1880, 0, 1350, 1940, 0, 0, 127, 127
L 1400, 1940, 0, 1400, 1880, 0, 0, 127, 127
L 1370, 1880, 0, 1400, 1940, 0, 0, 127, 127
L 1370, 1940, 0, 1370, 1880, 0, 0, 127, 127
L 1130, 2030, 0, 1130, 1970, 0, 127, 64, 0
L 1100, 1970, 0, 1130, 2030, 0, 127, 64, 0
L 1100, 2030, 0, 1100, 1970, 0, 127, 64, 0
L 1160, 2000, 0, 1180, 2000, 0, 127, 64, 0
L 1170, 1970, 0, 1190, 2030, 0, 127, 64, 0
L 1150, 2030, 0, 1170, 1970, 0, 127, 64, 0
L 1250, 1970, 0, 1250, 2030, 0, 127, 64, 0
L 1230, 2000, 0, 1250, 1970, 0, 127, 64, 0
L 1210, 1970, 0, 1230, 2000, 0, 127, 64, 0
L 1210, 2030, 0, 1210, 1970, 0, 127, 64, 0
L 1270, 2000, 0, 1300, 2000, 0, 127, 64, 0
L 1270, 2030, 0, 1300, 2030, 0, 127, 64, 0
L 1270, 1970, 0, 1270, 2030, 0, 127, 64, 0
L 1300, 1970, 0, 1270, 1970, 0, 127, 64, 0
L 1330, 2030, 0, 1330, 1970, 0, 127, 64, 0
L 1340, 2030, 0, 1320, 2030, 0, 127, 64, 0
L 1350, 2000, 0, 1340, 2030, 0, 127, 64, 0
L 1340, 1970, 0, 1350, 2000, 0, 127, 64, 0
L 1320, 1970, 0, 1340, 1970, 0, 127, 64, 0
L 1130, 2090, 0, 1100, 2090, 0, 0, 255, 0
L 1130, 2060, 0, 1130, 2090, 0, 0, 255, 0
L 1100, 2060, 0, 1130, 2060, 0, 0, 255, 0
L 1100, 2120, 0, 1100, 2060, 0, 0, 255, 0
L 1160, 2090, 0, 1180, 2090, 0, 0, 255, 0
L 1170, 2060, 0, 1190, 2120, 0, 0, 255, 0
L 1150, 2120, 0, 1170, 2060, 0, 0, 255, 0
L 1210, 2060, 0, 1210, 2090, 0, 0, 255, 0
L 1210, 2090, 0, 1210, 2120, 0, 0, 255, 0
L 1210, 2090, 0, 1230, 2090, 0, 0, 255, 0
L 1250, 2090, 0, 1250, 2060, 0, 0, 255, 0
L 1210, 2060, 0, 1250, 2060, 0, 0, 255, 0
L 1230, 2090, 0, 1250, 2090, 0, 0, 255, 0
L 1250, 2120, 0, 1230, 2090, 0, 0, 255, 0
L 1300, 2120, 0, 1270, 2120, 0, 0, 255, 0
L 1270, 2060, 0, 1300, 2060, 0, 0, 255, 0
L 1270, 2120, 0, 1270, 2060, 0, 0, 255, 0
L 1320, 2090, 0, 1350, 2090, 0, 0, 255, 0
L 1320, 2120, 0, 1350, 2120, 0, 0, 255, 0
L 1320, 2060, 0, 1320, 2120, 0, 0, 255, 0
L 1350, 2060, 0, 1320, 2060, 0, 0, 255, 0
L 1370, 2060, 0, 1370, 2120, 0, 0, 255, 0
L 1410, 2120, 0, 1370, 2120, 0, 0, 255, 0
L 1430, 2060, 0, 1430, 2090, 0, 0, 255, 0
L 1430, 2120, 0, 1470, 2120, 0, 0, 255, 0
L 1470, 2090, 0, 1430, 2090, 0, 0, 255, 0
L 1430, 2060, 0, 1470, 2060, 0, 0, 255, 0
L 1470, 2090, 0, 1470, 2120, 0, 0, 255, 0
L 1100, 2150, 0, 1100, 2180, 0, 0, 240, 240
L 1100, 2180, 0, 1100, 2210, 0, 0, 240, 240
L 1100, 2180, 0, 1120, 2180, 0, 0, 240, 240
L 1140, 2180, 0, 1140, 2150, 0, 0, 240, 240
L 1100, 2150, 0, 1140, 2150, 0, 0, 240, 240
L 1120, 2180, 0, 1140, 2180, 0, 0, 240, 240
L 1140, 2210, 0, 1120, 2180, 0, 0, 240, 240
L 1170, 2180, 0, 1190, 2180, 0, 0, 240, 240
L 1180, 2150, 0, 1200, 2210, 0, 0, 240, 240
L 1160, 2210, 0, 1180, 2150, 0, 0, 240, 240
L 1220, 2150, 0, 1220, 2210, 0, 0, 240, 240
L 1250, 2210, 0, 1250, 2150, 0, 0, 240, 240
L 1260, 2210, 0, 1240, 2210, 0, 0, 240, 240
L 1270, 2180, 0, 1260, 2210, 0, 0, 240, 240
L 1260, 2150, 0, 1270, 2180, 0, 0, 240, 240
L 1240, 2150, 0, 1260, 2150, 0, 0, 240, 240
L 1100, 2240, 0, 1100, 2270, 0, 0, 255, 0
L 1100, 2300, 0, 1140, 2300, 0, 0, 255, 0
L 1140, 2270, 0, 1100, 2270, 0, 0, 255, 0
L 1100, 2240, 0, 1140, 2240, 0, 0, 255, 0
L 1140, 2270, 0, 1140, 2300, 0, 0, 255, 0
L 1190, 2270, 0, 1160, 2270, 0, 0, 255, 0
L 1190, 2240, 0, 1190, 2270, 0, 0, 255, 0
L 1160, 2240, 0, 1190, 2240, 0, 0, 255, 0
L 1160, 2300, 0, 1160, 2240, 0, 0, 255, 0
L 1210, 2270, 0, 1240, 2270, 0, 0, 255, 0
L 1210, 2300, 0, 1240, 2300, 0, 0, 255, 0
L 1210, 2240, 0, 1210, 2300, 0, 0, 255, 0
L 1240, 2240, 0, 1210, 2240, 0, 0, 255, 0
L 1290, 2300, 0, 1260, 2300, 0, 0, 255, 0
L 1260, 2240, 0, 1290, 2240, 0, 0, 255, 0
L 1260, 2300, 0, 1260, 2240, 0, 0, 255, 0
L 1310, 2240, 0, 1310, 2300, 0, 0, 255, 0
L 1340, 2270, 0, 1360, 2270, 0, 0, 255, 0
L 1350, 2240, 0, 1370, 2300, 0, 0, 255, 0
L 1330, 2300, 0, 1350, 2240, 0, 0, 255, 0
L 1390, 2240, 0, 1390, 2300, 0, 0, 255, 0
L 1430, 2300, 0, 1390, 2300, 0, 0, 255, 0
L 1540, 2300, 0, 1510, 2300, 0, 0, 255, 0
L 1510, 2240, 0, 1540, 2240, 0, 0, 255, 0
L 1510, 2300, 0, 1510, 2240, 0, 0, 255, 0
L 1600, 2240, 0, 1600, 2300, 0, 0, 255, 0
L 1560, 2240, 0, 1560, 2300, 0, 0, 255, 0
L 1560, 2300, 0, 1600, 2300, 0, 0, 255, 0
L 1620, 2240, 0, 1620, 2270, 0, 0, 255, 0
L 1620, 2270, 0, 1620, 2300, 0, 0, 255, 0
L 1620, 2270, 0, 1640, 2270, 0, 0, 255, 0
L 1660, 2270, 0, 1660, 2240, 0, 0, 255, 0
L 1620, 2240, 0, 1660, 2240, 0, 0, 255, 0
L 1640, 2270, 0, 1660, 2270, 0, 0, 255, 0
L 1660, 2300, 0, 1640, 2270, 0, 0, 255, 0
L 1680, 2240, 0, 1680, 2270, 0, 0, 255, 0
L 1680, 2270, 0, 1680, 2300, 0, 0, 255, 0
L 1680, 2270, 0, 1700, 2270, 0, 0, 255, 0
L 1720, 2270, 0, 1720, 2240, 0, 0, 255, 0
L 1680, 2240, 0, 1720, 2240, 0, 0, 255, 0
L 1700, 2270, 0, 1720, 2270, 0, 0, 255, 0
L 1720, 2300, 0, 1700, 2270, 0, 0, 255, 0
L 1740, 2270, 0, 1770, 2270, 0, 0, 255, 0
L 1740, 2300, 0, 1770, 2300, 0, 0, 255, 0
L 1740, 2240, 0, 1740, 2300, 0, 0, 255, 0
L 1770, 2240, 0, 1740, 2240, 0, 0, 255, 0
L 1820, 2300, 0, 1820, 2240, 0, 0, 255, 0
L 1790, 2240, 0, 1820, 2300, 0, 0, 255, 0
L 1790, 2300, 0, 1790, 2240, 0, 0, 255, 0
L 1870, 2300, 0, 1840, 2300, 0, 0, 255, 0
L 1840, 2240, 0, 1870, 2240, 0, 0, 255, 0
L 1840, 2300, 0, 1840, 2240, 0, 0, 255, 0
L 1910, 2270, 0, 1910, 2300, 0, 0, 255, 0
L 1910, 2270, 0, 1930, 2240, 0, 0, 255, 0
L 1890, 2240, 0, 1910, 2270, 0, 0, 255, 0
L 1100, 2330, 0, 1100, 2360, 0, 255, 0, 0
L 1100, 2390, 0, 1140, 2390, 0, 255, 0, 0
L 1140, 2360, 0, 1100, 2360, 0, 255, 0, 0
L 1100, 2330, 0, 1140, 2330, 0, 255, 0, 0
L 1140, 2360, 0, 1140, 2390, 0, 255, 0, 0
L 1200, 2330, 0, 1200, 2390, 0, 255, 0, 0
L 1160, 2330, 0, 1160, 2390, 0, 255, 0, 0
L 1160, 2390, 0, 1200, 2390, 0, 255, 0, 0
L 1250, 2390, 0, 1220, 2390, 0, 255, 0, 0
L 1220, 2330, 0, 1250, 2330, 0, 255, 0, 0
L 1220, 2390, 0, 1220, 2330, 0, 255, 0, 0
L 1300, 2390, 0, 1270, 2390, 0, 255, 0, 0
L 1270, 2330, 0, 1300, 2330, 0, 255, 0, 0
L 1270, 2390, 0, 1270, 2330, 0, 255, 0, 0
L 1320, 2330, 0, 1350, 2330, 0, 255, 0, 0
L 1320, 2390, 0, 1350, 2390, 0, 255, 0, 0
L 1320, 2330, 0, 1320, 2390, 0, 255, 0, 0
L 1350, 2330, 0, 1350, 2390, 0, 255, 0, 0
L 1370, 2330, 0, 1370, 2360, 0, 255, 0, 0
L 1370, 2360, 0, 1370, 2390, 0, 255, 0, 0
L 1370, 2360, 0, 1390, 2360, 0, 255, 0, 0
L 1410, 2360, 0, 1410, 2330, 0, 255, 0, 0
L 1370, 2330, 0, 1410, 2330, 0, 255, 0, 0
L 1390, 2360, 0, 1410, 2360, 0, 255, 0, 0
L 1410, 2390, 0, 1390, 2360, 0, 255, 0, 0
L 1120, 2420, 0, 1120, 2480, 0, 255, 255, 0
L 1100, 2420, 0, 1140, 2420, 0, 255, 255, 0
L 1160, 2450, 0, 1190, 2450, 0, 255, 255, 0
L 1160, 2480, 0, 1190, 2480, 0, 255, 255, 0
L 1160, 2420, 0, 1160, 2480, 0, 255, 255, 0
L 1190, 2420, 0, 1160, 2420, 0, 255, 255, 0
L 1210, 2420, 0, 1210, 2480, 0, 255, 255, 0
L 1250, 2480, 0, 1210, 2480, 0, 255, 255, 0
L 1270, 2450, 0, 1300, 2450, 0, 255, 255, 0
L 1270, 2480, 0, 1300, 2480, 0, 255, 255, 0
L 1270, 2420, 0, 1270, 2480, 0, 255, 255, 0
L 1300, 2420, 0, 1270, 2420, 0, 255, 255, 0
L 1350, 2450, 0, 1320, 2450, 0, 255, 255, 0
L 1350, 2420, 0, 1350, 2450, 0, 255, 255, 0
L 1320, 2420, 0, 1350, 2420, 0, 255, 255, 0
L 1320, 2480, 0, 1320, 2420, 0, 255, 255, 0
L 1370, 2420, 0, 1400, 2420, 0, 255, 255, 0
L 1370, 2480, 0, 1400, 2480, 0, 255, 255, 0
L 1370, 2420, 0, 1370, 2480, 0, 255, 255, 0
L 1400, 2420, 0, 1400, 2480, 0, 255, 255, 0
L 1420, 2420, 0, 1420, 2450, 0, 255, 255, 0
L 1420, 2450, 0, 1420, 2480, 0, 255, 255, 0
L 1420, 2450, 0, 1440, 2450, 0, 255, 255, 0
L 1460, 2450, 0, 1460, 2420, 0, 255, 255, 0
L 1420, 2420, 0, 1460, 2420, 0, 255, 255, 0
L 1440, 2450, 0, 1460, 2450, 0, 255, 255, 0
L 1460, 2480, 0, 1440, 2450, 0, 255, 255, 0
L 1500, 2420, 0, 1500, 2480, 0, 255, 255, 0
L 1480, 2420, 0, 1520, 2420, 0, 255, 255, 0
L 1120, 2510, 0, 1120, 2570, 0, 128, 0, 128
L 1100, 2510, 0, 1140, 2510, 0, 128, 0, 128
L 1160, 2510, 0, 1160, 2540, 0, 128, 0, 128
L 1160, 2540, 0, 1160, 2570, 0, 128, 0, 128
L 1160, 2540, 0, 1180, 2540, 0, 128, 0, 128
L 1200, 2540, 0, 1200, 2510, 0, 128, 0, 128
L 1160, 2510, 0, 1200, 2510, 0, 128, 0, 128
L 1180, 2540, 0, 1200, 2540, 0, 128, 0, 128
L 1200, 2570, 0, 1180, 2540, 0, 128, 0, 128
L 1230, 2540, 0, 1250, 2540, 0, 128, 0, 128
L 1240, 2510, 0, 1260, 2570, 0, 128, 0, 128
L 1220, 2570, 0, 1240, 2510, 0, 128, 0, 128
L 1290, 2570, 0, 1290, 2510, 0, 128, 0, 128
L 1300, 2570, 0, 1280, 2570, 0, 128, 0, 128
L 1310, 2540, 0, 1300, 2570, 0, 128, 0, 128
L 1300, 2510, 0, 1310, 2540, 0, 128, 0, 128
L 1280, 2510, 0, 1300, 2510, 0, 128, 0, 128
L 1330, 2540, 0, 1360, 2540, 0, 128, 0, 128
L 1330, 2570, 0, 1360, 2570, 0, 128, 0, 128
L 1330, 2510, 0, 1330, 2570, 0, 128, 0, 128
L 1360, 2510, 0, 1330, 2510, 0, 128, 0, 128
L 1380, 2510, 0, 1380, 2540, 0, 128, 0, 128
L 1380, 2570, 0, 1420, 2570, 0, 128, 0, 128
L 1420, 2540, 0, 1380, 2540, 0, 128, 0, 128
L 1380, 2510, 0, 1420, 2510, 0, 128, 0, 128
L 1420, 2540, 0, 1420, 2570, 0, 128, 0, 128
L 1440, 2510, 0, 1440, 2540, 0, 128, 0, 128
L 1440, 2540, 0, 1440, 2570, 0, 128, 0, 128
L 1440, 2540, 0, 1480, 2570, 0, 128, 0, 128
L 1440, 2540, 0, 1480, 2510, 0, 128, 0, 128
L 1500, 2510, 0, 1500, 2570, 0, 128, 0, 128
L 1520, 2510, 0, 1520, 2570, 0, 128, 0, 128
L 1560, 2570, 0, 1520, 2570, 0, 128, 0, 128
L 1580, 2510, 0, 1580, 2570, 0, 128, 0, 128
L 1620, 2570, 0, 1580, 2570, 0, 128, 0, 128
L 1730, 2570, 0, 1700, 2570, 0, 128, 0, 128
L 1700, 2510, 0, 1730, 2510, 0, 128, 0, 128
L 1700, 2570, 0, 1700, 2510, 0, 128, 0, 128
L 1750, 2510, 0, 1780, 2510, 0, 128, 0, 128
L 1750, 2570, 0, 1780, 2570, 0, 128, 0, 128
L 1750, 2510, 0, 1750, 2570, 0, 128, 0, 128
L 1780, 2510, 0, 1780, 2570, 0, 128, 0, 128
L 1830, 2570, 0, 1830, 2510, 0, 128, 0, 128
L 1800, 2510, 0, 1830, 2570, 0, 128, 0, 128
L 1800, 2570, 0, 1800, 2510, 0, 128, 0, 128
L 1870, 2510, 0, 1870, 2570, 0, 128, 0, 128
L 1850, 2510, 0, 1890, 2510, 0, 128, 0, 128
L 1920, 2540, 0, 1940, 2540, 0, 128, 0, 128
L 1930, 2510, 0, 1950, 2570, 0, 128, 0, 128
L 1910, 2570, 0, 1930, 2510, 0, 128, 0, 128
L 1970, 2510, 0, 1970, 2570, 0, 128, 0, 128
L 2020, 2570, 0, 2020, 2510, 0, 128, 0, 128
L 1990, 2510, 0, 2020, 2570, 0, 128, 0, 128
L 1990, 2570, 0, 1990, 2510, 0, 128, 0, 128
L 2040, 2540, 0, 2070, 2540, 0, 128, 0, 128
L 2040, 2570, 0, 2070, 2570, 0, 128, 0, 128
L 2040, 2510, 0, 2040, 2570, 0, 128, 0, 128
L 2070, 2510, 0, 2040, 2510, 0, 128, 0, 128
L 2090, 2510, 0, 2090, 2540, 0, 128, 0, 128
L 2090, 2540, 0, 2090, 2570, 0, 128, 0, 128
L 2090, 2540, 0, 2110, 2540, 0, 128, 0, 128
L 2130, 2540, 0, 2130, 2510, 0, 128, 0, 128
L 2090, 2510, 0, 2130, 2510, 0, 128, 0, 128
L 2110, 2540, 0, 2130, 2540, 0, 128, 0, 128
L 2130, 2570, 0, 2110, 2540, 0, 128, 0, 128
L 1120, 2600, 0, 1120, 2660, 0, 255, 255, 0
L 1100, 2600, 0, 1140, 2600, 0, 255, 255, 0
L 1160, 2600, 0, 1160, 2630, 0, 255, 255, 0
L 1160, 2630, 0, 1160, 2660, 0, 255, 255, 0
L 1160, 2630, 0, 1180, 2630, 0, 255, 255, 0
L 1200, 2630, 0, 1200, 2600, 0, 255, 255, 0
L 1160, 2600, 0, 1200, 2600, 0, 255, 255, 0
L 1180, 2630, 0, 1200, 2630, 0, 255, 255, 0
L 1200, 2660, 0, 1180, 2630, 0, 255, 255, 0
L 1230, 2630, 0, 1250, 2630, 0, 255, 255, 0
L 1240, 2600, 0, 1260, 2660, 0, 255, 255, 0
L 1220, 2660, 0, 1240, 2600, 0, 255, 255, 0
L 1310, 2630, 0, 1280, 2630, 0, 255, 255, 0
L 1310, 2600, 0, 1310, 2630, 0, 255, 255, 0
L 1280, 2600, 0, 1310, 2600, 0, 255, 255, 0
L 1280, 2660, 0, 1280, 2600, 0, 255, 255, 0
L 1130, 2690, 0, 1100, 2690, 0, 255, 0, 0
L 1100, 2750, 0, 1130, 2690, 0, 255, 0, 0
L 1100, 2750, 0, 1130, 2750, 0, 255, 0, 0
L 1150, 2690, 0, 1180, 2690, 0, 255, 0, 0
L 1150, 2750, 0, 1180, 2750, 0, 255, 0, 0
L 1150, 2690, 0, 1150, 2750, 0, 255, 0, 0
L 1180, 2690, 0, 1180, 2750, 0, 255, 0, 0
L 1230, 2750, 0, 1230, 2690, 0, 255, 0, 0
L 1200, 2690, 0, 1230, 2750, 0, 255, 0, 0
L 1200, 2750, 0, 1200, 2690, 0, 255, 0, 0
L 1250, 2720, 0, 1280, 2720, 0, 255, 0, 0
L 1250, 2750, 0, 1280, 2750, 0, 255, 0, 0
L 1250, 2690, 0, 1250, 2750, 0, 255, 0, 0
L 1280, 2690, 0, 1250, 2690, 0, 255, 0, 0
P 100, 1000, 0, 0, 0, 0, 2, The_Infernal_Sanctuary_(MMCJ)
P 100, 1200, 0, 0, 0, 0, 2, Original_Map:_Brewall_Rainsinger_(Cazic-Thule)
P 100, 1400, 0, 0, 0, 0, 2, http://www.eqmaps.info
P 100, 1600, 0, 0, 0, 0, 2, Return_of_the_Exiled_(www.roteguild.org)
P 100, 1800, 0, 127, 64, 0, 2, Despairing_Trueborn_Soul
P 100, 2000, 0, 127, 64, 0, 2, Dishonored_Trueborn_Spirit
P 100, 2200, 0, 127, 64, 0, 2, Enraged_Trueborn_Lightstealer
P 100, 2400, 0, 127, 64, 0, 2, Malicious_Scion_Shadow
P 100, 2600, 0, 127, 64, 0, 2, Malicious_Trueborn_Essence
P 100, 2800, 0, 127, 64, 0, 2, Scion_Assassin
P 100, 3000, 0, 127, 64, 0, 2, Scion_Brutish_Converter
P 100, 3200, 0, 127, 64, 0, 2, Scion_Captain
P 100, 3400, 0, 127, 64, 0, 2, Scion_Chaotic_Swarm
P 100, 3600, 0, 127, 64, 0, 2, Scion_Deathmender
P 100, 3800, 0, 127, 64, 0, 2, Scion_Dismantler
P 100, 4000, 0, 127, 64, 0, 2, Scion_Extremist
P 100, 4200, 0, 127, 64, 0, 2, Scion_Flesh_Patcher
P 100, 4400, 0, 127, 64, 0, 2, Scion_Harlot
P 100, 4600, 0, 127, 64, 0, 2, Scion_Repressor
P 100, 4800, 0, 127, 64, 0, 2, Trueborn_Advisor
P 100, 5000, 0, 127, 64, 0, 2, Trueborn_Bloodgiver
P 100, 5200, 0, 127, 64, 0, 2, Trueborn_Bone_Shaper
P 100, 5400, 0, 127, 64, 0, 2, Trueborn_Bonesplicer
P 100, 5600, 0, 127, 64, 0, 2, Trueborn_Conspirator
P 100, 5800, 0, 127, 64, 0, 2, Trueborn_Death_Synergist
P 100, 6000, 0, 127, 64, 0, 2, Trueborn_Hopedasher
P 100, 6200, 0, 127, 64, 0, 2, Trueborn_Provoker
P 100, 6400, 0, 127, 64, 0, 2, Trueborn_Shadowmaster
P 100, 6600, 0, 127, 64, 0, 2, Trueborn_Soul_Render
P 100, 6800, 0, 127, 64, 0, 2, Trueborn_Tenet_Enforcer
P 100, 7000, 0, 127, 64, 0, 2, Trueborn_Vitae_Hoarder
