L 1000.0, 0.0, 0.0, 1000.0, -50.0, 0.0, 255, 0, 0
L -20.0, 50.0, 0.0, -50.0, 20.0, 0.0, 255, 0, 0
L 50.0, 20.0, 0.0, 20.0, 50.0, 0.0, 255, 0, 0
L 20.0, -50.0, 0.0, 50.0, -20.0, 0.0, 255, 0, 0
L -50.0, -20.0, 0.0, -20.0, -50.0, 0.0, 255, 0, 0
L -50.0, 20.0, 0.0, -50.0, -20.0, 0.0, 255, 0, 0
L 20.0, 50.0, 0.0, -20.0, 50.0, 0.0, 255, 0, 0
L 50.0, -20.0, 0.0, 50.0, 20.0, 0.0, 255, 0, 0
L -20.0, -50.0, 0.0, 20.0, -50.0, 0.0, 255, 0, 0
L 580.0, -20.0, 0.0, 540.0, -20.0, 0.0, 255, 0, 0
L 580.0, -90.0, 0.0, 580.0, -20.0, 0.0, 255, 0, 0
L 540.0, -90.0, 0.0, 580.0, -90.0, 0.0, 255, 0, 0
L 540.0, -20.0, 0.0, 540.0, -90.0, 0.0, 255, 0, 0
L 520.0, -20.0, 0.0, 480.0, -20.0, 0.0, 255, 0, 0
L 520.0, -90.0, 0.0, 520.0, -20.0, 0.0, 255, 0, 0
L 480.0, -90.0, 0.0, 520.0, -90.0, 0.0, 255, 0, 0
L 480.0, -20.0, 0.0, 480.0, -90.0, 0.0, 255, 0, 0
L 460.0, -90.0, 0.0, 450.0, -80.0, 0.0, 255, 0, 0
L 460.0, -20.0, 0.0, 460.0, -90.0, 0.0, 255, 0, 0
L 0.0, -250.0, 0.0, 0.0, 250.0, 0.0, 255, 0, 0
L -250.0, 0.0, 0.0, 1000.0, 0.0, 0.0, 255, 0, 0
L -120.0, -80.0, 0.0, -120.0, -60.0, 0.0, 255, 0, 0
L -120.0, -60.0, 0.0, -120.0, -40.0, 0.0, 255, 0, 0
L -100.0, -60.0, 0.0, -120.0, -60.0, 0.0, 255, 0, 0
L -120.0, -60.0, 0.0, -140.0, -60.0, 0.0, 255, 0, 0
L -90.0, -50.0, 0.0, -100.0, -30.0, 0.0, 255, 0, 0
L -60.0, -80.0, 0.0, -60.0, -60.0, 0.0, 255, 0, 0
L -60.0, -60.0, 0.0, -60.0, -40.0, 0.0, 255, 0, 0
L -40.0, -60.0, 0.0, -60.0, -60.0, 0.0, 255, 0, 0
L -60.0, -60.0, 0.0, -80.0, -60.0, 0.0, 255, 0, 0
L 100.0, 60.0, 0.0, 120.0, 60.0, 0.0, 255, 0, 0
L 120.0, 60.0, 0.0, 140.0, 60.0, 0.0, 255, 0, 0
L 90.0, 70.0, 0.0, 80.0, 90.0, 0.0, 255, 0, 0
L 40.0, 60.0, 0.0, 60.0, 60.0, 0.0, 255, 0, 0
L 60.0, 60.0, 0.0, 80.0, 60.0, 0.0, 255, 0, 0
L -100.0, 60.0, 0.0, -120.0, 60.0, 0.0, 255, 0, 0
L -120.0, 60.0, 0.0, -140.0, 60.0, 0.0, 255, 0, 0
L -90.0, 70.0, 0.0, -100.0, 90.0, 0.0, 255, 0, 0
L -60.0, 80.0, 0.0, -60.0, 60.0, 0.0, 255, 0, 0
L -60.0, 60.0, 0.0, -60.0, 40.0, 0.0, 255, 0, 0
L -40.0, 60.0, 0.0, -60.0, 60.0, 0.0, 255, 0, 0
L -60.0, 60.0, 0.0, -80.0, 60.0, 0.0, 255, 0, 0
L 100.0, -60.0, 0.0, 120.0, -60.0, 0.0, 255, 0, 0
L 120.0, -60.0, 0.0, 140.0, -60.0, 0.0, 255, 0, 0
L 90.0, -50.0, 0.0, 80.0, -30.0, 0.0, 255, 0, 0
L 60.0, -80.0, 0.0, 60.0, -60.0, 0.0, 255, 0, 0
L 60.0, -60.0, 0.0, 60.0, -40.0, 0.0, 255, 0, 0
L 40.0, -60.0, 0.0, 60.0, -60.0, 0.0, 255, 0, 0
L 60.0, -60.0, 0.0, 80.0, -60.0, 0.0, 255, 0, 0
L 599.0, -90.0, 0.0, 637.3, -90.0, 0.0, 255, 0, 0
L 599.0, -20.0, 0.0, 637.3, -20.0, 0.0, 255, 0, 0
L 599.0, -90.0, 0.0, 599.0, -20.0, 0.0, 255, 0, 0
L 637.3, -90.0, 0.0, 637.3, -20.0, 0.0, 255, 0, 0
L 800, 400, 0, 800, 460, 0, 0, 0, 0
L 840, 460, 0, 800, 460, 0, 0, 0, 0
L 860, 430, 0, 890, 430, 0, 0, 0, 0
L 860, 460, 0, 890, 460, 0, 0, 0, 0
L 860, 400, 0, 860, 460, 0, 0, 0, 0
L 890, 400, 0, 860, 400, 0, 0, 0, 0
L 940, 460, 0, 910, 460, 0, 0, 0, 0
L 910, 400, 0, 940, 400, 0, 0, 0, 0
L 910, 460, 0, 910, 400, 0, 0, 0, 0
L 940, 460, 0, 940, 430, 0, 0, 0, 0
L 940, 430, 0, 920, 430, 0, 0, 0, 0
L 960, 430, 0, 990, 430, 0, 0, 0, 0
L 960, 460, 0, 990, 460, 0, 0, 0, 0
L 960, 400, 0, 960, 460, 0, 0, 0, 0
L 990, 400, 0, 960, 400, 0, 0, 0, 0
L 1040, 460, 0, 1040, 400, 0, 0, 0, 0
L 1010, 400, 0, 1040, 460, 0, 0, 0, 0
L 1010, 460, 0, 1010, 400, 0, 0, 0, 0
L 1070, 460, 0, 1070, 400, 0, 0, 0, 0
L 1080, 460, 0, 1060, 460, 0, 0, 0, 0
L 1090, 430, 0, 1080, 460, 0, 0, 0, 0
L 1080, 400, 0, 1090, 430, 0, 0, 0, 0
L 1060, 400, 0, 1080, 400, 0, 0, 0, 0
L 880, 570, 0, 920, 530, 0, 255, 255, 0
L 800, 530, 0, 840, 490, 0, 255, 255, 0
L 800, 570, 0, 880, 490, 0, 255, 255, 0
L 840, 570, 0, 920, 490, 0, 255, 255, 0
L 800, 570, 0, 800, 490, 0, 0, 0, 0
L 920, 570, 0, 800, 570, 0, 0, 0, 0
L 920, 490, 0, 920, 570, 0, 0, 0, 0
L 800, 490, 0, 920, 490, 0, 0, 0, 0
L 960, 530, 0, 990, 530, 0, 0, 0, 0
L 960, 500, 0, 960, 560, 0, 0, 0, 0
L 990, 500, 0, 960, 500, 0, 0, 0, 0
L 1020, 530, 0, 1040, 530, 0, 0, 0, 0
L 1030, 500, 0, 1050, 560, 0, 0, 0, 0
L 1010, 560, 0, 1030, 500, 0, 0, 0, 0
L 1070, 500, 0, 1070, 530, 0, 0, 0, 0
L 1070, 530, 0, 1070, 560, 0, 0, 0, 0
L 1070, 530, 0, 1110, 560, 0, 0, 0, 0
L 1070, 530, 0, 1110, 500, 0, 0, 0, 0
L 1130, 530, 0, 1160, 530, 0, 0, 0, 0
L 1130, 560, 0, 1160, 560, 0, 0, 0, 0
L 1130, 500, 0, 1130, 560, 0, 0, 0, 0
L 1160, 500, 0, 1130, 500, 0, 0, 0, 0
L 1240, 530, 0, 1270, 530, 0, 0, 0, 0
L 1240, 500, 0, 1240, 560, 0, 0, 0, 0
L 1270, 500, 0, 1240, 500, 0, 0, 0, 0
L 1290, 500, 0, 1290, 560, 0, 0, 0, 0
L 1330, 560, 0, 1290, 560, 0, 0, 0, 0
L 1350, 500, 0, 1380, 500, 0, 0, 0, 0
L 1350, 560, 0, 1380, 560, 0, 0, 0, 0
L 1350, 500, 0, 1350, 560, 0, 0, 0, 0
L 1380, 500, 0, 1380, 560, 0, 0, 0, 0
L 1400, 500, 0, 1430, 500, 0, 0, 0, 0
L 1400, 560, 0, 1430, 560, 0, 0, 0, 0
L 1400, 500, 0, 1400, 560, 0, 0, 0, 0
L 1430, 500, 0, 1430, 560, 0, 0, 0, 0
L 1450, 500, 0, 1450, 530, 0, 0, 0, 0
L 1450, 530, 0, 1450, 560, 0, 0, 0, 0
L 1450, 530, 0, 1470, 530, 0, 0, 0, 0
L 1490, 530, 0, 1490, 500, 0, 0, 0, 0
L 1450, 500, 0, 1490, 500, 0, 0, 0, 0
L 1470, 530, 0, 1490, 530, 0, 0, 0, 0
L 1490, 560, 0, 1470, 530, 0, 0, 0, 0
L 800, 610, 0, 860, 610, 0, 0, 0, 0
L 800, 690, 0, 860, 690, 0, 0, 0, 0
L 860, 610, 0, 890, 610, 0, 0, 0, 0
L 860, 690, 0, 890, 690, 0, 0, 0, 0
L 860, 610, 0, 860, 690, 0, 255, 255, 0
L 890, 610, 0, 920, 610, 0, 0, 0, 0
L 890, 690, 0, 920, 690, 0, 0, 0, 0
L 890, 610, 0, 890, 690, 0, 255, 255, 0
L 960, 650, 0, 990, 650, 0, 0, 0, 0
L 960, 620, 0, 960, 680, 0, 0, 0, 0
L 990, 620, 0, 960, 620, 0, 0, 0, 0
L 1020, 650, 0, 1040, 650, 0, 0, 0, 0
L 1030, 620, 0, 1050, 680, 0, 0, 0, 0
L 1010, 680, 0, 1030, 620, 0, 0, 0, 0
L 1070, 620, 0, 1070, 650, 0, 0, 0, 0
L 1070, 650, 0, 1070, 680, 0, 0, 0, 0
L 1070, 650, 0, 1110, 680, 0, 0, 0, 0
L 1070, 650, 0, 1110, 620, 0, 0, 0, 0
L 1130, 650, 0, 1160, 650, 0, 0, 0, 0
L 1130, 680, 0, 1160, 680, 0, 0, 0, 0
L 1130, 620, 0, 1130, 680, 0, 0, 0, 0
L 1160, 620, 0, 1130, 620, 0, 0, 0, 0
L 1270, 680, 0, 1280, 620, 0, 0, 0, 0
L 1260, 650, 0, 1270, 680, 0, 0, 0, 0
L 1250, 680, 0, 1260, 650, 0, 0, 0, 0
L 1240, 620, 0, 1250, 680, 0, 0, 0, 0
L 1310, 650, 0, 1330, 650, 0, 0, 0, 0
L 1320, 620, 0, 1340, 680, 0, 0, 0, 0
L 1300, 680, 0, 1320, 620, 0, 0, 0, 0
L 1360, 620, 0, 1360, 680, 0, 0, 0, 0
L 1400, 680, 0, 1360, 680, 0, 0, 0, 0
L 1420, 620, 0, 1420, 680, 0, 0, 0, 0
L 1460, 680, 0, 1420, 680, 0, 0, 0, 0
L 800, 810, 0, 860, 810, 0, 0, 0, 0
L 800, 730, 0, 860, 730, 0, 0, 0, 0
L 830, 783, 0, 830, 757, 0, 205, 133, 63
L 860, 810, 0, 920, 810, 0, 0, 0, 0
L 860, 810, 0, 860, 783, 0, 205, 133, 63
L 830, 783, 0, 890, 783, 0, 205, 133, 63
L 830, 757, 0, 860, 757, 0, 205, 133, 63
L 860, 757, 0, 890, 757, 0, 205, 133, 63
L 860, 730, 0, 920, 730, 0, 0, 0, 0
L 860, 757, 0, 860, 730, 0, 205, 133, 63
L 890, 783, 0, 890, 757, 0, 205, 133, 63
L 970, 800, 0, 970, 740, 0, 0, 0, 0
L 980, 800, 0, 960, 800, 0, 0, 0, 0
L 990, 770, 0, 980, 800, 0, 0, 0, 0
L 980, 740, 0, 990, 770, 0, 0, 0, 0
L 960, 740, 0, 980, 740, 0, 0, 0, 0
L 1010, 740, 0, 1040, 740, 0, 0, 0, 0
L 1010, 800, 0, 1040, 800, 0, 0, 0, 0
L 1010, 740, 0, 1010, 800, 0, 0, 0, 0
L 1040, 740, 0, 1040, 800, 0, 0, 0, 0
L 1060, 740, 0, 1090, 740, 0, 0, 0, 0
L 1060, 800, 0, 1090, 800, 0, 0, 0, 0
L 1060, 740, 0, 1060, 800, 0, 0, 0, 0
L 1090, 740, 0, 1090, 800, 0, 0, 0, 0
L 1110, 740, 0, 1110, 770, 0, 0, 0, 0
L 1110, 770, 0, 1110, 800, 0, 0, 0, 0
L 1110, 770, 0, 1130, 770, 0, 0, 0, 0
L 1150, 770, 0, 1150, 740, 0, 0, 0, 0
L 1110, 740, 0, 1150, 740, 0, 0, 0, 0
L 1130, 770, 0, 1150, 770, 0, 0, 0, 0
L 1150, 800, 0, 1130, 770, 0, 0, 0, 0
L 800, 930, 0, 860, 930, 0, 0, 0, 0
L 800, 850, 0, 860, 850, 0, 0, 0, 0
L 830, 903, 0, 830, 877, 0, 255, 255, 0
L 860, 930, 0, 920, 930, 0, 0, 0, 0
L 860, 930, 0, 860, 903, 0, 255, 255, 0
L 830, 903, 0, 890, 903, 0, 255, 255, 0
L 830, 877, 0, 860, 877, 0, 255, 255, 0
L 860, 877, 0, 890, 877, 0, 255, 255, 0
L 860, 850, 0, 920, 850, 0, 0, 0, 0
L 860, 877, 0, 860, 850, 0, 255, 255, 0
L 890, 903, 0, 890, 877, 0, 255, 255, 0
L 960, 860, 0, 960, 920, 0, 0, 0, 0
L 1000, 920, 0, 960, 920, 0, 0, 0, 0
L 1020, 860, 0, 1050, 860, 0, 0, 0, 0
L 1020, 920, 0, 1050, 920, 0, 0, 0, 0
L 1020, 860, 0, 1020, 920, 0, 0, 0, 0
L 1050, 860, 0, 1050, 920, 0, 0, 0, 0
L 1100, 920, 0, 1070, 920, 0, 0, 0, 0
L 1070, 860, 0, 1100, 860, 0, 0, 0, 0
L 1070, 920, 0, 1070, 860, 0, 0, 0, 0
L 1120, 860, 0, 1120, 890, 0, 0, 0, 0
L 1120, 890, 0, 1120, 920, 0, 0, 0, 0
L 1120, 890, 0, 1160, 920, 0, 0, 0, 0
L 1120, 890, 0, 1160, 860, 0, 0, 0, 0
L 1180, 890, 0, 1210, 890, 0, 0, 0, 0
L 1180, 920, 0, 1210, 920, 0, 0, 0, 0
L 1180, 860, 0, 1180, 920, 0, 0, 0, 0
L 1210, 860, 0, 1180, 860, 0, 0, 0, 0
L 1240, 920, 0, 1240, 860, 0, 0, 0, 0
L 1250, 920, 0, 1230, 920, 0, 0, 0, 0
L 1260, 890, 0, 1250, 920, 0, 0, 0, 0
L 1250, 860, 0, 1260, 890, 0, 0, 0, 0
L 1230, 860, 0, 1250, 860, 0, 0, 0, 0
L 1350, 920, 0, 1350, 860, 0, 0, 0, 0
L 1360, 920, 0, 1340, 920, 0, 0, 0, 0
L 1370, 890, 0, 1360, 920, 0, 0, 0, 0
L 1360, 860, 0, 1370, 890, 0, 0, 0, 0
L 1340, 860, 0, 1360, 860, 0, 0, 0, 0
L 1390, 860, 0, 1420, 860, 0, 0, 0, 0
L 1390, 920, 0, 1420, 920, 0, 0, 0, 0
L 1390, 860, 0, 1390, 920, 0, 0, 0, 0
L 1420, 860, 0, 1420, 920, 0, 0, 0, 0
L 1440, 860, 0, 1470, 860, 0, 0, 0, 0
L 1440, 920, 0, 1470, 920, 0, 0, 0, 0
L 1440, 860, 0, 1440, 920, 0, 0, 0, 0
L 1470, 860, 0, 1470, 920, 0, 0, 0, 0
L 1490, 860, 0, 1490, 890, 0, 0, 0, 0
L 1490, 890, 0, 1490, 920, 0, 0, 0, 0
L 1490, 890, 0, 1510, 890, 0, 0, 0, 0
L 1530, 890, 0, 1530, 860, 0, 0, 0, 0
L 1490, 860, 0, 1530, 860, 0, 0, 0, 0
L 1510, 890, 0, 1530, 890, 0, 0, 0, 0
L 1530, 920, 0, 1510, 890, 0, 0, 0, 0
L 800, 1050, 0, 890, 1050, 0, 0, 0, 0
L 800, 970, 0, 890, 970, 0, 0, 0, 0
L 890, 970, 0, 920, 970, 0, 0, 0, 0
L 890, 1050, 0, 920, 1050, 0, 0, 0, 0
L 890, 970, 0, 890, 1010, 0, 255, 255, 0
L 830, 990, 0, 830, 1030, 0, 255, 255, 0
L 890, 1010, 0, 890, 1050, 0, 255, 255, 0
L 890, 1010, 0, 830, 990, 0, 255, 255, 0
L 890, 1010, 0, 830, 1030, 0, 255, 255, 0
L 960, 980, 0, 990, 980, 0, 0, 0, 0
L 960, 1040, 0, 990, 1040, 0, 0, 0, 0
L 960, 980, 0, 960, 1040, 0, 0, 0, 0
L 990, 980, 0, 990, 1040, 0, 0, 0, 0
L 1040, 1040, 0, 1040, 980, 0, 0, 0, 0
L 1010, 980, 0, 1040, 1040, 0, 0, 0, 0
L 1010, 1040, 0, 1010, 980, 0, 0, 0, 0
L 1060, 1010, 0, 1090, 1010, 0, 0, 0, 0
L 1060, 1040, 0, 1090, 1040, 0, 0, 0, 0
L 1060, 980, 0, 1060, 1040, 0, 0, 0, 0
L 1090, 980, 0, 1060, 980, 0, 0, 0, 0
L 1200, 1040, 0, 1210, 980, 0, 0, 0, 0
L 1190, 1010, 0, 1200, 1040, 0, 0, 0, 0
L 1180, 1040, 0, 1190, 1010, 0, 0, 0, 0
L 1170, 980, 0, 1180, 1040, 0, 0, 0, 0
L 1240, 1010, 0, 1260, 1010, 0, 0, 0, 0
L 1250, 980, 0, 1270, 1040, 0, 0, 0, 0
L 1230, 1040, 0, 1250, 980, 0, 0, 0, 0
L 1310, 1010, 0, 1310, 1040, 0, 0, 0, 0
L 1310, 1010, 0, 1330, 980, 0, 0, 0, 0
L 1290, 980, 0, 1310, 1010, 0, 0, 0, 0
L 800, 1090, 0, 800, 1120, 0, 255, 210, 0
L 800, 1090, 0, 820, 1090, 0, 255, 210, 0
L 820, 1150, 0, 800, 1150, 0, 255, 210, 0
L 800, 1120, 0, 800, 1150, 0, 255, 210, 0
L 820, 1120, 0, 800, 1120, 0, 255, 210, 0
L 820, 1120, 0, 840, 1105, 0, 255, 210, 0
L 820, 1090, 0, 840, 1105, 0, 255, 210, 0
L 820, 1120, 0, 840, 1135, 0, 255, 210, 0
L 840, 1135, 0, 820, 1150, 0, 255, 210, 0
L 870, 1120, 0, 890, 1120, 0, 255, 210, 0
L 880, 1090, 0, 900, 1150, 0, 255, 210, 0
L 860, 1150, 0, 880, 1090, 0, 255, 210, 0
L 950, 1150, 0, 950, 1090, 0, 255, 210, 0
L 920, 1090, 0, 950, 1150, 0, 255, 210, 0
L 920, 1150, 0, 920, 1090, 0, 255, 210, 0
L 970, 1090, 0, 970, 1120, 0, 255, 210, 0
L 970, 1120, 0, 970, 1150, 0, 255, 210, 0
L 970, 1120, 0, 1010, 1150, 0, 255, 210, 0
L 970, 1120, 0, 1010, 1090, 0, 255, 210, 0
L 1030, 1120, 0, 1060, 1120, 0, 255, 210, 0
L 1030, 1150, 0, 1060, 1150, 0, 255, 210, 0
L 1030, 1090, 0, 1030, 1150, 0, 255, 210, 0
L 1060, 1090, 0, 1030, 1090, 0, 255, 210, 0
L 1080, 1090, 0, 1080, 1120, 0, 255, 210, 0
L 1080, 1120, 0, 1080, 1150, 0, 255, 210, 0
L 1080, 1120, 0, 1100, 1120, 0, 255, 210, 0
L 1120, 1120, 0, 1120, 1090, 0, 255, 210, 0
L 1080, 1090, 0, 1120, 1090, 0, 255, 210, 0
L 1100, 1120, 0, 1120, 1120, 0, 255, 210, 0
L 1120, 1150, 0, 1100, 1120, 0, 255, 210, 0
L 830, 1240, 0, 800, 1240, 0, 255, 255, 255
L 800, 1180, 0, 830, 1180, 0, 255, 255, 255
L 800, 1240, 0, 800, 1180, 0, 255, 255, 255
L 850, 1180, 0, 880, 1180, 0, 255, 255, 255
L 850, 1240, 0, 880, 1240, 0, 255, 255, 255
L 850, 1180, 0, 850, 1240, 0, 255, 255, 255
L 880, 1180, 0, 880, 1240, 0, 255, 255, 255
L 940, 1180, 0, 940, 1240, 0, 255, 255, 255
L 920, 1210, 0, 940, 1180, 0, 255, 255, 255
L 900, 1180, 0, 920, 1210, 0, 255, 255, 255
L 900, 1240, 0, 900, 1180, 0, 255, 255, 255
L 1000, 1180, 0, 1000, 1240, 0, 255, 255, 255
L 980, 1210, 0, 1000, 1180, 0, 255, 255, 255
L 960, 1180, 0, 980, 1210, 0, 255, 255, 255
L 960, 1240, 0, 960, 1180, 0, 255, 255, 255
L 1020, 1210, 0, 1050, 1210, 0, 255, 255, 255
L 1020, 1240, 0, 1050, 1240, 0, 255, 255, 255
L 1020, 1180, 0, 1020, 1240, 0, 255, 255, 255
L 1050, 1180, 0, 1020, 1180, 0, 255, 255, 255
L 1100, 1240, 0, 1100, 1180, 0, 255, 255, 255
L 1070, 1180, 0, 1100, 1240, 0, 255, 255, 255
L 1070, 1240, 0, 1070, 1180, 0, 255, 255, 255
L 1140, 1180, 0, 1140, 1240, 0, 255, 255, 255
L 1120, 1180, 0, 1160, 1180, 0, 255, 255, 255
L 830, 1330, 0, 800, 1330, 0, 0, 0, 0
L 800, 1270, 0, 830, 1270, 0, 0, 0, 0
L 800, 1330, 0, 800, 1270, 0, 0, 0, 0
L 830, 1330, 0, 830, 1300, 0, 0, 0, 0
L 830, 1300, 0, 810, 1300, 0, 0, 0, 0
L 850, 1300, 0, 880, 1300, 0, 0, 0, 0
L 850, 1330, 0, 880, 1330, 0, 0, 0, 0
L 850, 1270, 0, 850, 1330, 0, 0, 0, 0
L 880, 1270, 0, 850, 1270, 0, 0, 0, 0
L 930, 1330, 0, 930, 1270, 0, 0, 0, 0
L 900, 1270, 0, 930, 1330, 0, 0, 0, 0
L 900, 1330, 0, 900, 1270, 0, 0, 0, 0
L 950, 1300, 0, 980, 1300, 0, 0, 0, 0
L 950, 1330, 0, 980, 1330, 0, 0, 0, 0
L 950, 1270, 0, 950, 1330, 0, 0, 0, 0
L 980, 1270, 0, 950, 1270, 0, 0, 0, 0
L 1000, 1270, 0, 1000, 1300, 0, 0, 0, 0
L 1000, 1300, 0, 1000, 1330, 0, 0, 0, 0
L 1000, 1300, 0, 1020, 1300, 0, 0, 0, 0
L 1040, 1300, 0, 1040, 1270, 0, 0, 0, 0
L 1000, 1270, 0, 1040, 1270, 0, 0, 0, 0
L 1020, 1300, 0, 1040, 1300, 0, 0, 0, 0
L 1040, 1330, 0, 1020, 1300, 0, 0, 0, 0
L 1070, 1300, 0, 1090, 1300, 0, 0, 0, 0
L 1080, 1270, 0, 1100, 1330, 0, 0, 0, 0
L 1060, 1330, 0, 1080, 1270, 0, 0, 0, 0
L 1120, 1270, 0, 1120, 1330, 0, 0, 0, 0
L 1160, 1330, 0, 1120, 1330, 0, 0, 0, 0
L 830, 1420, 0, 800, 1420, 0, 0, 0, 255
L 800, 1360, 0, 830, 1360, 0, 0, 0, 255
L 800, 1420, 0, 800, 1360, 0, 0, 0, 255
L 830, 1420, 0, 830, 1390, 0, 0, 0, 255
L 830, 1390, 0, 810, 1390, 0, 0, 0, 255
L 850, 1360, 0, 850, 1390, 0, 0, 0, 255
L 850, 1390, 0, 850, 1420, 0, 0, 0, 255
L 850, 1390, 0, 870, 1390, 0, 0, 0, 255
L 890, 1390, 0, 890, 1360, 0, 0, 0, 255
L 850, 1360, 0, 890, 1360, 0, 0, 0, 255
L 870, 1390, 0, 890, 1390, 0, 0, 0, 255
L 890, 1420, 0, 870, 1390, 0, 0, 0, 255
L 910, 1360, 0, 940, 1360, 0, 0, 0, 255
L 910, 1420, 0, 940, 1420, 0, 0, 0, 255
L 910, 1360, 0, 910, 1420, 0, 0, 0, 255
L 940, 1360, 0, 940, 1420, 0, 0, 0, 255
L 1000, 1360, 0, 1000, 1420, 0, 0, 0, 255
L 960, 1360, 0, 960, 1420, 0, 0, 0, 255
L 960, 1420, 0, 1000, 1420, 0, 0, 0, 255
L 1050, 1420, 0, 1050, 1360, 0, 0, 0, 255
L 1020, 1360, 0, 1050, 1420, 0, 0, 0, 255
L 1020, 1420, 0, 1020, 1360, 0, 0, 0, 255
L 1080, 1420, 0, 1080, 1360, 0, 0, 0, 255
L 1090, 1420, 0, 1070, 1420, 0, 0, 0, 255
L 1100, 1390, 0, 1090, 1420, 0, 0, 0, 255
L 1090, 1360, 0, 1100, 1390, 0, 0, 0, 255
L 1070, 1360, 0, 1090, 1360, 0, 0, 0, 255
L 1180, 1360, 0, 1180, 1390, 0, 0, 0, 255
L 1180, 1420, 0, 1220, 1420, 0, 0, 0, 255
L 1220, 1390, 0, 1180, 1390, 0, 0, 0, 255
L 1180, 1360, 0, 1220, 1360, 0, 0, 0, 255
L 1220, 1390, 0, 1220, 1420, 0, 0, 0, 255
L 1270, 1390, 0, 1240, 1390, 0, 0, 0, 255
L 1270, 1360, 0, 1270, 1390, 0, 0, 0, 255
L 1240, 1360, 0, 1270, 1360, 0, 0, 0, 255
L 1240, 1420, 0, 1240, 1360, 0, 0, 0, 255
L 1300, 1390, 0, 1320, 1390, 0, 0, 0, 255
L 1310, 1360, 0, 1330, 1420, 0, 0, 0, 255
L 1290, 1420, 0, 1310, 1360, 0, 0, 0, 255
L 1380, 1420, 0, 1390, 1360, 0, 0, 0, 255
L 1370, 1390, 0, 1380, 1420, 0, 0, 0, 255
L 1360, 1420, 0, 1370, 1390, 0, 0, 0, 255
L 1350, 1360, 0, 1360, 1420, 0, 0, 0, 255
L 1440, 1420, 0, 1440, 1360, 0, 0, 0, 255
L 1410, 1360, 0, 1440, 1420, 0, 0, 0, 255
L 1410, 1420, 0, 1410, 1360, 0, 0, 0, 255
L 830, 1510, 0, 800, 1510, 0, 128, 128, 128
L 800, 1450, 0, 830, 1450, 0, 128, 128, 128
L 800, 1510, 0, 800, 1450, 0, 128, 128, 128
L 830, 1510, 0, 830, 1480, 0, 128, 128, 128
L 830, 1480, 0, 810, 1480, 0, 128, 128, 128
L 890, 1450, 0, 890, 1510, 0, 128, 128, 128
L 850, 1450, 0, 850, 1510, 0, 128, 128, 128
L 850, 1510, 0, 890, 1510, 0, 128, 128, 128
L 910, 1450, 0, 910, 1510, 0, 128, 128, 128
L 930, 1450, 0, 930, 1510, 0, 128, 128, 128
L 970, 1510, 0, 930, 1510, 0, 128, 128, 128
L 1000, 1510, 0, 1000, 1450, 0, 128, 128, 128
L 1010, 1510, 0, 990, 1510, 0, 128, 128, 128
L 1020, 1480, 0, 1010, 1510, 0, 128, 128, 128
L 1010, 1450, 0, 1020, 1480, 0, 128, 128, 128
L 990, 1450, 0, 1010, 1450, 0, 128, 128, 128
L 1140, 1450, 0, 1140, 1510, 0, 128, 128, 128
L 1120, 1480, 0, 1140, 1450, 0, 128, 128, 128
L 1100, 1450, 0, 1120, 1480, 0, 128, 128, 128
L 1100, 1510, 0, 1100, 1450, 0, 128, 128, 128
L 1170, 1480, 0, 1190, 1480, 0, 128, 128, 128
L 1180, 1450, 0, 1200, 1510, 0, 128, 128, 128
L 1160, 1510, 0, 1180, 1450, 0, 128, 128, 128
L 1220, 1450, 0, 1220, 1480, 0, 128, 128, 128
L 1220, 1510, 0, 1260, 1510, 0, 128, 128, 128
L 1260, 1480, 0, 1220, 1480, 0, 128, 128, 128
L 1220, 1450, 0, 1260, 1450, 0, 128, 128, 128
L 1260, 1480, 0, 1260, 1510, 0, 128, 128, 128
L 1300, 1450, 0, 1300, 1510, 0, 128, 128, 128
L 1280, 1450, 0, 1320, 1450, 0, 128, 128, 128
L 1340, 1480, 0, 1370, 1480, 0, 128, 128, 128
L 1340, 1510, 0, 1370, 1510, 0, 128, 128, 128
L 1340, 1450, 0, 1340, 1510, 0, 128, 128, 128
L 1370, 1450, 0, 1340, 1450, 0, 128, 128, 128
L 1390, 1450, 0, 1390, 1480, 0, 128, 128, 128
L 1390, 1480, 0, 1390, 1510, 0, 128, 128, 128
L 1390, 1480, 0, 1410, 1480, 0, 128, 128, 128
L 1430, 1480, 0, 1430, 1450, 0, 128, 128, 128
L 1390, 1450, 0, 1430, 1450, 0, 128, 128, 128
L 1410, 1480, 0, 1430, 1480, 0, 128, 128, 128
L 1430, 1510, 0, 1410, 1480, 0, 128, 128, 128
L 800, 1540, 0, 800, 1570, 0, 127, 64, 0
L 840, 1600, 0, 840, 1570, 0, 127, 64, 0
L 800, 1570, 0, 800, 1600, 0, 127, 64, 0
L 840, 1570, 0, 840, 1540, 0, 127, 64, 0
L 800, 1570, 0, 840, 1570, 0, 127, 64, 0
L 900, 1540, 0, 900, 1600, 0, 127, 64, 0
L 860, 1540, 0, 860, 1600, 0, 127, 64, 0
L 860, 1600, 0, 900, 1600, 0, 127, 64, 0
L 950, 1600, 0, 950, 1540, 0, 127, 64, 0
L 920, 1540, 0, 950, 1600, 0, 127, 64, 0
L 920, 1600, 0, 920, 1540, 0, 127, 64, 0
L 990, 1540, 0, 990, 1600, 0, 127, 64, 0
L 970, 1540, 0, 1010, 1540, 0, 127, 64, 0
L 1030, 1570, 0, 1060, 1570, 0, 127, 64, 0
L 1030, 1600, 0, 1060, 1600, 0, 127, 64, 0
L 1030, 1540, 0, 1030, 1600, 0, 127, 64, 0
L 1060, 1540, 0, 1030, 1540, 0, 127, 64, 0
L 1080, 1540, 0, 1080, 1570, 0, 127, 64, 0
L 1080, 1570, 0, 1080, 1600, 0, 127, 64, 0
L 1080, 1570, 0, 1100, 1570, 0, 127, 64, 0
L 1120, 1570, 0, 1120, 1540, 0, 127, 64, 0
L 1080, 1540, 0, 1120, 1540, 0, 127, 64, 0
L 1100, 1570, 0, 1120, 1570, 0, 127, 64, 0
L 1120, 1600, 0, 1100, 1570, 0, 127, 64, 0
L 840, 1630, 0, 840, 1690, 0, 0, 127, 0
L 820, 1660, 0, 840, 1630, 0, 0, 127, 0
L 800, 1630, 0, 820, 1660, 0, 0, 127, 0
L 800, 1690, 0, 800, 1630, 0, 0, 127, 0
L 860, 1660, 0, 890, 1660, 0, 0, 127, 0
L 860, 1690, 0, 890, 1690, 0, 0, 127, 0
L 860, 1630, 0, 860, 1690, 0, 0, 127, 0
L 890, 1630, 0, 860, 1630, 0, 0, 127, 0
L 910, 1630, 0, 910, 1660, 0, 0, 127, 0
L 910, 1660, 0, 910, 1690, 0, 0, 127, 0
L 910, 1660, 0, 930, 1660, 0, 0, 127, 0
L 950, 1660, 0, 950, 1630, 0, 0, 127, 0
L 910, 1630, 0, 950, 1630, 0, 0, 127, 0
L 930, 1660, 0, 950, 1660, 0, 0, 127, 0
L 950, 1690, 0, 930, 1660, 0, 0, 127, 0
L 1000, 1690, 0, 970, 1690, 0, 0, 127, 0
L 970, 1630, 0, 1000, 1630, 0, 0, 127, 0
L 970, 1690, 0, 970, 1630, 0, 0, 127, 0
L 1020, 1630, 0, 1020, 1660, 0, 0, 127, 0
L 1060, 1690, 0, 1060, 1660, 0, 0, 127, 0
L 1020, 1660, 0, 1020, 1690, 0, 0, 127, 0
L 1060, 1660, 0, 1060, 1630, 0, 0, 127, 0
L 1020, 1660, 0, 1060, 1660, 0, 0, 127, 0
L 1090, 1660, 0, 1110, 1660, 0, 0, 127, 0
L 1100, 1630, 0, 1120, 1690, 0, 0, 127, 0
L 1080, 1690, 0, 1100, 1630, 0, 0, 127, 0
L 1170, 1690, 0, 1170, 1630, 0, 0, 127, 0
L 1140, 1630, 0, 1170, 1690, 0, 0, 127, 0
L 1140, 1690, 0, 1140, 1630, 0, 0, 127, 0
L 1210, 1630, 0, 1210, 1690, 0, 0, 127, 0
L 1190, 1630, 0, 1230, 1630, 0, 0, 127, 0
L 840, 1720, 0, 840, 1780, 0, 0, 127, 127
L 820, 1750, 0, 840, 1720, 0, 0, 127, 127
L 800, 1720, 0, 820, 1750, 0, 0, 127, 127
L 800, 1780, 0, 800, 1720, 0, 0, 127, 127
L 860, 1720, 0, 860, 1780, 0, 0, 127, 127
L 880, 1720, 0, 880, 1750, 0, 0, 127, 127
L 880, 1780, 0, 920, 1780, 0, 0, 127, 127
L 920, 1750, 0, 880, 1750, 0, 0, 127, 127
L 880, 1720, 0, 920, 1720, 0, 0, 127, 127
L 920, 1750, 0, 920, 1780, 0, 0, 127, 127
L 940, 1720, 0, 940, 1750, 0, 0, 127, 127
L 940, 1780, 0, 980, 1780, 0, 0, 127, 127
L 980, 1750, 0, 940, 1750, 0, 0, 127, 127
L 940, 1720, 0, 980, 1720, 0, 0, 127, 127
L 980, 1750, 0, 980, 1780, 0, 0, 127, 127
L 1000, 1720, 0, 1000, 1780, 0, 0, 127, 127
L 1020, 1720, 0, 1050, 1720, 0, 0, 127, 127
L 1020, 1780, 0, 1050, 1780, 0, 0, 127, 127
L 1020, 1720, 0, 1020, 1780, 0, 0, 127, 127
L 1050, 1720, 0, 1050, 1780, 0, 0, 127, 127
L 1100, 1780, 0, 1100, 1720, 0, 0, 127, 127
L 1070, 1720, 0, 1100, 1780, 0, 0, 127, 127
L 1070, 1780, 0, 1070, 1720, 0, 0, 127, 127
L 830, 1870, 0, 830, 1810, 0, 127, 64, 0
L 800, 1810, 0, 830, 1870, 0, 127, 64, 0
L 800, 1870, 0, 800, 1810, 0, 127, 64, 0
L 860, 1840, 0, 880, 1840, 0, 127, 64, 0
L 870, 1810, 0, 890, 1870, 0, 127, 64, 0
L 850, 1870, 0, 870, 1810, 0, 127, 64, 0
L 950, 1810, 0, 950, 1870, 0, 127, 64, 0
L 930, 1840, 0, 950, 1810, 0, 127, 64, 0
L 910, 1810, 0, 930, 1840, 0, 127, 64, 0
L 910, 1870, 0, 910, 1810, 0, 127, 64, 0
L 970, 1840, 0, 1000, 1840, 0, 127, 64, 0
L 970, 1870, 0, 1000, 1870, 0, 127, 64, 0
L 970, 1810, 0, 970, 1870, 0, 127, 64, 0
L 1000, 1810, 0, 970, 1810, 0, 127, 64, 0
L 1030, 1870, 0, 1030, 1810, 0, 127, 64, 0
L 1040, 1870, 0, 1020, 1870, 0, 127, 64, 0
L 1050, 1840, 0, 1040, 1870, 0, 127, 64, 0
L 1040, 1810, 0, 1050, 1840, 0, 127, 64, 0
L 1020, 1810, 0, 1040, 1810, 0, 127, 64, 0
L 830, 1930, 0, 800, 1930, 0, 0, 255, 0
L 830, 1900, 0, 830, 1930, 0, 0, 255, 0
L 800, 1900, 0, 830, 1900, 0, 0, 255, 0
L 800, 1960, 0, 800, 1900, 0, 0, 255, 0
L 860, 1930, 0, 880, 1930, 0, 0, 255, 0
L 870, 1900, 0, 890, 1960, 0, 0, 255, 0
L 850, 1960, 0, 870, 1900, 0, 0, 255, 0
L 910, 1900, 0, 910, 1930, 0, 0, 255, 0
L 910, 1930, 0, 910, 1960, 0, 0, 255, 0
L 910, 1930, 0, 930, 1930, 0, 0, 255, 0
L 950, 1930, 0, 950, 1900, 0, 0, 255, 0
L 910, 1900, 0, 950, 1900, 0, 0, 255, 0
L 930, 1930, 0, 950, 1930, 0, 0, 255, 0
L 950, 1960, 0, 930, 1930, 0, 0, 255, 0
L 1000, 1960, 0, 970, 1960, 0, 0, 255, 0
L 970, 1900, 0, 1000, 1900, 0, 0, 255, 0
L 970, 1960, 0, 970, 1900, 0, 0, 255, 0
L 1020, 1930, 0, 1050, 1930, 0, 0, 255, 0
L 1020, 1960, 0, 1050, 1960, 0, 0, 255, 0
L 1020, 1900, 0, 1020, 1960, 0, 0, 255, 0
L 1050, 1900, 0, 1020, 1900, 0, 0, 255, 0
L 1070, 1900, 0, 1070, 1960, 0, 0, 255, 0
L 1110, 1960, 0, 1070, 1960, 0, 0, 255, 0
L 1130, 1900, 0, 1130, 1930, 0, 0, 255, 0
L 1130, 1960, 0, 1170, 1960, 0, 0, 255, 0
L 1170, 1930, 0, 1130, 1930, 0, 0, 255, 0
L 1130, 1900, 0, 1170, 1900, 0, 0, 255, 0
L 1170, 1930, 0, 1170, 1960, 0, 0, 255, 0
L 800, 1990, 0, 800, 2020, 0, 0, 240, 240
L 800, 2020, 0, 800, 2050, 0, 0, 240, 240
L 800, 2020, 0, 820, 2020, 0, 0, 240, 240
L 840, 2020, 0, 840, 1990, 0, 0, 240, 240
L 800, 1990, 0, 840, 1990, 0, 0, 240, 240
L 820, 2020, 0, 840, 2020, 0, 0, 240, 240
L 840, 2050, 0, 820, 2020, 0, 0, 240, 240
L 870, 2020, 0, 890, 2020, 0, 0, 240, 240
L 880, 1990, 0, 900, 2050, 0, 0, 240, 240
L 860, 2050, 0, 880, 1990, 0, 0, 240, 240
L 920, 1990, 0, 920, 2050, 0, 0, 240, 240
L 950, 2050, 0, 950, 1990, 0, 0, 240, 240
L 960, 2050, 0, 940, 2050, 0, 0, 240, 240
L 970, 2020, 0, 960, 2050, 0, 0, 240, 240
L 960, 1990, 0, 970, 2020, 0, 0, 240, 240
L 940, 1990, 0, 960, 1990, 0, 0, 240, 240
L 800, 2080, 0, 800, 2110, 0, 0, 255, 0
L 800, 2140, 0, 840, 2140, 0, 0, 255, 0
L 840, 2110, 0, 800, 2110, 0, 0, 255, 0
L 800, 2080, 0, 840, 2080, 0, 0, 255, 0
L 840, 2110, 0, 840, 2140, 0, 0, 255, 0
L 890, 2110, 0, 860, 2110, 0, 0, 255, 0
L 890, 2080, 0, 890, 2110, 0, 0, 255, 0
L 860, 2080, 0, 890, 2080, 0, 0, 255, 0
L 860, 2140, 0, 860, 2080, 0, 0, 255, 0
L 910, 2110, 0, 940, 2110, 0, 0, 255, 0
L 910, 2140, 0, 940, 2140, 0, 0, 255, 0
L 910, 2080, 0, 910, 2140, 0, 0, 255, 0
L 940, 2080, 0, 910, 2080, 0, 0, 255, 0
L 990, 2140, 0, 960, 2140, 0, 0, 255, 0
L 960, 2080, 0, 990, 2080, 0, 0, 255, 0
L 960, 2140, 0, 960, 2080, 0, 0, 255, 0
L 1010, 2080, 0, 1010, 2140, 0, 0, 255, 0
L 1040, 2110, 0, 1060, 2110, 0, 0, 255, 0
L 1050, 2080, 0, 1070, 2140, 0, 0, 255, 0
L 1030, 2140, 0, 1050, 2080, 0, 0, 255, 0
L 1090, 2080, 0, 1090, 2140, 0, 0, 255, 0
L 1130, 2140, 0, 1090, 2140, 0, 0, 255, 0
L 1240, 2140, 0, 1210, 2140, 0, 0, 255, 0
L 1210, 2080, 0, 1240, 2080, 0, 0, 255, 0
L 1210, 2140, 0, 1210, 2080, 0, 0, 255, 0
L 1300, 2080, 0, 1300, 2140, 0, 0, 255, 0
L 1260, 2080, 0, 1260, 2140, 0, 0, 255, 0
L 1260, 2140, 0, 1300, 2140, 0, 0, 255, 0
L 1320, 2080, 0, 1320, 2110, 0, 0, 255, 0
L 1320, 2110, 0, 1320, 2140, 0, 0, 255, 0
L 1320, 2110, 0, 1340, 2110, 0, 0, 255, 0
L 1360, 2110, 0, 1360, 2080, 0, 0, 255, 0
L 1320, 2080, 0, 1360, 2080, 0, 0, 255, 0
L 1340, 2110, 0, 1360, 2110, 0, 0, 255, 0
L 1360, 2140, 0, 1340, 2110, 0, 0, 255, 0
L 1380, 2080, 0, 1380, 2110, 0, 0, 255, 0
L 1380, 2110, 0, 1380, 2140, 0, 0, 255, 0
L 1380, 2110, 0, 1400, 2110, 0, 0, 255, 0
L 1420, 2110, 0, 1420, 2080, 0, 0, 255, 0
L 1380, 2080, 0, 1420, 2080, 0, 0, 255, 0
L 1400, 2110, 0, 1420, 2110, 0, 0, 255, 0
L 1420, 2140, 0, 1400, 2110, 0, 0, 255, 0
L 1440, 2110, 0, 1470, 2110, 0, 0, 255, 0
L 1440, 2140, 0, 1470, 2140, 0, 0, 255, 0
L 1440, 2080, 0, 1440, 2140, 0, 0, 255, 0
L 1470, 2080, 0, 1440, 2080, 0, 0, 255, 0
L 1520, 2140, 0, 1520, 2080, 0, 0, 255, 0
L 1490, 2080, 0, 1520, 2140, 0, 0, 255, 0
L 1490, 2140, 0, 1490, 2080, 0, 0, 255, 0
L 1570, 2140, 0, 1540, 2140, 0, 0, 255, 0
L 1540, 2080, 0, 1570, 2080, 0, 0, 255, 0
L 1540, 2140, 0, 1540, 2080, 0, 0, 255, 0
L 1610, 2110, 0, 1610, 2140, 0, 0, 255, 0
L 1610, 2110, 0, 1630, 2080, 0, 0, 255, 0
L 1590, 2080, 0, 1610, 2110, 0, 0, 255, 0
L 800, 2170, 0, 800, 2200, 0, 255, 0, 0
L 800, 2230, 0, 840, 2230, 0, 255, 0, 0
L 840, 2200, 0, 800, 2200, 0, 255, 0, 0
L 800, 2170, 0, 840, 2170, 0, 255, 0, 0
L 840, 2200, 0, 840, 2230, 0, 255, 0, 0
L 900, 2170, 0, 900, 2230, 0, 255, 0, 0
L 860, 2170, 0, 860, 2230, 0, 255, 0, 0
L 860, 2230, 0, 900, 2230, 0, 255, 0, 0
L 950, 2230, 0, 920, 2230, 0, 255, 0, 0
L 920, 2170, 0, 950, 2170, 0, 255, 0, 0
L 920, 2230, 0, 920, 2170, 0, 255, 0, 0
L 1000, 2230, 0, 970, 2230, 0, 255, 0, 0
L 970, 2170, 0, 1000, 2170, 0, 255, 0, 0
L 970, 2230, 0, 970, 2170, 0, 255, 0, 0
L 1020, 2170, 0, 1050, 2170, 0, 255, 0, 0
L 1020, 2230, 0, 1050, 2230, 0, 255, 0, 0
L 1020, 2170, 0, 1020, 2230, 0, 255, 0, 0
L 1050, 2170, 0, 1050, 2230, 0, 255, 0, 0
L 1070, 2170, 0, 1070, 2200, 0, 255, 0, 0
L 1070, 2200, 0, 1070, 2230, 0, 255, 0, 0
L 1070, 2200, 0, 1090, 2200, 0, 255, 0, 0
L 1110, 2200, 0, 1110, 2170, 0, 255, 0, 0
L 1070, 2170, 0, 1110, 2170, 0, 255, 0, 0
L 1090, 2200, 0, 1110, 2200, 0, 255, 0, 0
L 1110, 2230, 0, 1090, 2200, 0, 255, 0, 0
L 820, 2260, 0, 820, 2320, 0, 255, 255, 0
L 800, 2260, 0, 840, 2260, 0, 255, 255, 0
L 860, 2290, 0, 890, 2290, 0, 255, 255, 0
L 860, 2320, 0, 890, 2320, 0, 255, 255, 0
L 860, 2260, 0, 860, 2320, 0, 255, 255, 0
L 890, 2260, 0, 860, 2260, 0, 255, 255, 0
L 910, 2260, 0, 910, 2320, 0, 255, 255, 0
L 950, 2320, 0, 910, 2320, 0, 255, 255, 0
L 970, 2290, 0, 1000, 2290, 0, 255, 255, 0
L 970, 2320, 0, 1000, 2320, 0, 255, 255, 0
L 970, 2260, 0, 970, 2320, 0, 255, 255, 0
L 1000, 2260, 0, 970, 2260, 0, 255, 255, 0
L 1050, 2290, 0, 1020, 2290, 0, 255, 255, 0
L 1050, 2260, 0, 1050, 2290, 0, 255, 255, 0
L 1020, 2260, 0, 1050, 2260, 0, 255, 255, 0
L 1020, 2320, 0, 1020, 2260, 0, 255, 255, 0
L 1070, 2260, 0, 1100, 2260, 0, 255, 255, 0
L 1070, 2320, 0, 1100, 2320, 0, 255, 255, 0
L 1070, 2260, 0, 1070, 2320, 0, 255, 255, 0
L 1100, 2260, 0, 1100, 2320, 0, 255, 255, 0
L 1120, 2260, 0, 1120, 2290, 0, 255, 255, 0
L 1120, 2290, 0, 1120, 2320, 0, 255, 255, 0
L 1120, 2290, 0, 1140, 2290, 0, 255, 255, 0
L 1160, 2290, 0, 1160, 2260, 0, 255, 255, 0
L 1120, 2260, 0, 1160, 2260, 0, 255, 255, 0
L 1140, 2290, 0, 1160, 2290, 0, 255, 255, 0
L 1160, 2320, 0, 1140, 2290, 0, 255, 255, 0
L 1200, 2260, 0, 1200, 2320, 0, 255, 255, 0
L 1180, 2260, 0, 1220, 2260, 0, 255, 255, 0
L 820, 2350, 0, 820, 2410, 0, 128, 0, 128
L 800, 2350, 0, 840, 2350, 0, 128, 0, 128
L 860, 2350, 0, 860, 2380, 0, 128, 0, 128
L 860, 2380, 0, 860, 2410, 0, 128, 0, 128
L 860, 2380, 0, 880, 2380, 0, 128, 0, 128
L 900, 2380, 0, 900, 2350, 0, 128, 0, 128
L 860, 2350, 0, 900, 2350, 0, 128, 0, 128
L 880, 2380, 0, 900, 2380, 0, 128, 0, 128
L 900, 2410, 0, 880, 2380, 0, 128, 0, 128
L 930, 2380, 0, 950, 2380, 0, 128, 0, 128
L 940, 2350, 0, 960, 2410, 0, 128, 0, 128
L 920, 2410, 0, 940, 2350, 0, 128, 0, 128
L 990, 2410, 0, 990, 2350, 0, 128, 0, 128
L 1000, 2410, 0, 980, 2410, 0, 128, 0, 128
L 1010, 2380, 0, 1000, 2410, 0, 128, 0, 128
L 1000, 2350, 0, 1010, 2380, 0, 128, 0, 128
L 980, 2350, 0, 1000, 2350, 0, 128, 0, 128
L 1030, 2380, 0, 1060, 2380, 0, 128, 0, 128
L 1030, 2410, 0, 1060, 2410, 0, 128, 0, 128
L 1030, 2350, 0, 1030, 2410, 0, 128, 0, 128
L 1060, 2350, 0, 1030, 2350, 0, 128, 0, 128
L 1080, 2350, 0, 1080, 2380, 0, 128, 0, 128
L 1080, 2410, 0, 1120, 2410, 0, 128, 0, 128
L 1120, 2380, 0, 1080, 2380, 0, 128, 0, 128
L 1080, 2350, 0, 1120, 2350, 0, 128, 0, 128
L 1120, 2380, 0, 1120, 2410, 0, 128, 0, 128
L 1140, 2350, 0, 1140, 2380, 0, 128, 0, 128
L 1140, 2380, 0, 1140, 2410, 0, 128, 0, 128
L 1140, 2380, 0, 1180, 2410, 0, 128, 0, 128
L 1140, 2380, 0, 1180, 2350, 0, 128, 0, 128
L 1200, 2350, 0, 1200, 2410, 0, 128, 0, 128
L 1220, 2350, 0, 1220, 2410, 0, 128, 0, 128
L 1260, 2410, 0, 1220, 2410, 0, 128, 0, 128
L 1280, 2350, 0, 1280, 2410, 0, 128, 0, 128
L 1320, 2410, 0, 1280, 2410, 0, 128, 0, 128
L 1430, 2410, 0, 1400, 2410, 0, 128, 0, 128
L 1400, 2350, 0, 1430, 2350, 0, 128, 0, 128
L 1400, 2410, 0, 1400, 2350, 0, 128, 0, 128
L 1450, 2350, 0, 1480, 2350, 0, 128, 0, 128
L 1450, 2410, 0, 1480, 2410, 0, 128, 0, 128
L 1450, 2350, 0, 1450, 2410, 0, 128, 0, 128
L 1480, 2350, 0, 1480, 2410, 0, 128, 0, 128
L 1530, 2410, 0, 1530, 2350, 0, 128, 0, 128
L 1500, 2350, 0, 1530, 2410, 0, 128, 0, 128
L 1500, 2410, 0, 1500, 2350, 0, 128, 0, 128
L 1570, 2350, 0, 1570, 2410, 0, 128, 0, 128
L 1550, 2350, 0, 1590, 2350, 0, 128, 0, 128
L 1620, 2380, 0, 1640, 2380, 0, 128, 0, 128
L 1630, 2350, 0, 1650, 2410, 0, 128, 0, 128
L 1610, 2410, 0, 1630, 2350, 0, 128, 0, 128
L 1670, 2350, 0, 1670, 2410, 0, 128, 0, 128
L 1720, 2410, 0, 1720, 2350, 0, 128, 0, 128
L 1690, 2350, 0, 1720, 2410, 0, 128, 0, 128
L 1690, 2410, 0, 1690, 2350, 0, 128, 0, 128
L 1740, 2380, 0, 1770, 2380, 0, 128, 0, 128
L 1740, 2410, 0, 1770, 2410, 0, 128, 0, 128
L 1740, 2350, 0, 1740, 2410, 0, 128, 0, 128
L 1770, 2350, 0, 1740, 2350, 0, 128, 0, 128
L 1790, 2350, 0, 1790, 2380, 0, 128, 0, 128
L 1790, 2380, 0, 1790, 2410, 0, 128, 0, 128
L 1790, 2380, 0, 1810, 2380, 0, 128, 0, 128
L 1830, 2380, 0, 1830, 2350, 0, 128, 0, 128
L 1790, 2350, 0, 1830, 2350, 0, 128, 0, 128
L 1810, 2380, 0, 1830, 2380, 0, 128, 0, 128
L 1830, 2410, 0, 1810, 2380, 0, 128, 0, 128
L 820, 2440, 0, 820, 2500, 0, 255, 255, 0
L 800, 2440, 0, 840, 2440, 0, 255, 255, 0
L 860, 2440, 0, 860, 2470, 0, 255, 255, 0
L 860, 2470, 0, 860, 2500, 0, 255, 255, 0
L 860, 2470, 0, 880, 2470, 0, 255, 255, 0
L 900, 2470, 0, 900, 2440, 0, 255, 255, 0
L 860, 2440, 0, 900, 2440, 0, 255, 255, 0
L 880, 2470, 0, 900, 2470, 0, 255, 255, 0
L 900, 2500, 0, 880, 2470, 0, 255, 255, 0
L 930, 2470, 0, 950, 2470, 0, 255, 255, 0
L 940, 2440, 0, 960, 2500, 0, 255, 255, 0
L 920, 2500, 0, 940, 2440, 0, 255, 255, 0
L 1010, 2470, 0, 980, 2470, 0, 255, 255, 0
L 1010, 2440, 0, 1010, 2470, 0, 255, 255, 0
L 980, 2440, 0, 1010, 2440, 0, 255, 255, 0
L 980, 2500, 0, 980, 2440, 0, 255, 255, 0
L 830, 2530, 0, 800, 2530, 0, 255, 0, 0
L 800, 2590, 0, 830, 2530, 0, 255, 0, 0
L 800, 2590, 0, 830, 2590, 0, 255, 0, 0
L 850, 2530, 0, 880, 2530, 0, 255, 0, 0
L 850, 2590, 0, 880, 2590, 0, 255, 0, 0
L 850, 2530, 0, 850, 2590, 0, 255, 0, 0
L 880, 2530, 0, 880, 2590, 0, 255, 0, 0
L 930, 2590, 0, 930, 2530, 0, 255, 0, 0
L 900, 2530, 0, 930, 2590, 0, 255, 0, 0
L 900, 2590, 0, 900, 2530, 0, 255, 0, 0
L 950, 2560, 0, 980, 2560, 0, 255, 0, 0
L 950, 2590, 0, 980, 2590, 0, 255, 0, 0
L 950, 2530, 0, 950, 2590, 0, 255, 0, 0
L 980, 2530, 0, 950, 2530, 0, 255, 0, 0
P -200, 400, 0, 0, 0, 0, 2, Revised_Map:_Brewall_Rainsiger_(Cazic-Thule)
P -200, 600, 0, 0, 0, 0, 2, http://www.eqmaps.info
P -200, 800, 0, 0, 0, 0, 2, Return_of_the_Exiled_(www.roteguild.org)
P -200, 1000, 0, 127, 64, 0, 2, Drelzna
P -200, 1200, 0, 127, 64, 0, 2, Ekeros
P -200, 1400, 0, 127, 64, 0, 2, Najena
P -200, 1600, 0, 127, 64, 0, 2, Officer_Grush
P -200, 1800, 0, 127, 64, 0, 2, Rathyl
P -200, 2000, 0, 127, 64, 0, 2, Trazdon
P -200, 2200, 0, 127, 64, 0, 2, The_Widowmistress
