L 85.7865, 191.7325, -17.6564, 62.7645, 181.4547, -17.6564, 0, 0, 0
L 62.7645, 181.4547, -17.6564, 38.9703, 191.3270, -17.6564, 0, 0, 0
L 38.9703, 191.3270, -17.6564, 20.4875, 190.8401, -17.6564, 0, 0, 0
L 20.4875, 190.8401, -17.6564, 6.0452, 202.2622, -17.6564, 0, 0, 0
L 6.0452, 202.2622, -17.6564, -10.1892, 200.2944, -17.6564, 0, 0, 0
L -10.1892, 200.2944, -17.6564, -26.0789, 202.2697, -17.6564, 0, 0, 0
L -26.0789, 202.2697, -17.6564, -39.1432, 195.8078, -17.6564, 0, 0, 0
L -39.1432, 195.8078, -17.6564, -66.0610, 206.2529, -17.6564, 0, 0, 0
L -66.0610, 206.2529, -17.6564, -82.6832, 203.5573, -17.6564, 0, 0, 0
L -82.6832, 203.5573, -17.6564, -104.7095, 206.2060, -17.6564, 0, 0, 0
L -104.7095, 206.2060, -17.6564, -120.3481, 191.0557, -17.6564, 0, 0, 0
L -120.3481, 191.0557, -17.6564, -125.1905, 176.0433, -17.6564, 0, 0, 0
L -125.1905, 176.0433, -17.6564, -109.4978, 161.7755, -17.6564, 0, 0, 0
L -109.4978, 161.7755, -17.6564, -86.0372, 117.4695, -17.6564, 0, 0, 0
L -86.0372, 117.4695, -17.6564, -63.7817, 102.6341, -17.6564, 0, 0, 0
L -63.7817, 102.6341, -17.6564, -38.1405, 92.8839, -17.6564, 0, 0, 0
L -38.1405, 92.8839, -17.6564, -28.2023, 55.5979, -17.6564, 0, 0, 0
L 96.7577, 150.4160, -17.6564, 90.2236, 148.6185, -17.6564, 0, 0, 0
L 90.2236, 148.6185, -17.6564, 78.8603, 134.4621, -17.6564, 0, 0, 0
L 78.8603, 134.4621, -17.6564, 50.4072, 92.2398, -17.6564, 0, 0, 0
P 77.8260, 146.8730, -17.0840, 255, 0, 0, 3, Zone_Out
P -87.6260, 0.6110, -17.3440, 127, 0, 0, 2, A_Fairy_Shrine_#3_(Fairy_mission)
P -30.9650, -169.1860, -17.3440, 127, 0, 0, 2, A_Fairy_Shrine_#2_(Fairy_mission)
P 156.6850, -78.2550, -17.3440, 127, 0, 0, 2, A_Fairy_Shrine_#1_(Fairy_mission)
P 419.9360, 222.7250, -61.8690, 127, 0, 0, 2, Chest_-_(Fairy_mission)
P 417.5380, 209.9890, -63.9330, 127, 0, 0, 2, Queen_Nok_Nok`s_Remains
P -89.2910, 179.7910, -17.0840, 0, 0, 127, 2, Chest_(Orc_mission)
P 411.0670, 208.9750, -62.8840, 0, 0, 127, 2, Vodrak_(Orc_mission)
