L 797.5000, -2533.7000, -30.3000,  1334.7000, -2533.7000, -30.3000,  199, 21, 133
L -1337.5000, -2533.7000, -30.3000,  797.5000, -2533.7000, -30.3000,  199, 21, 133
L 1334.7000, -2533.7000, -30.3000,  1334.7000, -2719.0000, -30.3000,  0, 0, 255
L 1171.6000, 1776.5000, -30.3000,  1247.6000, 1766.6000, -30.3000,  0, 0, 255
L 1247.6000, 1766.6000, -30.3000,  1334.7000, 1721.6000, -30.3000,  0, 0, 255
L -1344.3000, -2504.8000, -30.3000,  -1337.5000, -2533.7000, -30.3000,  0, 0, 0
L -1305.2000, -2451.8000, -30.3000,  -1344.3000, -2504.8000, -30.3000,  0, 0, 0
L -1289.7000, -2432.7000, -30.3000,  -1305.2000, -2451.8000, -30.3000,  0, 0, 0
L -1337.5000, -2533.7000, -30.3000,  -1337.5000, -2719.0000, -30.3000,  0, 0, 0
L 1334.7000, 1721.6000, -30.3000,  1334.7000, -2533.7000, -30.3000,  0, 0, 255
L -59.3000, 1933.0000, 2.9000,  -59.3000, 2000.4000, 2.9000,  0, 0, 0
L -269.1000, 1933.0000, 3.5000,  -269.1000, 2000.4000, 3.5000,  0, 0, 0
L -282.4000, 1857.4000, 3.5000,  -328.1000, 1813.4000, 3.5000,  0, 0, 0
L -255.6000, 1909.2000, 3.2000,  -282.4000, 1857.4000, 3.5000,  0, 0, 0
L -269.1000, 1933.0000, 3.5000,  -255.6000, 1909.2000, 3.2000,  0, 0, 0
L -59.3000, 1933.0000, 2.9000,  -269.1000, 1933.0000, 3.5000,  199, 21, 133
L -20.4000, 1901.3000, -11.0000,  -59.3000, 1933.0000, 2.9000,  0, 0, 0
L 8.6000, 1880.9000, -0.1000,  -20.4000, 1901.3000, -11.0000,  0, 0, 0
L 54.9000, 1893.6000, -7.3000,  8.6000, 1880.9000, -0.1000,  0, 0, 0
L 78.2000, 1896.8000, -11.9000,  54.9000, 1893.6000, -7.3000,  0, 0, 0
L 104.6000, 1932.0000, -35.7000,  78.2000, 1896.8000, -11.9000,  0, 0, 0
L 440.8000, 1929.7000, -37.0000,  104.6000, 1932.0000, -35.7000,  0, 0, 0
L 449.0000, 1924.7000, -39.6000,  440.8000, 1929.7000, -37.0000,  0, 0, 0
L 465.6000, 1933.1000, -27.3000,  449.0000, 1924.7000, -39.6000,  0, 0, 0
L 476.5000, 1933.1000, -17.9000,  465.6000, 1933.1000, -27.3000,  0, 0, 0
L 506.2000, 1933.1000, 8.0000,  476.5000, 1933.1000, -17.9000,  0, 0, 0
L 530.6000, 1933.1000, 12.0000,  506.2000, 1933.1000, 8.0000,  0, 0, 0
L 548.8000, 1933.1000, 13.2000,  530.6000, 1933.1000, 12.0000,  0, 0, 0
L 588.7000, 1933.1000, 4.5000,  548.8000, 1933.1000, 13.2000,  0, 0, 0
L 612.6000, 1933.1000, 0.6000,  588.7000, 1933.1000, 4.5000,  0, 0, 0
L 629.3000, 1933.1000, 6.3000,  612.6000, 1933.1000, 0.6000,  0, 0, 0
L 644.0000, 1933.1000, 11.1000,  629.3000, 1933.1000, 6.3000,  0, 0, 0
L 661.3000, 1933.1000, 11.8000,  644.0000, 1933.1000, 11.1000,  0, 0, 0
L 687.9000, 1930.5000, 6.5000,  661.3000, 1933.1000, 11.8000,  0, 0, 0
L 690.2000, 1910.3000, 3.0000,  687.9000, 1930.5000, 6.5000,  0, 0, 0
L 702.8000, 1856.6000, 3.0000,  690.2000, 1910.3000, 3.0000,  0, 0, 0
L 749.1000, 1822.2000, 3.0000,  702.8000, 1856.6000, 3.0000,  0, 0, 0
L 783.3000, 1823.2000, -1.6000,  749.1000, 1822.2000, 3.0000,  0, 0, 0
L 809.1000, 1839.1000, 9.4000,  783.3000, 1823.2000, -1.6000,  0, 0, 0
L 670.1000, 1836.1000, 3.0000,  669.9000, 1836.2000, 3.0000,  0, 0, 0
L 658.4000, 1843.0000, 3.0000,  670.1000, 1836.1000, 3.0000,  0, 0, 0
L 655.2000, 1857.2000, 3.0000,  658.4000, 1843.0000, 3.0000,  0, 0, 0
L 662.6000, 1867.7000, 3.0000,  655.2000, 1857.2000, 3.0000,  0, 0, 0
L 675.8000, 1870.8000, 3.0000,  662.6000, 1867.7000, 3.0000,  0, 0, 0
L 686.9000, 1863.5000, 3.0000,  675.8000, 1870.8000, 3.0000,  0, 0, 0
L 689.9000, 1850.6000, 3.0000,  686.9000, 1863.5000, 3.0000,  0, 0, 0
L 682.5000, 1839.0000, 3.0000,  689.9000, 1850.6000, 3.0000,  0, 0, 0
L 713.2000, 1827.3000, 3.0000,  706.9000, 1815.6000, 3.0000,  0, 0, 0
L 726.3000, 1830.4000, 3.0000,  713.2000, 1827.3000, 3.0000,  0, 0, 0
L 737.9000, 1824.9000, 3.0000,  726.3000, 1830.4000, 3.0000,  0, 0, 0
L 741.9000, 1811.8000, 3.0000,  737.9000, 1824.9000, 3.0000,  0, 0, 0
L 735.8000, 1800.4000, 3.0000,  741.9000, 1811.8000, 3.0000,  0, 0, 0
L 722.3000, 1795.8000, 3.0000,  735.8000, 1800.4000, 3.0000,  0, 0, 0
L 710.2000, 1802.2000, 3.0000,  722.3000, 1795.8000, 3.0000,  0, 0, 0
L -1140.6000, 887.8000, 3.0000,  -1143.4000, 890.8000, 3.0000,  0, 0, 0
L -1153.5000, 874.6000, 2.8000,  -1140.6000, 887.8000, 3.0000,  0, 0, 0
L -1166.7000, 887.5000, 2.1000,  -1153.5000, 874.6000, 2.8000,  0, 0, 0
L -1153.7000, 900.7000, 2.8000,  -1166.7000, 887.5000, 2.1000,  0, 0, 0
L -1151.0000, 898.1000, 2.9000,  -1153.7000, 900.7000, 2.8000,  0, 0, 0
L -1117.8000, 895.6000, 2.8000,  -1115.9000, 899.7000, 2.8000,  0, 0, 0
L -1109.2000, 912.0000, 3.0000,  -1112.1000, 906.8000, 2.9000,  0, 0, 0
L -1092.9000, 903.5000, 2.3000,  -1109.2000, 912.0000, 3.0000,  0, 0, 0
L -1101.5000, 887.1000, 2.1000,  -1092.9000, 903.5000, 2.3000,  0, 0, 0
L -1117.7000, 895.7000, 2.8000,  -1101.5000, 887.1000, 2.1000,  0, 0, 0
L -61.1000, -654.3000, 4.0000,  -47.9000, -600.1000, 29.8000,  150, 100, 0
L -77.5000, -646.3000, 3.1000,  -67.7000, -605.1000, 3.0000,  150, 100, 0
L -44.2000, -654.2000, 3.4000,  -77.5000, -646.3000, 3.1000,  150, 100, 0
L -33.2000, -614.5000, 3.0000,  -44.2000, -654.2000, 3.4000,  150, 100, 0
L -50.4000, -609.4000, 25.4000,  -33.2000, -614.5000, 3.0000,  150, 100, 0
L -68.7000, -605.5000, 3.0000,  -50.4000, -609.4000, 25.4000,  150, 100, 0
L 0.3000, -456.8000, 4.2000,  0.3000, -512.7000, 30.1000,  150, 100, 0
L -18.6000, -501.5000, 8.7000,  -17.3000, -501.5000, 9.7000,  150, 100, 0
L -18.5000, -498.8000, 8.7000,  -18.6000, -501.5000, 8.7000,  150, 100, 0
L -18.4000, -459.7000, 8.8000,  -18.5000, -498.8000, 8.7000,  150, 100, 0
L -0.7000, -458.6000, 10.8000,  -18.4000, -459.7000, 8.8000,  150, 100, 0
L 17.7000, -458.2000, 8.7000,  -0.7000, -458.6000, 10.8000,  150, 100, 0
L 20.1000, -501.3000, 8.7000,  17.7000, -458.2000, 8.7000,  150, 100, 0
L 2.8000, -502.0000, 30.5000,  20.1000, -501.3000, 8.7000,  150, 100, 0
L -17.2000, -500.4000, 9.8000,  2.8000, -502.0000, 30.5000,  150, 100, 0
L -100.5000, -506.8000, 8.8000,  -80.5000, -518.8000, 9.0000,  150, 100, 0
L -94.9000, -496.6000, 8.7000,  -100.5000, -506.8000, 8.8000,  150, 100, 0
L -74.7000, -508.4000, 8.9000,  -94.9000, -496.6000, 8.7000,  150, 100, 0
L -80.6000, -518.9000, 9.1000,  -74.7000, -508.4000, 8.9000,  150, 100, 0
L 70.5000, -541.1000, 8.9000,  47.4000, -540.4000, 9.1000,  150, 100, 0
L 70.5000, -528.1000, 8.8000,  70.5000, -541.1000, 8.9000,  150, 100, 0
L 47.5000, -526.9000, 9.1000,  70.5000, -528.1000, 8.8000,  150, 100, 0
L 47.5000, -540.8000, 9.1000,  47.5000, -526.9000, 9.1000,  150, 100, 0
L 50.2000, -616.3000, 8.7000,  15.4000, -618.1000, 8.7000,  150, 100, 0
L 50.2000, -597.3000, 8.7000,  50.2000, -616.3000, 8.7000,  150, 100, 0
L 15.1000, -597.3000, 8.7000,  50.2000, -597.3000, 8.7000,  150, 100, 0
L 15.2000, -617.6000, 8.7000,  15.1000, -597.3000, 8.7000,  150, 100, 0
L 264.7000, 1287.2000, 5.3000,  255.3000, 1287.2000, 5.3000,  0, 0, 0
L 265.1000, 1287.4000, 4.8000,  264.7000, 1287.2000, 5.3000,  0, 0, 0
L 267.4000, 1287.4000, 4.8000,  265.1000, 1287.4000, 4.8000,  0, 0, 0
L 277.9000, 1297.9000, 4.8000,  267.4000, 1287.4000, 4.8000,  0, 0, 0
L 277.9000, 1300.3000, 4.8000,  277.9000, 1297.9000, 4.8000,  0, 0, 0
L 278.3000, 1300.7000, 5.3000,  277.9000, 1300.3000, 4.8000,  0, 0, 0
L 279.3000, 1300.7000, 5.3000,  278.3000, 1300.7000, 5.3000,  0, 0, 0
L 279.7000, 1300.3000, 4.8000,  279.3000, 1300.7000, 5.3000,  0, 0, 0
L 279.7000, 1298.0000, 4.8000,  279.7000, 1300.3000, 4.8000,  0, 0, 0
L 290.2000, 1287.6000, 4.8000,  279.7000, 1298.0000, 4.8000,  0, 0, 0
L 304.9000, 1287.6000, 4.8000,  290.2000, 1287.6000, 4.8000,  0, 0, 0
L 315.4000, 1298.1000, 4.8000,  304.9000, 1287.6000, 4.8000,  0, 0, 0
L 315.4000, 1312.8000, 4.8000,  315.4000, 1298.1000, 4.8000,  0, 0, 0
L 304.9000, 1323.3000, 4.8000,  315.4000, 1312.8000, 4.8000,  0, 0, 0
L 290.1000, 1323.2000, 4.8000,  304.9000, 1323.3000, 4.8000,  0, 0, 0
L 279.7000, 1312.8000, 4.8000,  290.1000, 1323.2000, 4.8000,  0, 0, 0
L 279.7000, 1310.5000, 4.8000,  279.7000, 1312.8000, 4.8000,  0, 0, 0
L 279.1000, 1310.1000, 5.3000,  279.7000, 1310.5000, 4.8000,  0, 0, 0
L 278.4000, 1310.1000, 5.3000,  279.1000, 1310.1000, 5.3000,  0, 0, 0
L 277.8000, 1310.5000, 4.8000,  278.4000, 1310.1000, 5.3000,  0, 0, 0
L 277.8000, 1312.6000, 4.8000,  277.8000, 1310.5000, 4.8000,  0, 0, 0
L 267.4000, 1323.0000, 4.8000,  277.8000, 1312.6000, 4.8000,  0, 0, 0
L 252.6000, 1323.0000, 4.8000,  267.4000, 1323.0000, 4.8000,  0, 0, 0
L 242.1000, 1312.5000, 4.8000,  252.6000, 1323.0000, 4.8000,  0, 0, 0
L 241.6000, 1309.8000, 5.3000,  242.1000, 1312.5000, 4.8000,  0, 0, 0
L 240.7000, 1309.8000, 5.3000,  241.6000, 1309.8000, 5.3000,  0, 0, 0
L 240.2000, 1310.2000, 4.8000,  240.7000, 1309.8000, 5.3000,  0, 0, 0
L 240.2000, 1312.5000, 4.8000,  240.2000, 1310.2000, 4.8000,  0, 0, 0
L 229.8000, 1322.9000, 4.8000,  240.2000, 1312.5000, 4.8000,  0, 0, 0
L 215.0000, 1322.9000, 4.8000,  229.8000, 1322.9000, 4.8000,  0, 0, 0
L 204.6000, 1312.5000, 4.8000,  215.0000, 1322.9000, 4.8000,  0, 0, 0
L 204.6000, 1297.7000, 4.8000,  204.6000, 1312.5000, 4.8000,  0, 0, 0
L 215.0000, 1287.3000, 4.8000,  204.6000, 1297.7000, 4.8000,  0, 0, 0
L 229.8000, 1287.3000, 4.8000,  215.0000, 1287.3000, 4.8000,  0, 0, 0
L 240.2000, 1297.7000, 4.8000,  229.8000, 1287.3000, 4.8000,  0, 0, 0
L 240.2000, 1300.1000, 4.8000,  240.2000, 1297.7000, 4.8000,  0, 0, 0
L 240.8000, 1300.5000, 5.3000,  240.2000, 1300.1000, 4.8000,  0, 0, 0
L 241.6000, 1300.4000, 5.3000,  240.8000, 1300.5000, 5.3000,  0, 0, 0
L 242.1000, 1300.1000, 4.8000,  241.6000, 1300.4000, 5.3000,  0, 0, 0
L 242.1000, 1299.6000, 4.8000,  242.1000, 1300.1000, 4.8000,  0, 0, 0
L 242.1000, 1297.9000, 4.8000,  242.1000, 1299.6000, 4.8000,  0, 0, 0
L 252.6000, 1287.4000, 4.8000,  242.1000, 1297.9000, 4.8000,  0, 0, 0
L 254.9000, 1287.4000, 4.8000,  252.6000, 1287.4000, 4.8000,  0, 0, 0
L 251.9000, 1285.6000, 3.0000,  241.2000, 1296.2000, 3.0000,  0, 0, 0
L 254.7000, 1285.5000, 3.0000,  251.9000, 1285.6000, 3.0000,  0, 0, 0
L 265.4000, 1285.5000, 3.0000,  254.7000, 1285.5000, 3.0000,  0, 0, 0
L 268.2000, 1285.5000, 3.0000,  265.4000, 1285.5000, 3.0000,  0, 0, 0
L 278.9000, 1296.0000, 3.0000,  268.2000, 1285.5000, 3.0000,  0, 0, 0
L 289.4000, 1285.5000, 3.0000,  278.9000, 1296.0000, 3.0000,  0, 0, 0
L 305.8000, 1285.5000, 3.0000,  289.4000, 1285.5000, 3.0000,  0, 0, 0
L 317.4000, 1297.1000, 3.0000,  305.8000, 1285.5000, 3.0000,  0, 0, 0
L 317.3000, 1313.6000, 3.0000,  317.4000, 1297.1000, 3.0000,  0, 0, 0
L 314.3000, 1316.6000, 3.0000,  317.3000, 1313.6000, 3.0000,  0, 0, 0
L 317.7000, 1319.9000, 3.0000,  314.3000, 1316.6000, 3.0000,  0, 0, 0
L 317.7000, 1320.4000, 3.0000,  317.7000, 1319.9000, 3.0000,  0, 0, 0
L 313.5000, 1324.7000, 3.0000,  317.7000, 1320.4000, 3.0000,  0, 0, 0
L 312.9000, 1324.6000, 3.0000,  313.5000, 1324.7000, 3.0000,  0, 0, 0
L 309.5000, 1321.3000, 3.0000,  312.9000, 1324.6000, 3.0000,  0, 0, 0
L 305.7000, 1325.0000, 3.0000,  309.5000, 1321.3000, 3.0000,  0, 0, 0
L 289.4000, 1325.0000, 3.0000,  305.7000, 1325.0000, 3.0000,  0, 0, 0
L 278.9000, 1314.5000, 3.0000,  289.4000, 1325.0000, 3.0000,  0, 0, 0
L 268.5000, 1324.9000, 3.0000,  278.9000, 1314.5000, 3.0000,  0, 0, 0
L 252.1000, 1325.1000, 3.0000,  268.5000, 1324.9000, 3.0000,  0, 0, 0
L 248.9000, 1322.0000, 3.0000,  252.1000, 1325.1000, 3.0000,  0, 0, 0
L 245.6000, 1325.4000, 3.0000,  248.9000, 1322.0000, 3.0000,  0, 0, 0
L 245.0000, 1325.4000, 3.0000,  245.6000, 1325.4000, 3.0000,  0, 0, 0
L 240.7000, 1321.2000, 3.0000,  245.0000, 1325.4000, 3.0000,  0, 0, 0
L 244.1000, 1317.2000, 3.0000,  240.7000, 1321.2000, 3.0000,  0, 0, 0
L 241.3000, 1314.3000, 3.0000,  244.1000, 1317.2000, 3.0000,  0, 0, 0
L 230.6000, 1325.0000, 3.0000,  241.3000, 1314.3000, 3.0000,  0, 0, 0
L 214.4000, 1325.1000, 3.0000,  230.6000, 1325.0000, 3.0000,  0, 0, 0
L 202.8000, 1313.7000, 3.0000,  214.4000, 1325.1000, 3.0000,  0, 0, 0
L 202.5000, 1297.3000, 3.0000,  202.8000, 1313.7000, 3.0000,  0, 0, 0
L 205.7000, 1294.0000, 3.0000,  202.5000, 1297.3000, 3.0000,  0, 0, 0
L 202.1000, 1290.6000, 3.0000,  205.7000, 1294.0000, 3.0000,  0, 0, 0
L 206.3000, 1285.8000, 3.0000,  202.1000, 1290.6000, 3.0000,  0, 0, 0
L 210.4000, 1289.2000, 3.0000,  206.3000, 1285.8000, 3.0000,  0, 0, 0
L 213.9000, 1285.7000, 3.0000,  210.4000, 1289.2000, 3.0000,  0, 0, 0
L 230.4000, 1285.5000, 3.0000,  213.9000, 1285.7000, 3.0000,  0, 0, 0
L 241.2000, 1296.2000, 3.0000,  230.4000, 1285.5000, 3.0000,  0, 0, 0
L 57.8000, 752.9000, -214.6000,  57.2000, 753.2000, -214.6000,  0, 0, 0
L 101.3000, 780.4000, -216.3000,  57.8000, 752.9000, -214.6000,  0, 0, 0
L 101.4000, 780.9000, -216.3000,  101.3000, 780.4000, -216.3000,  0, 0, 0
L 74.0000, 824.3000, -216.3000,  101.4000, 780.9000, -216.3000,  0, 0, 0
L 73.4000, 824.7000, -216.3000,  74.0000, 824.3000, -216.3000,  0, 0, 0
L 29.8000, 797.1000, -216.3000,  73.4000, 824.7000, -216.3000,  0, 0, 0
L 29.6000, 796.7000, -216.3000,  29.8000, 797.1000, -216.3000,  0, 0, 0
L 57.8000, 752.9000, -214.6000,  29.6000, 796.7000, -216.3000,  0, 0, 0
L -348.6000, 474.3000, 46.5000,  -446.4000, 474.6000, 46.5000,  150, 150, 150
L -348.7000, 275.5000, 46.5000,  -348.6000, 474.3000, 46.5000,  150, 150, 150
L -547.9000, 275.4000, 46.5000,  -348.7000, 275.5000, 46.5000,  150, 150, 150
L -547.9000, 474.8000, 46.5000,  -547.9000, 275.4000, 46.5000,  150, 150, 150
L -440.7000, 474.8000, 46.5000,  -547.9000, 474.8000, 46.5000,  150, 150, 150
L -403.6000, 377.0000, 132.1000,  -403.6000, 362.8000, 132.1000,  0, 204, 0
L -392.6000, 377.1000, 132.1000,  -403.6000, 377.0000, 132.1000,  0, 204, 0
L -392.6000, 362.4000, 132.1000,  -392.6000, 377.1000, 132.1000,  0, 204, 0
L -402.8000, 362.6000, 132.1000,  -392.6000, 362.4000, 132.1000,  0, 204, 0
L -388.0000, 401.1000, 132.1000,  -430.9000, 401.4000, 132.1000,  0, 204, 0
L -388.0000, 358.7000, 132.1000,  -388.0000, 401.1000, 132.1000,  0, 204, 0
L -431.0000, 358.6000, 132.1000,  -388.0000, 358.7000, 132.1000,  0, 204, 0
L -430.9000, 401.4000, 132.1000,  -431.0000, 358.6000, 132.1000,  0, 204, 0
L -399.2000, 414.7000, 46.5000,  -399.2000, 406.2000, 46.5000,  0, 0, 0
L -399.7000, 415.1000, 46.5000,  -399.2000, 414.7000, 46.5000,  0, 0, 0
L -445.5000, 415.1000, 46.5000,  -399.7000, 415.1000, 46.5000,  0, 0, 0
L -445.9000, 414.8000, 46.5000,  -445.5000, 415.1000, 46.5000,  0, 0, 0
L -445.9000, 414.7000, 46.5000,  -445.9000, 414.8000, 46.5000,  0, 0, 0
L -445.9000, 359.4000, 46.5000,  -445.9000, 414.7000, 46.5000,  0, 0, 0
L -444.8000, 356.5000, 46.9000,  -435.6000, 356.3000, 46.8000,  0, 0, 0
L -445.2000, 406.1000, 65.7000,  -444.8000, 356.5000, 46.9000,  0, 0, 0
L -445.2000, 414.5000, 65.9000,  -445.2000, 406.1000, 65.7000,  0, 0, 0
L -436.5000, 414.4000, 65.9000,  -445.2000, 414.5000, 65.9000,  0, 0, 0
L -419.2000, 414.3000, 75.3000,  -436.5000, 414.4000, 65.9000,  0, 0, 0
L -399.9000, 414.6000, 75.3000,  -419.2000, 414.3000, 75.3000,  0, 0, 0
L -399.7000, 406.2000, 75.3000,  -399.9000, 414.6000, 75.3000,  0, 0, 0
L -402.7000, 406.2000, 75.3000,  -399.7000, 406.2000, 75.3000,  0, 0, 0
L -402.9000, 405.8000, 75.4000,  -402.7000, 406.2000, 75.3000,  0, 0, 0
L -402.9000, 402.0000, 75.4000,  -402.9000, 405.8000, 75.4000,  0, 0, 0
L -400.8000, 401.2000, 75.1000,  -402.9000, 402.0000, 75.4000,  0, 0, 0
L -388.0000, 401.2000, 75.1000,  -400.8000, 401.2000, 75.1000,  0, 0, 0
L -388.0000, 358.6000, 75.1000,  -388.0000, 401.2000, 75.1000,  0, 0, 0
L -430.9000, 358.6000, 75.1000,  -388.0000, 358.6000, 75.1000,  0, 0, 0
L -430.7000, 401.3000, 75.1000,  -430.9000, 358.6000, 75.1000,  0, 0, 0
L -414.9000, 401.5000, 75.1000,  -430.7000, 401.3000, 75.1000,  0, 0, 0
L -414.6000, 401.9000, 75.4000,  -414.9000, 401.5000, 75.1000,  0, 0, 0
L -414.6000, 405.7000, 75.4000,  -414.6000, 401.9000, 75.4000,  0, 0, 0
L -414.9000, 406.2000, 75.3000,  -414.6000, 405.7000, 75.4000,  0, 0, 0
L -435.0000, 406.2000, 65.9000,  -414.9000, 406.2000, 75.3000,  0, 0, 0
L -436.2000, 405.4000, 65.9000,  -435.0000, 406.2000, 65.9000,  0, 0, 0
L -435.8000, 355.6000, 46.5000,  -436.2000, 405.4000, 65.9000,  0, 0, 0
L -435.8000, 354.6000, 46.5000,  -435.8000, 355.6000, 46.5000,  0, 0, 0
L -435.2000, 353.9000, 46.5000,  -435.8000, 354.6000, 46.5000,  0, 0, 0
L -383.7000, 353.9000, 46.5000,  -435.2000, 353.9000, 46.5000,  0, 0, 0
L -383.3000, 354.1000, 48.6000,  -383.7000, 353.9000, 46.5000,  0, 0, 0
L -383.3000, 406.0000, 46.5000,  -383.3000, 354.1000, 48.6000,  0, 0, 0
L -383.6000, 406.2000, 46.5000,  -383.3000, 406.0000, 46.5000,  0, 0, 0
L -399.2000, 406.2000, 46.5000,  -383.6000, 406.2000, 46.5000,  0, 0, 0
L -156.8000, 476.5000, -41.0000,  -157.5000, 565.1000, -41.1000,  0, 0, 255
L -179.8000, 444.0000, -41.0000,  -156.8000, 476.5000, -41.0000,  0, 0, 255
L -235.6000, 375.4000, -40.9000,  -179.8000, 444.0000, -41.0000,  0, 0, 255
L -248.1000, 363.7000, -41.2000,  -235.6000, 375.4000, -40.9000,  0, 0, 255
L -298.6000, 274.9000, -40.5000,  -248.1000, 363.7000, -41.2000,  0, 0, 255
L -348.2000, 225.4000, -40.6000,  -298.6000, 274.9000, -40.5000,  0, 0, 255
L -413.8000, 209.9000, -40.7000,  -348.2000, 225.4000, -40.6000,  0, 0, 255
L -447.1000, 209.8000, -39.9000,  -413.8000, 209.9000, -40.7000,  0, 0, 255
L -481.4000, 241.6000, -40.7000,  -447.1000, 209.8000, -39.9000,  0, 0, 255
L -582.4000, 240.0000, -41.1000,  -481.4000, 241.6000, -40.7000,  0, 0, 255
L -581.7000, 340.9000, -39.5000,  -582.4000, 240.0000, -41.1000,  0, 0, 255
L -593.4000, 376.0000, -38.6000,  -581.7000, 340.9000, -39.5000,  0, 0, 255
L -594.4000, 428.5000, -40.5000,  -593.4000, 376.0000, -38.6000,  0, 0, 255
L -627.1000, 475.5000, -40.5000,  -594.4000, 428.5000, -40.5000,  0, 0, 255
L -547.7000, 543.9000, -40.3000,  -627.1000, 475.5000, -40.5000,  0, 0, 255
L -515.2000, 509.1000, -39.9000,  -547.7000, 543.9000, -40.3000,  0, 0, 255
L -349.8000, 508.3000, -40.4000,  -515.2000, 509.1000, -39.9000,  0, 0, 255
L -254.7000, 568.9000, -40.7000,  -349.8000, 508.3000, -40.4000,  0, 0, 255
L -248.1000, 565.4000, -40.8000,  -254.7000, 568.9000, -40.7000,  0, 0, 255
L -157.6000, 565.0000, -41.0000,  -248.1000, 565.4000, -40.8000,  0, 0, 255
L 104.4000, -270.9000, -41.5000,  49.1000, -310.1000, -39.3000,  0, 0, 255
L 150.3000, -255.9000, -41.0000,  104.4000, -270.9000, -41.5000,  0, 0, 255
L 181.4000, -224.3000, -40.7000,  150.3000, -255.9000, -41.0000,  0, 0, 255
L 189.3000, -188.3000, -41.3000,  181.4000, -224.3000, -40.7000,  0, 0, 255
L 229.9000, -123.5000, -40.6000,  189.3000, -188.3000, -41.3000,  0, 0, 255
L 225.9000, -56.4000, -39.6000,  229.9000, -123.5000, -40.6000,  0, 0, 255
L 208.4000, -24.9000, -41.0000,  225.9000, -56.4000, -39.6000,  0, 0, 255
L 204.0000, 21.6000, -39.3000,  208.4000, -24.9000, -41.0000,  0, 0, 255
L 153.0000, 47.5000, -40.6000,  204.0000, 21.6000, -39.3000,  0, 0, 255
L 145.2000, 60.6000, -40.7000,  153.0000, 47.5000, -40.6000,  0, 0, 255
L 136.9000, 74.2000, -40.4000,  145.2000, 60.6000, -40.7000,  0, 0, 255
L 120.5000, 139.9000, -40.8000,  136.9000, 74.2000, -40.4000,  0, 0, 255
L 105.5000, 174.4000, -40.4000,  120.5000, 139.9000, -40.8000,  0, 0, 255
L 104.8000, 225.5000, -40.7000,  105.5000, 174.4000, -40.4000,  0, 0, 255
L 94.3000, 273.8000, -41.0000,  104.8000, 225.5000, -40.7000,  0, 0, 255
L 110.1000, 332.2000, -40.5000,  94.3000, 273.8000, -41.0000,  0, 0, 255
L 131.6000, 372.6000, -40.5000,  110.1000, 332.2000, -40.5000,  0, 0, 255
L 151.5000, 441.2000, -41.1000,  131.6000, 372.6000, -40.5000,  0, 0, 255
L 171.7000, 474.9000, -40.9000,  151.5000, 441.2000, -41.1000,  0, 0, 255
L 176.6000, 497.4000, -41.3000,  171.7000, 474.9000, -40.9000,  0, 0, 255
L 209.2000, 575.5000, -41.1000,  176.6000, 497.4000, -41.3000,  0, 0, 255
L 252.3000, 602.0000, -41.2000,  209.2000, 575.5000, -41.1000,  0, 0, 255
L 344.1000, 675.3000, -41.7000,  252.3000, 602.0000, -41.2000,  0, 0, 255
L 350.3000, 680.2000, -40.7000,  344.1000, 675.3000, -41.7000,  0, 0, 255
L 437.6000, 772.2000, -38.9000,  350.3000, 680.2000, -40.7000,  0, 0, 255
L 450.2000, 798.1000, -40.8000,  437.6000, 772.2000, -38.9000,  0, 0, 255
L 503.3000, 875.0000, -41.1000,  450.2000, 798.1000, -40.8000,  0, 0, 255
L 501.5000, 926.3000, -40.9000,  503.3000, 875.0000, -41.1000,  0, 0, 255
L 480.8000, 968.8000, -40.6000,  501.5000, 926.3000, -40.9000,  0, 0, 255
L 478.1000, 995.6000, -39.3000,  480.8000, 968.8000, -40.6000,  0, 0, 255
L 452.3000, 1004.0000, -40.6000,  478.1000, 995.6000, -39.3000,  0, 0, 255
L 429.7000, 1053.1000, -41.0000,  452.3000, 1004.0000, -40.6000,  0, 0, 255
L 360.2000, 1074.8000, -41.0000,  429.7000, 1053.1000, -41.0000,  0, 0, 255
L 359.6000, 1079.4000, -40.4000,  360.2000, 1074.8000, -41.0000,  0, 0, 255
L 351.1000, 1081.7000, -40.7000,  359.6000, 1079.4000, -40.4000,  0, 0, 255
L 296.7000, 1116.0000, -40.2000,  351.1000, 1081.7000, -40.7000,  0, 0, 255
L 253.0000, 1118.3000, -40.7000,  296.7000, 1116.0000, -40.2000,  0, 0, 255
L 188.2000, 1109.5000, -40.5000,  253.0000, 1118.3000, -40.7000,  0, 0, 255
L 156.7000, 1110.5000, -39.7000,  188.2000, 1109.5000, -40.5000,  0, 0, 255
L 79.0000, 1076.0000, -40.4000,  156.7000, 1110.5000, -39.7000,  0, 0, 255
L 54.1000, 1070.1000, -40.0000,  79.0000, 1076.0000, -40.4000,  0, 0, 255
L 38.7000, 1060.9000, -41.2000,  54.1000, 1070.1000, -40.0000,  0, 0, 255
L -45.4000, 1032.9000, -40.5000,  38.7000, 1060.9000, -41.2000,  0, 0, 255
L -120.5000, 976.2000, -40.9000,  -45.4000, 1032.9000, -40.5000,  0, 0, 255
L -146.6000, 962.4000, -40.9000,  -120.5000, 976.2000, -40.9000,  0, 0, 255
L -169.4000, 953.6000, -40.0000,  -146.6000, 962.4000, -40.9000,  0, 0, 255
L -239.7000, 937.4000, -41.1000,  -169.4000, 953.6000, -40.0000,  0, 0, 255
L -279.6000, 941.2000, -40.4000,  -239.7000, 937.4000, -41.1000,  0, 0, 255
L -339.5000, 939.6000, -40.8000,  -279.6000, 941.2000, -40.4000,  0, 0, 255
L -383.0000, 938.4000, -39.9000,  -339.5000, 939.6000, -40.8000,  0, 0, 255
L -445.3000, 938.7000, -41.1000,  -383.0000, 938.4000, -39.9000,  0, 0, 255
L -462.8000, 945.2000, -40.0000,  -445.3000, 938.7000, -41.1000,  0, 0, 255
L -548.9000, 953.5000, -40.9000,  -462.8000, 945.2000, -40.0000,  0, 0, 255
L -558.3000, 959.1000, -39.5000,  -548.9000, 953.5000, -40.9000,  0, 0, 255
L -629.3000, 975.1000, -40.3000,  -558.3000, 959.1000, -39.5000,  0, 0, 255
L -637.6000, 985.5000, -41.0000,  -629.3000, 975.1000, -40.3000,  0, 0, 255
L -645.1000, 985.4000, -41.3000,  -637.6000, 985.5000, -41.0000,  0, 0, 255
L -716.3000, 1005.1000, -41.0000,  -645.1000, 985.4000, -41.3000,  0, 0, 255
L -748.2000, 1006.7000, -41.1000,  -716.3000, 1005.1000, -41.0000,  0, 0, 255
L -818.5000, 976.2000, -40.3000,  -748.2000, 1006.7000, -41.1000,  0, 0, 255
L -849.3000, 967.5000, -40.3000,  -818.5000, 976.2000, -40.3000,  0, 0, 255
L -941.4000, 879.6000, -37.4000,  -849.3000, 967.5000, -40.3000,  0, 0, 255
L -947.5000, 810.6000, -41.3000,  -941.4000, 879.6000, -37.4000,  0, 0, 255
L -954.3000, 779.5000, -40.5000,  -947.5000, 810.6000, -41.3000,  0, 0, 255
L -955.1000, 770.4000, -40.5000,  -954.3000, 779.5000, -40.5000,  0, 0, 255
L -951.1000, 769.2000, -41.5000,  -955.1000, 770.4000, -40.5000,  0, 0, 255
L -933.2000, 691.2000, -40.4000,  -951.1000, 769.2000, -41.5000,  0, 0, 255
L -921.4000, 674.1000, -40.4000,  -933.2000, 691.2000, -40.4000,  0, 0, 255
L -907.4000, 617.5000, -40.7000,  -921.4000, 674.1000, -40.4000,  0, 0, 255
L -847.4000, 598.7000, -40.5000,  -907.4000, 617.5000, -40.7000,  0, 0, 255
L -837.9000, 589.0000, -41.0000,  -847.4000, 598.7000, -40.5000,  0, 0, 255
L -825.5000, 574.6000, -40.0000,  -837.9000, 589.0000, -41.0000,  0, 0, 255
L -813.7000, 511.2000, -40.5000,  -825.5000, 574.6000, -40.0000,  0, 0, 255
L -798.8000, 480.0000, -42.0000,  -813.7000, 511.2000, -40.5000,  0, 0, 255
L -800.2000, 428.0000, -40.8000,  -798.8000, 480.0000, -42.0000,  0, 0, 255
L -810.4000, 377.6000, -40.8000,  -800.2000, 428.0000, -40.8000,  0, 0, 255
L -815.3000, 311.7000, -40.2000,  -810.4000, 377.6000, -40.8000,  0, 0, 255
L -820.4000, 277.2000, -40.8000,  -815.3000, 311.7000, -40.2000,  0, 0, 255
L -820.7000, 175.5000, -40.8000,  -820.4000, 277.2000, -40.8000,  0, 0, 255
L -826.3000, 101.2000, -40.8000,  -820.7000, 175.5000, -40.8000,  0, 0, 255
L -829.1000, 78.4000, -40.8000,  -826.3000, 101.2000, -40.8000,  0, 0, 255
L -847.6000, 32.5000, -40.8000,  -829.1000, 78.4000, -40.8000,  0, 0, 255
L -889.1000, -22.5000, -40.4000,  -847.6000, 32.5000, -40.8000,  0, 0, 255
L -900.6000, -75.5000, -40.9000,  -889.1000, -22.5000, -40.4000,  0, 0, 255
L -925.1000, -125.9000, -40.8000,  -900.6000, -75.5000, -40.9000,  0, 0, 255
L -920.0000, -194.8000, -40.5000,  -925.1000, -125.9000, -40.8000,  0, 0, 255
L -900.1000, -221.0000, -41.2000,  -920.0000, -194.8000, -40.5000,  0, 0, 255
L -891.0000, -268.2000, -40.3000,  -900.1000, -221.0000, -41.2000,  0, 0, 255
L -849.5000, -278.3000, -39.7000,  -891.0000, -268.2000, -40.3000,  0, 0, 255
L -839.2000, -290.9000, -39.9000,  -849.5000, -278.3000, -39.7000,  0, 0, 255
L -750.7000, -320.2000, -40.6000,  -839.2000, -290.9000, -39.9000,  0, 0, 255
L -648.4000, -320.2000, -41.5000,  -750.7000, -320.2000, -40.6000,  0, 0, 255
L -552.8000, -307.9000, -41.0000,  -648.4000, -320.2000, -41.5000,  0, 0, 255
L -534.7000, -308.4000, -40.5000,  -552.8000, -307.9000, -41.0000,  0, 0, 255
L -453.0000, -306.9000, -40.2000,  -534.7000, -308.4000, -40.5000,  0, 0, 255
L -435.3000, -308.0000, -39.9000,  -453.0000, -306.9000, -40.2000,  0, 0, 255
L -350.0000, -309.2000, -41.0000,  -435.3000, -308.0000, -39.9000,  0, 0, 255
L -330.0000, -303.6000, -41.0000,  -350.0000, -309.2000, -41.0000,  0, 0, 255
L -227.8000, -296.4000, -40.9000,  -330.0000, -303.6000, -41.0000,  0, 0, 255
L -153.2000, -303.0000, -38.9000,  -227.8000, -296.4000, -40.9000,  0, 0, 255
L -135.8000, -307.2000, -39.5000,  -153.2000, -303.0000, -38.9000,  0, 0, 255
L -52.6000, -314.4000, -40.5000,  -135.8000, -307.2000, -39.5000,  0, 0, 255
L -39.1000, -312.7000, -41.3000,  -52.6000, -314.4000, -40.5000,  0, 0, 255
L 49.6000, -310.0000, -39.4000,  -39.1000, -312.7000, -41.3000,  0, 0, 255
L 736.0000, -865.3000, 3.5000,  736.3000, -865.3000, 3.0000,  100, 50, 0
L 735.0000, -865.0000, 3.5000,  736.0000, -865.3000, 3.5000,  100, 50, 0
L 734.6000, -864.5000, 3.3000,  735.0000, -865.0000, 3.5000,  100, 50, 0
L 734.8000, -864.1000, 3.3000,  734.6000, -864.5000, 3.3000,  100, 50, 0
L 734.8000, -864.1000, 3.3000,  731.1000, -874.7000, 3.3000,  100, 50, 0
L 732.8000, -874.8000, 3.5000,  733.1000, -874.6000, 3.0000,  100, 50, 0
L 731.6000, -874.4000, 3.5000,  732.8000, -874.8000, 3.5000,  100, 50, 0
L 731.1000, -874.7000, 3.3000,  731.6000, -874.4000, 3.5000,  100, 50, 0
L 731.1000, -874.7000, 3.3000,  729.9000, -878.3000, 3.3000,  100, 50, 0
L 735.8000, -861.2000, 3.3000,  734.8000, -864.1000, 3.3000,  100, 50, 0
L 701.0000, -849.2000, 3.3000,  735.8000, -861.2000, 3.3000,  100, 50, 0
L 695.1000, -866.3000, 3.3000,  701.0000, -849.2000, 3.3000,  100, 50, 0
L 729.9000, -878.3000, 3.3000,  695.1000, -866.3000, 3.3000,  100, 50, 0
L 732.7000, -876.2000, 3.0000,  732.5000, -876.8000, 3.0000,  100, 50, 0
L 737.9000, -860.9000, 3.0000,  732.7000, -876.2000, 3.0000,  100, 50, 0
L 732.5000, -876.8000, 3.0000,  731.5000, -879.7000, 3.0000,  100, 50, 0
L 737.7000, -860.5000, 3.0000,  737.9000, -860.9000, 3.0000,  100, 50, 0
L 700.0000, -847.5000, 3.0000,  737.7000, -860.5000, 3.0000,  100, 50, 0
L 699.5000, -847.6000, 3.0000,  700.0000, -847.5000, 3.0000,  100, 50, 0
L 693.0000, -866.5000, 3.0000,  699.5000, -847.6000, 3.0000,  100, 50, 0
L 693.2000, -866.9000, 3.0000,  693.0000, -866.5000, 3.0000,  100, 50, 0
L 731.0000, -879.9000, 3.0000,  693.2000, -866.9000, 3.0000,  100, 50, 0
L 731.5000, -879.7000, 3.0000,  731.0000, -879.9000, 3.0000,  100, 50, 0
L 732.8000, -875.7000, 3.0000,  732.7000, -876.2000, 3.0000,  100, 50, 0
L 750.9000, -913.7000, 3.0000,  751.4000, -913.5000, 3.0000,  100, 50, 0
L 728.0000, -930.0000, 3.1000,  750.9000, -913.7000, 3.0000,  100, 50, 0
L 721.7000, -926.1000, 3.0000,  728.0000, -930.0000, 3.1000,  100, 50, 0
L 718.8000, -921.9000, 3.9000,  721.7000, -926.1000, 3.0000,  100, 50, 0
L 715.8000, -918.1000, 3.0000,  718.8000, -921.9000, 3.9000,  100, 50, 0
L 714.2000, -910.2000, 3.0000,  715.8000, -918.1000, 3.0000,  100, 50, 0
L 736.6000, -893.2000, 3.0000,  714.2000, -910.2000, 3.0000,  100, 50, 0
L 743.7000, -903.4000, 18.1000,  736.6000, -893.2000, 3.0000,  100, 50, 0
L 751.3000, -913.6000, 3.0000,  743.7000, -903.4000, 18.1000,  100, 50, 0
L 717.4000, -922.9000, 3.0000,  750.6000, -899.1000, 21.8000,  100, 50, 0
L 580.7000, -915.9000, 3.0000,  595.4000, -930.2000, 3.0000,  0, 0, 0
L 510.9000, -930.4000, 3.0000,  580.7000, -915.9000, 3.0000,  0, 0, 0
L 466.7000, -975.2000, 3.0000,  510.9000, -930.4000, 3.0000,  0, 0, 0
L 474.9000, -1024.8000, 3.0000,  466.7000, -975.2000, 3.0000,  0, 0, 0
L 479.9000, -1036.5000, 7.6000,  474.9000, -1024.8000, 3.0000,  0, 0, 0
L 515.2000, -1058.6000, 16.1000,  479.9000, -1036.5000, 7.6000,  0, 0, 0
L 537.8000, -1058.0000, 15.9000,  515.2000, -1058.6000, 16.1000,  0, 0, 0
L 579.2000, -1045.5000, 11.1000,  537.8000, -1058.0000, 15.9000,  0, 0, 0
L 598.1000, -1024.2000, 3.0000,  579.2000, -1045.5000, 11.1000,  0, 0, 0
L 611.1000, -1001.9000, 3.0000,  598.1000, -1024.2000, 3.0000,  0, 0, 0
L 622.1000, -956.3000, 3.0000,  611.1000, -1001.9000, 3.0000,  0, 0, 0
L 585.1000, -920.2000, 3.0000,  622.1000, -956.3000, 3.0000,  0, 0, 0
L 896.0000, -479.0000, -19.7000,  903.1000, -470.4000, -21.2000,  150, 100, 0
L 884.2000, -492.8000, -17.7000,  896.0000, -479.0000, -19.7000,  150, 100, 0
L 883.4000, -503.8000, -17.6000,  884.2000, -492.8000, -17.7000,  150, 100, 0
L 882.2000, -520.7000, -17.3000,  883.4000, -503.8000, -17.6000,  150, 100, 0
L 881.6000, -533.3000, -17.1000,  882.2000, -520.7000, -17.3000,  150, 100, 0
L 884.4000, -546.7000, -17.4000,  881.6000, -533.3000, -17.1000,  150, 100, 0
L 887.2000, -559.4000, -17.6000,  884.4000, -546.7000, -17.4000,  150, 100, 0
L 900.3000, -621.7000, -19.8000,  887.2000, -559.4000, -17.6000,  150, 100, 0
L 921.2000, -630.6000, -24.1000,  900.3000, -621.7000, -19.8000,  150, 100, 0
L 952.6000, -643.3000, -30.1000,  921.2000, -630.6000, -24.1000,  150, 100, 0
L 983.6000, -616.1000, -30.3000,  952.6000, -643.3000, -30.1000,  150, 100, 0
L 992.0000, -601.8000, -30.4000,  983.6000, -616.1000, -30.3000,  150, 100, 0
L 1007.4000, -564.7000, -30.5000,  992.0000, -601.8000, -30.4000,  150, 100, 0
L 1012.3000, -555.6000, -30.5000,  1007.4000, -564.7000, -30.5000,  150, 100, 0
L 1014.1000, -525.3000, -30.5000,  1012.3000, -555.6000, -30.5000,  150, 100, 0
L 1012.5000, -509.5000, -30.5000,  1014.1000, -525.3000, -30.5000,  150, 100, 0
L 1016.7000, -480.1000, -30.4000,  1012.5000, -509.5000, -30.5000,  150, 100, 0
L 1010.8000, -477.4000, -30.4000,  1016.7000, -480.1000, -30.4000,  150, 100, 0
L 980.9000, -464.2000, -30.2000,  1010.8000, -477.4000, -30.4000,  150, 100, 0
L 959.7000, -454.3000, -30.2000,  980.9000, -464.2000, -30.2000,  150, 100, 0
L 958.0000, -453.9000, -30.2000,  959.7000, -454.3000, -30.2000,  150, 100, 0
L 954.9000, -453.4000, -30.1000,  958.0000, -453.9000, -30.2000,  150, 100, 0
L 952.7000, -453.8000, -30.1000,  954.9000, -453.4000, -30.1000,  150, 100, 0
L 944.8000, -455.6000, -28.6000,  952.7000, -453.8000, -30.1000,  150, 100, 0
L 933.3000, -458.0000, -26.7000,  944.8000, -455.6000, -28.6000,  150, 100, 0
L 914.0000, -462.1000, -23.2000,  933.3000, -458.0000, -26.7000,  150, 100, 0
L 908.8000, -464.8000, -21.9000,  914.0000, -462.1000, -23.2000,  150, 100, 0
L 900.4000, -473.4000, -20.7000,  908.8000, -464.8000, -21.9000,  150, 100, 0
L 898.8000, -475.1000, -20.4000,  900.4000, -473.4000, -20.7000,  150, 100, 0
L 894.6000, -479.9000, -19.7000,  898.8000, -475.1000, -20.4000,  150, 100, 0
L 930.9000, 1024.1000, -26.0000,  939.1000, 1025.4000, -27.7000,  0, 0, 255
L 921.7000, 1024.9000, -24.2000,  930.9000, 1024.1000, -26.0000,  0, 0, 255
L 917.3000, 1025.1000, -23.3000,  921.7000, 1024.9000, -24.2000,  0, 0, 255
L 909.2000, 1025.9000, -21.7000,  917.3000, 1025.1000, -23.3000,  0, 0, 255
L 902.3000, 1026.2000, -20.4000,  909.2000, 1025.9000, -21.7000,  0, 0, 255
L 878.7000, 1028.6000, -16.2000,  902.3000, 1026.2000, -20.4000,  0, 0, 255
L 873.1000, 1023.7000, -15.1000,  878.7000, 1028.6000, -16.2000,  0, 0, 255
L 862.3000, 1014.0000, -13.0000,  873.1000, 1023.7000, -15.1000,  0, 0, 255
L 858.9000, 1010.8000, -12.4000,  862.3000, 1014.0000, -13.0000,  0, 0, 255
L 852.8000, 1005.1000, -11.2000,  858.9000, 1010.8000, -12.4000,  0, 0, 255
L 849.3000, 999.3000, -10.5000,  852.8000, 1005.1000, -11.2000,  0, 0, 255
L 843.8000, 988.3000, -9.4000,  849.3000, 999.3000, -10.5000,  0, 0, 255
L 844.9000, 972.8000, -9.4000,  843.8000, 988.3000, -9.4000,  0, 0, 255
L 847.5000, 970.5000, -9.7000,  844.9000, 972.8000, -9.4000,  0, 0, 255
L 852.2000, 967.5000, -9.8000,  847.5000, 970.5000, -9.7000,  0, 0, 255
L 857.5000, 963.6000, -10.5000,  852.2000, 967.5000, -9.8000,  0, 0, 255
L 868.5000, 956.8000, -10.6000,  857.5000, 963.6000, -10.5000,  0, 0, 255
L 882.0000, 945.6000, -13.8000,  868.5000, 956.8000, -10.6000,  0, 0, 255
L 896.2000, 934.0000, -15.6000,  882.0000, 945.6000, -13.8000,  0, 0, 255
L 905.2000, 930.6000, -17.1000,  896.2000, 934.0000, -15.6000,  0, 0, 255
L 908.7000, 929.0000, -17.9000,  905.2000, 930.6000, -17.1000,  0, 0, 255
L 929.5000, 920.0000, -23.9000,  908.7000, 929.0000, -17.9000,  0, 0, 255
L 938.8000, 915.5000, -26.5000,  929.5000, 920.0000, -23.9000,  0, 0, 255
L 949.5000, 911.3000, -29.1000,  938.8000, 915.5000, -26.5000,  0, 0, 255
L 955.1000, 908.6000, -30.1000,  949.5000, 911.3000, -29.1000,  0, 0, 255
L 966.6000, 904.7000, -30.2000,  955.1000, 908.6000, -30.1000,  0, 0, 255
L 971.2000, 908.7000, -30.2000,  966.6000, 904.7000, -30.2000,  0, 0, 255
L 992.1000, 925.8000, -30.4000,  971.2000, 908.7000, -30.2000,  0, 0, 255
L 990.6000, 934.4000, -30.0000,  992.1000, 925.8000, -30.4000,  0, 0, 255
L 990.4000, 941.0000, -30.4000,  990.6000, 934.4000, -30.0000,  0, 0, 255
L 989.4000, 951.5000, -30.4000,  990.4000, 941.0000, -30.4000,  0, 0, 255
L 988.1000, 960.3000, -29.4000,  989.4000, 951.5000, -30.4000,  0, 0, 255
L 987.9000, 972.5000, -30.0000,  988.1000, 960.3000, -29.4000,  0, 0, 255
L 986.5000, 982.9000, -29.7000,  987.9000, 972.5000, -30.0000,  0, 0, 255
L 986.9000, 988.1000, -30.4000,  986.5000, 982.9000, -29.7000,  0, 0, 255
L 983.3000, 993.6000, -30.1000,  986.9000, 988.1000, -30.4000,  0, 0, 255
L 979.4000, 999.4000, -29.7000,  983.3000, 993.6000, -30.1000,  0, 0, 255
L 976.2000, 1005.1000, -30.2000,  979.4000, 999.4000, -29.7000,  0, 0, 255
L 966.7000, 1020.4000, -29.6000,  976.2000, 1005.1000, -30.2000,  0, 0, 255
L 960.7000, 1021.2000, -29.4000,  966.7000, 1020.4000, -29.6000,  0, 0, 255
L 953.1000, 1022.4000, -29.7000,  960.7000, 1021.2000, -29.4000,  0, 0, 255
L 949.2000, 1023.1000, -29.7000,  953.1000, 1022.4000, -29.7000,  0, 0, 255
L 929.4000, 1024.8000, -25.8000,  949.2000, 1023.1000, -29.7000,  0, 0, 255
L 1147.3000, 1787.0000, -8.3000,  1171.6000, 1776.5000, -30.3000,  0, 0, 255
L 1126.7000, 1848.4000, 5.4000,  1147.3000, 1787.0000, -8.3000,  0, 0, 255
L 1095.3000, 1824.8000, -2.7000,  1126.7000, 1848.4000, 5.4000,  0, 0, 255
L 1055.1000, 1807.3000, -2.4000,  1095.3000, 1824.8000, -2.7000,  0, 0, 255
L 973.1000, 1823.5000, -3.3000,  1055.1000, 1807.3000, -2.4000,  0, 0, 255
L 896.7000, 1819.6000, -6.7000,  973.1000, 1823.5000, -3.3000,  0, 0, 255
L 837.5000, 1845.5000, 3.3000,  896.7000, 1819.6000, -6.7000,  0, 0, 255
L 809.1000, 1839.1000, 9.4000,  837.5000, 1845.5000, 3.3000,  0, 0, 255
L 808.4000, 1773.9000, -3.2000,  809.1000, 1839.1000, 9.4000,  0, 0, 255
L 819.7000, 1736.8000, -3.3000,  808.4000, 1773.9000, -3.2000,  0, 0, 255
L 819.0000, 1689.0000, -2.8000,  819.7000, 1736.8000, -3.3000,  0, 0, 255
L 842.0000, 1670.5000, -5.3000,  819.0000, 1689.0000, -2.8000,  0, 0, 255
L 845.1000, 1580.7000, -3.4000,  842.0000, 1670.5000, -5.3000,  0, 0, 255
L 826.7000, 1551.6000, -2.7000,  845.1000, 1580.7000, -3.4000,  0, 0, 255
L 812.5000, 1484.9000, -2.6000,  826.7000, 1551.6000, -2.7000,  0, 0, 255
L 822.5000, 1446.9000, -2.5000,  812.5000, 1484.9000, -2.6000,  0, 0, 255
L 823.8000, 1374.9000, -2.0000,  822.5000, 1446.9000, -2.5000,  0, 0, 255
L 837.9000, 1378.7000, -5.5000,  823.8000, 1374.9000, -2.0000,  0, 0, 255
L 854.3000, 1282.9000, -3.2000,  837.9000, 1378.7000, -5.5000,  0, 0, 255
L 886.7000, 1213.8000, -3.2000,  854.3000, 1282.9000, -3.2000,  0, 0, 255
L 885.2000, 1171.2000, -2.9000,  886.7000, 1213.8000, -3.2000,  0, 0, 255
L 852.2000, 1111.3000, -2.6000,  885.2000, 1171.2000, -2.9000,  0, 0, 255
L 808.6000, 1077.1000, -2.9000,  852.2000, 1111.3000, -2.6000,  0, 0, 255
L 809.0000, 1026.8000, -3.2000,  808.6000, 1077.1000, -2.9000,  0, 0, 255
L 813.3000, 983.2000, -2.9000,  809.0000, 1026.8000, -3.2000,  0, 0, 255
L 817.6000, 939.1000, -3.1000,  813.3000, 983.2000, -2.9000,  0, 0, 255
L 847.6000, 922.1000, -3.1000,  817.6000, 939.1000, -3.1000,  0, 0, 255
L 862.8000, 890.3000, -2.7000,  847.6000, 922.1000, -3.1000,  0, 0, 255
L 864.3000, 875.2000, -2.7000,  862.8000, 890.3000, -2.7000,  0, 0, 255
L 851.3000, 838.8000, -3.0000,  864.3000, 875.2000, -2.7000,  0, 0, 255
L 805.4000, 769.8000, -2.8000,  851.3000, 838.8000, -3.0000,  0, 0, 255
L 805.7000, 636.0000, -2.9000,  805.4000, 769.8000, -2.8000,  0, 0, 255
L 811.9000, 574.1000, -3.3000,  805.7000, 636.0000, -2.9000,  0, 0, 255
L 823.4000, 551.8000, -3.2000,  811.9000, 574.1000, -3.3000,  0, 0, 255
L 818.1000, 478.1000, -2.1000,  823.4000, 551.8000, -3.2000,  0, 0, 255
L 836.8000, 463.8000, -2.7000,  818.1000, 478.1000, -2.1000,  0, 0, 255
L 841.7000, 372.4000, -2.3000,  836.8000, 463.8000, -2.7000,  0, 0, 255
L 824.1000, 346.1000, -3.3000,  841.7000, 372.4000, -2.3000,  0, 0, 255
L 808.7000, 293.4000, -2.7000,  824.1000, 346.1000, -3.3000,  0, 0, 255
L 807.8000, 230.4000, -3.2000,  808.7000, 293.4000, -2.7000,  0, 0, 255
L 809.9000, 172.5000, -3.1000,  807.8000, 230.4000, -3.2000,  0, 0, 255
L 811.1000, 136.4000, -3.2000,  809.9000, 172.5000, -3.1000,  0, 0, 255
L 808.1000, 85.6000, -3.1000,  811.1000, 136.4000, -3.2000,  0, 0, 255
L 804.4000, -27.1000, -1.6000,  808.1000, 85.6000, -3.1000,  0, 0, 255
L 840.9000, -29.2000, -6.3000,  804.4000, -27.1000, -1.6000,  0, 0, 255
L 847.4000, -67.8000, -2.4000,  840.9000, -29.2000, -6.3000,  0, 0, 255
L 872.1000, -103.7000, -3.4000,  847.4000, -67.8000, -2.4000,  0, 0, 255
L 872.5000, -121.2000, -3.4000,  872.1000, -103.7000, -3.4000,  0, 0, 255
L 852.8000, -154.0000, -2.4000,  872.5000, -121.2000, -3.4000,  0, 0, 255
L 802.4000, -225.7000, -3.2000,  852.8000, -154.0000, -2.4000,  0, 0, 255
L 794.3000, -273.0000, -2.7000,  802.4000, -225.7000, -3.2000,  0, 0, 255
L 806.3000, -323.9000, -3.0000,  794.3000, -273.0000, -2.7000,  0, 0, 255
L 808.0000, -470.1000, -3.2000,  806.3000, -323.9000, -3.0000,  0, 0, 255
L 811.2000, -521.2000, -3.3000,  808.0000, -470.1000, -3.2000,  0, 0, 255
L 820.4000, -554.5000, -3.1000,  811.2000, -521.2000, -3.3000,  0, 0, 255
L 828.0000, -623.5000, -3.1000,  820.4000, -554.5000, -3.1000,  0, 0, 255
L 835.2000, -637.5000, -2.4000,  828.0000, -623.5000, -3.1000,  0, 0, 255
L 834.1000, -716.2000, -3.3000,  835.2000, -637.5000, -2.4000,  0, 0, 255
L 805.1000, -775.6000, -3.0000,  834.1000, -716.2000, -3.3000,  0, 0, 255
L 794.3000, -825.1000, -3.3000,  805.1000, -775.6000, -3.0000,  0, 0, 255
L 805.5000, -919.6000, -3.1000,  794.3000, -825.1000, -3.3000,  0, 0, 255
L 827.2000, -956.5000, -3.1000,  805.5000, -919.6000, -3.1000,  0, 0, 255
L 828.5000, -1021.6000, -2.9000,  827.2000, -956.5000, -3.1000,  0, 0, 255
L 812.0000, -1062.5000, -3.1000,  828.5000, -1021.6000, -2.9000,  0, 0, 255
L 807.9000, -1120.4000, -3.2000,  812.0000, -1062.5000, -3.1000,  0, 0, 255
L 816.6000, -1161.5000, -2.7000,  807.9000, -1120.4000, -3.2000,  0, 0, 255
L 818.8000, -1226.2000, -2.8000,  816.6000, -1161.5000, -2.7000,  0, 0, 255
L 833.4000, -1240.8000, -2.1000,  818.8000, -1226.2000, -2.8000,  0, 0, 255
L 833.1000, -1324.6000, -1.2000,  833.4000, -1240.8000, -2.1000,  0, 0, 255
L 820.1000, -1360.6000, -3.3000,  833.1000, -1324.6000, -1.2000,  0, 0, 255
L 826.4000, -1426.0000, -2.8000,  820.1000, -1360.6000, -3.3000,  0, 0, 255
L 823.9000, -1444.4000, -2.9000,  826.4000, -1426.0000, -2.8000,  0, 0, 255
L 855.9000, -1512.2000, -3.9000,  823.9000, -1444.4000, -2.9000,  0, 0, 255
L 857.2000, -1627.1000, -3.8000,  855.9000, -1512.2000, -3.9000,  0, 0, 255
L 876.2000, -1695.9000, -3.0000,  857.2000, -1627.1000, -3.8000,  0, 0, 255
L 877.2000, -1726.1000, -2.7000,  876.2000, -1695.9000, -3.0000,  0, 0, 255
L 850.5000, -1757.4000, -3.0000,  877.2000, -1726.1000, -2.7000,  0, 0, 255
L 765.4000, -1823.4000, -1.8000,  850.5000, -1757.4000, -3.0000,  0, 0, 255
L 784.8000, -1893.0000, -3.8000,  765.4000, -1823.4000, -1.8000,  0, 0, 255
L 818.3000, -1912.3000, -4.3000,  784.8000, -1893.0000, -3.8000,  0, 0, 255
L 815.0000, -1956.6000, -3.2000,  818.3000, -1912.3000, -4.3000,  0, 0, 255
L 846.5000, -2013.9000, -2.3000,  815.0000, -1956.6000, -3.2000,  0, 0, 255
L 810.3000, -2110.0000, -3.8000,  846.5000, -2013.9000, -2.3000,  0, 0, 255
L 815.2000, -2139.3999, -3.3000,  810.3000, -2110.0000, -3.8000,  0, 0, 255
L 851.9000, -2215.5000, -3.0000,  815.2000, -2139.3999, -3.3000,  0, 0, 255
L 849.6000, -2305.5000, -3.4000,  851.9000, -2215.5000, -3.0000,  0, 0, 255
L 834.8000, -2326.7000, -2.7000,  849.6000, -2305.5000, -3.4000,  0, 0, 255
L 823.2000, -2399.0000, -3.1000,  834.8000, -2326.7000, -2.7000,  0, 0, 255
L 814.1000, -2440.8000, -3.0000,  823.2000, -2399.0000, -3.1000,  0, 0, 255
L 797.5000, -2533.7000, -30.3000,  814.1000, -2440.8000, -3.0000,  0, 0, 255
L -328.1000, 1813.4000, 5.9000,  -382.7000, 1805.1000, 6.3000,  0, 0, 0
L -382.7000, 1805.1000, 6.3000,  -411.1000, 1808.6000, 6.4000,  0, 0, 0
L -411.1000, 1808.6000, 6.4000,  -487.7000, 1802.1000, 16.9000,  0, 0, 0
L -487.7000, 1802.1000, 16.9000,  -496.4000, 1793.7000, 12.3000,  0, 0, 0
L -496.4000, 1793.7000, 12.3000,  -535.5000, 1774.1000, 2.0000,  0, 0, 0
L -535.5000, 1774.1000, 2.0000,  -548.6000, 1770.4000, 4.0000,  0, 0, 0
L -548.6000, 1770.4000, 4.0000,  -575.1000, 1774.4000, -1.3000,  0, 0, 0
L -575.1000, 1774.4000, -1.3000,  -611.3000, 1786.9000, -2.5000,  0, 0, 0
L -611.3000, 1786.9000, -2.5000,  -624.0000, 1797.0000, -0.7000,  0, 0, 0
L -624.0000, 1797.0000, -0.7000,  -642.8000, 1806.6000, -12.7000,  0, 0, 0
L -642.8000, 1806.6000, -12.7000,  -664.8000, 1856.2000, -28.2000,  0, 0, 0
L -664.8000, 1856.2000, -28.2000,  -677.8000, 1856.1000, -28.8000,  0, 0, 0
L -677.8000, 1856.1000, -28.8000,  -720.6000, 1871.2000, -40.4000,  0, 0, 0
L -720.6000, 1871.2000, -40.4000,  -745.0000, 1873.6000, -44.3000,  0, 0, 0
L -745.0000, 1873.6000, -44.3000,  -806.7000, 1913.3000, -34.6000,  0, 0, 0
L -806.7000, 1913.3000, -34.6000,  -830.1000, 1924.1000, -26.7000,  0, 0, 0
L -830.1000, 1924.1000, -26.7000,  -989.2000, 1930.1000, -13.6000,  0, 0, 0
L -989.2000, 1930.1000, -13.6000,  -1027.4000, 1928.7000, -12.1000,  0, 0, 0
L -1027.4000, 1928.7000, -12.1000,  -1046.5000, 1911.7000, -27.1000,  0, 0, 0
L -1046.5000, 1911.7000, -27.1000,  -1075.1000, 1892.9000, -37.1000,  0, 0, 0
L -1075.1000, 1892.9000, -37.1000,  -1126.2000, 1918.6000, 5.0000,  0, 0, 0
L -1126.2000, 1918.6000, 5.0000,  -1173.6000, 1927.2000, 45.4000,  0, 0, 0
L -1173.6000, 1927.2000, 45.4000,  -1219.2000, 1931.8000, 64.5000,  0, 0, 0
L -1219.2000, 1931.8000, 64.5000,  -1291.4000, 1926.9000, 63.5000,  0, 0, 0
L -1291.4000, 1926.9000, 63.5000,  -1331.8000, 1918.6000, 50.7000,  0, 0, 0
L -1331.8000, 1918.6000, 50.7000,  -1346.4000, 1879.4000, 66.3000,  0, 0, 0
L -1346.4000, 1879.4000, 66.3000,  -1350.5000, 1841.4000, 65.3000,  0, 0, 0
L -1350.5000, 1841.4000, 65.3000,  -1374.1000, 1777.2000, 51.6000,  0, 0, 0
L -1374.1000, 1777.2000, 51.6000,  -1391.7000, 1762.9000, 42.3000,  0, 0, 0
L -1391.7000, 1762.9000, 42.3000,  -1437.2000, 1719.5000, 16.5000,  0, 0, 0
L -1437.2000, 1719.5000, 16.5000,  -1445.6000, 1702.6000, 10.5000,  0, 0, 0
L -1445.6000, 1702.6000, 10.5000,  -1436.5000, 1683.3000, 11.0000,  0, 0, 0
L -1436.5000, 1683.3000, 11.0000,  -1429.1000, 1673.2000, 5.5000,  0, 0, 0
L -1429.1000, 1673.2000, 5.5000,  -1414.5000, 1634.2000, 6.2000,  0, 0, 0
L -1414.5000, 1634.2000, 6.2000,  -1422.6000, 1537.9000, 6.5000,  0, 0, 0
L -1422.6000, 1537.9000, 6.5000,  -1445.7000, 1522.0000, 6.9000,  0, 0, 0
L -1445.7000, 1522.0000, 6.9000,  -1449.7000, 1520.2000, 8.4000,  0, 0, 0
L -1449.7000, 1520.2000, 8.4000,  -1464.9000, 1521.6000, 20.9000,  0, 0, 0
L -1464.9000, 1521.6000, 20.9000,  -1462.5000, 1432.6000, 23.4000,  0, 0, 0
L -1462.5000, 1432.6000, 23.4000,  -1447.7000, 1430.3000, 13.9000,  0, 0, 0
L -1447.7000, 1430.3000, 13.9000,  -1418.9000, 1410.7000, 15.7000,  0, 0, 0
L -1418.9000, 1410.7000, 15.7000,  -1400.1000, 1400.5000, 13.7000,  0, 0, 0
L -1400.1000, 1400.5000, 13.7000,  -1404.7000, 1338.9000, 15.2000,  0, 0, 0
L -1404.7000, 1338.9000, 15.2000,  -1399.0000, 1324.4000, 14.8000,  0, 0, 0
L -1399.0000, 1324.4000, 14.8000,  -1379.0000, 1277.6000, 24.9000,  0, 0, 0
L -1379.0000, 1277.6000, 24.9000,  -1406.7000, 1231.0000, 46.5000,  0, 0, 0
L -1406.7000, 1231.0000, 46.5000,  -1418.6000, 1208.6000, 57.2000,  0, 0, 0
L -1418.6000, 1208.6000, 57.2000,  -1425.4000, 1175.6000, 71.0000,  0, 0, 0
L -1425.4000, 1175.6000, 71.0000,  -1438.8000, 1118.1000, 73.6000,  0, 0, 0
L -1438.8000, 1118.1000, 73.6000,  -1464.9000, 1110.0000, 76.4000,  0, 0, 0
L -1464.9000, 1110.0000, 76.4000,  -1464.9000, 1088.1000, 77.0000,  0, 0, 0
L -1464.9000, 1088.1000, 77.0000,  -1447.2000, 1077.2000, 75.3000,  0, 0, 0
L -1447.2000, 1077.2000, 75.3000,  -1401.1000, 1080.4000, 37.7000,  0, 0, 0
L -1401.1000, 1080.4000, 37.7000,  -1393.3000, 1025.3000, 27.1000,  0, 0, 0
L -1393.3000, 1025.3000, 27.1000,  -1406.2000, 977.4000, 32.4000,  0, 0, 0
L -1406.2000, 977.4000, 32.4000,  -1414.4000, 958.5000, 39.3000,  0, 0, 0
L -1414.4000, 958.5000, 39.3000,  -1448.0000, 951.4000, 75.5000,  0, 0, 0
L -1448.0000, 951.4000, 75.5000,  -1464.9000, 938.6000, 78.8000,  0, 0, 0
L -1464.9000, 938.6000, 78.8000,  -1461.7000, 893.7000, 73.3000,  0, 0, 0
L -1461.7000, 893.7000, 73.3000,  -1439.2000, 791.6000, 45.5000,  0, 0, 0
L -1439.2000, 791.6000, 45.5000,  -1427.7000, 793.7000, 34.6000,  0, 0, 0
L -1427.7000, 793.7000, 34.6000,  -1408.1000, 778.6000, 32.1000,  0, 0, 0
L -1408.1000, 778.6000, 32.1000,  -1373.6000, 747.6000, 5.5000,  0, 0, 0
L -1373.6000, 747.6000, 5.5000,  -1354.9000, 696.5000, 6.8000,  0, 0, 0
L -1354.9000, 696.5000, 6.8000,  -1371.2000, 676.1000, 5.5000,  0, 0, 0
L -1371.2000, 676.1000, 5.5000,  -1402.8000, 647.8000, 16.2000,  0, 0, 0
L -1402.8000, 647.8000, 16.2000,  -1418.3000, 604.7000, 32.8000,  0, 0, 0
L -1418.3000, 604.7000, 32.8000,  -1422.8000, 579.0000, 34.7000,  0, 0, 0
L -1422.8000, 579.0000, 34.7000,  -1454.5000, 567.5000, 48.1000,  0, 0, 0
L -1454.5000, 567.5000, 48.1000,  -1464.9000, 376.3000, 46.2000,  0, 0, 0
L -1464.9000, 376.3000, 46.2000,  -1464.7000, 361.6000, 46.4000,  0, 0, 0
L -1464.7000, 361.6000, 46.4000,  -1432.3000, 320.3000, -7.5000,  0, 0, 0
L -1432.3000, 320.3000, -7.5000,  -1413.4000, 288.6000, -36.2000,  0, 0, 0
L -1413.4000, 288.6000, -36.2000,  -1414.2000, 274.7000, -37.2000,  0, 0, 0
L -1414.2000, 274.7000, -37.2000,  -1426.5000, 214.9000, -16.7000,  0, 0, 0
L -1426.5000, 214.9000, -16.7000,  -1425.8000, 200.2000, -13.4000,  0, 0, 0
L -1425.8000, 200.2000, -13.4000,  -1429.5000, 177.6000, 1.3000,  0, 0, 0
L -1429.5000, 177.6000, 1.3000,  -1424.5000, 140.8000, 6.0000,  0, 0, 0
L -1424.5000, 140.8000, 6.0000,  -1434.3000, 91.9000, 5.1000,  0, 0, 0
L -1434.3000, 91.9000, 5.1000,  -1403.6000, 88.3000, 6.0000,  0, 0, 0
L -1403.6000, 88.3000, 6.0000,  -1384.9000, 45.2000, 7.2000,  0, 0, 0
L -1384.9000, 45.2000, 7.2000,  -1368.9000, -23.1000, 27.7000,  0, 0, 0
L -1368.9000, -23.1000, 27.7000,  -1365.3000, -34.8000, 30.0000,  0, 0, 0
L -1365.3000, -34.8000, 30.0000,  -1363.0000, -48.3000, 33.5000,  0, 0, 0
L -1363.0000, -48.3000, 33.5000,  -1367.2000, -101.2000, 47.3000,  0, 0, 0
L -1367.2000, -101.2000, 47.3000,  -1381.7000, -125.6000, 46.3000,  0, 0, 0
L -1381.7000, -125.6000, 46.3000,  -1408.5000, -154.5000, 36.0000,  0, 0, 0
L -1408.5000, -154.5000, 36.0000,  -1400.4000, -242.5000, 41.6000,  0, 0, 0
L -1400.4000, -242.5000, 41.6000,  -1365.5000, -274.3000, 56.7000,  0, 0, 0
L -1365.5000, -274.3000, 56.7000,  -1370.6000, -322.9000, 58.2000,  0, 0, 0
L -1370.6000, -322.9000, 58.2000,  -1353.6000, -370.5000, 45.9000,  0, 0, 0
L -1353.6000, -370.5000, 45.9000,  -1349.8000, -392.7000, 36.2000,  0, 0, 0
L -1349.8000, -392.7000, 36.2000,  -1361.1000, -424.1000, 19.8000,  0, 0, 0
L -1361.1000, -424.1000, 19.8000,  -1388.6000, -525.5000, 5.6000,  0, 0, 0
L -1388.6000, -525.5000, 5.6000,  -1399.7000, -557.8000, 5.5000,  0, 0, 0
L -1399.7000, -557.8000, 5.5000,  -1444.0000, -565.8000, 5.5000,  0, 0, 0
L -1444.0000, -565.8000, 5.5000,  -1446.7000, -620.4000, 5.5000,  0, 0, 0
L -1446.7000, -620.4000, 5.5000,  -1445.6000, -822.7000, 5.8000,  0, 0, 0
L -1445.6000, -822.7000, 5.8000,  -1436.6000, -846.9000, 18.7000,  0, 0, 0
L -1436.6000, -846.9000, 18.7000,  -1414.9000, -883.4000, 41.3000,  0, 0, 0
L -1414.9000, -883.4000, 41.3000,  -1412.9000, -965.5000, 69.0000,  0, 0, 0
L -1412.9000, -965.5000, 69.0000,  -1403.5000, -980.5000, 76.6000,  0, 0, 0
L -1403.5000, -980.5000, 76.6000,  -1390.9000, -995.0000, 65.5000,  0, 0, 0
L -1390.9000, -995.0000, 65.5000,  -1384.5000, -1022.7000, 49.0000,  0, 0, 0
L -1384.5000, -1022.7000, 49.0000,  -1388.5000, -1065.9000, 47.1000,  0, 0, 0
L -1388.5000, -1065.9000, 47.1000,  -1385.0000, -1082.7000, 38.7000,  0, 0, 0
L -1385.0000, -1082.7000, 38.7000,  -1362.7000, -1123.9000, 5.2000,  0, 0, 0
L -1362.7000, -1123.9000, 5.2000,  -1358.8000, -1134.5000, -0.6000,  0, 0, 0
L -1358.8000, -1134.5000, -0.6000,  -1352.6000, -1166.1000, -4.6000,  0, 0, 0
L -1352.6000, -1166.1000, -4.6000,  -1359.2000, -1186.5000, -0.7000,  0, 0, 0
L -1359.2000, -1186.5000, -0.7000,  -1375.7000, -1219.7000, 8.9000,  0, 0, 0
L -1375.7000, -1219.7000, 8.9000,  -1379.5000, -1239.1000, 5.0000,  0, 0, 0
L -1379.5000, -1239.1000, 5.0000,  -1402.6000, -1240.7000, 17.1000,  0, 0, 0
L -1402.6000, -1240.7000, 17.1000,  -1403.4000, -1277.7000, 1.7000,  0, 0, 0
L -1403.4000, -1277.7000, 1.7000,  -1413.4000, -1323.4000, 5.4000,  0, 0, 0
L -1413.4000, -1323.4000, 5.4000,  -1422.3000, -1378.1000, 5.5000,  0, 0, 0
L -1422.3000, -1378.1000, 5.5000,  -1437.0000, -1409.1000, 5.5000,  0, 0, 0
L -1437.0000, -1409.1000, 5.5000,  -1431.7000, -1417.7000, 5.5000,  0, 0, 0
L -1431.7000, -1417.7000, 5.5000,  -1443.7000, -1445.6000, 5.5000,  0, 0, 0
L -1443.7000, -1445.6000, 5.5000,  -1446.2000, -1545.6000, 5.5000,  0, 0, 0
L -1446.2000, -1545.6000, 5.5000,  -1429.1000, -1560.7000, 5.5000,  0, 0, 0
L -1429.1000, -1560.7000, 5.5000,  -1422.1000, -1597.1000, 5.5000,  0, 0, 0
L -1422.1000, -1597.1000, 5.5000,  -1422.2000, -1632.9000, 12.0000,  0, 0, 0
L -1422.2000, -1632.9000, 12.0000,  -1421.9000, -1676.3000, 17.7000,  0, 0, 0
L -1421.9000, -1676.3000, 17.7000,  -1420.3000, -1696.8000, 20.8000,  0, 0, 0
L -1420.3000, -1696.8000, 20.8000,  -1417.7000, -1725.7000, 33.7000,  0, 0, 0
L -1417.7000, -1725.7000, 33.7000,  -1412.9000, -1748.8000, 37.8000,  0, 0, 0
L -1412.9000, -1748.8000, 37.8000,  -1415.0000, -1789.4000, 39.9000,  0, 0, 0
L -1415.0000, -1789.4000, 39.9000,  -1408.2000, -1824.1000, 21.4000,  0, 0, 0
L -1408.2000, -1824.1000, 21.4000,  -1443.0000, -1858.8000, 19.3000,  0, 0, 0
L -1443.0000, -1858.8000, 19.3000,  -1442.1000, -1910.6000, 9.9000,  0, 0, 0
L -1442.1000, -1910.6000, 9.9000,  -1441.2000, -1967.2000, 14.0000,  0, 0, 0
L -1441.2000, -1967.2000, 14.0000,  -1440.4000, -2016.5000, 20.2000,  0, 0, 0
L -1440.4000, -2016.5000, 20.2000,  -1436.2000, -2209.8999, 69.2000,  0, 0, 0
L -1436.2000, -2209.8999, 69.2000,  -1401.6000, -2230.3000, 58.9000,  0, 0, 0
L -1401.6000, -2230.3000, 58.9000,  -1395.2000, -2253.2000, 48.7000,  0, 0, 0
L -1395.2000, -2253.2000, 48.7000,  -1386.3000, -2274.1001, 32.7000,  0, 0, 0
L -1386.3000, -2274.1001, 32.7000,  -1362.3000, -2299.3000, 5.4000,  0, 0, 0
L -1362.3000, -2299.3000, 5.4000,  -1346.9000, -2313.0000, -8.7000,  0, 0, 0
L -1346.9000, -2313.0000, -8.7000,  -1324.5000, -2340.8000, -15.0000,  0, 0, 0
L -1324.5000, -2340.8000, -15.0000,  -1305.9000, -2363.1001, -20.0000,  0, 0, 0
L -1305.9000, -2363.1001, -20.0000,  -1289.4000, -2405.7000, -31.7000,  0, 0, 0
L -1289.4000, -2405.7000, -31.7000,  -1289.7000, -2432.7000, -25.8000,  0, 0, 0
L 849.4000, -894.9000, -3.0000,  850.8000, -875.3000, -3.0000,  100, 50, 0
L 850.8000, -875.3000, -3.0000,  791.2000, -872.0000, -3.0000,  100, 50, 0
L 791.2000, -872.0000, -3.0000,  790.4000, -891.1000, -3.0000,  100, 50, 0
L 790.4000, -891.1000, -3.0000,  849.3000, -895.1000, -3.0000,  100, 50, 0
L 993.6000, -637.7000, -0.5000,  994.1000, -637.3000, -0.5000,  100, 50, 0
L 1026.9000, -608.9000, -0.5000,  1027.5000, -608.4000, -0.5000,  100, 50, 0
L 1027.5000, -608.4000, -0.5000,  1028.4000, -607.5000, -0.5000,  100, 50, 0
L 1028.4000, -607.5000, -0.5000,  1028.9000, -606.7000, -0.5000,  100, 50, 0
L 1028.9000, -606.7000, -0.5000,  1029.9000, -605.8000, -0.5000,  100, 50, 0
L 424.1000, 592.6000, 2.8000,  421.9000, 594.5000, 2.8000,  0, 0, 0
L 421.9000, 594.5000, 2.8000,  433.5000, 608.3000, 2.8000,  0, 0, 0
L 433.5000, 608.3000, 2.8000,  447.3000, 596.7000, 2.8000,  0, 0, 0
L 447.3000, 596.7000, 2.8000,  435.7000, 582.9000, 2.8000,  0, 0, 0
L 435.7000, 582.9000, 2.8000,  433.1000, 585.0000, 2.8000,  0, 0, 0
L 433.1000, 540.2000, 6.1000,  431.1000, 537.6000, 6.1000,  0, 0, 0
L 431.1000, 537.6000, 6.1000,  445.5000, 526.7000, 6.1000,  0, 0, 0
L 445.5000, 526.7000, 6.1000,  456.5000, 541.1000, 6.1000,  0, 0, 0
L 456.5000, 541.1000, 6.1000,  442.1000, 552.0000, 6.1000,  0, 0, 0
L 442.1000, 552.0000, 6.1000,  440.2000, 549.6000, 6.1000,  0, 0, 0
L 364.0000, 510.9000, 3.3000,  361.3000, 512.8000, 3.3000,  0, 0, 0
L 361.3000, 512.8000, 3.3000,  339.8000, 483.0000, 3.3000,  0, 0, 0
L 339.8000, 483.0000, 3.3000,  354.5000, 472.4000, 3.3000,  0, 0, 0
L 354.5000, 472.4000, 3.3000,  376.0000, 502.2000, 3.3000,  0, 0, 0
L 376.0000, 502.2000, 3.3000,  373.1000, 504.3000, 3.3000,  0, 0, 0
L -1312.9000, -1477.5000, 3.0000,  -1301.0000, -1468.7000, 3.0000,  0, 0, 0
L -1301.0000, -1468.7000, 3.0000,  -1300.9000, -1468.6000, 3.0000,  0, 0, 0
L -1300.9000, -1468.6000, 3.0000,  -1302.5000, -1452.2000, 3.0000,  0, 0, 0
L -1302.5000, -1452.2000, 3.0000,  -1317.8000, -1445.5000, 3.0000,  0, 0, 0
L -1317.8000, -1445.5000, 3.0000,  -1331.0000, -1455.2000, 3.0000,  0, 0, 0
L -1331.0000, -1455.2000, 3.0000,  -1329.2000, -1471.4000, 3.0000,  0, 0, 0
L -1329.2000, -1471.4000, 3.0000,  -1328.9000, -1471.8000, 3.0000,  0, 0, 0
L -1328.9000, -1471.8000, 3.0000,  -1313.7000, -1478.1000, 3.0000,  0, 0, 0
L -1273.3000, -1464.0000, 5.6000,  -1274.7000, -1449.6000, 3.0000,  0, 0, 0
L -1274.7000, -1449.6000, 3.0000,  -1274.1000, -1448.7000, 3.1000,  0, 0, 0
L -1274.1000, -1448.7000, 3.1000,  -1270.7000, -1448.5000, 3.2000,  0, 0, 0
L -1270.7000, -1448.5000, 3.2000,  -1270.1000, -1448.8000, 3.4000,  0, 0, 0
L -1270.1000, -1448.8000, 3.4000,  -1268.6000, -1465.2000, 6.7000,  0, 0, 0
L -1268.6000, -1465.2000, 6.7000,  -1269.1000, -1465.6000, 6.7000,  0, 0, 0
L -1269.1000, -1465.6000, 6.7000,  -1272.7000, -1466.0000, 6.1000,  0, 0, 0
L -1272.7000, -1466.0000, 6.1000,  -1273.1000, -1465.5000, 5.9000,  0, 0, 0
L -1317.2000, -1396.7000, 3.0000,  -1330.2000, -1397.9000, 3.0000,  0, 0, 0
L -1330.2000, -1397.9000, 3.0000,  -1330.7000, -1397.7000, 3.1000,  0, 0, 0
L -1330.7000, -1397.7000, 3.1000,  -1331.1000, -1393.6000, 3.0000,  0, 0, 0
L -1331.1000, -1393.6000, 3.0000,  -1330.7000, -1393.3000, 3.0000,  0, 0, 0
L -1330.7000, -1393.3000, 3.0000,  -1313.7000, -1391.7000, 3.0000,  0, 0, 0
L -1313.7000, -1391.7000, 3.0000,  -1313.5000, -1392.1000, 3.1000,  0, 0, 0
L -1313.5000, -1392.1000, 3.1000,  -1313.2000, -1395.8000, 3.0000,  0, 0, 0
L -1313.2000, -1395.8000, 3.0000,  -1313.6000, -1396.3000, 3.0000,  0, 0, 0
L -1313.6000, -1396.3000, 3.0000,  -1319.0000, -1396.8000, 3.0000,  0, 0, 0
L -1362.4000, -1460.8000, 3.0000,  -1360.5000, -1473.7000, 3.0000,  0, 0, 0
L -1362.4000, -1460.8000, 3.0000,  -1362.1000, -1463.0000, 3.0000,  0, 0, 0
L -1360.5000, -1473.7000, 3.0000,  -1361.0000, -1474.1000, 3.0000,  0, 0, 0
L -1361.0000, -1474.1000, 3.0000,  -1364.7000, -1474.6000, 3.0000,  0, 0, 0
L -1364.7000, -1474.6000, 3.0000,  -1365.2000, -1474.5000, 3.0000,  0, 0, 0
L -1365.2000, -1474.5000, 3.0000,  -1367.7000, -1457.4000, 3.0000,  0, 0, 0
L -1367.7000, -1457.4000, 3.0000,  -1367.4000, -1457.0000, 3.0000,  0, 0, 0
L -1367.4000, -1457.0000, 3.0000,  -1363.4000, -1456.4000, 3.0000,  0, 0, 0
L -1363.4000, -1456.4000, 3.0000,  -1363.0000, -1456.9000, 3.0000,  0, 0, 0
L -1363.0000, -1456.9000, 3.0000,  -1362.4000, -1460.8000, 3.0000,  0, 0, 0
L -1318.1000, -1520.5000, 7.7000,  -1302.8000, -1518.3000, 10.1000,  0, 0, 0
L -1302.8000, -1518.3000, 10.1000,  -1302.4000, -1518.5000, 10.2000,  0, 0, 0
L -1302.4000, -1518.5000, 10.2000,  -1302.0000, -1522.2000, 10.9000,  0, 0, 0
L -1302.0000, -1522.2000, 10.9000,  -1302.5000, -1522.7000, 10.9000,  0, 0, 0
L -1302.5000, -1522.7000, 10.9000,  -1317.8000, -1525.0000, 8.6000,  0, 0, 0
L -1317.8000, -1525.0000, 8.6000,  -1317.9000, -1525.1000, 8.6000,  0, 0, 0
L -1317.9000, -1525.1000, 8.6000,  -1318.4000, -1524.7000, 8.4000,  0, 0, 0
L -1318.4000, -1524.7000, 8.4000,  -1319.0000, -1520.9000, 7.6000,  0, 0, 0
L -1319.0000, -1520.9000, 7.6000,  -1318.8000, -1520.7000, 7.6000,  0, 0, 0
L -1318.8000, -1520.7000, 7.6000,  -1315.7000, -1520.2000, 8.1000,  0, 0, 0
L -1315.7000, -1520.2000, 8.1000,  -1314.0000, -1519.9000, 8.3000,  0, 0, 0
L -1120.7000, -1347.8000, 3.6000,  -1083.9000, -1372.3000, 5.2000,  0, 0, 0
L -1083.9000, -1372.3000, 5.2000,  -1047.8000, -1366.8000, 7.4000,  0, 0, 0
L -1047.8000, -1366.8000, 7.4000,  -1040.5000, -1366.1000, 7.3000,  0, 0, 0
L -1040.5000, -1366.1000, 7.3000,  -1023.8000, -1348.0000, 5.4000,  0, 0, 0
L -1023.8000, -1348.0000, 5.4000,  -1013.1000, -1325.7000, 3.1000,  0, 0, 0
L -1013.1000, -1325.7000, 3.1000,  -1008.2000, -1303.2000, 12.0000,  0, 0, 0
L -1008.2000, -1303.2000, 12.0000,  -1013.9000, -1289.4000, 17.3000,  0, 0, 0
L -1013.9000, -1289.4000, 17.3000,  -1020.6000, -1254.4000, 14.5000,  0, 0, 0
L -1020.6000, -1254.4000, 14.5000,  -1035.4000, -1223.8000, 8.2000,  0, 0, 0
L -1035.4000, -1223.8000, 8.2000,  -1038.9000, -1214.7000, 5.4000,  0, 0, 0
L -1038.9000, -1214.7000, 5.4000,  -1040.9000, -1211.6000, 4.9000,  0, 0, 0
L -1040.9000, -1211.6000, 4.9000,  -1050.1000, -1210.6000, 3.0000,  0, 0, 0
L -1050.1000, -1210.6000, 3.0000,  -1101.1000, -1212.0000, 3.0000,  0, 0, 0
L -1101.1000, -1212.0000, 3.0000,  -1139.1000, -1275.7000, 3.0000,  0, 0, 0
L -1139.1000, -1275.7000, 3.0000,  -1139.9000, -1334.7000, 3.3000,  0, 0, 0
L -1139.9000, -1334.7000, 3.3000,  -1112.3000, -1353.1000, 3.9000,  0, 0, 0
L -339.5000, -926.1000, 3.0000,  -339.5000, -923.7000, 3.7000,  0, 0, 0
L -339.5000, -923.7000, 3.7000,  -342.2000, -916.3000, 10.3000,  0, 0, 0
L -342.2000, -916.3000, 10.3000,  -340.7000, -912.4000, 9.5000,  0, 0, 0
L -340.7000, -912.4000, 9.5000,  -338.6000, -900.8000, 10.3000,  0, 0, 0
L -338.6000, -900.8000, 10.3000,  -348.8000, -886.8000, 6.6000,  0, 0, 0
L -348.8000, -886.8000, 6.6000,  -378.5000, -851.8000, 6.7000,  0, 0, 0
L -378.5000, -851.8000, 6.7000,  -390.5000, -837.4000, 6.0000,  0, 0, 0
L -390.5000, -837.4000, 6.0000,  -432.2000, -818.7000, 3.5000,  0, 0, 0
L -432.2000, -818.7000, 3.5000,  -436.9000, -816.8000, 3.2000,  0, 0, 0
L -436.9000, -816.8000, 3.2000,  -450.9000, -825.0000, 3.6000,  0, 0, 0
L -450.9000, -825.0000, 3.6000,  -551.5000, -878.1000, 3.0000,  0, 0, 0
L -551.5000, -878.1000, 3.0000,  -565.0000, -926.8000, 3.0000,  0, 0, 0
L -565.0000, -926.8000, 3.0000,  -563.7000, -958.7000, 3.1000,  0, 0, 0
L -563.7000, -958.7000, 3.1000,  -544.8000, -979.1000, 3.0000,  0, 0, 0
L -544.8000, -979.1000, 3.0000,  -499.1000, -976.9000, 3.0000,  0, 0, 0
L -499.1000, -976.9000, 3.0000,  -441.5000, -975.8000, 3.2000,  0, 0, 0
L -441.5000, -975.8000, 3.2000,  -381.8000, -955.7000, 4.8000,  0, 0, 0
L -381.8000, -955.7000, 4.8000,  -348.5000, -944.9000, 5.1000,  0, 0, 0
L -348.5000, -944.9000, 5.1000,  -344.8000, -943.7000, 4.0000,  0, 0, 0
L -344.8000, -943.7000, 4.0000,  -340.7000, -931.4000, 3.0000,  0, 0, 0
L -340.7000, -931.4000, 3.0000,  -339.2000, -925.0000, 2.6000,  0, 0, 0
L -128.7000, -651.5000, 3.0000,  -111.5000, -640.0000, 3.0000,  0, 0, 0
L -111.5000, -640.0000, 3.0000,  -112.2000, -579.0000, 3.0000,  0, 0, 0
L -112.2000, -579.0000, 3.0000,  -137.1000, -550.6000, 3.0000,  0, 0, 0
L -137.1000, -550.6000, 3.0000,  -159.6000, -547.2000, 3.0000,  0, 0, 0
L -159.6000, -547.2000, 3.0000,  -202.3000, -555.7000, 3.0000,  0, 0, 0
L -202.3000, -555.7000, 3.0000,  -233.8000, -588.2000, 3.0000,  0, 0, 0
L -233.8000, -588.2000, 3.0000,  -253.7000, -630.0000, 3.0000,  0, 0, 0
L -253.7000, -630.0000, 3.0000,  -223.7000, -671.9000, 3.0000,  0, 0, 0
L -223.7000, -671.9000, 3.0000,  -155.5000, -670.5000, 3.0000,  0, 0, 0
L -155.5000, -670.5000, 3.0000,  -112.7000, -640.9000, 3.0000,  0, 0, 0
L -1135.3000, 882.9000, 2.9000,  -1168.9000, 855.9000, 3.2000,  0, 0, 0
L -1168.9000, 855.9000, 3.2000,  -1200.1000, 809.8000, 3.0000,  0, 0, 0
L -1200.1000, 809.8000, 3.0000,  -1212.6000, 762.5000, 3.0000,  0, 0, 0
L -1212.6000, 762.5000, 3.0000,  -1193.3000, 729.8000, 3.8000,  0, 0, 0
L -1193.3000, 729.8000, 3.8000,  -1163.0000, 726.1000, 3.0000,  0, 0, 0
L -1163.0000, 726.1000, 3.0000,  -1145.7000, 730.6000, 3.6000,  0, 0, 0
L -1145.7000, 730.6000, 3.6000,  -1137.9000, 732.2000, 2.9000,  0, 0, 0
L -1137.9000, 732.2000, 2.9000,  -1108.3000, 742.7000, 2.0000,  0, 0, 0
L -1108.3000, 742.7000, 2.0000,  -1095.5000, 745.3000, 1.7000,  0, 0, 0
L -1095.5000, 745.3000, 1.7000,  -1074.3000, 763.2000, 1.3000,  0, 0, 0
L -1074.3000, 763.2000, 1.3000,  -1068.8000, 769.7000, 1.1000,  0, 0, 0
L -1068.8000, 769.7000, 1.1000,  -1062.8000, 775.7000, 1.4000,  0, 0, 0
L -1062.8000, 775.7000, 1.4000,  -1048.1000, 784.6000, 0.4000,  0, 0, 0
L -1048.1000, 784.6000, 0.4000,  -1036.0000, 789.8000, -3.9000,  0, 0, 0
L -1036.0000, 789.8000, -3.9000,  -1048.7000, 815.3000, 0.4000,  0, 0, 0
L -1048.7000, 815.3000, 0.4000,  -1061.7000, 850.2000, 0.8000,  0, 0, 0
L -1061.7000, 850.2000, 0.8000,  -1095.9000, 881.2000, 1.8000,  0, 0, 0
L -1095.9000, 881.2000, 1.8000,  -1135.8000, 883.1000, 2.9000,  0, 0, 0
L -1135.8000, 883.1000, 2.9000,  -1139.4000, 879.8000, 2.9000,  0, 0, 0
L -1069.6000, -268.3000, 6.2000,  -1074.0000, -325.6000, 11.8000,  0, 0, 0
L -1074.0000, -325.6000, 11.8000,  -1076.5000, -351.3000, 11.4000,  0, 0, 0
L -1076.5000, -351.3000, 11.4000,  -1055.5000, -380.6000, 7.1000,  0, 0, 0
L -1055.5000, -380.6000, 7.1000,  -1039.3000, -392.1000, 4.6000,  0, 0, 0
L -1039.3000, -392.1000, 4.6000,  -1020.9000, -391.2000, 2.8000,  0, 0, 0
L -1020.9000, -391.2000, 2.8000,  -1000.2000, -359.1000, 3.1000,  0, 0, 0
L -1000.2000, -359.1000, 3.1000,  -981.8000, -329.6000, 3.5000,  0, 0, 0
L -981.8000, -329.6000, 3.5000,  -980.4000, -324.1000, 3.6000,  0, 0, 0
L -980.4000, -324.1000, 3.6000,  -958.8000, -260.7000, -5.1000,  0, 0, 0
L -958.8000, -260.7000, -5.1000,  -979.8000, -235.3000, -5.6000,  0, 0, 0
L -979.8000, -235.3000, -5.6000,  -1041.1000, -246.7000, 1.9000,  0, 0, 0
L -1041.1000, -246.7000, 1.9000,  -1069.1000, -267.8000, 5.8000,  0, 0, 0
