P 1018.3214, -3414.7620, 4.6197, 255, 0, 0, 3, to_Blackburrow
P 1519.7997, -1274.2107, 3.5994, 255, 0, 0, 3, to_West_Karana
P 1129.5675, -4584.8818, 72.1504, 255, 0, 0, 3, to_The_Void
P -73.6253, -22.1969, 2.2210, 255, 0, 0, 3, to_Oceangreen_Village
P 1085.8196, -5009.0400, 99.2375, 128, 0, 128, 2, Forge
P 998.3531, -5022.4312, 102.5823, 128, 0, 128, 2, Oven
P -185.7454, -44.1391, 0.9650, 0, 0, 240, 1, GS:_Corn_Rose
P 15.5742, -123.4801, 4.8271, 0, 0, 240, 1, GS:_Corn_Rose
P 136.5368, -110.8450, 2.6506, 0, 0, 240, 1, GS:_Corn_Rose
P 136.1248, -279.1284, 1.4820, 0, 0, 240, 1, GS:_Corn_Rose
P 86.1157, -291.7719, 1.1110, 0, 0, 240, 1, GS:_Corn_Rose
P 707.7473, -86.4879, 28.3332, 0, 0, 240, 1, GS:_Corn_Rose
P -291.9201, -2653.7383, 36.4616, 0, 0, 240, 1, GS:_Blackened_Deathcap
P -791.7610, -2719.6531, 1.7609, 0, 0, 240, 1, GS:_Blackened_Deathcap
P -635.4477, -2984.2251, 10.6456, 0, 0, 240, 1, GS:_Blackened_Deathcap
P -712.3682, -3157.6055, 2.6235, 0, 0, 240, 1, GS:_Blackened_Deathcap
P -229.4365, -5028.5972, 12.0975, 255, 255, 255, 2, Cave_(tottering_treant`s)
P -975.0000, -3776.0000, -11.0000, 255, 255, 255, 2, Evyj`s_Fishing_Lodge
P -959.7220, -4469.9600, -12.0632, 255, 255, 255, 2, Lake_Whirley
P 375.6028, -5793.8647, 19.2443, 255, 255, 0, 2, Fake_Wall
P 316.0626, -6407.6714, 30.9790, 240, 240, 0, 2, One-Way_Fall
P 1096.1050, -5066.8477, 140.9140, 0, 127, 127, 2, Captain_Hiran_Tillin_(Missions)
P 952.5331, -5070.6626, 102.4813, 0, 128, 0, 2, Assistant_Josephine_(Spells)
P 958.5752, -5073.7769, 102.4813, 0, 240, 0, 2, Cirtan_Bayle`s_Herald_(Faction_vendor)
P 338.0920, -6449.8965, 3.2180, 0, 127, 127, 2, Kerrin_the_Unkempt_(Quests_65+)
P 906.9681, -4987.8667, 83.6082, 0, 127, 127, 2, Seradi_Stormcaller_(Quests_65+)
P 972.3329, -4969.6934, 95.8295, 0, 127, 127, 2, Jeneca_Orlofen_(Quest_65+)
P 1024.7063, -5112.5215, 102.5823, 0, 127, 127, 2, Archon_Darianna_Althus_(Quests_65+)
P 933.7214, -5051.3379, 99.9465, 0, 127, 127, 2, Garvin_Windrunner_(Quests_65+)
P 1021.0781, -5068.7822, 121.0823, 0, 127, 127, 2, Tabron_Caulria_(Quests_65+)
P 791.3423, -1057.4960, 37.0915, 0, 127, 127, 2, Sergeant_Bronal_Cadran_(Quests)
P 376.9599, -6446.6719, 5.0447, 0, 0, 0, 2, Gladeshine_(Roam)
P 1127.7870, -247.3313, 33.6286, 0, 0, 0, 2, Magus_Wentor
P 789.8386, -4404.7236, -24.8910, 0, 0, 0, 2, Migglethorpse_the_Putrmancer_(Roam)
P -235.4847, -404.6327, 14.0717, 0, 0, 0, 2, Poacher
P -640.3420, -449.4594, -2.4737, 0, 0, 0, 2, Poacher_(Roam)
P 511.5630, -4736.2900, 32.7546, 0, 0, 0, 2, Poacher_(Roam)
P 330.0000, -6427.0000, -1.0000, 0, 0, 0, 2, Skymane
P -891.7761, -718.7524, 38.8981, 0, 0, 0, 2, Fripp_Darkpaw
P -1004.2678, -806.1796, 38.8269, 0, 0, 0, 2, Elder_Mystic_Foppye
P -974.6769, -709.6761, 39.1477, 0, 0, 0, 2, Raxtor_Darkpaw
P 985.2784, -5033.3716, 161.2147, 0, 0, 0, 2, Lord_Antonius_Bayle
P -95.8214, -175.7396, 3.5658, 0, 0, 0, 2, Ilsa_Nigrit_(Roam)
P 1078.4146, -4985.2114, 99.2375, 0, 0, 0, 2, Jelurc_Canteoul
P 941.6508, -5126.9976, 99.2785, 0, 0, 0, 2, Muvinn_Vandolan
P 1035.0503, -5100.3643, 102.5823, 0, 0, 0, 2, Acolyte_Harene
P 1031.9247, -5017.3252, 102.5823, 0, 0, 0, 2, Acolyte_Jora
P 975.5281, -5090.0684, 102.9140, 0, 0, 0, 2, Acolyte_Jelneo
P 1029.9845, -5058.9917, 102.9140, 0, 0, 0, 2, Acolyte_Hueld
P 1086.7688, -5057.1646, 121.9140, 0, 0, 0, 2, Acolyte_Vessa
P 1078.0425, -5064.9395, 121.9140, 0, 0, 0, 2, Acolyte_Nolea
P 1086.4412, -5081.9424, 124.8989, 0, 0, 0, 2, Adan_Uhan
P 1011.5107, -5036.3257, 121.9140, 0, 0, 0, 2, Acolyte_Gnoren
P 1020.9199, -5016.5073, 121.9140, 0, 0, 0, 2, Leria_Blandrie
P 1032.3849, -4999.2227, 124.9078, 0, 0, 0, 2, Henna_Greymare_(Roam)
P 1046.6226, -5012.8101, 124.8943, 0, 0, 0, 2, Billik_Broadwake_(Roam)
P 967.3774, -5086.6646, 159.9140, 0, 0, 0, 2, Karco_Yucillle_(Roam)
P 1016.1097, -5004.7920, 159.9140, 0, 0, 0, 2, Senior_Guard_Thompkins
P 963.5272, -5057.2520, 159.9140, 0, 0, 0, 2, Senior_Guard_Jenkins
P 1083.9546, -5083.0005, 140.9140, 0, 0, 0, 2, Acolyte_Koel
P 242.3786, -3979.1575, -47.3211, 0, 0, 0, 2, Blackburrow_Lurker_(Roam)
P 851.2023, -3569.0713, 25.1300, 128, 64, 0, 2, Blackburrow_Nightstalker_(Hunter,Roam)
P -558.8594, -3088.9783, -18.5691, 128, 64, 0, 2, Blackburrow_Outcast_(Hunter)
P -835.8766, -3248.9920, 44.0784, 127, 64, 0, 2, Guardian_of_the_Glade_(Hunter,Roam)
P -1043.2074, -1577.7558, -32.5331, 127, 64, 0, 2, Guardian_of_the_Glade_(Hunter,Roam)
P 291.7004, -2434.2698, 42.5035, 128, 64, 0, 2, Gray_Wolf_Stalker_(Hunter,Roam)
P 926.1418, -2206.2615, -10.2078, 128, 64, 0, 2, Klixcxyk_(Hunter,Roam)
P 846.8263, -3560.6562, 26.6034, 127, 64, 0, 2, Klixcxyk_(Hunter,Roam)
P 498.9327, -465.4682, 15.2850, 128, 64, 0, 2, Putrescent_Bonelord_(Hunter,Roam)
P -346.5892, -4514.8940, 10.9372, 128, 64, 0, 2, Slitheren_(Hunter,Roam)
P -641.7738, -3816.8108, 99.6372, 127, 64, 0, 2, Spark_(Hunter,Roam)
P 240.9830, -2520.0535, 41.3462, 128, 64, 0, 2, Wandering_Soul_(Hunter)
P 584.0204, -3711.4734, 40.1014, 127, 64, 0, 2, Wrathpaw_(Hunter,Roam)