P -78.0000, 13.0000, 6.0000,  255, 0, 0,  3,  to_Oceangreen_Hills
P -479.0000, 830.0000, 11.6542,  255, 0, 0,  3,  to_Temple_of_Bertoxxulous
P -526.0480, 2402.8252, 3.3549,  128, 0, 128,  2,  Forge
P -599.0533, 2470.6260, 0.7793,  128, 0, 128,  2,  Loom
P -525.7797, 2596.2349, 2.6895,  128, 0, 128,  2,  Pottery_Wheel
P -531.9200, 2582.4131, 2.6895,  128, 0, 128,  2,  Kiln
P -447.1811, 2775.6753, 3.4729,  128, 0, 128,  2,  Oven
P -626.7733, 2809.0862, -0.0973,  128, 0, 128,  2,  Brewing_Barrel
P -323.9736, 2669.6375, 3.4090,  128, 0, 128,  2,  Forge
P -352.9146, 2693.2249, 3.4035,  128, 0, 128,  2,  Forge
P 169.8864, 265.2691, 7.3508,  0, 0, 240,  1,  GS:_Corn_Rose
P 614.2900, 256.7027, 5.5400,  0, 0, 240,  1,  GS:_Corn_Rose
P 869.0000, 2609.0000, 1.0000,  255, 255, 255,  2,  Ruins
P -476.0000, 2888.0000, 4.0000,  255, 255, 255,  2,  Southwest
P -602.0000, 2797.0000, -1.0000,  255, 255, 255,  2,  Inn
P -339.0000, 2557.0000, 3.0000,  255, 255, 255,  2,  Northeast
P -307.0000, 2801.0000, 3.0000,  255, 255, 255,  2,  Southeast
P 112.0000, 2967.0000, -21.0000,  255, 255, 255,  2,  Pit_Two
P -106.0000, 2965.0000, -18.0000,  255, 255, 255,  2,  Pit_One
P -491.0000, 2400.0000, 3.0000,  255, 255, 255,  2,  Smith
P -590.0000, 2477.0000, -1.0000,  255, 255, 255,  2,  Northwest
P -484.0000, 2675.0000, 2.0000,  255, 255, 255,  2,  Square
P 534.8671, 1864.0442, -0.1437,  255, 255, 255,  2,  Crypt
P -362.9875, 2555.1602, 2.1449,  0, 128, 128,  2,  Apothecary_Cadmael_(Quests_65+)
P -500.7269, 2399.5833, 5.0655,  0, 127, 127,  2,  Dan_Hearthpride_(Quests)
P -364.7706, 2568.0977, 2.7089,  0, 127, 127,  2,  Jerom_Bertrand_(Quests_65+)
P 832.8849, 2630.6797, -0.7624,  0, 127, 127,  2,  Viktor_Snowborn_(Quest,Roam)
P -618.0735, 2396.3621, 1.6281,  0, 127, 127,  2,  Yvette_Miller_(Quest_65+)
P -502.5648, 2341.9976, 5.0886,  0, 0, 0,  2,  Adan_Uhan
P -458.3703, 2720.5918, 2.5693,  0, 0, 0,  2,  Lendal_Ironforge
P -359.9105, 2617.3284, 5.4769,  0, 0, 0,  2,  Winna_Ironforge
P -438.6327, 2690.0042, 2.5693,  0, 0, 0,  2,  Tenna_Feldon_(Roam)
P -400.2464, 2682.4336, 2.5693,  0, 0, 0,  2,  Bart_Masters
P -447.6655, 2498.0105, 4.4960,  0, 0, 0,  2,  Hue_Saworth
P -503.0927, 2588.3511, 3.3851,  0, 0, 0,  2,  Lyrina_Quill
P -655.5308, 2567.6941, -1.9861,  0, 0, 0,  2,  Morris_Olberson
P -630.1608, 2412.7793, 1.5258,  0, 0, 0,  2,  Henry_Miller_(Roam)
P -321.3922, 2796.6453, 3.3535,  0, 0, 0,  2,  Merta_Longshadow
P -454.3771, 2783.4966, 3.3527,  0, 0, 0,  2,  Claria_Green
P -102.3036, 2891.4563, 7.9689,  0, 0, 0,  2,  Jessica_Marsdaughter_(Roam)
P -476.1223, 2893.4026, 3.9870,  0, 0, 0,  2,  Tad_Carpenter
P -343.1143, 2490.3655, 5.2014,  0, 0, 0,  2,  Evon_Sewurd_(Roam)
P -610.0886, 2797.6155, 1.3374,  0, 0, 0,  2,  Sussette_Fairweather
P -856.6729, 2575.0713, -49.1947,  0, 0, 0,  2,  Constable_Wendle_Nottington
P -500.4388, 2381.2842, 4.8854,  0, 0, 0,  2,  Fern_Hearthpride
P -258.3682, 2567.2815, 5.8504,  0, 0, 0,  2,  Morris_Olberson
P -67.5121, 2980.8125, 5.1323,  0, 0, 0,  2,  Jay_Pierce
P -142.4104, 2967.1531, -12.9842,  0, 0, 0,  2,  Lendal_Ironforge_(Roam)
P 133.1338, 2957.6614, -20.4781,  0, 0, 0,  2,  Lyrina_Quill
P 899.0665, 2620.8606, 3.8223,  0, 0, 0,  2,  Farnor_the_Daybringer_(Roam)
P 917.7886, 2609.9617, 3.8223,  0, 0, 0,  2,  Sprig_Mason_(Roam)
P -562.0770, 2253.1155, 8.5777,  127, 64, 0,  2,  a_gravid_fire_beetle_(Hunter,Roam)
P 192.0457, 2288.9844, 6.2860,  127, 64, 0,  2,  Blightfang_(Hunter,Roam)
P 851.6216, 1818.5331, -66.5419,  127, 64, 0,  2,  Jelvalak_The_Tomblord_(Hunter)
P -418.5648, 2211.0164, 5.6635,  127, 64, 0,  2,  Malign_(Hunter)
P -216.1227, 1382.1443, 5.1754,  127, 64, 0,  2,  Master_Putremancer_Fellid_(Hunter)
P 70.1666, 2084.2234, 1.2622,  127, 64, 0,  2,  Megrima_the_Plaguecaller_(Hunter,Roam)
P 477.2439, 2340.5547, -14.9613,  127, 64, 0,  2,  The_Blight_Wisp_(Hunter,Roam)
P 130.4876, 3025.7710, 0.1674,  127, 64, 0,  2,  The_Claybeast_(Hunter)
P -436.5971, 1884.5564, 16.5241,  127, 64, 0,  2,  The_Crimson_Bat_(Hunter)
P 681.9446, 544.9952, 34.7519,  127, 64, 0,  2,  Twisted_Limb_(Hunter,Roam)
P -812.4689, 816.5803, 3.7116,  127, 64, 0,  2,  Vileplume_(Hunter,Roam)
P 884.7056, 2564.7310, -0.7624,  0, 0, 0,  2,  Tenna_Feldon_(Roam)
