P -267.0000, 1595.0000, 7.4126, 255, 0, 0, 3, to_The_Resplendent_Temple
P 1.9842, -19.5262, 850.6894, 255, 0, 0, 3, to_Windsong_Sanctuary
P 547.7651, 783.1469, 711.9183, 0, 0, 240, 1, GS:_Fal`Kaa_Crest_Pattern
P -611.7462, 985.5649, -1.0334, 0, 0, 240, 1, GS:_Flute
P -459.3217, -674.6223, 871.3766, 0, 0, 255, 1, Crest_Pattern
P -486.0667, -706.3828, 730.6156, 0, 0, 255, 1, Light_Infuser
P -976.4026, 320.6814, 407.7744, 240, 240, 240, 2, a_worn_sentry_stone
P 518.7188, 726.2194, 497.9184, 240, 240, 240, 2, Shade_Infuser
P 0.8117, 2.1249, 677.8656, 240, 240, 240, 2, The_Shrine_of_Alra
P 838.4254, -406.6155, 666.6891, 240, 240, 240, 2, Arcane_Infuser
P -124.6670, -769.1700, 473.4905, 240, 240, 240, 1, to_middle
P 762.4019, -108.4934, 423.8388, 0, 0, 127, 1, to_middle
P 882.3640, -116.2030, 423.6046, 0, 0, 127, 1, blue-purple
P 541.4746, -706.2784, 423.9597, 0, 0, 127, 1, blue-white
P -153.0510, -873.5706, 475.4088, 240, 240, 240, 1, white-blue
P -704.2457, -541.5606, 477.4669, 240, 240, 240, 1, white-green
P -769.9899, 116.3783, 400.9988, 0, 127, 0, 1, to_middle
P -882.2314, 134.0714, 404.4829, 0, 127, 0, 1, green-white
P -562.7661, 690.0392, 398.0065, 0, 127, 0, 1, green-purple
P 690.6183, 557.4973, 304.8732, 99, 0, 240, 1, purple-blue
P 126.7173, 878.5904, 312.5435, 99, 0, 240, 1, purple-green
P 136.5747, 765.9536, 311.1494, 99, 0, 240, 1, to_middle
P -743.1634, 435.5027, 859.8772, 240, 240, 240, 2, Upper_Library
P 695.2458, -414.3482, 902.5691, 240, 240, 0, 2, DOWN
P 703.6774, -402.7742, 902.5689, 240, 240, 0, 2, LANDING
P 757.0000, -441.7500, 845.5701, 240, 240, 0, 2, LANDING
P 773.9393, -432.1633, 846.5689, 240, 240, 0, 2, DOWN
P 741.0066, -450.8237, 846.5689, 240, 240, 0, 2, UP
P 875.3452, -463.3609, 459.5520, 240, 240, 0, 2, LANDING
P 864.1797, -456.2592, 462.6545, 240, 240, 0, 2, UP
P 796.2618, -471.0529, 449.5520, 240, 240, 0, 2, LANDING
P 802.5182, -460.7732, 449.7849, 240, 240, 0, 2, DOWN
P 763.4591, -442.0874, 389.5871, 240, 240, 0, 2, LANDING
P 751.7409, -439.9928, 389.5872, 240, 240, 0, 2, UP
P 837.9119, -495.1909, 557.5688, 240, 240, 0, 2, LANDING
P 843.9456, -485.3705, 557.5688, 240, 240, 0, 2, DOWN
P 671.4835, -399.5478, 557.5688, 240, 240, 0, 2, LANDING
P 677.5709, -388.9391, 557.5688, 240, 240, 0, 2, UP
P 748.5146, -435.9517, 667.5688, 240, 240, 0, 2, DOWN
P 768.7346, -446.1494, 667.5688, 240, 240, 0, 2, UP
P 738.2779, -430.7363, 725.5689, 240, 240, 0, 2, DOWN
P 778.1569, -453.0727, 725.5689, 240, 240, 0, 2, UP
P 741.2777, -431.9080, 798.5689, 240, 240, 0, 2, DOWN
P 772.9884, -452.1149, 798.5688, 240, 240, 0, 2, UP
P 460.7928, 890.6827, 408.1111, 240, 240, 0, 2, DOWN
P 457.7897, 892.7969, 350.9111, 240, 240, 0, 2, UP
P 435.5495, 762.7659, 350.9111, 240, 240, 0, 2, DOWN
P 432.8279, 626.1222, 408.1111, 240, 240, 0, 2, UP
P 428.1274, 633.4570, 498.1111, 240, 240, 0, 2, DOWN
P 451.0481, 749.9865, 498.1116, 240, 240, 0, 2, UP
P 438.0757, 761.6110, 556.1110, 240, 240, 0, 2, DOWN
P 412.4550, 681.7819, 556.1106, 240, 240, 0, 2, UP
P 397.4928, 691.1550, 646.1110, 240, 240, 0, 2, DOWN
P 452.3707, 747.1528, 646.1109, 240, 240, 0, 2, UP
P 438.0572, 761.6953, 712.1111, 240, 240, 0, 2, DOWN
P 399.2647, 693.9642, 712.1109, 240, 240, 0, 2, UP
P 398.0130, 694.6349, 802.1110, 240, 240, 0, 2, DOWN
P -764.9611, 441.8001, 381.7248, 240, 240, 0, 2, UP
P -765.0883, 441.9272, 441.7242, 240, 240, 0, 2, DOWN
P -887.4703, 464.7993, 443.5691, 240, 240, 0, 2, UP
P -888.1640, 462.6650, 546.5692, 240, 240, 0, 2, DOWN
P -641.2499, 420.7243, 548.6903, 240, 240, 0, 2, UP
P -642.6026, 419.5494, 655.6896, 240, 240, 0, 2, DOWN
P -756.4552, 456.8108, 657.5681, 240, 240, 0, 2, UP
P -756.5661, 455.9128, 729.5681, 240, 240, 0, 2, DOWN
P -773.2868, 426.5294, 730.9674, 240, 240, 0, 2, UP
P -773.6806, 426.9835, 802.6797, 240, 240, 0, 2, DOWN
P -756.5106, 457.3095, 804.0796, 240, 240, 0, 2, UP
P -757.1051, 456.4681, 860.0796, 240, 240, 0, 2, DOWN
P -701.4097, 404.8808, 862.2095, 240, 240, 0, 2, UP
P -701.5341, 405.0720, 924.2095, 240, 240, 0, 2, DOWN
P -441.7961, -760.8645, 453.6037, 240, 240, 0, 2, UP
P -442.2167, -756.1260, 513.5692, 240, 240, 0, 2, DOWN
P -464.6862, -877.4082, 513.2807, 240, 240, 0, 2, UP
P -461.9437, -879.0569, 618.2809, 240, 240, 0, 2, DOWN
P -406.1758, -693.1996, 926.3325, 240, 240, 0, 2, UP
P -439.8345, -754.3635, 926.2697, 240, 240, 0, 2, DOWN
P -442.1730, -755.4337, 871.9784, 240, 240, 0, 2, Up_&_Down
P -441.0460, -758.5905, 799.2807, 240, 240, 0, 2, Up_&_Down
P -443.5610, -756.0004, 727.2807, 240, 240, 0, 2, UP
P -434.5917, -714.7736, 728.3478, 240, 240, 0, 2, DOWN
P -421.0071, -634.3271, 618.2809, 240, 240, 0, 2, UP
P -403.5375, -688.5730, 980.5447, 240, 240, 0, 2, DOWN
P 226.5564, 883.3449, 319.7573, 0, 127, 127, 2, Havra_(Quest)
P 361.0523, 633.6686, 350.9111, 0, 127, 127, 2, Wrakt_of_Fal`Kaa_(Quest)
P 633.3977, -356.3185, 448.5521, 0, 127, 127, 2, Selulian_of_Melretia_(Quest)
P 635.9761, -330.5465, 426.6863, 0, 127, 127, 2, Aeyen_(Quest)
P 252.9916, 613.4476, 318.1240, 0, 127, 127, 2, Assistant_Shadowward_Mysth_(Light_Faction_Quest)
P -348.7130, -615.3713, 513.2804, 0, 127, 127, 2, Il`Nendale_of_Erion_(Quest)
P -615.7086, 343.0530, 436.9983, 0, 127, 127, 2, Il`Rator_of_Anriella_(Quest)
P -577.3351, 1069.3092, 2.1251, 0, 127, 127, 2, Daeas_(Quest)
P -533.6782, 925.0887, -3.5119, 0, 127, 127, 2, Natureward_Kolthei_(Quest)
P -467.9298, -797.3729, 986.8332, 0, 0, 0, 2, Erion_Ulrich_(Archon_of_Light)
P 788.5004, -458.3011, 907.5688, 0, 0, 0, 2, Melretia_Relward_(Arbiter_of_the_Arcane)
P 461.9047, 785.6169, 808.1107, 0, 0, 0, 2, Fal`Kaa_Karathra_(Sovereign_of_Shadow)
P -798.5092, 461.8367, 930.1967, 0, 0, 0, 2, Anriella_Fawnwalker_(Caretaker_of_Nature)
P -726.7142, 376.1065, 860.0179, 0, 0, 0, 2, Tabbard_Pattern
P -814.3268, 364.4120, 728.7767, 0, 0, 0, 2, Nature_Infuser
P -843.8160, 409.1062, 802.3691, 0, 0, 0, 2, Wri`Vok
P -846.5098, 420.8549, 802.3691, 0, 0, 0, 2, Kir`Tak
P -98.9395, 44.1739, 851.0982, 0, 0, 0, 2, an_apparition_(Roam)
P 104.1983, 1182.8992, -1.3094, 0, 0, 0, 2, H`Tathca
P 518.8504, 714.9590, 14.6571, 0, 0, 0, 2, Valdik
P 518.8504, 714.9590, 14.6571, 0, 0, 0, 2, Valdik
P 389.9060, 720.7861, 556.1106, 0, 0, 0, 2, Overseer_Hral
P 539.0323, 789.7580, 646.1105, 0, 0, 0, 2, Surez_the_Inconsolable
P 509.4559, 778.1173, 646.1105, 0, 0, 0, 2, Librarian_Shad`Lyr
P 482.4294, 780.4332, 646.1109, 0, 0, 0, 2, Scholar_Yr`Tev
P 436.6168, 832.4867, 712.1105, 0, 0, 0, 2, Fal`Kaa`s_knowledgekeeper
P 413.9285, 727.2581, 808.1110, 0, 0, 0, 2, Fal`Kaa`s_Shadowward
P 434.2596, 715.7596, 810.1878, 0, 0, 0, 2, Fal`Kaa`s_Shadowward
P -423.9800, 934.8187, -1.6332, 0, 0, 0, 2, Pathkeeper_Mlyra
P -386.8278, 988.6002, -0.1095, 0, 0, 0, 2, Pathkeeper_Nidran
P -739.6275, 451.7459, 441.2367, 0, 0, 0, 2, Sayrloc_the_Amused
P -687.8561, 344.3606, 441.5693, 0, 0, 0, 2, Natureward_Sar`Lyn
P -641.7104, 421.0313, 441.5693, 0, 0, 0, 2, Natureward_En`Srel
P -676.4534, 406.8071, 441.5693, 0, 0, 0, 2, Natureguard_Ak`Rinor
P -688.8736, 382.3643, 441.5691, 0, 0, 0, 2, Natureguard_Va`Eilnar
P 376.6153, 676.5198, 350.9111, 0, 0, 0, 2, Shadowward_Votrak
P 409.8937, 657.2180, 350.9111, 0, 0, 0, 2, Shadowward_Dre`Ryk
P 342.1302, 666.5959, 350.9111, 0, 0, 0, 2, Shadeweaver_Grakxt
P 419.0437, 623.0571, 350.9111, 0, 0, 0, 2, Shadeweaver_Welk
P 454.0259, 713.1690, 498.1107, 0, 0, 0, 2, Shadowward_E`Trik
P -736.3348, 406.9227, 655.5695, 0, 0, 0, 2, Verdantguard_E-Rael
P -722.9943, 421.2500, 728.9694, 0, 0, 0, 2, Overseer_En`Laetav
P -802.3493, 420.9419, 802.3691, 0, 0, 0, 2, Scholar_Jindral
P -728.9637, 509.5463, 802.3689, 0, 0, 0, 2, Librarian_Ridal
P -811.5446, 425.0351, 860.2101, 0, 0, 0, 2, Anriella`s_knowledgekeeper
P -727.2808, 434.0445, 930.1966, 0, 0, 0, 2, Anriella`s_Lifeward
P -739.3076, 410.9229, 930.1966, 0, 0, 0, 2, Anriella`s_Lifeward
P -405.5318, -669.0386, 513.5689, 0, 0, 0, 2, Lightward_Tyvallion
P -428.4039, -632.1196, 513.5689, 0, 0, 0, 2, Illuminator_Kralinvitol
P -343.2982, -682.5640, 513.5690, 0, 0, 0, 2, Illuminator_Rillarvinard
P -389.7141, -796.8510, 799.5690, 0, 0, 0, 2, Overseer_Helvaniard
P -366.6448, -790.1995, 871.5689, 0, 0, 0, 2, Scholar_Wrenivald
P -493.2436, -717.6997, 871.5676, 0, 0, 0, 2, Yrenvotal_the_Peaceful
P -428.9285, -712.9827, 926.2009, 0, 0, 0, 2, Erion`s_knowledgekeeper
P -429.6915, -732.1502, 986.8330, 0, 0, 0, 2, Erion`s_Lightward
P 690.0279, -389.1259, 448.5521, 0, 0, 0, 2, Arcanaward_Laretian
P 677.7580, -409.8432, 448.5521, 0, 0, 0, 2, Arcanaward_Arytival
P 639.8499, -428.9652, 458.5521, 0, 0, 0, 2, Constructor_Evluoe
P 687.2008, -346.8207, 458.5521, 0, 0, 0, 2, Constructor_Hyral
P 759.4606, -379.7697, 666.5690, 0, 0, 0, 2, Arcanaward_Vydrell
P 786.3032, -506.1758, 724.5689, 0, 0, 0, 2, Overseer_Oreliad
P 784.3073, -468.9939, 797.5689, 0, 0, 0, 2, Scholar_Seronvall
P 838.7621, -444.3991, 797.5689, 0, 0, 0, 2, Librarian_Elinaer
P 726.7807, -369.8312, 797.5690, 0, 0, 0, 2, Aransir_the_Irate
P 727.4118, -464.3912, 845.5689, 0, 0, 0, 2, Melretia`s_knowledgekeeper
P 738.1656, -413.7480, 907.5689, 0, 0, 0, 2, Melretia`s_Arcward
P 723.7844, -438.6574, 907.5689, 0, 0, 0, 2, Melretia`s_Arcward
P -150.4610, 1692.2614, 160.1230, 127, 64, 0, 2, an_unusual_creature_(Hunter)
P -297.8588, -298.0070, -80.5489, 127, 64, 0, 2, The_Ut`len_Deathkeeper_(Hunter)
P 645.7858, -421.6092, 724.5689, 127, 64, 0, 2, Tonmek_the_Mind-Drainer_(Hunter)
P -487.9450, -818.6249, 417.6041, 127, 64, 0, 2, Cysivir_the_Constructor_(Hunter)
P 468.2517, 820.6583, 556.1105, 127, 64, 0, 2, Ivrikdal_the_Infuser_(Hunter,Roam)
