L 1000.0, 0.0, 0.0, 1000.0, -50.0, 0.0, 255, 0, 0
L -20.0, 50.0, 0.0, -50.0, 20.0, 0.0, 255, 0, 0
L 50.0, 20.0, 0.0, 20.0, 50.0, 0.0, 255, 0, 0
L 20.0, -50.0, 0.0, 50.0, -20.0, 0.0, 255, 0, 0
L -50.0, -20.0, 0.0, -20.0, -50.0, 0.0, 255, 0, 0
L -50.0, 20.0, 0.0, -50.0, -20.0, 0.0, 255, 0, 0
L 20.0, 50.0, 0.0, -20.0, 50.0, 0.0, 255, 0, 0
L 50.0, -20.0, 0.0, 50.0, 20.0, 0.0, 255, 0, 0
L -20.0, -50.0, 0.0, 20.0, -50.0, 0.0, 255, 0, 0
L 580.0, -20.0, 0.0, 540.0, -20.0, 0.0, 255, 0, 0
L 580.0, -90.0, 0.0, 580.0, -20.0, 0.0, 255, 0, 0
L 540.0, -90.0, 0.0, 580.0, -90.0, 0.0, 255, 0, 0
L 540.0, -20.0, 0.0, 540.0, -90.0, 0.0, 255, 0, 0
L 520.0, -20.0, 0.0, 480.0, -20.0, 0.0, 255, 0, 0
L 520.0, -90.0, 0.0, 520.0, -20.0, 0.0, 255, 0, 0
L 480.0, -90.0, 0.0, 520.0, -90.0, 0.0, 255, 0, 0
L 480.0, -20.0, 0.0, 480.0, -90.0, 0.0, 255, 0, 0
L 460.0, -90.0, 0.0, 450.0, -80.0, 0.0, 255, 0, 0
L 460.0, -20.0, 0.0, 460.0, -90.0, 0.0, 255, 0, 0
L 0.0, -250.0, 0.0, 0.0, 250.0, 0.0, 255, 0, 0
L -250.0, 0.0, 0.0, 1000.0, 0.0, 0.0, 255, 0, 0
L -120.0, -80.0, 0.0, -120.0, -60.0, 0.0, 255, 0, 0
L -120.0, -60.0, 0.0, -120.0, -40.0, 0.0, 255, 0, 0
L -100.0, -60.0, 0.0, -120.0, -60.0, 0.0, 255, 0, 0
L -120.0, -60.0, 0.0, -140.0, -60.0, 0.0, 255, 0, 0
L -90.0, -50.0, 0.0, -100.0, -30.0, 0.0, 255, 0, 0
L -60.0, -80.0, 0.0, -60.0, -60.0, 0.0, 255, 0, 0
L -60.0, -60.0, 0.0, -60.0, -40.0, 0.0, 255, 0, 0
L -40.0, -60.0, 0.0, -60.0, -60.0, 0.0, 255, 0, 0
L -60.0, -60.0, 0.0, -80.0, -60.0, 0.0, 255, 0, 0
L 100.0, 60.0, 0.0, 120.0, 60.0, 0.0, 255, 0, 0
L 120.0, 60.0, 0.0, 140.0, 60.0, 0.0, 255, 0, 0
L 90.0, 70.0, 0.0, 80.0, 90.0, 0.0, 255, 0, 0
L 40.0, 60.0, 0.0, 60.0, 60.0, 0.0, 255, 0, 0
L 60.0, 60.0, 0.0, 80.0, 60.0, 0.0, 255, 0, 0
L -100.0, 60.0, 0.0, -120.0, 60.0, 0.0, 255, 0, 0
L -120.0, 60.0, 0.0, -140.0, 60.0, 0.0, 255, 0, 0
L -90.0, 70.0, 0.0, -100.0, 90.0, 0.0, 255, 0, 0
L -60.0, 80.0, 0.0, -60.0, 60.0, 0.0, 255, 0, 0
L -60.0, 60.0, 0.0, -60.0, 40.0, 0.0, 255, 0, 0
L -40.0, 60.0, 0.0, -60.0, 60.0, 0.0, 255, 0, 0
L -60.0, 60.0, 0.0, -80.0, 60.0, 0.0, 255, 0, 0
L 100.0, -60.0, 0.0, 120.0, -60.0, 0.0, 255, 0, 0
L 120.0, -60.0, 0.0, 140.0, -60.0, 0.0, 255, 0, 0
L 90.0, -50.0, 0.0, 80.0, -30.0, 0.0, 255, 0, 0
L 60.0, -80.0, 0.0, 60.0, -60.0, 0.0, 255, 0, 0
L 60.0, -60.0, 0.0, 60.0, -40.0, 0.0, 255, 0, 0
L 40.0, -60.0, 0.0, 60.0, -60.0, 0.0, 255, 0, 0
L 60.0, -60.0, 0.0, 80.0, -60.0, 0.0, 255, 0, 0
L 599.0, -90.0, 0.0, 637.3, -90.0, 0.0, 255, 0, 0
L 599.0, -20.0, 0.0, 637.3, -20.0, 0.0, 255, 0, 0
L 599.0, -90.0, 0.0, 599.0, -20.0, 0.0, 255, 0, 0
L 637.3, -90.0, 0.0, 637.3, -20.0, 0.0, 255, 0, 0
L 1000, 4000, 0, 1000, 4060, 0, 0, 0, 0
L 1040, 4060, 0, 1000, 4060, 0, 0, 0, 0
L 1060, 4030, 0, 1090, 4030, 0, 0, 0, 0
L 1060, 4060, 0, 1090, 4060, 0, 0, 0, 0
L 1060, 4000, 0, 1060, 4060, 0, 0, 0, 0
L 1090, 4000, 0, 1060, 4000, 0, 0, 0, 0
L 1140, 4060, 0, 1110, 4060, 0, 0, 0, 0
L 1110, 4000, 0, 1140, 4000, 0, 0, 0, 0
L 1110, 4060, 0, 1110, 4000, 0, 0, 0, 0
L 1140, 4060, 0, 1140, 4030, 0, 0, 0, 0
L 1140, 4030, 0, 1120, 4030, 0, 0, 0, 0
L 1160, 4030, 0, 1190, 4030, 0, 0, 0, 0
L 1160, 4060, 0, 1190, 4060, 0, 0, 0, 0
L 1160, 4000, 0, 1160, 4060, 0, 0, 0, 0
L 1190, 4000, 0, 1160, 4000, 0, 0, 0, 0
L 1240, 4060, 0, 1240, 4000, 0, 0, 0, 0
L 1210, 4000, 0, 1240, 4060, 0, 0, 0, 0
L 1210, 4060, 0, 1210, 4000, 0, 0, 0, 0
L 1270, 4060, 0, 1270, 4000, 0, 0, 0, 0
L 1280, 4060, 0, 1260, 4060, 0, 0, 0, 0
L 1290, 4030, 0, 1280, 4060, 0, 0, 0, 0
L 1280, 4000, 0, 1290, 4030, 0, 0, 0, 0
L 1260, 4000, 0, 1280, 4000, 0, 0, 0, 0
L 1000, 4210, 0, 1060, 4210, 0, 0, 0, 0
L 1000, 4130, 0, 1060, 4130, 0, 0, 0, 0
L 1030, 4183, 0, 1030, 4157, 0, 205, 133, 63
L 1060, 4210, 0, 1120, 4210, 0, 0, 0, 0
L 1060, 4210, 0, 1060, 4183, 0, 205, 133, 63
L 1030, 4183, 0, 1090, 4183, 0, 205, 133, 63
L 1030, 4157, 0, 1060, 4157, 0, 205, 133, 63
L 1060, 4157, 0, 1090, 4157, 0, 205, 133, 63
L 1060, 4130, 0, 1120, 4130, 0, 0, 0, 0
L 1060, 4157, 0, 1060, 4130, 0, 205, 133, 63
L 1090, 4183, 0, 1090, 4157, 0, 205, 133, 63
L 1170, 4200, 0, 1170, 4140, 0, 0, 0, 0
L 1180, 4200, 0, 1160, 4200, 0, 0, 0, 0
L 1190, 4170, 0, 1180, 4200, 0, 0, 0, 0
L 1180, 4140, 0, 1190, 4170, 0, 0, 0, 0
L 1160, 4140, 0, 1180, 4140, 0, 0, 0, 0
L 1210, 4140, 0, 1240, 4140, 0, 0, 0, 0
L 1210, 4200, 0, 1240, 4200, 0, 0, 0, 0
L 1210, 4140, 0, 1210, 4200, 0, 0, 0, 0
L 1240, 4140, 0, 1240, 4200, 0, 0, 0, 0
L 1260, 4140, 0, 1290, 4140, 0, 0, 0, 0
L 1260, 4200, 0, 1290, 4200, 0, 0, 0, 0
L 1260, 4140, 0, 1260, 4200, 0, 0, 0, 0
L 1290, 4140, 0, 1290, 4200, 0, 0, 0, 0
L 1310, 4140, 0, 1310, 4170, 0, 0, 0, 0
L 1310, 4170, 0, 1310, 4200, 0, 0, 0, 0
L 1310, 4170, 0, 1330, 4170, 0, 0, 0, 0
L 1350, 4170, 0, 1350, 4140, 0, 0, 0, 0
L 1310, 4140, 0, 1350, 4140, 0, 0, 0, 0
L 1330, 4170, 0, 1350, 4170, 0, 0, 0, 0
L 1350, 4200, 0, 1330, 4170, 0, 0, 0, 0
L 1000, 4330, 0, 1060, 4330, 0, 0, 0, 0
L 1000, 4250, 0, 1060, 4250, 0, 0, 0, 0
L 1030, 4303, 0, 1030, 4277, 0, 255, 255, 0
L 1060, 4330, 0, 1120, 4330, 0, 0, 0, 0
L 1060, 4330, 0, 1060, 4303, 0, 255, 255, 0
L 1030, 4303, 0, 1090, 4303, 0, 255, 255, 0
L 1030, 4277, 0, 1060, 4277, 0, 255, 255, 0
L 1060, 4277, 0, 1090, 4277, 0, 255, 255, 0
L 1060, 4250, 0, 1120, 4250, 0, 0, 0, 0
L 1060, 4277, 0, 1060, 4250, 0, 255, 255, 0
L 1090, 4303, 0, 1090, 4277, 0, 255, 255, 0
L 1160, 4260, 0, 1160, 4320, 0, 0, 0, 0
L 1200, 4320, 0, 1160, 4320, 0, 0, 0, 0
L 1220, 4260, 0, 1250, 4260, 0, 0, 0, 0
L 1220, 4320, 0, 1250, 4320, 0, 0, 0, 0
L 1220, 4260, 0, 1220, 4320, 0, 0, 0, 0
L 1250, 4260, 0, 1250, 4320, 0, 0, 0, 0
L 1300, 4320, 0, 1270, 4320, 0, 0, 0, 0
L 1270, 4260, 0, 1300, 4260, 0, 0, 0, 0
L 1270, 4320, 0, 1270, 4260, 0, 0, 0, 0
L 1320, 4260, 0, 1320, 4290, 0, 0, 0, 0
L 1320, 4290, 0, 1320, 4320, 0, 0, 0, 0
L 1320, 4290, 0, 1360, 4320, 0, 0, 0, 0
L 1320, 4290, 0, 1360, 4260, 0, 0, 0, 0
L 1380, 4290, 0, 1410, 4290, 0, 0, 0, 0
L 1380, 4320, 0, 1410, 4320, 0, 0, 0, 0
L 1380, 4260, 0, 1380, 4320, 0, 0, 0, 0
L 1410, 4260, 0, 1380, 4260, 0, 0, 0, 0
L 1440, 4320, 0, 1440, 4260, 0, 0, 0, 0
L 1450, 4320, 0, 1430, 4320, 0, 0, 0, 0
L 1460, 4290, 0, 1450, 4320, 0, 0, 0, 0
L 1450, 4260, 0, 1460, 4290, 0, 0, 0, 0
L 1430, 4260, 0, 1450, 4260, 0, 0, 0, 0
L 1550, 4320, 0, 1550, 4260, 0, 0, 0, 0
L 1560, 4320, 0, 1540, 4320, 0, 0, 0, 0
L 1570, 4290, 0, 1560, 4320, 0, 0, 0, 0
L 1560, 4260, 0, 1570, 4290, 0, 0, 0, 0
L 1540, 4260, 0, 1560, 4260, 0, 0, 0, 0
L 1590, 4260, 0, 1620, 4260, 0, 0, 0, 0
L 1590, 4320, 0, 1620, 4320, 0, 0, 0, 0
L 1590, 4260, 0, 1590, 4320, 0, 0, 0, 0
L 1620, 4260, 0, 1620, 4320, 0, 0, 0, 0
L 1640, 4260, 0, 1670, 4260, 0, 0, 0, 0
L 1640, 4320, 0, 1670, 4320, 0, 0, 0, 0
L 1640, 4260, 0, 1640, 4320, 0, 0, 0, 0
L 1670, 4260, 0, 1670, 4320, 0, 0, 0, 0
L 1690, 4260, 0, 1690, 4290, 0, 0, 0, 0
L 1690, 4290, 0, 1690, 4320, 0, 0, 0, 0
L 1690, 4290, 0, 1710, 4290, 0, 0, 0, 0
L 1730, 4290, 0, 1730, 4260, 0, 0, 0, 0
L 1690, 4260, 0, 1730, 4260, 0, 0, 0, 0
L 1710, 4290, 0, 1730, 4290, 0, 0, 0, 0
L 1730, 4320, 0, 1710, 4290, 0, 0, 0, 0
L 1000, 4370, 0, 1000, 4400, 0, 255, 210, 0
L 1000, 4370, 0, 1020, 4370, 0, 255, 210, 0
L 1020, 4430, 0, 1000, 4430, 0, 255, 210, 0
L 1000, 4400, 0, 1000, 4430, 0, 255, 210, 0
L 1020, 4400, 0, 1000, 4400, 0, 255, 210, 0
L 1020, 4400, 0, 1040, 4385, 0, 255, 210, 0
L 1020, 4370, 0, 1040, 4385, 0, 255, 210, 0
L 1020, 4400, 0, 1040, 4415, 0, 255, 210, 0
L 1040, 4415, 0, 1020, 4430, 0, 255, 210, 0
L 1070, 4400, 0, 1090, 4400, 0, 255, 210, 0
L 1080, 4370, 0, 1100, 4430, 0, 255, 210, 0
L 1060, 4430, 0, 1080, 4370, 0, 255, 210, 0
L 1150, 4430, 0, 1150, 4370, 0, 255, 210, 0
L 1120, 4370, 0, 1150, 4430, 0, 255, 210, 0
L 1120, 4430, 0, 1120, 4370, 0, 255, 210, 0
L 1170, 4370, 0, 1170, 4400, 0, 255, 210, 0
L 1170, 4400, 0, 1170, 4430, 0, 255, 210, 0
L 1170, 4400, 0, 1210, 4430, 0, 255, 210, 0
L 1170, 4400, 0, 1210, 4370, 0, 255, 210, 0
L 1230, 4400, 0, 1260, 4400, 0, 255, 210, 0
L 1230, 4430, 0, 1260, 4430, 0, 255, 210, 0
L 1230, 4370, 0, 1230, 4430, 0, 255, 210, 0
L 1260, 4370, 0, 1230, 4370, 0, 255, 210, 0
L 1280, 4370, 0, 1280, 4400, 0, 255, 210, 0
L 1280, 4400, 0, 1280, 4430, 0, 255, 210, 0
L 1280, 4400, 0, 1300, 4400, 0, 255, 210, 0
L 1320, 4400, 0, 1320, 4370, 0, 255, 210, 0
L 1280, 4370, 0, 1320, 4370, 0, 255, 210, 0
L 1300, 4400, 0, 1320, 4400, 0, 255, 210, 0
L 1320, 4430, 0, 1300, 4400, 0, 255, 210, 0
L 1030, 4520, 0, 1000, 4520, 0, 255, 255, 255
L 1000, 4460, 0, 1030, 4460, 0, 255, 255, 255
L 1000, 4520, 0, 1000, 4460, 0, 255, 255, 255
L 1050, 4460, 0, 1080, 4460, 0, 255, 255, 255
L 1050, 4520, 0, 1080, 4520, 0, 255, 255, 255
L 1050, 4460, 0, 1050, 4520, 0, 255, 255, 255
L 1080, 4460, 0, 1080, 4520, 0, 255, 255, 255
L 1140, 4460, 0, 1140, 4520, 0, 255, 255, 255
L 1120, 4490, 0, 1140, 4460, 0, 255, 255, 255
L 1100, 4460, 0, 1120, 4490, 0, 255, 255, 255
L 1100, 4520, 0, 1100, 4460, 0, 255, 255, 255
L 1200, 4460, 0, 1200, 4520, 0, 255, 255, 255
L 1180, 4490, 0, 1200, 4460, 0, 255, 255, 255
L 1160, 4460, 0, 1180, 4490, 0, 255, 255, 255
L 1160, 4520, 0, 1160, 4460, 0, 255, 255, 255
L 1220, 4490, 0, 1250, 4490, 0, 255, 255, 255
L 1220, 4520, 0, 1250, 4520, 0, 255, 255, 255
L 1220, 4460, 0, 1220, 4520, 0, 255, 255, 255
L 1250, 4460, 0, 1220, 4460, 0, 255, 255, 255
L 1300, 4520, 0, 1300, 4460, 0, 255, 255, 255
L 1270, 4460, 0, 1300, 4520, 0, 255, 255, 255
L 1270, 4520, 0, 1270, 4460, 0, 255, 255, 255
L 1340, 4460, 0, 1340, 4520, 0, 255, 255, 255
L 1320, 4460, 0, 1360, 4460, 0, 255, 255, 255
L 1030, 4610, 0, 1000, 4610, 0, 0, 0, 0
L 1000, 4550, 0, 1030, 4550, 0, 0, 0, 0
L 1000, 4610, 0, 1000, 4550, 0, 0, 0, 0
L 1030, 4610, 0, 1030, 4580, 0, 0, 0, 0
L 1030, 4580, 0, 1010, 4580, 0, 0, 0, 0
L 1050, 4580, 0, 1080, 4580, 0, 0, 0, 0
L 1050, 4610, 0, 1080, 4610, 0, 0, 0, 0
L 1050, 4550, 0, 1050, 4610, 0, 0, 0, 0
L 1080, 4550, 0, 1050, 4550, 0, 0, 0, 0
L 1130, 4610, 0, 1130, 4550, 0, 0, 0, 0
L 1100, 4550, 0, 1130, 4610, 0, 0, 0, 0
L 1100, 4610, 0, 1100, 4550, 0, 0, 0, 0
L 1150, 4580, 0, 1180, 4580, 0, 0, 0, 0
L 1150, 4610, 0, 1180, 4610, 0, 0, 0, 0
L 1150, 4550, 0, 1150, 4610, 0, 0, 0, 0
L 1180, 4550, 0, 1150, 4550, 0, 0, 0, 0
L 1200, 4550, 0, 1200, 4580, 0, 0, 0, 0
L 1200, 4580, 0, 1200, 4610, 0, 0, 0, 0
L 1200, 4580, 0, 1220, 4580, 0, 0, 0, 0
L 1240, 4580, 0, 1240, 4550, 0, 0, 0, 0
L 1200, 4550, 0, 1240, 4550, 0, 0, 0, 0
L 1220, 4580, 0, 1240, 4580, 0, 0, 0, 0
L 1240, 4610, 0, 1220, 4580, 0, 0, 0, 0
L 1270, 4580, 0, 1290, 4580, 0, 0, 0, 0
L 1280, 4550, 0, 1300, 4610, 0, 0, 0, 0
L 1260, 4610, 0, 1280, 4550, 0, 0, 0, 0
L 1320, 4550, 0, 1320, 4610, 0, 0, 0, 0
L 1360, 4610, 0, 1320, 4610, 0, 0, 0, 0
L 1030, 4700, 0, 1000, 4700, 0, 0, 0, 255
L 1000, 4640, 0, 1030, 4640, 0, 0, 0, 255
L 1000, 4700, 0, 1000, 4640, 0, 0, 0, 255
L 1030, 4700, 0, 1030, 4670, 0, 0, 0, 255
L 1030, 4670, 0, 1010, 4670, 0, 0, 0, 255
L 1050, 4640, 0, 1050, 4670, 0, 0, 0, 255
L 1050, 4670, 0, 1050, 4700, 0, 0, 0, 255
L 1050, 4670, 0, 1070, 4670, 0, 0, 0, 255
L 1090, 4670, 0, 1090, 4640, 0, 0, 0, 255
L 1050, 4640, 0, 1090, 4640, 0, 0, 0, 255
L 1070, 4670, 0, 1090, 4670, 0, 0, 0, 255
L 1090, 4700, 0, 1070, 4670, 0, 0, 0, 255
L 1110, 4640, 0, 1140, 4640, 0, 0, 0, 255
L 1110, 4700, 0, 1140, 4700, 0, 0, 0, 255
L 1110, 4640, 0, 1110, 4700, 0, 0, 0, 255
L 1140, 4640, 0, 1140, 4700, 0, 0, 0, 255
L 1200, 4640, 0, 1200, 4700, 0, 0, 0, 255
L 1160, 4640, 0, 1160, 4700, 0, 0, 0, 255
L 1160, 4700, 0, 1200, 4700, 0, 0, 0, 255
L 1250, 4700, 0, 1250, 4640, 0, 0, 0, 255
L 1220, 4640, 0, 1250, 4700, 0, 0, 0, 255
L 1220, 4700, 0, 1220, 4640, 0, 0, 0, 255
L 1280, 4700, 0, 1280, 4640, 0, 0, 0, 255
L 1290, 4700, 0, 1270, 4700, 0, 0, 0, 255
L 1300, 4670, 0, 1290, 4700, 0, 0, 0, 255
L 1290, 4640, 0, 1300, 4670, 0, 0, 0, 255
L 1270, 4640, 0, 1290, 4640, 0, 0, 0, 255
L 1380, 4640, 0, 1380, 4670, 0, 0, 0, 255
L 1380, 4700, 0, 1420, 4700, 0, 0, 0, 255
L 1420, 4670, 0, 1380, 4670, 0, 0, 0, 255
L 1380, 4640, 0, 1420, 4640, 0, 0, 0, 255
L 1420, 4670, 0, 1420, 4700, 0, 0, 0, 255
L 1470, 4670, 0, 1440, 4670, 0, 0, 0, 255
L 1470, 4640, 0, 1470, 4670, 0, 0, 0, 255
L 1440, 4640, 0, 1470, 4640, 0, 0, 0, 255
L 1440, 4700, 0, 1440, 4640, 0, 0, 0, 255
L 1500, 4670, 0, 1520, 4670, 0, 0, 0, 255
L 1510, 4640, 0, 1530, 4700, 0, 0, 0, 255
L 1490, 4700, 0, 1510, 4640, 0, 0, 0, 255
L 1580, 4700, 0, 1590, 4640, 0, 0, 0, 255
L 1570, 4670, 0, 1580, 4700, 0, 0, 0, 255
L 1560, 4700, 0, 1570, 4670, 0, 0, 0, 255
L 1550, 4640, 0, 1560, 4700, 0, 0, 0, 255
L 1640, 4700, 0, 1640, 4640, 0, 0, 0, 255
L 1610, 4640, 0, 1640, 4700, 0, 0, 0, 255
L 1610, 4700, 0, 1610, 4640, 0, 0, 0, 255
L 1030, 4790, 0, 1000, 4790, 0, 128, 128, 128
L 1000, 4730, 0, 1030, 4730, 0, 128, 128, 128
L 1000, 4790, 0, 1000, 4730, 0, 128, 128, 128
L 1030, 4790, 0, 1030, 4760, 0, 128, 128, 128
L 1030, 4760, 0, 1010, 4760, 0, 128, 128, 128
L 1090, 4730, 0, 1090, 4790, 0, 128, 128, 128
L 1050, 4730, 0, 1050, 4790, 0, 128, 128, 128
L 1050, 4790, 0, 1090, 4790, 0, 128, 128, 128
L 1110, 4730, 0, 1110, 4790, 0, 128, 128, 128
L 1130, 4730, 0, 1130, 4790, 0, 128, 128, 128
L 1170, 4790, 0, 1130, 4790, 0, 128, 128, 128
L 1200, 4790, 0, 1200, 4730, 0, 128, 128, 128
L 1210, 4790, 0, 1190, 4790, 0, 128, 128, 128
L 1220, 4760, 0, 1210, 4790, 0, 128, 128, 128
L 1210, 4730, 0, 1220, 4760, 0, 128, 128, 128
L 1190, 4730, 0, 1210, 4730, 0, 128, 128, 128
L 1340, 4730, 0, 1340, 4790, 0, 128, 128, 128
L 1320, 4760, 0, 1340, 4730, 0, 128, 128, 128
L 1300, 4730, 0, 1320, 4760, 0, 128, 128, 128
L 1300, 4790, 0, 1300, 4730, 0, 128, 128, 128
L 1370, 4760, 0, 1390, 4760, 0, 128, 128, 128
L 1380, 4730, 0, 1400, 4790, 0, 128, 128, 128
L 1360, 4790, 0, 1380, 4730, 0, 128, 128, 128
L 1420, 4730, 0, 1420, 4760, 0, 128, 128, 128
L 1420, 4790, 0, 1460, 4790, 0, 128, 128, 128
L 1460, 4760, 0, 1420, 4760, 0, 128, 128, 128
L 1420, 4730, 0, 1460, 4730, 0, 128, 128, 128
L 1460, 4760, 0, 1460, 4790, 0, 128, 128, 128
L 1500, 4730, 0, 1500, 4790, 0, 128, 128, 128
L 1480, 4730, 0, 1520, 4730, 0, 128, 128, 128
L 1540, 4760, 0, 1570, 4760, 0, 128, 128, 128
L 1540, 4790, 0, 1570, 4790, 0, 128, 128, 128
L 1540, 4730, 0, 1540, 4790, 0, 128, 128, 128
L 1570, 4730, 0, 1540, 4730, 0, 128, 128, 128
L 1590, 4730, 0, 1590, 4760, 0, 128, 128, 128
L 1590, 4760, 0, 1590, 4790, 0, 128, 128, 128
L 1590, 4760, 0, 1610, 4760, 0, 128, 128, 128
L 1630, 4760, 0, 1630, 4730, 0, 128, 128, 128
L 1590, 4730, 0, 1630, 4730, 0, 128, 128, 128
L 1610, 4760, 0, 1630, 4760, 0, 128, 128, 128
L 1630, 4790, 0, 1610, 4760, 0, 128, 128, 128
L 1000, 4820, 0, 1000, 4850, 0, 127, 64, 0
L 1040, 4880, 0, 1040, 4850, 0, 127, 64, 0
L 1000, 4850, 0, 1000, 4880, 0, 127, 64, 0
L 1040, 4850, 0, 1040, 4820, 0, 127, 64, 0
L 1000, 4850, 0, 1040, 4850, 0, 127, 64, 0
L 1100, 4820, 0, 1100, 4880, 0, 127, 64, 0
L 1060, 4820, 0, 1060, 4880, 0, 127, 64, 0
L 1060, 4880, 0, 1100, 4880, 0, 127, 64, 0
L 1150, 4880, 0, 1150, 4820, 0, 127, 64, 0
L 1120, 4820, 0, 1150, 4880, 0, 127, 64, 0
L 1120, 4880, 0, 1120, 4820, 0, 127, 64, 0
L 1190, 4820, 0, 1190, 4880, 0, 127, 64, 0
L 1170, 4820, 0, 1210, 4820, 0, 127, 64, 0
L 1230, 4850, 0, 1260, 4850, 0, 127, 64, 0
L 1230, 4880, 0, 1260, 4880, 0, 127, 64, 0
L 1230, 4820, 0, 1230, 4880, 0, 127, 64, 0
L 1260, 4820, 0, 1230, 4820, 0, 127, 64, 0
L 1280, 4820, 0, 1280, 4850, 0, 127, 64, 0
L 1280, 4850, 0, 1280, 4880, 0, 127, 64, 0
L 1280, 4850, 0, 1300, 4850, 0, 127, 64, 0
L 1320, 4850, 0, 1320, 4820, 0, 127, 64, 0
L 1280, 4820, 0, 1320, 4820, 0, 127, 64, 0
L 1300, 4850, 0, 1320, 4850, 0, 127, 64, 0
L 1320, 4880, 0, 1300, 4850, 0, 127, 64, 0
L 1040, 4910, 0, 1040, 4970, 0, 0, 127, 0
L 1020, 4940, 0, 1040, 4910, 0, 0, 127, 0
L 1000, 4910, 0, 1020, 4940, 0, 0, 127, 0
L 1000, 4970, 0, 1000, 4910, 0, 0, 127, 0
L 1060, 4940, 0, 1090, 4940, 0, 0, 127, 0
L 1060, 4970, 0, 1090, 4970, 0, 0, 127, 0
L 1060, 4910, 0, 1060, 4970, 0, 0, 127, 0
L 1090, 4910, 0, 1060, 4910, 0, 0, 127, 0
L 1110, 4910, 0, 1110, 4940, 0, 0, 127, 0
L 1110, 4940, 0, 1110, 4970, 0, 0, 127, 0
L 1110, 4940, 0, 1130, 4940, 0, 0, 127, 0
L 1150, 4940, 0, 1150, 4910, 0, 0, 127, 0
L 1110, 4910, 0, 1150, 4910, 0, 0, 127, 0
L 1130, 4940, 0, 1150, 4940, 0, 0, 127, 0
L 1150, 4970, 0, 1130, 4940, 0, 0, 127, 0
L 1200, 4970, 0, 1170, 4970, 0, 0, 127, 0
L 1170, 4910, 0, 1200, 4910, 0, 0, 127, 0
L 1170, 4970, 0, 1170, 4910, 0, 0, 127, 0
L 1220, 4910, 0, 1220, 4940, 0, 0, 127, 0
L 1260, 4970, 0, 1260, 4940, 0, 0, 127, 0
L 1220, 4940, 0, 1220, 4970, 0, 0, 127, 0
L 1260, 4940, 0, 1260, 4910, 0, 0, 127, 0
L 1220, 4940, 0, 1260, 4940, 0, 0, 127, 0
L 1290, 4940, 0, 1310, 4940, 0, 0, 127, 0
L 1300, 4910, 0, 1320, 4970, 0, 0, 127, 0
L 1280, 4970, 0, 1300, 4910, 0, 0, 127, 0
L 1370, 4970, 0, 1370, 4910, 0, 0, 127, 0
L 1340, 4910, 0, 1370, 4970, 0, 0, 127, 0
L 1340, 4970, 0, 1340, 4910, 0, 0, 127, 0
L 1410, 4910, 0, 1410, 4970, 0, 0, 127, 0
L 1390, 4910, 0, 1430, 4910, 0, 0, 127, 0
L 1040, 5000, 0, 1040, 5060, 0, 0, 127, 127
L 1020, 5030, 0, 1040, 5000, 0, 0, 127, 127
L 1000, 5000, 0, 1020, 5030, 0, 0, 127, 127
L 1000, 5060, 0, 1000, 5000, 0, 0, 127, 127
L 1060, 5000, 0, 1060, 5060, 0, 0, 127, 127
L 1080, 5000, 0, 1080, 5030, 0, 0, 127, 127
L 1080, 5060, 0, 1120, 5060, 0, 0, 127, 127
L 1120, 5030, 0, 1080, 5030, 0, 0, 127, 127
L 1080, 5000, 0, 1120, 5000, 0, 0, 127, 127
L 1120, 5030, 0, 1120, 5060, 0, 0, 127, 127
L 1140, 5000, 0, 1140, 5030, 0, 0, 127, 127
L 1140, 5060, 0, 1180, 5060, 0, 0, 127, 127
L 1180, 5030, 0, 1140, 5030, 0, 0, 127, 127
L 1140, 5000, 0, 1180, 5000, 0, 0, 127, 127
L 1180, 5030, 0, 1180, 5060, 0, 0, 127, 127
L 1200, 5000, 0, 1200, 5060, 0, 0, 127, 127
L 1220, 5000, 0, 1250, 5000, 0, 0, 127, 127
L 1220, 5060, 0, 1250, 5060, 0, 0, 127, 127
L 1220, 5000, 0, 1220, 5060, 0, 0, 127, 127
L 1250, 5000, 0, 1250, 5060, 0, 0, 127, 127
L 1300, 5060, 0, 1300, 5000, 0, 0, 127, 127
L 1270, 5000, 0, 1300, 5060, 0, 0, 127, 127
L 1270, 5060, 0, 1270, 5000, 0, 0, 127, 127
L 1030, 5150, 0, 1030, 5090, 0, 127, 64, 0
L 1000, 5090, 0, 1030, 5150, 0, 127, 64, 0
L 1000, 5150, 0, 1000, 5090, 0, 127, 64, 0
L 1060, 5120, 0, 1080, 5120, 0, 127, 64, 0
L 1070, 5090, 0, 1090, 5150, 0, 127, 64, 0
L 1050, 5150, 0, 1070, 5090, 0, 127, 64, 0
L 1150, 5090, 0, 1150, 5150, 0, 127, 64, 0
L 1130, 5120, 0, 1150, 5090, 0, 127, 64, 0
L 1110, 5090, 0, 1130, 5120, 0, 127, 64, 0
L 1110, 5150, 0, 1110, 5090, 0, 127, 64, 0
L 1170, 5120, 0, 1200, 5120, 0, 127, 64, 0
L 1170, 5150, 0, 1200, 5150, 0, 127, 64, 0
L 1170, 5090, 0, 1170, 5150, 0, 127, 64, 0
L 1200, 5090, 0, 1170, 5090, 0, 127, 64, 0
L 1230, 5150, 0, 1230, 5090, 0, 127, 64, 0
L 1240, 5150, 0, 1220, 5150, 0, 127, 64, 0
L 1250, 5120, 0, 1240, 5150, 0, 127, 64, 0
L 1240, 5090, 0, 1250, 5120, 0, 127, 64, 0
L 1220, 5090, 0, 1240, 5090, 0, 127, 64, 0
L 1030, 5210, 0, 1000, 5210, 0, 0, 255, 0
L 1030, 5180, 0, 1030, 5210, 0, 0, 255, 0
L 1000, 5180, 0, 1030, 5180, 0, 0, 255, 0
L 1000, 5240, 0, 1000, 5180, 0, 0, 255, 0
L 1060, 5210, 0, 1080, 5210, 0, 0, 255, 0
L 1070, 5180, 0, 1090, 5240, 0, 0, 255, 0
L 1050, 5240, 0, 1070, 5180, 0, 0, 255, 0
L 1110, 5180, 0, 1110, 5210, 0, 0, 255, 0
L 1110, 5210, 0, 1110, 5240, 0, 0, 255, 0
L 1110, 5210, 0, 1130, 5210, 0, 0, 255, 0
L 1150, 5210, 0, 1150, 5180, 0, 0, 255, 0
L 1110, 5180, 0, 1150, 5180, 0, 0, 255, 0
L 1130, 5210, 0, 1150, 5210, 0, 0, 255, 0
L 1150, 5240, 0, 1130, 5210, 0, 0, 255, 0
L 1200, 5240, 0, 1170, 5240, 0, 0, 255, 0
L 1170, 5180, 0, 1200, 5180, 0, 0, 255, 0
L 1170, 5240, 0, 1170, 5180, 0, 0, 255, 0
L 1220, 5210, 0, 1250, 5210, 0, 0, 255, 0
L 1220, 5240, 0, 1250, 5240, 0, 0, 255, 0
L 1220, 5180, 0, 1220, 5240, 0, 0, 255, 0
L 1250, 5180, 0, 1220, 5180, 0, 0, 255, 0
L 1270, 5180, 0, 1270, 5240, 0, 0, 255, 0
L 1310, 5240, 0, 1270, 5240, 0, 0, 255, 0
L 1330, 5180, 0, 1330, 5210, 0, 0, 255, 0
L 1330, 5240, 0, 1370, 5240, 0, 0, 255, 0
L 1370, 5210, 0, 1330, 5210, 0, 0, 255, 0
L 1330, 5180, 0, 1370, 5180, 0, 0, 255, 0
L 1370, 5210, 0, 1370, 5240, 0, 0, 255, 0
L 1000, 5270, 0, 1000, 5300, 0, 0, 240, 240
L 1000, 5300, 0, 1000, 5330, 0, 0, 240, 240
L 1000, 5300, 0, 1020, 5300, 0, 0, 240, 240
L 1040, 5300, 0, 1040, 5270, 0, 0, 240, 240
L 1000, 5270, 0, 1040, 5270, 0, 0, 240, 240
L 1020, 5300, 0, 1040, 5300, 0, 0, 240, 240
L 1040, 5330, 0, 1020, 5300, 0, 0, 240, 240
L 1070, 5300, 0, 1090, 5300, 0, 0, 240, 240
L 1080, 5270, 0, 1100, 5330, 0, 0, 240, 240
L 1060, 5330, 0, 1080, 5270, 0, 0, 240, 240
L 1120, 5270, 0, 1120, 5330, 0, 0, 240, 240
L 1150, 5330, 0, 1150, 5270, 0, 0, 240, 240
L 1160, 5330, 0, 1140, 5330, 0, 0, 240, 240
L 1170, 5300, 0, 1160, 5330, 0, 0, 240, 240
L 1160, 5270, 0, 1170, 5300, 0, 0, 240, 240
L 1140, 5270, 0, 1160, 5270, 0, 0, 240, 240
L 1000, 5360, 0, 1000, 5390, 0, 0, 255, 0
L 1000, 5420, 0, 1040, 5420, 0, 0, 255, 0
L 1040, 5390, 0, 1000, 5390, 0, 0, 255, 0
L 1000, 5360, 0, 1040, 5360, 0, 0, 255, 0
L 1040, 5390, 0, 1040, 5420, 0, 0, 255, 0
L 1090, 5390, 0, 1060, 5390, 0, 0, 255, 0
L 1090, 5360, 0, 1090, 5390, 0, 0, 255, 0
L 1060, 5360, 0, 1090, 5360, 0, 0, 255, 0
L 1060, 5420, 0, 1060, 5360, 0, 0, 255, 0
L 1110, 5390, 0, 1140, 5390, 0, 0, 255, 0
L 1110, 5420, 0, 1140, 5420, 0, 0, 255, 0
L 1110, 5360, 0, 1110, 5420, 0, 0, 255, 0
L 1140, 5360, 0, 1110, 5360, 0, 0, 255, 0
L 1190, 5420, 0, 1160, 5420, 0, 0, 255, 0
L 1160, 5360, 0, 1190, 5360, 0, 0, 255, 0
L 1160, 5420, 0, 1160, 5360, 0, 0, 255, 0
L 1210, 5360, 0, 1210, 5420, 0, 0, 255, 0
L 1240, 5390, 0, 1260, 5390, 0, 0, 255, 0
L 1250, 5360, 0, 1270, 5420, 0, 0, 255, 0
L 1230, 5420, 0, 1250, 5360, 0, 0, 255, 0
L 1290, 5360, 0, 1290, 5420, 0, 0, 255, 0
L 1330, 5420, 0, 1290, 5420, 0, 0, 255, 0
L 1440, 5420, 0, 1410, 5420, 0, 0, 255, 0
L 1410, 5360, 0, 1440, 5360, 0, 0, 255, 0
L 1410, 5420, 0, 1410, 5360, 0, 0, 255, 0
L 1500, 5360, 0, 1500, 5420, 0, 0, 255, 0
L 1460, 5360, 0, 1460, 5420, 0, 0, 255, 0
L 1460, 5420, 0, 1500, 5420, 0, 0, 255, 0
L 1520, 5360, 0, 1520, 5390, 0, 0, 255, 0
L 1520, 5390, 0, 1520, 5420, 0, 0, 255, 0
L 1520, 5390, 0, 1540, 5390, 0, 0, 255, 0
L 1560, 5390, 0, 1560, 5360, 0, 0, 255, 0
L 1520, 5360, 0, 1560, 5360, 0, 0, 255, 0
L 1540, 5390, 0, 1560, 5390, 0, 0, 255, 0
L 1560, 5420, 0, 1540, 5390, 0, 0, 255, 0
L 1580, 5360, 0, 1580, 5390, 0, 0, 255, 0
L 1580, 5390, 0, 1580, 5420, 0, 0, 255, 0
L 1580, 5390, 0, 1600, 5390, 0, 0, 255, 0
L 1620, 5390, 0, 1620, 5360, 0, 0, 255, 0
L 1580, 5360, 0, 1620, 5360, 0, 0, 255, 0
L 1600, 5390, 0, 1620, 5390, 0, 0, 255, 0
L 1620, 5420, 0, 1600, 5390, 0, 0, 255, 0
L 1640, 5390, 0, 1670, 5390, 0, 0, 255, 0
L 1640, 5420, 0, 1670, 5420, 0, 0, 255, 0
L 1640, 5360, 0, 1640, 5420, 0, 0, 255, 0
L 1670, 5360, 0, 1640, 5360, 0, 0, 255, 0
L 1720, 5420, 0, 1720, 5360, 0, 0, 255, 0
L 1690, 5360, 0, 1720, 5420, 0, 0, 255, 0
L 1690, 5420, 0, 1690, 5360, 0, 0, 255, 0
L 1770, 5420, 0, 1740, 5420, 0, 0, 255, 0
L 1740, 5360, 0, 1770, 5360, 0, 0, 255, 0
L 1740, 5420, 0, 1740, 5360, 0, 0, 255, 0
L 1810, 5390, 0, 1810, 5420, 0, 0, 255, 0
L 1810, 5390, 0, 1830, 5360, 0, 0, 255, 0
L 1790, 5360, 0, 1810, 5390, 0, 0, 255, 0
L 1000, 5450, 0, 1000, 5480, 0, 255, 0, 0
L 1000, 5510, 0, 1040, 5510, 0, 255, 0, 0
L 1040, 5480, 0, 1000, 5480, 0, 255, 0, 0
L 1000, 5450, 0, 1040, 5450, 0, 255, 0, 0
L 1040, 5480, 0, 1040, 5510, 0, 255, 0, 0
L 1100, 5450, 0, 1100, 5510, 0, 255, 0, 0
L 1060, 5450, 0, 1060, 5510, 0, 255, 0, 0
L 1060, 5510, 0, 1100, 5510, 0, 255, 0, 0
L 1150, 5510, 0, 1120, 5510, 0, 255, 0, 0
L 1120, 5450, 0, 1150, 5450, 0, 255, 0, 0
L 1120, 5510, 0, 1120, 5450, 0, 255, 0, 0
L 1200, 5510, 0, 1170, 5510, 0, 255, 0, 0
L 1170, 5450, 0, 1200, 5450, 0, 255, 0, 0
L 1170, 5510, 0, 1170, 5450, 0, 255, 0, 0
L 1220, 5450, 0, 1250, 5450, 0, 255, 0, 0
L 1220, 5510, 0, 1250, 5510, 0, 255, 0, 0
L 1220, 5450, 0, 1220, 5510, 0, 255, 0, 0
L 1250, 5450, 0, 1250, 5510, 0, 255, 0, 0
L 1270, 5450, 0, 1270, 5480, 0, 255, 0, 0
L 1270, 5480, 0, 1270, 5510, 0, 255, 0, 0
L 1270, 5480, 0, 1290, 5480, 0, 255, 0, 0
L 1310, 5480, 0, 1310, 5450, 0, 255, 0, 0
L 1270, 5450, 0, 1310, 5450, 0, 255, 0, 0
L 1290, 5480, 0, 1310, 5480, 0, 255, 0, 0
L 1310, 5510, 0, 1290, 5480, 0, 255, 0, 0
L 1020, 5540, 0, 1020, 5600, 0, 255, 255, 0
L 1000, 5540, 0, 1040, 5540, 0, 255, 255, 0
L 1060, 5570, 0, 1090, 5570, 0, 255, 255, 0
L 1060, 5600, 0, 1090, 5600, 0, 255, 255, 0
L 1060, 5540, 0, 1060, 5600, 0, 255, 255, 0
L 1090, 5540, 0, 1060, 5540, 0, 255, 255, 0
L 1110, 5540, 0, 1110, 5600, 0, 255, 255, 0
L 1150, 5600, 0, 1110, 5600, 0, 255, 255, 0
L 1170, 5570, 0, 1200, 5570, 0, 255, 255, 0
L 1170, 5600, 0, 1200, 5600, 0, 255, 255, 0
L 1170, 5540, 0, 1170, 5600, 0, 255, 255, 0
L 1200, 5540, 0, 1170, 5540, 0, 255, 255, 0
L 1250, 5570, 0, 1220, 5570, 0, 255, 255, 0
L 1250, 5540, 0, 1250, 5570, 0, 255, 255, 0
L 1220, 5540, 0, 1250, 5540, 0, 255, 255, 0
L 1220, 5600, 0, 1220, 5540, 0, 255, 255, 0
L 1270, 5540, 0, 1300, 5540, 0, 255, 255, 0
L 1270, 5600, 0, 1300, 5600, 0, 255, 255, 0
L 1270, 5540, 0, 1270, 5600, 0, 255, 255, 0
L 1300, 5540, 0, 1300, 5600, 0, 255, 255, 0
L 1320, 5540, 0, 1320, 5570, 0, 255, 255, 0
L 1320, 5570, 0, 1320, 5600, 0, 255, 255, 0
L 1320, 5570, 0, 1340, 5570, 0, 255, 255, 0
L 1360, 5570, 0, 1360, 5540, 0, 255, 255, 0
L 1320, 5540, 0, 1360, 5540, 0, 255, 255, 0
L 1340, 5570, 0, 1360, 5570, 0, 255, 255, 0
L 1360, 5600, 0, 1340, 5570, 0, 255, 255, 0
L 1400, 5540, 0, 1400, 5600, 0, 255, 255, 0
L 1380, 5540, 0, 1420, 5540, 0, 255, 255, 0
L 1020, 5630, 0, 1020, 5690, 0, 128, 0, 128
L 1000, 5630, 0, 1040, 5630, 0, 128, 0, 128
L 1060, 5630, 0, 1060, 5660, 0, 128, 0, 128
L 1060, 5660, 0, 1060, 5690, 0, 128, 0, 128
L 1060, 5660, 0, 1080, 5660, 0, 128, 0, 128
L 1100, 5660, 0, 1100, 5630, 0, 128, 0, 128
L 1060, 5630, 0, 1100, 5630, 0, 128, 0, 128
L 1080, 5660, 0, 1100, 5660, 0, 128, 0, 128
L 1100, 5690, 0, 1080, 5660, 0, 128, 0, 128
L 1130, 5660, 0, 1150, 5660, 0, 128, 0, 128
L 1140, 5630, 0, 1160, 5690, 0, 128, 0, 128
L 1120, 5690, 0, 1140, 5630, 0, 128, 0, 128
L 1190, 5690, 0, 1190, 5630, 0, 128, 0, 128
L 1200, 5690, 0, 1180, 5690, 0, 128, 0, 128
L 1210, 5660, 0, 1200, 5690, 0, 128, 0, 128
L 1200, 5630, 0, 1210, 5660, 0, 128, 0, 128
L 1180, 5630, 0, 1200, 5630, 0, 128, 0, 128
L 1230, 5660, 0, 1260, 5660, 0, 128, 0, 128
L 1230, 5690, 0, 1260, 5690, 0, 128, 0, 128
L 1230, 5630, 0, 1230, 5690, 0, 128, 0, 128
L 1260, 5630, 0, 1230, 5630, 0, 128, 0, 128
L 1280, 5630, 0, 1280, 5660, 0, 128, 0, 128
L 1280, 5690, 0, 1320, 5690, 0, 128, 0, 128
L 1320, 5660, 0, 1280, 5660, 0, 128, 0, 128
L 1280, 5630, 0, 1320, 5630, 0, 128, 0, 128
L 1320, 5660, 0, 1320, 5690, 0, 128, 0, 128
L 1340, 5630, 0, 1340, 5660, 0, 128, 0, 128
L 1340, 5660, 0, 1340, 5690, 0, 128, 0, 128
L 1340, 5660, 0, 1380, 5690, 0, 128, 0, 128
L 1340, 5660, 0, 1380, 5630, 0, 128, 0, 128
L 1400, 5630, 0, 1400, 5690, 0, 128, 0, 128
L 1420, 5630, 0, 1420, 5690, 0, 128, 0, 128
L 1460, 5690, 0, 1420, 5690, 0, 128, 0, 128
L 1480, 5630, 0, 1480, 5690, 0, 128, 0, 128
L 1520, 5690, 0, 1480, 5690, 0, 128, 0, 128
L 1630, 5690, 0, 1600, 5690, 0, 128, 0, 128
L 1600, 5630, 0, 1630, 5630, 0, 128, 0, 128
L 1600, 5690, 0, 1600, 5630, 0, 128, 0, 128
L 1650, 5630, 0, 1680, 5630, 0, 128, 0, 128
L 1650, 5690, 0, 1680, 5690, 0, 128, 0, 128
L 1650, 5630, 0, 1650, 5690, 0, 128, 0, 128
L 1680, 5630, 0, 1680, 5690, 0, 128, 0, 128
L 1730, 5690, 0, 1730, 5630, 0, 128, 0, 128
L 1700, 5630, 0, 1730, 5690, 0, 128, 0, 128
L 1700, 5690, 0, 1700, 5630, 0, 128, 0, 128
L 1770, 5630, 0, 1770, 5690, 0, 128, 0, 128
L 1750, 5630, 0, 1790, 5630, 0, 128, 0, 128
L 1820, 5660, 0, 1840, 5660, 0, 128, 0, 128
L 1830, 5630, 0, 1850, 5690, 0, 128, 0, 128
L 1810, 5690, 0, 1830, 5630, 0, 128, 0, 128
L 1870, 5630, 0, 1870, 5690, 0, 128, 0, 128
L 1920, 5690, 0, 1920, 5630, 0, 128, 0, 128
L 1890, 5630, 0, 1920, 5690, 0, 128, 0, 128
L 1890, 5690, 0, 1890, 5630, 0, 128, 0, 128
L 1940, 5660, 0, 1970, 5660, 0, 128, 0, 128
L 1940, 5690, 0, 1970, 5690, 0, 128, 0, 128
L 1940, 5630, 0, 1940, 5690, 0, 128, 0, 128
L 1970, 5630, 0, 1940, 5630, 0, 128, 0, 128
L 1990, 5630, 0, 1990, 5660, 0, 128, 0, 128
L 1990, 5660, 0, 1990, 5690, 0, 128, 0, 128
L 1990, 5660, 0, 2010, 5660, 0, 128, 0, 128
L 2030, 5660, 0, 2030, 5630, 0, 128, 0, 128
L 1990, 5630, 0, 2030, 5630, 0, 128, 0, 128
L 2010, 5660, 0, 2030, 5660, 0, 128, 0, 128
L 2030, 5690, 0, 2010, 5660, 0, 128, 0, 128
L 1020, 5720, 0, 1020, 5780, 0, 255, 255, 0
L 1000, 5720, 0, 1040, 5720, 0, 255, 255, 0
L 1060, 5720, 0, 1060, 5750, 0, 255, 255, 0
L 1060, 5750, 0, 1060, 5780, 0, 255, 255, 0
L 1060, 5750, 0, 1080, 5750, 0, 255, 255, 0
L 1100, 5750, 0, 1100, 5720, 0, 255, 255, 0
L 1060, 5720, 0, 1100, 5720, 0, 255, 255, 0
L 1080, 5750, 0, 1100, 5750, 0, 255, 255, 0
L 1100, 5780, 0, 1080, 5750, 0, 255, 255, 0
L 1130, 5750, 0, 1150, 5750, 0, 255, 255, 0
L 1140, 5720, 0, 1160, 5780, 0, 255, 255, 0
L 1120, 5780, 0, 1140, 5720, 0, 255, 255, 0
L 1210, 5750, 0, 1180, 5750, 0, 255, 255, 0
L 1210, 5720, 0, 1210, 5750, 0, 255, 255, 0
L 1180, 5720, 0, 1210, 5720, 0, 255, 255, 0
L 1180, 5780, 0, 1180, 5720, 0, 255, 255, 0
L 1030, 5810, 0, 1000, 5810, 0, 255, 0, 0
L 1000, 5870, 0, 1030, 5810, 0, 255, 0, 0
L 1000, 5870, 0, 1030, 5870, 0, 255, 0, 0
L 1050, 5810, 0, 1080, 5810, 0, 255, 0, 0
L 1050, 5870, 0, 1080, 5870, 0, 255, 0, 0
L 1050, 5810, 0, 1050, 5870, 0, 255, 0, 0
L 1080, 5810, 0, 1080, 5870, 0, 255, 0, 0
L 1130, 5870, 0, 1130, 5810, 0, 255, 0, 0
L 1100, 5810, 0, 1130, 5870, 0, 255, 0, 0
L 1100, 5870, 0, 1100, 5810, 0, 255, 0, 0
L 1150, 5840, 0, 1180, 5840, 0, 255, 0, 0
L 1150, 5870, 0, 1180, 5870, 0, 255, 0, 0
L 1150, 5810, 0, 1150, 5870, 0, 255, 0, 0
L 1180, 5810, 0, 1150, 5810, 0, 255, 0, 0
P 0, 4000, 0, 0, 0, 0, 2, Original_Map:_Brewall_Rainsinger_(Cazic-Thule)
P 0, 4200, 0, 0, 0, 0, 2, http://www.eqmaps.info
P 0, 4400, 0, 0, 0, 0, 2, Return_of_the_Exiled_(www.roteguild.org)
P 0, 4600, 0, 240, 127, 0, 2, Grummus
P 0, 4800, 0, 240, 127, 0, 2, Rallius_Rattican
P 0, 5000, 0, 127, 64, 0, 2, an_arachnae_parian
P 0, 5200, 0, 127, 64, 0, 2, a_diseased_infested_bubonian
P 0, 5400, 0, 127, 64, 0, 2, a_malarian_metamo
P 0, 5600, 0, 127, 64, 0, 2, a_sengian_fly
