L 1000.0, 0.0, 0.0, 1000.0, -50.0, 0.0, 255, 0, 0
L -20.0, 50.0, 0.0, -50.0, 20.0, 0.0, 255, 0, 0
L 50.0, 20.0, 0.0, 20.0, 50.0, 0.0, 255, 0, 0
L 20.0, -50.0, 0.0, 50.0, -20.0, 0.0, 255, 0, 0
L -50.0, -20.0, 0.0, -20.0, -50.0, 0.0, 255, 0, 0
L -50.0, 20.0, 0.0, -50.0, -20.0, 0.0, 255, 0, 0
L 20.0, 50.0, 0.0, -20.0, 50.0, 0.0, 255, 0, 0
L 50.0, -20.0, 0.0, 50.0, 20.0, 0.0, 255, 0, 0
L -20.0, -50.0, 0.0, 20.0, -50.0, 0.0, 255, 0, 0
L 580.0, -20.0, 0.0, 540.0, -20.0, 0.0, 255, 0, 0
L 580.0, -90.0, 0.0, 580.0, -20.0, 0.0, 255, 0, 0
L 540.0, -90.0, 0.0, 580.0, -90.0, 0.0, 255, 0, 0
L 540.0, -20.0, 0.0, 540.0, -90.0, 0.0, 255, 0, 0
L 520.0, -20.0, 0.0, 480.0, -20.0, 0.0, 255, 0, 0
L 520.0, -90.0, 0.0, 520.0, -20.0, 0.0, 255, 0, 0
L 480.0, -90.0, 0.0, 520.0, -90.0, 0.0, 255, 0, 0
L 480.0, -20.0, 0.0, 480.0, -90.0, 0.0, 255, 0, 0
L 460.0, -90.0, 0.0, 450.0, -80.0, 0.0, 255, 0, 0
L 460.0, -20.0, 0.0, 460.0, -90.0, 0.0, 255, 0, 0
L 0.0, -250.0, 0.0, 0.0, 250.0, 0.0, 255, 0, 0
L -250.0, 0.0, 0.0, 1000.0, 0.0, 0.0, 255, 0, 0
L -120.0, -80.0, 0.0, -120.0, -60.0, 0.0, 255, 0, 0
L -120.0, -60.0, 0.0, -120.0, -40.0, 0.0, 255, 0, 0
L -100.0, -60.0, 0.0, -120.0, -60.0, 0.0, 255, 0, 0
L -120.0, -60.0, 0.0, -140.0, -60.0, 0.0, 255, 0, 0
L -90.0, -50.0, 0.0, -100.0, -30.0, 0.0, 255, 0, 0
L -60.0, -80.0, 0.0, -60.0, -60.0, 0.0, 255, 0, 0
L -60.0, -60.0, 0.0, -60.0, -40.0, 0.0, 255, 0, 0
L -40.0, -60.0, 0.0, -60.0, -60.0, 0.0, 255, 0, 0
L -60.0, -60.0, 0.0, -80.0, -60.0, 0.0, 255, 0, 0
L 100.0, 60.0, 0.0, 120.0, 60.0, 0.0, 255, 0, 0
L 120.0, 60.0, 0.0, 140.0, 60.0, 0.0, 255, 0, 0
L 90.0, 70.0, 0.0, 80.0, 90.0, 0.0, 255, 0, 0
L 40.0, 60.0, 0.0, 60.0, 60.0, 0.0, 255, 0, 0
L 60.0, 60.0, 0.0, 80.0, 60.0, 0.0, 255, 0, 0
L -100.0, 60.0, 0.0, -120.0, 60.0, 0.0, 255, 0, 0
L -120.0, 60.0, 0.0, -140.0, 60.0, 0.0, 255, 0, 0
L -90.0, 70.0, 0.0, -100.0, 90.0, 0.0, 255, 0, 0
L -60.0, 80.0, 0.0, -60.0, 60.0, 0.0, 255, 0, 0
L -60.0, 60.0, 0.0, -60.0, 40.0, 0.0, 255, 0, 0
L -40.0, 60.0, 0.0, -60.0, 60.0, 0.0, 255, 0, 0
L -60.0, 60.0, 0.0, -80.0, 60.0, 0.0, 255, 0, 0
L 100.0, -60.0, 0.0, 120.0, -60.0, 0.0, 255, 0, 0
L 120.0, -60.0, 0.0, 140.0, -60.0, 0.0, 255, 0, 0
L 90.0, -50.0, 0.0, 80.0, -30.0, 0.0, 255, 0, 0
L 60.0, -80.0, 0.0, 60.0, -60.0, 0.0, 255, 0, 0
L 60.0, -60.0, 0.0, 60.0, -40.0, 0.0, 255, 0, 0
L 40.0, -60.0, 0.0, 60.0, -60.0, 0.0, 255, 0, 0
L 60.0, -60.0, 0.0, 80.0, -60.0, 0.0, 255, 0, 0
L 599.0, -90.0, 0.0, 637.3, -90.0, 0.0, 255, 0, 0
L 599.0, -20.0, 0.0, 637.3, -20.0, 0.0, 255, 0, 0
L 599.0, -90.0, 0.0, 599.0, -20.0, 0.0, 255, 0, 0
L 637.3, -90.0, 0.0, 637.3, -20.0, 0.0, 255, 0, 0
L 200, 400, 0, 200, 460, 0, 0, 0, 0
L 240, 460, 0, 200, 460, 0, 0, 0, 0
L 260, 430, 0, 290, 430, 0, 0, 0, 0
L 260, 460, 0, 290, 460, 0, 0, 0, 0
L 260, 400, 0, 260, 460, 0, 0, 0, 0
L 290, 400, 0, 260, 400, 0, 0, 0, 0
L 340, 460, 0, 310, 460, 0, 0, 0, 0
L 310, 400, 0, 340, 400, 0, 0, 0, 0
L 310, 460, 0, 310, 400, 0, 0, 0, 0
L 340, 460, 0, 340, 430, 0, 0, 0, 0
L 340, 430, 0, 320, 430, 0, 0, 0, 0
L 360, 430, 0, 390, 430, 0, 0, 0, 0
L 360, 460, 0, 390, 460, 0, 0, 0, 0
L 360, 400, 0, 360, 460, 0, 0, 0, 0
L 390, 400, 0, 360, 400, 0, 0, 0, 0
L 440, 460, 0, 440, 400, 0, 0, 0, 0
L 410, 400, 0, 440, 460, 0, 0, 0, 0
L 410, 460, 0, 410, 400, 0, 0, 0, 0
L 470, 460, 0, 470, 400, 0, 0, 0, 0
L 480, 460, 0, 460, 460, 0, 0, 0, 0
L 490, 430, 0, 480, 460, 0, 0, 0, 0
L 480, 400, 0, 490, 430, 0, 0, 0, 0
L 460, 400, 0, 480, 400, 0, 0, 0, 0
L 200, 610, 0, 260, 610, 0, 0, 0, 0
L 200, 530, 0, 260, 530, 0, 0, 0, 0
L 230, 583, 0, 230, 557, 0, 205, 133, 63
L 260, 610, 0, 320, 610, 0, 0, 0, 0
L 260, 610, 0, 260, 583, 0, 205, 133, 63
L 230, 583, 0, 290, 583, 0, 205, 133, 63
L 230, 557, 0, 260, 557, 0, 205, 133, 63
L 260, 557, 0, 290, 557, 0, 205, 133, 63
L 260, 530, 0, 320, 530, 0, 0, 0, 0
L 260, 557, 0, 260, 530, 0, 205, 133, 63
L 290, 583, 0, 290, 557, 0, 205, 133, 63
L 370, 600, 0, 370, 540, 0, 0, 0, 0
L 380, 600, 0, 360, 600, 0, 0, 0, 0
L 390, 570, 0, 380, 600, 0, 0, 0, 0
L 380, 540, 0, 390, 570, 0, 0, 0, 0
L 360, 540, 0, 380, 540, 0, 0, 0, 0
L 410, 540, 0, 440, 540, 0, 0, 0, 0
L 410, 600, 0, 440, 600, 0, 0, 0, 0
L 410, 540, 0, 410, 600, 0, 0, 0, 0
L 440, 540, 0, 440, 600, 0, 0, 0, 0
L 460, 540, 0, 490, 540, 0, 0, 0, 0
L 460, 600, 0, 490, 600, 0, 0, 0, 0
L 460, 540, 0, 460, 600, 0, 0, 0, 0
L 490, 540, 0, 490, 600, 0, 0, 0, 0
L 510, 540, 0, 510, 570, 0, 0, 0, 0
L 510, 570, 0, 510, 600, 0, 0, 0, 0
L 510, 570, 0, 530, 570, 0, 0, 0, 0
L 550, 570, 0, 550, 540, 0, 0, 0, 0
L 510, 540, 0, 550, 540, 0, 0, 0, 0
L 530, 570, 0, 550, 570, 0, 0, 0, 0
L 550, 600, 0, 530, 570, 0, 0, 0, 0
L 200, 730, 0, 260, 730, 0, 0, 0, 0
L 200, 650, 0, 260, 650, 0, 0, 0, 0
L 230, 703, 0, 230, 677, 0, 255, 255, 0
L 260, 730, 0, 320, 730, 0, 0, 0, 0
L 260, 730, 0, 260, 703, 0, 255, 255, 0
L 230, 703, 0, 290, 703, 0, 255, 255, 0
L 230, 677, 0, 260, 677, 0, 255, 255, 0
L 260, 677, 0, 290, 677, 0, 255, 255, 0
L 260, 650, 0, 320, 650, 0, 0, 0, 0
L 260, 677, 0, 260, 650, 0, 255, 255, 0
L 290, 703, 0, 290, 677, 0, 255, 255, 0
L 360, 660, 0, 360, 720, 0, 0, 0, 0
L 400, 720, 0, 360, 720, 0, 0, 0, 0
L 420, 660, 0, 450, 660, 0, 0, 0, 0
L 420, 720, 0, 450, 720, 0, 0, 0, 0
L 420, 660, 0, 420, 720, 0, 0, 0, 0
L 450, 660, 0, 450, 720, 0, 0, 0, 0
L 500, 720, 0, 470, 720, 0, 0, 0, 0
L 470, 660, 0, 500, 660, 0, 0, 0, 0
L 470, 720, 0, 470, 660, 0, 0, 0, 0
L 520, 660, 0, 520, 690, 0, 0, 0, 0
L 520, 690, 0, 520, 720, 0, 0, 0, 0
L 520, 690, 0, 560, 720, 0, 0, 0, 0
L 520, 690, 0, 560, 660, 0, 0, 0, 0
L 580, 690, 0, 610, 690, 0, 0, 0, 0
L 580, 720, 0, 610, 720, 0, 0, 0, 0
L 580, 660, 0, 580, 720, 0, 0, 0, 0
L 610, 660, 0, 580, 660, 0, 0, 0, 0
L 640, 720, 0, 640, 660, 0, 0, 0, 0
L 650, 720, 0, 630, 720, 0, 0, 0, 0
L 660, 690, 0, 650, 720, 0, 0, 0, 0
L 650, 660, 0, 660, 690, 0, 0, 0, 0
L 630, 660, 0, 650, 660, 0, 0, 0, 0
L 750, 720, 0, 750, 660, 0, 0, 0, 0
L 760, 720, 0, 740, 720, 0, 0, 0, 0
L 770, 690, 0, 760, 720, 0, 0, 0, 0
L 760, 660, 0, 770, 690, 0, 0, 0, 0
L 740, 660, 0, 760, 660, 0, 0, 0, 0
L 790, 660, 0, 820, 660, 0, 0, 0, 0
L 790, 720, 0, 820, 720, 0, 0, 0, 0
L 790, 660, 0, 790, 720, 0, 0, 0, 0
L 820, 660, 0, 820, 720, 0, 0, 0, 0
L 840, 660, 0, 870, 660, 0, 0, 0, 0
L 840, 720, 0, 870, 720, 0, 0, 0, 0
L 840, 660, 0, 840, 720, 0, 0, 0, 0
L 870, 660, 0, 870, 720, 0, 0, 0, 0
L 890, 660, 0, 890, 690, 0, 0, 0, 0
L 890, 690, 0, 890, 720, 0, 0, 0, 0
L 890, 690, 0, 910, 690, 0, 0, 0, 0
L 930, 690, 0, 930, 660, 0, 0, 0, 0
L 890, 660, 0, 930, 660, 0, 0, 0, 0
L 910, 690, 0, 930, 690, 0, 0, 0, 0
L 930, 720, 0, 910, 690, 0, 0, 0, 0
L 200, 770, 0, 200, 800, 0, 255, 210, 0
L 200, 770, 0, 220, 770, 0, 255, 210, 0
L 220, 830, 0, 200, 830, 0, 255, 210, 0
L 200, 800, 0, 200, 830, 0, 255, 210, 0
L 220, 800, 0, 200, 800, 0, 255, 210, 0
L 220, 800, 0, 240, 785, 0, 255, 210, 0
L 220, 770, 0, 240, 785, 0, 255, 210, 0
L 220, 800, 0, 240, 815, 0, 255, 210, 0
L 240, 815, 0, 220, 830, 0, 255, 210, 0
L 270, 800, 0, 290, 800, 0, 255, 210, 0
L 280, 770, 0, 300, 830, 0, 255, 210, 0
L 260, 830, 0, 280, 770, 0, 255, 210, 0
L 350, 830, 0, 350, 770, 0, 255, 210, 0
L 320, 770, 0, 350, 830, 0, 255, 210, 0
L 320, 830, 0, 320, 770, 0, 255, 210, 0
L 370, 770, 0, 370, 800, 0, 255, 210, 0
L 370, 800, 0, 370, 830, 0, 255, 210, 0
L 370, 800, 0, 410, 830, 0, 255, 210, 0
L 370, 800, 0, 410, 770, 0, 255, 210, 0
L 430, 800, 0, 460, 800, 0, 255, 210, 0
L 430, 830, 0, 460, 830, 0, 255, 210, 0
L 430, 770, 0, 430, 830, 0, 255, 210, 0
L 460, 770, 0, 430, 770, 0, 255, 210, 0
L 480, 770, 0, 480, 800, 0, 255, 210, 0
L 480, 800, 0, 480, 830, 0, 255, 210, 0
L 480, 800, 0, 500, 800, 0, 255, 210, 0
L 520, 800, 0, 520, 770, 0, 255, 210, 0
L 480, 770, 0, 520, 770, 0, 255, 210, 0
L 500, 800, 0, 520, 800, 0, 255, 210, 0
L 520, 830, 0, 500, 800, 0, 255, 210, 0
L 230, 920, 0, 200, 920, 0, 255, 255, 255
L 200, 860, 0, 230, 860, 0, 255, 255, 255
L 200, 920, 0, 200, 860, 0, 255, 255, 255
L 250, 860, 0, 280, 860, 0, 255, 255, 255
L 250, 920, 0, 280, 920, 0, 255, 255, 255
L 250, 860, 0, 250, 920, 0, 255, 255, 255
L 280, 860, 0, 280, 920, 0, 255, 255, 255
L 340, 860, 0, 340, 920, 0, 255, 255, 255
L 320, 890, 0, 340, 860, 0, 255, 255, 255
L 300, 860, 0, 320, 890, 0, 255, 255, 255
L 300, 920, 0, 300, 860, 0, 255, 255, 255
L 400, 860, 0, 400, 920, 0, 255, 255, 255
L 380, 890, 0, 400, 860, 0, 255, 255, 255
L 360, 860, 0, 380, 890, 0, 255, 255, 255
L 360, 920, 0, 360, 860, 0, 255, 255, 255
L 420, 890, 0, 450, 890, 0, 255, 255, 255
L 420, 920, 0, 450, 920, 0, 255, 255, 255
L 420, 860, 0, 420, 920, 0, 255, 255, 255
L 450, 860, 0, 420, 860, 0, 255, 255, 255
L 500, 920, 0, 500, 860, 0, 255, 255, 255
L 470, 860, 0, 500, 920, 0, 255, 255, 255
L 470, 920, 0, 470, 860, 0, 255, 255, 255
L 540, 860, 0, 540, 920, 0, 255, 255, 255
L 520, 860, 0, 560, 860, 0, 255, 255, 255
L 230, 1010, 0, 200, 1010, 0, 0, 0, 0
L 200, 950, 0, 230, 950, 0, 0, 0, 0
L 200, 1010, 0, 200, 950, 0, 0, 0, 0
L 230, 1010, 0, 230, 980, 0, 0, 0, 0
L 230, 980, 0, 210, 980, 0, 0, 0, 0
L 250, 980, 0, 280, 980, 0, 0, 0, 0
L 250, 1010, 0, 280, 1010, 0, 0, 0, 0
L 250, 950, 0, 250, 1010, 0, 0, 0, 0
L 280, 950, 0, 250, 950, 0, 0, 0, 0
L 330, 1010, 0, 330, 950, 0, 0, 0, 0
L 300, 950, 0, 330, 1010, 0, 0, 0, 0
L 300, 1010, 0, 300, 950, 0, 0, 0, 0
L 350, 980, 0, 380, 980, 0, 0, 0, 0
L 350, 1010, 0, 380, 1010, 0, 0, 0, 0
L 350, 950, 0, 350, 1010, 0, 0, 0, 0
L 380, 950, 0, 350, 950, 0, 0, 0, 0
L 400, 950, 0, 400, 980, 0, 0, 0, 0
L 400, 980, 0, 400, 1010, 0, 0, 0, 0
L 400, 980, 0, 420, 980, 0, 0, 0, 0
L 440, 980, 0, 440, 950, 0, 0, 0, 0
L 400, 950, 0, 440, 950, 0, 0, 0, 0
L 420, 980, 0, 440, 980, 0, 0, 0, 0
L 440, 1010, 0, 420, 980, 0, 0, 0, 0
L 470, 980, 0, 490, 980, 0, 0, 0, 0
L 480, 950, 0, 500, 1010, 0, 0, 0, 0
L 460, 1010, 0, 480, 950, 0, 0, 0, 0
L 520, 950, 0, 520, 1010, 0, 0, 0, 0
L 560, 1010, 0, 520, 1010, 0, 0, 0, 0
L 230, 1100, 0, 200, 1100, 0, 0, 0, 255
L 200, 1040, 0, 230, 1040, 0, 0, 0, 255
L 200, 1100, 0, 200, 1040, 0, 0, 0, 255
L 230, 1100, 0, 230, 1070, 0, 0, 0, 255
L 230, 1070, 0, 210, 1070, 0, 0, 0, 255
L 250, 1040, 0, 250, 1070, 0, 0, 0, 255
L 250, 1070, 0, 250, 1100, 0, 0, 0, 255
L 250, 1070, 0, 270, 1070, 0, 0, 0, 255
L 290, 1070, 0, 290, 1040, 0, 0, 0, 255
L 250, 1040, 0, 290, 1040, 0, 0, 0, 255
L 270, 1070, 0, 290, 1070, 0, 0, 0, 255
L 290, 1100, 0, 270, 1070, 0, 0, 0, 255
L 310, 1040, 0, 340, 1040, 0, 0, 0, 255
L 310, 1100, 0, 340, 1100, 0, 0, 0, 255
L 310, 1040, 0, 310, 1100, 0, 0, 0, 255
L 340, 1040, 0, 340, 1100, 0, 0, 0, 255
L 400, 1040, 0, 400, 1100, 0, 0, 0, 255
L 360, 1040, 0, 360, 1100, 0, 0, 0, 255
L 360, 1100, 0, 400, 1100, 0, 0, 0, 255
L 450, 1100, 0, 450, 1040, 0, 0, 0, 255
L 420, 1040, 0, 450, 1100, 0, 0, 0, 255
L 420, 1100, 0, 420, 1040, 0, 0, 0, 255
L 480, 1100, 0, 480, 1040, 0, 0, 0, 255
L 490, 1100, 0, 470, 1100, 0, 0, 0, 255
L 500, 1070, 0, 490, 1100, 0, 0, 0, 255
L 490, 1040, 0, 500, 1070, 0, 0, 0, 255
L 470, 1040, 0, 490, 1040, 0, 0, 0, 255
L 580, 1040, 0, 580, 1070, 0, 0, 0, 255
L 580, 1100, 0, 620, 1100, 0, 0, 0, 255
L 620, 1070, 0, 580, 1070, 0, 0, 0, 255
L 580, 1040, 0, 620, 1040, 0, 0, 0, 255
L 620, 1070, 0, 620, 1100, 0, 0, 0, 255
L 670, 1070, 0, 640, 1070, 0, 0, 0, 255
L 670, 1040, 0, 670, 1070, 0, 0, 0, 255
L 640, 1040, 0, 670, 1040, 0, 0, 0, 255
L 640, 1100, 0, 640, 1040, 0, 0, 0, 255
L 700, 1070, 0, 720, 1070, 0, 0, 0, 255
L 710, 1040, 0, 730, 1100, 0, 0, 0, 255
L 690, 1100, 0, 710, 1040, 0, 0, 0, 255
L 780, 1100, 0, 790, 1040, 0, 0, 0, 255
L 770, 1070, 0, 780, 1100, 0, 0, 0, 255
L 760, 1100, 0, 770, 1070, 0, 0, 0, 255
L 750, 1040, 0, 760, 1100, 0, 0, 0, 255
L 840, 1100, 0, 840, 1040, 0, 0, 0, 255
L 810, 1040, 0, 840, 1100, 0, 0, 0, 255
L 810, 1100, 0, 810, 1040, 0, 0, 0, 255
L 230, 1190, 0, 200, 1190, 0, 128, 128, 128
L 200, 1130, 0, 230, 1130, 0, 128, 128, 128
L 200, 1190, 0, 200, 1130, 0, 128, 128, 128
L 230, 1190, 0, 230, 1160, 0, 128, 128, 128
L 230, 1160, 0, 210, 1160, 0, 128, 128, 128
L 290, 1130, 0, 290, 1190, 0, 128, 128, 128
L 250, 1130, 0, 250, 1190, 0, 128, 128, 128
L 250, 1190, 0, 290, 1190, 0, 128, 128, 128
L 310, 1130, 0, 310, 1190, 0, 128, 128, 128
L 330, 1130, 0, 330, 1190, 0, 128, 128, 128
L 370, 1190, 0, 330, 1190, 0, 128, 128, 128
L 400, 1190, 0, 400, 1130, 0, 128, 128, 128
L 410, 1190, 0, 390, 1190, 0, 128, 128, 128
L 420, 1160, 0, 410, 1190, 0, 128, 128, 128
L 410, 1130, 0, 420, 1160, 0, 128, 128, 128
L 390, 1130, 0, 410, 1130, 0, 128, 128, 128
L 540, 1130, 0, 540, 1190, 0, 128, 128, 128
L 520, 1160, 0, 540, 1130, 0, 128, 128, 128
L 500, 1130, 0, 520, 1160, 0, 128, 128, 128
L 500, 1190, 0, 500, 1130, 0, 128, 128, 128
L 570, 1160, 0, 590, 1160, 0, 128, 128, 128
L 580, 1130, 0, 600, 1190, 0, 128, 128, 128
L 560, 1190, 0, 580, 1130, 0, 128, 128, 128
L 620, 1130, 0, 620, 1160, 0, 128, 128, 128
L 620, 1190, 0, 660, 1190, 0, 128, 128, 128
L 660, 1160, 0, 620, 1160, 0, 128, 128, 128
L 620, 1130, 0, 660, 1130, 0, 128, 128, 128
L 660, 1160, 0, 660, 1190, 0, 128, 128, 128
L 700, 1130, 0, 700, 1190, 0, 128, 128, 128
L 680, 1130, 0, 720, 1130, 0, 128, 128, 128
L 740, 1160, 0, 770, 1160, 0, 128, 128, 128
L 740, 1190, 0, 770, 1190, 0, 128, 128, 128
L 740, 1130, 0, 740, 1190, 0, 128, 128, 128
L 770, 1130, 0, 740, 1130, 0, 128, 128, 128
L 790, 1130, 0, 790, 1160, 0, 128, 128, 128
L 790, 1160, 0, 790, 1190, 0, 128, 128, 128
L 790, 1160, 0, 810, 1160, 0, 128, 128, 128
L 830, 1160, 0, 830, 1130, 0, 128, 128, 128
L 790, 1130, 0, 830, 1130, 0, 128, 128, 128
L 810, 1160, 0, 830, 1160, 0, 128, 128, 128
L 830, 1190, 0, 810, 1160, 0, 128, 128, 128
L 200, 1220, 0, 200, 1250, 0, 127, 64, 0
L 240, 1280, 0, 240, 1250, 0, 127, 64, 0
L 200, 1250, 0, 200, 1280, 0, 127, 64, 0
L 240, 1250, 0, 240, 1220, 0, 127, 64, 0
L 200, 1250, 0, 240, 1250, 0, 127, 64, 0
L 300, 1220, 0, 300, 1280, 0, 127, 64, 0
L 260, 1220, 0, 260, 1280, 0, 127, 64, 0
L 260, 1280, 0, 300, 1280, 0, 127, 64, 0
L 350, 1280, 0, 350, 1220, 0, 127, 64, 0
L 320, 1220, 0, 350, 1280, 0, 127, 64, 0
L 320, 1280, 0, 320, 1220, 0, 127, 64, 0
L 390, 1220, 0, 390, 1280, 0, 127, 64, 0
L 370, 1220, 0, 410, 1220, 0, 127, 64, 0
L 430, 1250, 0, 460, 1250, 0, 127, 64, 0
L 430, 1280, 0, 460, 1280, 0, 127, 64, 0
L 430, 1220, 0, 430, 1280, 0, 127, 64, 0
L 460, 1220, 0, 430, 1220, 0, 127, 64, 0
L 480, 1220, 0, 480, 1250, 0, 127, 64, 0
L 480, 1250, 0, 480, 1280, 0, 127, 64, 0
L 480, 1250, 0, 500, 1250, 0, 127, 64, 0
L 520, 1250, 0, 520, 1220, 0, 127, 64, 0
L 480, 1220, 0, 520, 1220, 0, 127, 64, 0
L 500, 1250, 0, 520, 1250, 0, 127, 64, 0
L 520, 1280, 0, 500, 1250, 0, 127, 64, 0
L 240, 1310, 0, 240, 1370, 0, 0, 127, 0
L 220, 1340, 0, 240, 1310, 0, 0, 127, 0
L 200, 1310, 0, 220, 1340, 0, 0, 127, 0
L 200, 1370, 0, 200, 1310, 0, 0, 127, 0
L 260, 1340, 0, 290, 1340, 0, 0, 127, 0
L 260, 1370, 0, 290, 1370, 0, 0, 127, 0
L 260, 1310, 0, 260, 1370, 0, 0, 127, 0
L 290, 1310, 0, 260, 1310, 0, 0, 127, 0
L 310, 1310, 0, 310, 1340, 0, 0, 127, 0
L 310, 1340, 0, 310, 1370, 0, 0, 127, 0
L 310, 1340, 0, 330, 1340, 0, 0, 127, 0
L 350, 1340, 0, 350, 1310, 0, 0, 127, 0
L 310, 1310, 0, 350, 1310, 0, 0, 127, 0
L 330, 1340, 0, 350, 1340, 0, 0, 127, 0
L 350, 1370, 0, 330, 1340, 0, 0, 127, 0
L 400, 1370, 0, 370, 1370, 0, 0, 127, 0
L 370, 1310, 0, 400, 1310, 0, 0, 127, 0
L 370, 1370, 0, 370, 1310, 0, 0, 127, 0
L 420, 1310, 0, 420, 1340, 0, 0, 127, 0
L 460, 1370, 0, 460, 1340, 0, 0, 127, 0
L 420, 1340, 0, 420, 1370, 0, 0, 127, 0
L 460, 1340, 0, 460, 1310, 0, 0, 127, 0
L 420, 1340, 0, 460, 1340, 0, 0, 127, 0
L 490, 1340, 0, 510, 1340, 0, 0, 127, 0
L 500, 1310, 0, 520, 1370, 0, 0, 127, 0
L 480, 1370, 0, 500, 1310, 0, 0, 127, 0
L 570, 1370, 0, 570, 1310, 0, 0, 127, 0
L 540, 1310, 0, 570, 1370, 0, 0, 127, 0
L 540, 1370, 0, 540, 1310, 0, 0, 127, 0
L 610, 1310, 0, 610, 1370, 0, 0, 127, 0
L 590, 1310, 0, 630, 1310, 0, 0, 127, 0
L 240, 1400, 0, 240, 1460, 0, 0, 127, 127
L 220, 1430, 0, 240, 1400, 0, 0, 127, 127
L 200, 1400, 0, 220, 1430, 0, 0, 127, 127
L 200, 1460, 0, 200, 1400, 0, 0, 127, 127
L 260, 1400, 0, 260, 1460, 0, 0, 127, 127
L 280, 1400, 0, 280, 1430, 0, 0, 127, 127
L 280, 1460, 0, 320, 1460, 0, 0, 127, 127
L 320, 1430, 0, 280, 1430, 0, 0, 127, 127
L 280, 1400, 0, 320, 1400, 0, 0, 127, 127
L 320, 1430, 0, 320, 1460, 0, 0, 127, 127
L 340, 1400, 0, 340, 1430, 0, 0, 127, 127
L 340, 1460, 0, 380, 1460, 0, 0, 127, 127
L 380, 1430, 0, 340, 1430, 0, 0, 127, 127
L 340, 1400, 0, 380, 1400, 0, 0, 127, 127
L 380, 1430, 0, 380, 1460, 0, 0, 127, 127
L 400, 1400, 0, 400, 1460, 0, 0, 127, 127
L 420, 1400, 0, 450, 1400, 0, 0, 127, 127
L 420, 1460, 0, 450, 1460, 0, 0, 127, 127
L 420, 1400, 0, 420, 1460, 0, 0, 127, 127
L 450, 1400, 0, 450, 1460, 0, 0, 127, 127
L 500, 1460, 0, 500, 1400, 0, 0, 127, 127
L 470, 1400, 0, 500, 1460, 0, 0, 127, 127
L 470, 1460, 0, 470, 1400, 0, 0, 127, 127
L 230, 1550, 0, 230, 1490, 0, 127, 64, 0
L 200, 1490, 0, 230, 1550, 0, 127, 64, 0
L 200, 1550, 0, 200, 1490, 0, 127, 64, 0
L 260, 1520, 0, 280, 1520, 0, 127, 64, 0
L 270, 1490, 0, 290, 1550, 0, 127, 64, 0
L 250, 1550, 0, 270, 1490, 0, 127, 64, 0
L 350, 1490, 0, 350, 1550, 0, 127, 64, 0
L 330, 1520, 0, 350, 1490, 0, 127, 64, 0
L 310, 1490, 0, 330, 1520, 0, 127, 64, 0
L 310, 1550, 0, 310, 1490, 0, 127, 64, 0
L 370, 1520, 0, 400, 1520, 0, 127, 64, 0
L 370, 1550, 0, 400, 1550, 0, 127, 64, 0
L 370, 1490, 0, 370, 1550, 0, 127, 64, 0
L 400, 1490, 0, 370, 1490, 0, 127, 64, 0
L 430, 1550, 0, 430, 1490, 0, 127, 64, 0
L 440, 1550, 0, 420, 1550, 0, 127, 64, 0
L 450, 1520, 0, 440, 1550, 0, 127, 64, 0
L 440, 1490, 0, 450, 1520, 0, 127, 64, 0
L 420, 1490, 0, 440, 1490, 0, 127, 64, 0
L 230, 1610, 0, 200, 1610, 0, 0, 255, 0
L 230, 1580, 0, 230, 1610, 0, 0, 255, 0
L 200, 1580, 0, 230, 1580, 0, 0, 255, 0
L 200, 1640, 0, 200, 1580, 0, 0, 255, 0
L 260, 1610, 0, 280, 1610, 0, 0, 255, 0
L 270, 1580, 0, 290, 1640, 0, 0, 255, 0
L 250, 1640, 0, 270, 1580, 0, 0, 255, 0
L 310, 1580, 0, 310, 1610, 0, 0, 255, 0
L 310, 1610, 0, 310, 1640, 0, 0, 255, 0
L 310, 1610, 0, 330, 1610, 0, 0, 255, 0
L 350, 1610, 0, 350, 1580, 0, 0, 255, 0
L 310, 1580, 0, 350, 1580, 0, 0, 255, 0
L 330, 1610, 0, 350, 1610, 0, 0, 255, 0
L 350, 1640, 0, 330, 1610, 0, 0, 255, 0
L 400, 1640, 0, 370, 1640, 0, 0, 255, 0
L 370, 1580, 0, 400, 1580, 0, 0, 255, 0
L 370, 1640, 0, 370, 1580, 0, 0, 255, 0
L 420, 1610, 0, 450, 1610, 0, 0, 255, 0
L 420, 1640, 0, 450, 1640, 0, 0, 255, 0
L 420, 1580, 0, 420, 1640, 0, 0, 255, 0
L 450, 1580, 0, 420, 1580, 0, 0, 255, 0
L 470, 1580, 0, 470, 1640, 0, 0, 255, 0
L 510, 1640, 0, 470, 1640, 0, 0, 255, 0
L 530, 1580, 0, 530, 1610, 0, 0, 255, 0
L 530, 1640, 0, 570, 1640, 0, 0, 255, 0
L 570, 1610, 0, 530, 1610, 0, 0, 255, 0
L 530, 1580, 0, 570, 1580, 0, 0, 255, 0
L 570, 1610, 0, 570, 1640, 0, 0, 255, 0
L 200, 1670, 0, 200, 1700, 0, 0, 240, 240
L 200, 1700, 0, 200, 1730, 0, 0, 240, 240
L 200, 1700, 0, 220, 1700, 0, 0, 240, 240
L 240, 1700, 0, 240, 1670, 0, 0, 240, 240
L 200, 1670, 0, 240, 1670, 0, 0, 240, 240
L 220, 1700, 0, 240, 1700, 0, 0, 240, 240
L 240, 1730, 0, 220, 1700, 0, 0, 240, 240
L 270, 1700, 0, 290, 1700, 0, 0, 240, 240
L 280, 1670, 0, 300, 1730, 0, 0, 240, 240
L 260, 1730, 0, 280, 1670, 0, 0, 240, 240
L 320, 1670, 0, 320, 1730, 0, 0, 240, 240
L 350, 1730, 0, 350, 1670, 0, 0, 240, 240
L 360, 1730, 0, 340, 1730, 0, 0, 240, 240
L 370, 1700, 0, 360, 1730, 0, 0, 240, 240
L 360, 1670, 0, 370, 1700, 0, 0, 240, 240
L 340, 1670, 0, 360, 1670, 0, 0, 240, 240
L 200, 1760, 0, 200, 1790, 0, 0, 255, 0
L 200, 1820, 0, 240, 1820, 0, 0, 255, 0
L 240, 1790, 0, 200, 1790, 0, 0, 255, 0
L 200, 1760, 0, 240, 1760, 0, 0, 255, 0
L 240, 1790, 0, 240, 1820, 0, 0, 255, 0
L 290, 1790, 0, 260, 1790, 0, 0, 255, 0
L 290, 1760, 0, 290, 1790, 0, 0, 255, 0
L 260, 1760, 0, 290, 1760, 0, 0, 255, 0
L 260, 1820, 0, 260, 1760, 0, 0, 255, 0
L 310, 1790, 0, 340, 1790, 0, 0, 255, 0
L 310, 1820, 0, 340, 1820, 0, 0, 255, 0
L 310, 1760, 0, 310, 1820, 0, 0, 255, 0
L 340, 1760, 0, 310, 1760, 0, 0, 255, 0
L 390, 1820, 0, 360, 1820, 0, 0, 255, 0
L 360, 1760, 0, 390, 1760, 0, 0, 255, 0
L 360, 1820, 0, 360, 1760, 0, 0, 255, 0
L 410, 1760, 0, 410, 1820, 0, 0, 255, 0
L 440, 1790, 0, 460, 1790, 0, 0, 255, 0
L 450, 1760, 0, 470, 1820, 0, 0, 255, 0
L 430, 1820, 0, 450, 1760, 0, 0, 255, 0
L 490, 1760, 0, 490, 1820, 0, 0, 255, 0
L 530, 1820, 0, 490, 1820, 0, 0, 255, 0
L 640, 1820, 0, 610, 1820, 0, 0, 255, 0
L 610, 1760, 0, 640, 1760, 0, 0, 255, 0
L 610, 1820, 0, 610, 1760, 0, 0, 255, 0
L 700, 1760, 0, 700, 1820, 0, 0, 255, 0
L 660, 1760, 0, 660, 1820, 0, 0, 255, 0
L 660, 1820, 0, 700, 1820, 0, 0, 255, 0
L 720, 1760, 0, 720, 1790, 0, 0, 255, 0
L 720, 1790, 0, 720, 1820, 0, 0, 255, 0
L 720, 1790, 0, 740, 1790, 0, 0, 255, 0
L 760, 1790, 0, 760, 1760, 0, 0, 255, 0
L 720, 1760, 0, 760, 1760, 0, 0, 255, 0
L 740, 1790, 0, 760, 1790, 0, 0, 255, 0
L 760, 1820, 0, 740, 1790, 0, 0, 255, 0
L 780, 1760, 0, 780, 1790, 0, 0, 255, 0
L 780, 1790, 0, 780, 1820, 0, 0, 255, 0
L 780, 1790, 0, 800, 1790, 0, 0, 255, 0
L 820, 1790, 0, 820, 1760, 0, 0, 255, 0
L 780, 1760, 0, 820, 1760, 0, 0, 255, 0
L 800, 1790, 0, 820, 1790, 0, 0, 255, 0
L 820, 1820, 0, 800, 1790, 0, 0, 255, 0
L 840, 1790, 0, 870, 1790, 0, 0, 255, 0
L 840, 1820, 0, 870, 1820, 0, 0, 255, 0
L 840, 1760, 0, 840, 1820, 0, 0, 255, 0
L 870, 1760, 0, 840, 1760, 0, 0, 255, 0
L 920, 1820, 0, 920, 1760, 0, 0, 255, 0
L 890, 1760, 0, 920, 1820, 0, 0, 255, 0
L 890, 1820, 0, 890, 1760, 0, 0, 255, 0
L 970, 1820, 0, 940, 1820, 0, 0, 255, 0
L 940, 1760, 0, 970, 1760, 0, 0, 255, 0
L 940, 1820, 0, 940, 1760, 0, 0, 255, 0
L 1010, 1790, 0, 1010, 1820, 0, 0, 255, 0
L 1010, 1790, 0, 1030, 1760, 0, 0, 255, 0
L 990, 1760, 0, 1010, 1790, 0, 0, 255, 0
L 200, 1850, 0, 200, 1880, 0, 255, 0, 0
L 200, 1910, 0, 240, 1910, 0, 255, 0, 0
L 240, 1880, 0, 200, 1880, 0, 255, 0, 0
L 200, 1850, 0, 240, 1850, 0, 255, 0, 0
L 240, 1880, 0, 240, 1910, 0, 255, 0, 0
L 300, 1850, 0, 300, 1910, 0, 255, 0, 0
L 260, 1850, 0, 260, 1910, 0, 255, 0, 0
L 260, 1910, 0, 300, 1910, 0, 255, 0, 0
L 350, 1910, 0, 320, 1910, 0, 255, 0, 0
L 320, 1850, 0, 350, 1850, 0, 255, 0, 0
L 320, 1910, 0, 320, 1850, 0, 255, 0, 0
L 400, 1910, 0, 370, 1910, 0, 255, 0, 0
L 370, 1850, 0, 400, 1850, 0, 255, 0, 0
L 370, 1910, 0, 370, 1850, 0, 255, 0, 0
L 420, 1850, 0, 450, 1850, 0, 255, 0, 0
L 420, 1910, 0, 450, 1910, 0, 255, 0, 0
L 420, 1850, 0, 420, 1910, 0, 255, 0, 0
L 450, 1850, 0, 450, 1910, 0, 255, 0, 0
L 470, 1850, 0, 470, 1880, 0, 255, 0, 0
L 470, 1880, 0, 470, 1910, 0, 255, 0, 0
L 470, 1880, 0, 490, 1880, 0, 255, 0, 0
L 510, 1880, 0, 510, 1850, 0, 255, 0, 0
L 470, 1850, 0, 510, 1850, 0, 255, 0, 0
L 490, 1880, 0, 510, 1880, 0, 255, 0, 0
L 510, 1910, 0, 490, 1880, 0, 255, 0, 0
L 220, 1940, 0, 220, 2000, 0, 255, 255, 0
L 200, 1940, 0, 240, 1940, 0, 255, 255, 0
L 260, 1970, 0, 290, 1970, 0, 255, 255, 0
L 260, 2000, 0, 290, 2000, 0, 255, 255, 0
L 260, 1940, 0, 260, 2000, 0, 255, 255, 0
L 290, 1940, 0, 260, 1940, 0, 255, 255, 0
L 310, 1940, 0, 310, 2000, 0, 255, 255, 0
L 350, 2000, 0, 310, 2000, 0, 255, 255, 0
L 370, 1970, 0, 400, 1970, 0, 255, 255, 0
L 370, 2000, 0, 400, 2000, 0, 255, 255, 0
L 370, 1940, 0, 370, 2000, 0, 255, 255, 0
L 400, 1940, 0, 370, 1940, 0, 255, 255, 0
L 450, 1970, 0, 420, 1970, 0, 255, 255, 0
L 450, 1940, 0, 450, 1970, 0, 255, 255, 0
L 420, 1940, 0, 450, 1940, 0, 255, 255, 0
L 420, 2000, 0, 420, 1940, 0, 255, 255, 0
L 470, 1940, 0, 500, 1940, 0, 255, 255, 0
L 470, 2000, 0, 500, 2000, 0, 255, 255, 0
L 470, 1940, 0, 470, 2000, 0, 255, 255, 0
L 500, 1940, 0, 500, 2000, 0, 255, 255, 0
L 520, 1940, 0, 520, 1970, 0, 255, 255, 0
L 520, 1970, 0, 520, 2000, 0, 255, 255, 0
L 520, 1970, 0, 540, 1970, 0, 255, 255, 0
L 560, 1970, 0, 560, 1940, 0, 255, 255, 0
L 520, 1940, 0, 560, 1940, 0, 255, 255, 0
L 540, 1970, 0, 560, 1970, 0, 255, 255, 0
L 560, 2000, 0, 540, 1970, 0, 255, 255, 0
L 600, 1940, 0, 600, 2000, 0, 255, 255, 0
L 580, 1940, 0, 620, 1940, 0, 255, 255, 0
L 220, 2030, 0, 220, 2090, 0, 128, 0, 128
L 200, 2030, 0, 240, 2030, 0, 128, 0, 128
L 260, 2030, 0, 260, 2060, 0, 128, 0, 128
L 260, 2060, 0, 260, 2090, 0, 128, 0, 128
L 260, 2060, 0, 280, 2060, 0, 128, 0, 128
L 300, 2060, 0, 300, 2030, 0, 128, 0, 128
L 260, 2030, 0, 300, 2030, 0, 128, 0, 128
L 280, 2060, 0, 300, 2060, 0, 128, 0, 128
L 300, 2090, 0, 280, 2060, 0, 128, 0, 128
L 330, 2060, 0, 350, 2060, 0, 128, 0, 128
L 340, 2030, 0, 360, 2090, 0, 128, 0, 128
L 320, 2090, 0, 340, 2030, 0, 128, 0, 128
L 390, 2090, 0, 390, 2030, 0, 128, 0, 128
L 400, 2090, 0, 380, 2090, 0, 128, 0, 128
L 410, 2060, 0, 400, 2090, 0, 128, 0, 128
L 400, 2030, 0, 410, 2060, 0, 128, 0, 128
L 380, 2030, 0, 400, 2030, 0, 128, 0, 128
L 430, 2060, 0, 460, 2060, 0, 128, 0, 128
L 430, 2090, 0, 460, 2090, 0, 128, 0, 128
L 430, 2030, 0, 430, 2090, 0, 128, 0, 128
L 460, 2030, 0, 430, 2030, 0, 128, 0, 128
L 480, 2030, 0, 480, 2060, 0, 128, 0, 128
L 480, 2090, 0, 520, 2090, 0, 128, 0, 128
L 520, 2060, 0, 480, 2060, 0, 128, 0, 128
L 480, 2030, 0, 520, 2030, 0, 128, 0, 128
L 520, 2060, 0, 520, 2090, 0, 128, 0, 128
L 540, 2030, 0, 540, 2060, 0, 128, 0, 128
L 540, 2060, 0, 540, 2090, 0, 128, 0, 128
L 540, 2060, 0, 580, 2090, 0, 128, 0, 128
L 540, 2060, 0, 580, 2030, 0, 128, 0, 128
L 600, 2030, 0, 600, 2090, 0, 128, 0, 128
L 620, 2030, 0, 620, 2090, 0, 128, 0, 128
L 660, 2090, 0, 620, 2090, 0, 128, 0, 128
L 680, 2030, 0, 680, 2090, 0, 128, 0, 128
L 720, 2090, 0, 680, 2090, 0, 128, 0, 128
L 830, 2090, 0, 800, 2090, 0, 128, 0, 128
L 800, 2030, 0, 830, 2030, 0, 128, 0, 128
L 800, 2090, 0, 800, 2030, 0, 128, 0, 128
L 850, 2030, 0, 880, 2030, 0, 128, 0, 128
L 850, 2090, 0, 880, 2090, 0, 128, 0, 128
L 850, 2030, 0, 850, 2090, 0, 128, 0, 128
L 880, 2030, 0, 880, 2090, 0, 128, 0, 128
L 930, 2090, 0, 930, 2030, 0, 128, 0, 128
L 900, 2030, 0, 930, 2090, 0, 128, 0, 128
L 900, 2090, 0, 900, 2030, 0, 128, 0, 128
L 970, 2030, 0, 970, 2090, 0, 128, 0, 128
L 950, 2030, 0, 990, 2030, 0, 128, 0, 128
L 1020, 2060, 0, 1040, 2060, 0, 128, 0, 128
L 1030, 2030, 0, 1050, 2090, 0, 128, 0, 128
L 1010, 2090, 0, 1030, 2030, 0, 128, 0, 128
L 1070, 2030, 0, 1070, 2090, 0, 128, 0, 128
L 1120, 2090, 0, 1120, 2030, 0, 128, 0, 128
L 1090, 2030, 0, 1120, 2090, 0, 128, 0, 128
L 1090, 2090, 0, 1090, 2030, 0, 128, 0, 128
L 1140, 2060, 0, 1170, 2060, 0, 128, 0, 128
L 1140, 2090, 0, 1170, 2090, 0, 128, 0, 128
L 1140, 2030, 0, 1140, 2090, 0, 128, 0, 128
L 1170, 2030, 0, 1140, 2030, 0, 128, 0, 128
L 1190, 2030, 0, 1190, 2060, 0, 128, 0, 128
L 1190, 2060, 0, 1190, 2090, 0, 128, 0, 128
L 1190, 2060, 0, 1210, 2060, 0, 128, 0, 128
L 1230, 2060, 0, 1230, 2030, 0, 128, 0, 128
L 1190, 2030, 0, 1230, 2030, 0, 128, 0, 128
L 1210, 2060, 0, 1230, 2060, 0, 128, 0, 128
L 1230, 2090, 0, 1210, 2060, 0, 128, 0, 128
L 220, 2120, 0, 220, 2180, 0, 255, 255, 0
L 200, 2120, 0, 240, 2120, 0, 255, 255, 0
L 260, 2120, 0, 260, 2150, 0, 255, 255, 0
L 260, 2150, 0, 260, 2180, 0, 255, 255, 0
L 260, 2150, 0, 280, 2150, 0, 255, 255, 0
L 300, 2150, 0, 300, 2120, 0, 255, 255, 0
L 260, 2120, 0, 300, 2120, 0, 255, 255, 0
L 280, 2150, 0, 300, 2150, 0, 255, 255, 0
L 300, 2180, 0, 280, 2150, 0, 255, 255, 0
L 330, 2150, 0, 350, 2150, 0, 255, 255, 0
L 340, 2120, 0, 360, 2180, 0, 255, 255, 0
L 320, 2180, 0, 340, 2120, 0, 255, 255, 0
L 410, 2150, 0, 380, 2150, 0, 255, 255, 0
L 410, 2120, 0, 410, 2150, 0, 255, 255, 0
L 380, 2120, 0, 410, 2120, 0, 255, 255, 0
L 380, 2180, 0, 380, 2120, 0, 255, 255, 0
L 230, 2210, 0, 200, 2210, 0, 255, 0, 0
L 200, 2270, 0, 230, 2210, 0, 255, 0, 0
L 200, 2270, 0, 230, 2270, 0, 255, 0, 0
L 250, 2210, 0, 280, 2210, 0, 255, 0, 0
L 250, 2270, 0, 280, 2270, 0, 255, 0, 0
L 250, 2210, 0, 250, 2270, 0, 255, 0, 0
L 280, 2210, 0, 280, 2270, 0, 255, 0, 0
L 330, 2270, 0, 330, 2210, 0, 255, 0, 0
L 300, 2210, 0, 330, 2270, 0, 255, 0, 0
L 300, 2270, 0, 300, 2210, 0, 255, 0, 0
L 350, 2240, 0, 380, 2240, 0, 255, 0, 0
L 350, 2270, 0, 380, 2270, 0, 255, 0, 0
L 350, 2210, 0, 350, 2270, 0, 255, 0, 0
L 380, 2210, 0, 350, 2210, 0, 255, 0, 0
P -800, 400, 0, 0, 0, 0, 2, Original_Map:_Brewall_Rainsinger_(Cazic-Thule)
P -800, 600, 0, 0, 0, 0, 2, http://www.eqmaps.info
P -800, 800, 0, 0, 0, 0, 2, Return_of_the_Exiled_(www.roteguild.org)
P -800, 1000, 0, 240, 127, 0, 2, Avatar_of_Earth
P -800, 1200, 0, 240, 127, 0, 2, Warlord_Gintolaken
