P -346.1938, -88.1425, 69.7797,  240, 240, 240,  2,  Mud_Pyramid
P -618.8158, 3554.6282, 28.5595,  128, 64, 0,  2,  Glimmerstone
P -873.5827, 3362.2014, 10.6389,  128, 64, 0,  2,  Perfect_Rock_Formation
P -1217.9802, 2180.5950, -15.8605,  128, 64, 0,  2,  Shimmering_Gem_Sentry
P 665.6666, 1055.8308, 0.0020,  128, 64, 0,  2,  Korascian_Warlord
P -648.5439, -222.8627, 9.1491,  128, 64, 0,  2,  A_Prismatic_Basilisk
P -276.4333, 554.6901, 8.0020,  128, 64, 0,  2,  Living_Earth
P -390.5398, 442.6375, 8.0020,  128, 64, 0,  2,  Monstrous_Earthwalker
P -329.2313, 1259.7046, -45.9980,  128, 64, 0,  2,  Galsinak_Earthrumble
P -57.2022, 870.7417, 8.5682,  128, 64, 0,  2,  Tribal_Leader
P 17.9670, 1691.7189, 32.0020,  128, 64, 0,  2,  Vekerchiki_Champion
P 730.1605, 854.9805, 35.4772,  240, 240, 0,  2,  TRAP:_Frog_Spawn
P 663.5224, 1056.7568, 1.5448,  240, 240, 0,  2,  TRAP:_Frog_Spawn
P 767.3442, 436.7796, 24.6502,  240, 240, 0,  2,  TRAP:_Frog_Spawn
P 697.8609, 617.3047, 32.4340,  240, 240, 0,  2,  TRAP:_Frog_Spawn
P 730.5140, 1266.6970, -45.9980,  240, 240, 0,  2,  TRAP:_Frog_Spawn
P 1149.0000, -200.0000, 0.0000,  255, 0, 0,  2,  Succor
P 1157.9644, -141.1633, 69.5216,  240, 0, 0,  3,  to_Stronghold_of_Earth_(click)
P 1165.1299, -254.2420, 69.5211,  240, 0, 0,  3,  to_Plane_of_Tranquility
