L 1000.0, 0.0, 0.0, 1000.0, -50.0, 0.0, 255, 0, 0
L -20.0, 50.0, 0.0, -50.0, 20.0, 0.0, 255, 0, 0
L 50.0, 20.0, 0.0, 20.0, 50.0, 0.0, 255, 0, 0
L 20.0, -50.0, 0.0, 50.0, -20.0, 0.0, 255, 0, 0
L -50.0, -20.0, 0.0, -20.0, -50.0, 0.0, 255, 0, 0
L -50.0, 20.0, 0.0, -50.0, -20.0, 0.0, 255, 0, 0
L 20.0, 50.0, 0.0, -20.0, 50.0, 0.0, 255, 0, 0
L 50.0, -20.0, 0.0, 50.0, 20.0, 0.0, 255, 0, 0
L -20.0, -50.0, 0.0, 20.0, -50.0, 0.0, 255, 0, 0
L 580.0, -20.0, 0.0, 540.0, -20.0, 0.0, 255, 0, 0
L 580.0, -90.0, 0.0, 580.0, -20.0, 0.0, 255, 0, 0
L 540.0, -90.0, 0.0, 580.0, -90.0, 0.0, 255, 0, 0
L 540.0, -20.0, 0.0, 540.0, -90.0, 0.0, 255, 0, 0
L 520.0, -20.0, 0.0, 480.0, -20.0, 0.0, 255, 0, 0
L 520.0, -90.0, 0.0, 520.0, -20.0, 0.0, 255, 0, 0
L 480.0, -90.0, 0.0, 520.0, -90.0, 0.0, 255, 0, 0
L 480.0, -20.0, 0.0, 480.0, -90.0, 0.0, 255, 0, 0
L 460.0, -90.0, 0.0, 450.0, -80.0, 0.0, 255, 0, 0
L 460.0, -20.0, 0.0, 460.0, -90.0, 0.0, 255, 0, 0
L 0.0, -250.0, 0.0, 0.0, 250.0, 0.0, 255, 0, 0
L -250.0, 0.0, 0.0, 1000.0, 0.0, 0.0, 255, 0, 0
L -120.0, -80.0, 0.0, -120.0, -60.0, 0.0, 255, 0, 0
L -120.0, -60.0, 0.0, -120.0, -40.0, 0.0, 255, 0, 0
L -100.0, -60.0, 0.0, -120.0, -60.0, 0.0, 255, 0, 0
L -120.0, -60.0, 0.0, -140.0, -60.0, 0.0, 255, 0, 0
L -90.0, -50.0, 0.0, -100.0, -30.0, 0.0, 255, 0, 0
L -60.0, -80.0, 0.0, -60.0, -60.0, 0.0, 255, 0, 0
L -60.0, -60.0, 0.0, -60.0, -40.0, 0.0, 255, 0, 0
L -40.0, -60.0, 0.0, -60.0, -60.0, 0.0, 255, 0, 0
L -60.0, -60.0, 0.0, -80.0, -60.0, 0.0, 255, 0, 0
L 100.0, 60.0, 0.0, 120.0, 60.0, 0.0, 255, 0, 0
L 120.0, 60.0, 0.0, 140.0, 60.0, 0.0, 255, 0, 0
L 90.0, 70.0, 0.0, 80.0, 90.0, 0.0, 255, 0, 0
L 40.0, 60.0, 0.0, 60.0, 60.0, 0.0, 255, 0, 0
L 60.0, 60.0, 0.0, 80.0, 60.0, 0.0, 255, 0, 0
L -100.0, 60.0, 0.0, -120.0, 60.0, 0.0, 255, 0, 0
L -120.0, 60.0, 0.0, -140.0, 60.0, 0.0, 255, 0, 0
L -90.0, 70.0, 0.0, -100.0, 90.0, 0.0, 255, 0, 0
L -60.0, 80.0, 0.0, -60.0, 60.0, 0.0, 255, 0, 0
L -60.0, 60.0, 0.0, -60.0, 40.0, 0.0, 255, 0, 0
L -40.0, 60.0, 0.0, -60.0, 60.0, 0.0, 255, 0, 0
L -60.0, 60.0, 0.0, -80.0, 60.0, 0.0, 255, 0, 0
L 100.0, -60.0, 0.0, 120.0, -60.0, 0.0, 255, 0, 0
L 120.0, -60.0, 0.0, 140.0, -60.0, 0.0, 255, 0, 0
L 90.0, -50.0, 0.0, 80.0, -30.0, 0.0, 255, 0, 0
L 60.0, -80.0, 0.0, 60.0, -60.0, 0.0, 255, 0, 0
L 60.0, -60.0, 0.0, 60.0, -40.0, 0.0, 255, 0, 0
L 40.0, -60.0, 0.0, 60.0, -60.0, 0.0, 255, 0, 0
L 60.0, -60.0, 0.0, 80.0, -60.0, 0.0, 255, 0, 0
L 599.0, -90.0, 0.0, 637.3, -90.0, 0.0, 255, 0, 0
L 599.0, -20.0, 0.0, 637.3, -20.0, 0.0, 255, 0, 0
L 599.0, -90.0, 0.0, 599.0, -20.0, 0.0, 255, 0, 0
L 637.3, -90.0, 0.0, 637.3, -20.0, 0.0, 255, 0, 0
L 700, 2400, 0, 700, 2460, 0, 0, 0, 0
L 740, 2460, 0, 700, 2460, 0, 0, 0, 0
L 760, 2430, 0, 790, 2430, 0, 0, 0, 0
L 760, 2460, 0, 790, 2460, 0, 0, 0, 0
L 760, 2400, 0, 760, 2460, 0, 0, 0, 0
L 790, 2400, 0, 760, 2400, 0, 0, 0, 0
L 840, 2460, 0, 810, 2460, 0, 0, 0, 0
L 810, 2400, 0, 840, 2400, 0, 0, 0, 0
L 810, 2460, 0, 810, 2400, 0, 0, 0, 0
L 840, 2460, 0, 840, 2430, 0, 0, 0, 0
L 840, 2430, 0, 820, 2430, 0, 0, 0, 0
L 860, 2430, 0, 890, 2430, 0, 0, 0, 0
L 860, 2460, 0, 890, 2460, 0, 0, 0, 0
L 860, 2400, 0, 860, 2460, 0, 0, 0, 0
L 890, 2400, 0, 860, 2400, 0, 0, 0, 0
L 940, 2460, 0, 940, 2400, 0, 0, 0, 0
L 910, 2400, 0, 940, 2460, 0, 0, 0, 0
L 910, 2460, 0, 910, 2400, 0, 0, 0, 0
L 970, 2460, 0, 970, 2400, 0, 0, 0, 0
L 980, 2460, 0, 960, 2460, 0, 0, 0, 0
L 990, 2430, 0, 980, 2460, 0, 0, 0, 0
L 980, 2400, 0, 990, 2430, 0, 0, 0, 0
L 960, 2400, 0, 980, 2400, 0, 0, 0, 0
L 700, 2610, 0, 760, 2610, 0, 0, 0, 0
L 700, 2530, 0, 760, 2530, 0, 0, 0, 0
L 730, 2583, 0, 730, 2557, 0, 205, 133, 63
L 760, 2610, 0, 820, 2610, 0, 0, 0, 0
L 760, 2610, 0, 760, 2583, 0, 205, 133, 63
L 730, 2583, 0, 790, 2583, 0, 205, 133, 63
L 730, 2557, 0, 760, 2557, 0, 205, 133, 63
L 760, 2557, 0, 790, 2557, 0, 205, 133, 63
L 760, 2530, 0, 820, 2530, 0, 0, 0, 0
L 760, 2557, 0, 760, 2530, 0, 205, 133, 63
L 790, 2583, 0, 790, 2557, 0, 205, 133, 63
L 870, 2600, 0, 870, 2540, 0, 0, 0, 0
L 880, 2600, 0, 860, 2600, 0, 0, 0, 0
L 890, 2570, 0, 880, 2600, 0, 0, 0, 0
L 880, 2540, 0, 890, 2570, 0, 0, 0, 0
L 860, 2540, 0, 880, 2540, 0, 0, 0, 0
L 910, 2540, 0, 940, 2540, 0, 0, 0, 0
L 910, 2600, 0, 940, 2600, 0, 0, 0, 0
L 910, 2540, 0, 910, 2600, 0, 0, 0, 0
L 940, 2540, 0, 940, 2600, 0, 0, 0, 0
L 960, 2540, 0, 990, 2540, 0, 0, 0, 0
L 960, 2600, 0, 990, 2600, 0, 0, 0, 0
L 960, 2540, 0, 960, 2600, 0, 0, 0, 0
L 990, 2540, 0, 990, 2600, 0, 0, 0, 0
L 1010, 2540, 0, 1010, 2570, 0, 0, 0, 0
L 1010, 2570, 0, 1010, 2600, 0, 0, 0, 0
L 1010, 2570, 0, 1030, 2570, 0, 0, 0, 0
L 1050, 2570, 0, 1050, 2540, 0, 0, 0, 0
L 1010, 2540, 0, 1050, 2540, 0, 0, 0, 0
L 1030, 2570, 0, 1050, 2570, 0, 0, 0, 0
L 1050, 2600, 0, 1030, 2570, 0, 0, 0, 0
L 700, 2650, 0, 700, 2680, 0, 255, 210, 0
L 700, 2650, 0, 720, 2650, 0, 255, 210, 0
L 720, 2710, 0, 700, 2710, 0, 255, 210, 0
L 700, 2680, 0, 700, 2710, 0, 255, 210, 0
L 720, 2680, 0, 700, 2680, 0, 255, 210, 0
L 720, 2680, 0, 740, 2665, 0, 255, 210, 0
L 720, 2650, 0, 740, 2665, 0, 255, 210, 0
L 720, 2680, 0, 740, 2695, 0, 255, 210, 0
L 740, 2695, 0, 720, 2710, 0, 255, 210, 0
L 770, 2680, 0, 790, 2680, 0, 255, 210, 0
L 780, 2650, 0, 800, 2710, 0, 255, 210, 0
L 760, 2710, 0, 780, 2650, 0, 255, 210, 0
L 850, 2710, 0, 850, 2650, 0, 255, 210, 0
L 820, 2650, 0, 850, 2710, 0, 255, 210, 0
L 820, 2710, 0, 820, 2650, 0, 255, 210, 0
L 870, 2650, 0, 870, 2680, 0, 255, 210, 0
L 870, 2680, 0, 870, 2710, 0, 255, 210, 0
L 870, 2680, 0, 910, 2710, 0, 255, 210, 0
L 870, 2680, 0, 910, 2650, 0, 255, 210, 0
L 930, 2680, 0, 960, 2680, 0, 255, 210, 0
L 930, 2710, 0, 960, 2710, 0, 255, 210, 0
L 930, 2650, 0, 930, 2710, 0, 255, 210, 0
L 960, 2650, 0, 930, 2650, 0, 255, 210, 0
L 980, 2650, 0, 980, 2680, 0, 255, 210, 0
L 980, 2680, 0, 980, 2710, 0, 255, 210, 0
L 980, 2680, 0, 1000, 2680, 0, 255, 210, 0
L 1020, 2680, 0, 1020, 2650, 0, 255, 210, 0
L 980, 2650, 0, 1020, 2650, 0, 255, 210, 0
L 1000, 2680, 0, 1020, 2680, 0, 255, 210, 0
L 1020, 2710, 0, 1000, 2680, 0, 255, 210, 0
L 730, 2800, 0, 700, 2800, 0, 255, 255, 255
L 700, 2740, 0, 730, 2740, 0, 255, 255, 255
L 700, 2800, 0, 700, 2740, 0, 255, 255, 255
L 750, 2740, 0, 780, 2740, 0, 255, 255, 255
L 750, 2800, 0, 780, 2800, 0, 255, 255, 255
L 750, 2740, 0, 750, 2800, 0, 255, 255, 255
L 780, 2740, 0, 780, 2800, 0, 255, 255, 255
L 840, 2740, 0, 840, 2800, 0, 255, 255, 255
L 820, 2770, 0, 840, 2740, 0, 255, 255, 255
L 800, 2740, 0, 820, 2770, 0, 255, 255, 255
L 800, 2800, 0, 800, 2740, 0, 255, 255, 255
L 900, 2740, 0, 900, 2800, 0, 255, 255, 255
L 880, 2770, 0, 900, 2740, 0, 255, 255, 255
L 860, 2740, 0, 880, 2770, 0, 255, 255, 255
L 860, 2800, 0, 860, 2740, 0, 255, 255, 255
L 920, 2770, 0, 950, 2770, 0, 255, 255, 255
L 920, 2800, 0, 950, 2800, 0, 255, 255, 255
L 920, 2740, 0, 920, 2800, 0, 255, 255, 255
L 950, 2740, 0, 920, 2740, 0, 255, 255, 255
L 1000, 2800, 0, 1000, 2740, 0, 255, 255, 255
L 970, 2740, 0, 1000, 2800, 0, 255, 255, 255
L 970, 2800, 0, 970, 2740, 0, 255, 255, 255
L 1040, 2740, 0, 1040, 2800, 0, 255, 255, 255
L 1020, 2740, 0, 1060, 2740, 0, 255, 255, 255
L 730, 2890, 0, 700, 2890, 0, 0, 0, 0
L 700, 2830, 0, 730, 2830, 0, 0, 0, 0
L 700, 2890, 0, 700, 2830, 0, 0, 0, 0
L 730, 2890, 0, 730, 2860, 0, 0, 0, 0
L 730, 2860, 0, 710, 2860, 0, 0, 0, 0
L 750, 2860, 0, 780, 2860, 0, 0, 0, 0
L 750, 2890, 0, 780, 2890, 0, 0, 0, 0
L 750, 2830, 0, 750, 2890, 0, 0, 0, 0
L 780, 2830, 0, 750, 2830, 0, 0, 0, 0
L 830, 2890, 0, 830, 2830, 0, 0, 0, 0
L 800, 2830, 0, 830, 2890, 0, 0, 0, 0
L 800, 2890, 0, 800, 2830, 0, 0, 0, 0
L 850, 2860, 0, 880, 2860, 0, 0, 0, 0
L 850, 2890, 0, 880, 2890, 0, 0, 0, 0
L 850, 2830, 0, 850, 2890, 0, 0, 0, 0
L 880, 2830, 0, 850, 2830, 0, 0, 0, 0
L 900, 2830, 0, 900, 2860, 0, 0, 0, 0
L 900, 2860, 0, 900, 2890, 0, 0, 0, 0
L 900, 2860, 0, 920, 2860, 0, 0, 0, 0
L 940, 2860, 0, 940, 2830, 0, 0, 0, 0
L 900, 2830, 0, 940, 2830, 0, 0, 0, 0
L 920, 2860, 0, 940, 2860, 0, 0, 0, 0
L 940, 2890, 0, 920, 2860, 0, 0, 0, 0
L 970, 2860, 0, 990, 2860, 0, 0, 0, 0
L 980, 2830, 0, 1000, 2890, 0, 0, 0, 0
L 960, 2890, 0, 980, 2830, 0, 0, 0, 0
L 1020, 2830, 0, 1020, 2890, 0, 0, 0, 0
L 1060, 2890, 0, 1020, 2890, 0, 0, 0, 0
L 730, 2980, 0, 700, 2980, 0, 0, 0, 255
L 700, 2920, 0, 730, 2920, 0, 0, 0, 255
L 700, 2980, 0, 700, 2920, 0, 0, 0, 255
L 730, 2980, 0, 730, 2950, 0, 0, 0, 255
L 730, 2950, 0, 710, 2950, 0, 0, 0, 255
L 750, 2920, 0, 750, 2950, 0, 0, 0, 255
L 750, 2950, 0, 750, 2980, 0, 0, 0, 255
L 750, 2950, 0, 770, 2950, 0, 0, 0, 255
L 790, 2950, 0, 790, 2920, 0, 0, 0, 255
L 750, 2920, 0, 790, 2920, 0, 0, 0, 255
L 770, 2950, 0, 790, 2950, 0, 0, 0, 255
L 790, 2980, 0, 770, 2950, 0, 0, 0, 255
L 810, 2920, 0, 840, 2920, 0, 0, 0, 255
L 810, 2980, 0, 840, 2980, 0, 0, 0, 255
L 810, 2920, 0, 810, 2980, 0, 0, 0, 255
L 840, 2920, 0, 840, 2980, 0, 0, 0, 255
L 900, 2920, 0, 900, 2980, 0, 0, 0, 255
L 860, 2920, 0, 860, 2980, 0, 0, 0, 255
L 860, 2980, 0, 900, 2980, 0, 0, 0, 255
L 950, 2980, 0, 950, 2920, 0, 0, 0, 255
L 920, 2920, 0, 950, 2980, 0, 0, 0, 255
L 920, 2980, 0, 920, 2920, 0, 0, 0, 255
L 980, 2980, 0, 980, 2920, 0, 0, 0, 255
L 990, 2980, 0, 970, 2980, 0, 0, 0, 255
L 1000, 2950, 0, 990, 2980, 0, 0, 0, 255
L 990, 2920, 0, 1000, 2950, 0, 0, 0, 255
L 970, 2920, 0, 990, 2920, 0, 0, 0, 255
L 1080, 2920, 0, 1080, 2950, 0, 0, 0, 255
L 1080, 2980, 0, 1120, 2980, 0, 0, 0, 255
L 1120, 2950, 0, 1080, 2950, 0, 0, 0, 255
L 1080, 2920, 0, 1120, 2920, 0, 0, 0, 255
L 1120, 2950, 0, 1120, 2980, 0, 0, 0, 255
L 1170, 2950, 0, 1140, 2950, 0, 0, 0, 255
L 1170, 2920, 0, 1170, 2950, 0, 0, 0, 255
L 1140, 2920, 0, 1170, 2920, 0, 0, 0, 255
L 1140, 2980, 0, 1140, 2920, 0, 0, 0, 255
L 1200, 2950, 0, 1220, 2950, 0, 0, 0, 255
L 1210, 2920, 0, 1230, 2980, 0, 0, 0, 255
L 1190, 2980, 0, 1210, 2920, 0, 0, 0, 255
L 1280, 2980, 0, 1290, 2920, 0, 0, 0, 255
L 1270, 2950, 0, 1280, 2980, 0, 0, 0, 255
L 1260, 2980, 0, 1270, 2950, 0, 0, 0, 255
L 1250, 2920, 0, 1260, 2980, 0, 0, 0, 255
L 1340, 2980, 0, 1340, 2920, 0, 0, 0, 255
L 1310, 2920, 0, 1340, 2980, 0, 0, 0, 255
L 1310, 2980, 0, 1310, 2920, 0, 0, 0, 255
L 730, 3070, 0, 700, 3070, 0, 128, 128, 128
L 700, 3010, 0, 730, 3010, 0, 128, 128, 128
L 700, 3070, 0, 700, 3010, 0, 128, 128, 128
L 730, 3070, 0, 730, 3040, 0, 128, 128, 128
L 730, 3040, 0, 710, 3040, 0, 128, 128, 128
L 790, 3010, 0, 790, 3070, 0, 128, 128, 128
L 750, 3010, 0, 750, 3070, 0, 128, 128, 128
L 750, 3070, 0, 790, 3070, 0, 128, 128, 128
L 810, 3010, 0, 810, 3070, 0, 128, 128, 128
L 830, 3010, 0, 830, 3070, 0, 128, 128, 128
L 870, 3070, 0, 830, 3070, 0, 128, 128, 128
L 900, 3070, 0, 900, 3010, 0, 128, 128, 128
L 910, 3070, 0, 890, 3070, 0, 128, 128, 128
L 920, 3040, 0, 910, 3070, 0, 128, 128, 128
L 910, 3010, 0, 920, 3040, 0, 128, 128, 128
L 890, 3010, 0, 910, 3010, 0, 128, 128, 128
L 1040, 3010, 0, 1040, 3070, 0, 128, 128, 128
L 1020, 3040, 0, 1040, 3010, 0, 128, 128, 128
L 1000, 3010, 0, 1020, 3040, 0, 128, 128, 128
L 1000, 3070, 0, 1000, 3010, 0, 128, 128, 128
L 1070, 3040, 0, 1090, 3040, 0, 128, 128, 128
L 1080, 3010, 0, 1100, 3070, 0, 128, 128, 128
L 1060, 3070, 0, 1080, 3010, 0, 128, 128, 128
L 1120, 3010, 0, 1120, 3040, 0, 128, 128, 128
L 1120, 3070, 0, 1160, 3070, 0, 128, 128, 128
L 1160, 3040, 0, 1120, 3040, 0, 128, 128, 128
L 1120, 3010, 0, 1160, 3010, 0, 128, 128, 128
L 1160, 3040, 0, 1160, 3070, 0, 128, 128, 128
L 1200, 3010, 0, 1200, 3070, 0, 128, 128, 128
L 1180, 3010, 0, 1220, 3010, 0, 128, 128, 128
L 1240, 3040, 0, 1270, 3040, 0, 128, 128, 128
L 1240, 3070, 0, 1270, 3070, 0, 128, 128, 128
L 1240, 3010, 0, 1240, 3070, 0, 128, 128, 128
L 1270, 3010, 0, 1240, 3010, 0, 128, 128, 128
L 1290, 3010, 0, 1290, 3040, 0, 128, 128, 128
L 1290, 3040, 0, 1290, 3070, 0, 128, 128, 128
L 1290, 3040, 0, 1310, 3040, 0, 128, 128, 128
L 1330, 3040, 0, 1330, 3010, 0, 128, 128, 128
L 1290, 3010, 0, 1330, 3010, 0, 128, 128, 128
L 1310, 3040, 0, 1330, 3040, 0, 128, 128, 128
L 1330, 3070, 0, 1310, 3040, 0, 128, 128, 128
L 700, 3100, 0, 700, 3130, 0, 127, 64, 0
L 740, 3160, 0, 740, 3130, 0, 127, 64, 0
L 700, 3130, 0, 700, 3160, 0, 127, 64, 0
L 740, 3130, 0, 740, 3100, 0, 127, 64, 0
L 700, 3130, 0, 740, 3130, 0, 127, 64, 0
L 800, 3100, 0, 800, 3160, 0, 127, 64, 0
L 760, 3100, 0, 760, 3160, 0, 127, 64, 0
L 760, 3160, 0, 800, 3160, 0, 127, 64, 0
L 850, 3160, 0, 850, 3100, 0, 127, 64, 0
L 820, 3100, 0, 850, 3160, 0, 127, 64, 0
L 820, 3160, 0, 820, 3100, 0, 127, 64, 0
L 890, 3100, 0, 890, 3160, 0, 127, 64, 0
L 870, 3100, 0, 910, 3100, 0, 127, 64, 0
L 930, 3130, 0, 960, 3130, 0, 127, 64, 0
L 930, 3160, 0, 960, 3160, 0, 127, 64, 0
L 930, 3100, 0, 930, 3160, 0, 127, 64, 0
L 960, 3100, 0, 930, 3100, 0, 127, 64, 0
L 980, 3100, 0, 980, 3130, 0, 127, 64, 0
L 980, 3130, 0, 980, 3160, 0, 127, 64, 0
L 980, 3130, 0, 1000, 3130, 0, 127, 64, 0
L 1020, 3130, 0, 1020, 3100, 0, 127, 64, 0
L 980, 3100, 0, 1020, 3100, 0, 127, 64, 0
L 1000, 3130, 0, 1020, 3130, 0, 127, 64, 0
L 1020, 3160, 0, 1000, 3130, 0, 127, 64, 0
L 740, 3190, 0, 740, 3250, 0, 0, 127, 0
L 720, 3220, 0, 740, 3190, 0, 0, 127, 0
L 700, 3190, 0, 720, 3220, 0, 0, 127, 0
L 700, 3250, 0, 700, 3190, 0, 0, 127, 0
L 760, 3220, 0, 790, 3220, 0, 0, 127, 0
L 760, 3250, 0, 790, 3250, 0, 0, 127, 0
L 760, 3190, 0, 760, 3250, 0, 0, 127, 0
L 790, 3190, 0, 760, 3190, 0, 0, 127, 0
L 810, 3190, 0, 810, 3220, 0, 0, 127, 0
L 810, 3220, 0, 810, 3250, 0, 0, 127, 0
L 810, 3220, 0, 830, 3220, 0, 0, 127, 0
L 850, 3220, 0, 850, 3190, 0, 0, 127, 0
L 810, 3190, 0, 850, 3190, 0, 0, 127, 0
L 830, 3220, 0, 850, 3220, 0, 0, 127, 0
L 850, 3250, 0, 830, 3220, 0, 0, 127, 0
L 900, 3250, 0, 870, 3250, 0, 0, 127, 0
L 870, 3190, 0, 900, 3190, 0, 0, 127, 0
L 870, 3250, 0, 870, 3190, 0, 0, 127, 0
L 920, 3190, 0, 920, 3220, 0, 0, 127, 0
L 960, 3250, 0, 960, 3220, 0, 0, 127, 0
L 920, 3220, 0, 920, 3250, 0, 0, 127, 0
L 960, 3220, 0, 960, 3190, 0, 0, 127, 0
L 920, 3220, 0, 960, 3220, 0, 0, 127, 0
L 990, 3220, 0, 1010, 3220, 0, 0, 127, 0
L 1000, 3190, 0, 1020, 3250, 0, 0, 127, 0
L 980, 3250, 0, 1000, 3190, 0, 0, 127, 0
L 1070, 3250, 0, 1070, 3190, 0, 0, 127, 0
L 1040, 3190, 0, 1070, 3250, 0, 0, 127, 0
L 1040, 3250, 0, 1040, 3190, 0, 0, 127, 0
L 1110, 3190, 0, 1110, 3250, 0, 0, 127, 0
L 1090, 3190, 0, 1130, 3190, 0, 0, 127, 0
L 740, 3280, 0, 740, 3340, 0, 0, 127, 127
L 720, 3310, 0, 740, 3280, 0, 0, 127, 127
L 700, 3280, 0, 720, 3310, 0, 0, 127, 127
L 700, 3340, 0, 700, 3280, 0, 0, 127, 127
L 760, 3280, 0, 760, 3340, 0, 0, 127, 127
L 780, 3280, 0, 780, 3310, 0, 0, 127, 127
L 780, 3340, 0, 820, 3340, 0, 0, 127, 127
L 820, 3310, 0, 780, 3310, 0, 0, 127, 127
L 780, 3280, 0, 820, 3280, 0, 0, 127, 127
L 820, 3310, 0, 820, 3340, 0, 0, 127, 127
L 840, 3280, 0, 840, 3310, 0, 0, 127, 127
L 840, 3340, 0, 880, 3340, 0, 0, 127, 127
L 880, 3310, 0, 840, 3310, 0, 0, 127, 127
L 840, 3280, 0, 880, 3280, 0, 0, 127, 127
L 880, 3310, 0, 880, 3340, 0, 0, 127, 127
L 900, 3280, 0, 900, 3340, 0, 0, 127, 127
L 920, 3280, 0, 950, 3280, 0, 0, 127, 127
L 920, 3340, 0, 950, 3340, 0, 0, 127, 127
L 920, 3280, 0, 920, 3340, 0, 0, 127, 127
L 950, 3280, 0, 950, 3340, 0, 0, 127, 127
L 1000, 3340, 0, 1000, 3280, 0, 0, 127, 127
L 970, 3280, 0, 1000, 3340, 0, 0, 127, 127
L 970, 3340, 0, 970, 3280, 0, 0, 127, 127
L 730, 3430, 0, 730, 3370, 0, 127, 64, 0
L 700, 3370, 0, 730, 3430, 0, 127, 64, 0
L 700, 3430, 0, 700, 3370, 0, 127, 64, 0
L 760, 3400, 0, 780, 3400, 0, 127, 64, 0
L 770, 3370, 0, 790, 3430, 0, 127, 64, 0
L 750, 3430, 0, 770, 3370, 0, 127, 64, 0
L 850, 3370, 0, 850, 3430, 0, 127, 64, 0
L 830, 3400, 0, 850, 3370, 0, 127, 64, 0
L 810, 3370, 0, 830, 3400, 0, 127, 64, 0
L 810, 3430, 0, 810, 3370, 0, 127, 64, 0
L 870, 3400, 0, 900, 3400, 0, 127, 64, 0
L 870, 3430, 0, 900, 3430, 0, 127, 64, 0
L 870, 3370, 0, 870, 3430, 0, 127, 64, 0
L 900, 3370, 0, 870, 3370, 0, 127, 64, 0
L 930, 3430, 0, 930, 3370, 0, 127, 64, 0
L 940, 3430, 0, 920, 3430, 0, 127, 64, 0
L 950, 3400, 0, 940, 3430, 0, 127, 64, 0
L 940, 3370, 0, 950, 3400, 0, 127, 64, 0
L 920, 3370, 0, 940, 3370, 0, 127, 64, 0
L 730, 3490, 0, 700, 3490, 0, 0, 255, 0
L 730, 3460, 0, 730, 3490, 0, 0, 255, 0
L 700, 3460, 0, 730, 3460, 0, 0, 255, 0
L 700, 3520, 0, 700, 3460, 0, 0, 255, 0
L 760, 3490, 0, 780, 3490, 0, 0, 255, 0
L 770, 3460, 0, 790, 3520, 0, 0, 255, 0
L 750, 3520, 0, 770, 3460, 0, 0, 255, 0
L 810, 3460, 0, 810, 3490, 0, 0, 255, 0
L 810, 3490, 0, 810, 3520, 0, 0, 255, 0
L 810, 3490, 0, 830, 3490, 0, 0, 255, 0
L 850, 3490, 0, 850, 3460, 0, 0, 255, 0
L 810, 3460, 0, 850, 3460, 0, 0, 255, 0
L 830, 3490, 0, 850, 3490, 0, 0, 255, 0
L 850, 3520, 0, 830, 3490, 0, 0, 255, 0
L 900, 3520, 0, 870, 3520, 0, 0, 255, 0
L 870, 3460, 0, 900, 3460, 0, 0, 255, 0
L 870, 3520, 0, 870, 3460, 0, 0, 255, 0
L 920, 3490, 0, 950, 3490, 0, 0, 255, 0
L 920, 3520, 0, 950, 3520, 0, 0, 255, 0
L 920, 3460, 0, 920, 3520, 0, 0, 255, 0
L 950, 3460, 0, 920, 3460, 0, 0, 255, 0
L 970, 3460, 0, 970, 3520, 0, 0, 255, 0
L 1010, 3520, 0, 970, 3520, 0, 0, 255, 0
L 1030, 3460, 0, 1030, 3490, 0, 0, 255, 0
L 1030, 3520, 0, 1070, 3520, 0, 0, 255, 0
L 1070, 3490, 0, 1030, 3490, 0, 0, 255, 0
L 1030, 3460, 0, 1070, 3460, 0, 0, 255, 0
L 1070, 3490, 0, 1070, 3520, 0, 0, 255, 0
L 700, 3550, 0, 700, 3580, 0, 0, 240, 240
L 700, 3580, 0, 700, 3610, 0, 0, 240, 240
L 700, 3580, 0, 720, 3580, 0, 0, 240, 240
L 740, 3580, 0, 740, 3550, 0, 0, 240, 240
L 700, 3550, 0, 740, 3550, 0, 0, 240, 240
L 720, 3580, 0, 740, 3580, 0, 0, 240, 240
L 740, 3610, 0, 720, 3580, 0, 0, 240, 240
L 770, 3580, 0, 790, 3580, 0, 0, 240, 240
L 780, 3550, 0, 800, 3610, 0, 0, 240, 240
L 760, 3610, 0, 780, 3550, 0, 0, 240, 240
L 820, 3550, 0, 820, 3610, 0, 0, 240, 240
L 850, 3610, 0, 850, 3550, 0, 0, 240, 240
L 860, 3610, 0, 840, 3610, 0, 0, 240, 240
L 870, 3580, 0, 860, 3610, 0, 0, 240, 240
L 860, 3550, 0, 870, 3580, 0, 0, 240, 240
L 840, 3550, 0, 860, 3550, 0, 0, 240, 240
L 700, 3640, 0, 700, 3670, 0, 0, 255, 0
L 700, 3700, 0, 740, 3700, 0, 0, 255, 0
L 740, 3670, 0, 700, 3670, 0, 0, 255, 0
L 700, 3640, 0, 740, 3640, 0, 0, 255, 0
L 740, 3670, 0, 740, 3700, 0, 0, 255, 0
L 790, 3670, 0, 760, 3670, 0, 0, 255, 0
L 790, 3640, 0, 790, 3670, 0, 0, 255, 0
L 760, 3640, 0, 790, 3640, 0, 0, 255, 0
L 760, 3700, 0, 760, 3640, 0, 0, 255, 0
L 810, 3670, 0, 840, 3670, 0, 0, 255, 0
L 810, 3700, 0, 840, 3700, 0, 0, 255, 0
L 810, 3640, 0, 810, 3700, 0, 0, 255, 0
L 840, 3640, 0, 810, 3640, 0, 0, 255, 0
L 890, 3700, 0, 860, 3700, 0, 0, 255, 0
L 860, 3640, 0, 890, 3640, 0, 0, 255, 0
L 860, 3700, 0, 860, 3640, 0, 0, 255, 0
L 910, 3640, 0, 910, 3700, 0, 0, 255, 0
L 940, 3670, 0, 960, 3670, 0, 0, 255, 0
L 950, 3640, 0, 970, 3700, 0, 0, 255, 0
L 930, 3700, 0, 950, 3640, 0, 0, 255, 0
L 990, 3640, 0, 990, 3700, 0, 0, 255, 0
L 1030, 3700, 0, 990, 3700, 0, 0, 255, 0
L 1140, 3700, 0, 1110, 3700, 0, 0, 255, 0
L 1110, 3640, 0, 1140, 3640, 0, 0, 255, 0
L 1110, 3700, 0, 1110, 3640, 0, 0, 255, 0
L 1200, 3640, 0, 1200, 3700, 0, 0, 255, 0
L 1160, 3640, 0, 1160, 3700, 0, 0, 255, 0
L 1160, 3700, 0, 1200, 3700, 0, 0, 255, 0
L 1220, 3640, 0, 1220, 3670, 0, 0, 255, 0
L 1220, 3670, 0, 1220, 3700, 0, 0, 255, 0
L 1220, 3670, 0, 1240, 3670, 0, 0, 255, 0
L 1260, 3670, 0, 1260, 3640, 0, 0, 255, 0
L 1220, 3640, 0, 1260, 3640, 0, 0, 255, 0
L 1240, 3670, 0, 1260, 3670, 0, 0, 255, 0
L 1260, 3700, 0, 1240, 3670, 0, 0, 255, 0
L 1280, 3640, 0, 1280, 3670, 0, 0, 255, 0
L 1280, 3670, 0, 1280, 3700, 0, 0, 255, 0
L 1280, 3670, 0, 1300, 3670, 0, 0, 255, 0
L 1320, 3670, 0, 1320, 3640, 0, 0, 255, 0
L 1280, 3640, 0, 1320, 3640, 0, 0, 255, 0
L 1300, 3670, 0, 1320, 3670, 0, 0, 255, 0
L 1320, 3700, 0, 1300, 3670, 0, 0, 255, 0
L 1340, 3670, 0, 1370, 3670, 0, 0, 255, 0
L 1340, 3700, 0, 1370, 3700, 0, 0, 255, 0
L 1340, 3640, 0, 1340, 3700, 0, 0, 255, 0
L 1370, 3640, 0, 1340, 3640, 0, 0, 255, 0
L 1420, 3700, 0, 1420, 3640, 0, 0, 255, 0
L 1390, 3640, 0, 1420, 3700, 0, 0, 255, 0
L 1390, 3700, 0, 1390, 3640, 0, 0, 255, 0
L 1470, 3700, 0, 1440, 3700, 0, 0, 255, 0
L 1440, 3640, 0, 1470, 3640, 0, 0, 255, 0
L 1440, 3700, 0, 1440, 3640, 0, 0, 255, 0
L 1510, 3670, 0, 1510, 3700, 0, 0, 255, 0
L 1510, 3670, 0, 1530, 3640, 0, 0, 255, 0
L 1490, 3640, 0, 1510, 3670, 0, 0, 255, 0
L 700, 3730, 0, 700, 3760, 0, 255, 0, 0
L 700, 3790, 0, 740, 3790, 0, 255, 0, 0
L 740, 3760, 0, 700, 3760, 0, 255, 0, 0
L 700, 3730, 0, 740, 3730, 0, 255, 0, 0
L 740, 3760, 0, 740, 3790, 0, 255, 0, 0
L 800, 3730, 0, 800, 3790, 0, 255, 0, 0
L 760, 3730, 0, 760, 3790, 0, 255, 0, 0
L 760, 3790, 0, 800, 3790, 0, 255, 0, 0
L 850, 3790, 0, 820, 3790, 0, 255, 0, 0
L 820, 3730, 0, 850, 3730, 0, 255, 0, 0
L 820, 3790, 0, 820, 3730, 0, 255, 0, 0
L 900, 3790, 0, 870, 3790, 0, 255, 0, 0
L 870, 3730, 0, 900, 3730, 0, 255, 0, 0
L 870, 3790, 0, 870, 3730, 0, 255, 0, 0
L 920, 3730, 0, 950, 3730, 0, 255, 0, 0
L 920, 3790, 0, 950, 3790, 0, 255, 0, 0
L 920, 3730, 0, 920, 3790, 0, 255, 0, 0
L 950, 3730, 0, 950, 3790, 0, 255, 0, 0
L 970, 3730, 0, 970, 3760, 0, 255, 0, 0
L 970, 3760, 0, 970, 3790, 0, 255, 0, 0
L 970, 3760, 0, 990, 3760, 0, 255, 0, 0
L 1010, 3760, 0, 1010, 3730, 0, 255, 0, 0
L 970, 3730, 0, 1010, 3730, 0, 255, 0, 0
L 990, 3760, 0, 1010, 3760, 0, 255, 0, 0
L 1010, 3790, 0, 990, 3760, 0, 255, 0, 0
L 720, 3820, 0, 720, 3880, 0, 255, 255, 0
L 700, 3820, 0, 740, 3820, 0, 255, 255, 0
L 760, 3850, 0, 790, 3850, 0, 255, 255, 0
L 760, 3880, 0, 790, 3880, 0, 255, 255, 0
L 760, 3820, 0, 760, 3880, 0, 255, 255, 0
L 790, 3820, 0, 760, 3820, 0, 255, 255, 0
L 810, 3820, 0, 810, 3880, 0, 255, 255, 0
L 850, 3880, 0, 810, 3880, 0, 255, 255, 0
L 870, 3850, 0, 900, 3850, 0, 255, 255, 0
L 870, 3880, 0, 900, 3880, 0, 255, 255, 0
L 870, 3820, 0, 870, 3880, 0, 255, 255, 0
L 900, 3820, 0, 870, 3820, 0, 255, 255, 0
L 950, 3850, 0, 920, 3850, 0, 255, 255, 0
L 950, 3820, 0, 950, 3850, 0, 255, 255, 0
L 920, 3820, 0, 950, 3820, 0, 255, 255, 0
L 920, 3880, 0, 920, 3820, 0, 255, 255, 0
L 970, 3820, 0, 1000, 3820, 0, 255, 255, 0
L 970, 3880, 0, 1000, 3880, 0, 255, 255, 0
L 970, 3820, 0, 970, 3880, 0, 255, 255, 0
L 1000, 3820, 0, 1000, 3880, 0, 255, 255, 0
L 1020, 3820, 0, 1020, 3850, 0, 255, 255, 0
L 1020, 3850, 0, 1020, 3880, 0, 255, 255, 0
L 1020, 3850, 0, 1040, 3850, 0, 255, 255, 0
L 1060, 3850, 0, 1060, 3820, 0, 255, 255, 0
L 1020, 3820, 0, 1060, 3820, 0, 255, 255, 0
L 1040, 3850, 0, 1060, 3850, 0, 255, 255, 0
L 1060, 3880, 0, 1040, 3850, 0, 255, 255, 0
L 1100, 3820, 0, 1100, 3880, 0, 255, 255, 0
L 1080, 3820, 0, 1120, 3820, 0, 255, 255, 0
L 720, 3910, 0, 720, 3970, 0, 128, 0, 128
L 700, 3910, 0, 740, 3910, 0, 128, 0, 128
L 760, 3910, 0, 760, 3940, 0, 128, 0, 128
L 760, 3940, 0, 760, 3970, 0, 128, 0, 128
L 760, 3940, 0, 780, 3940, 0, 128, 0, 128
L 800, 3940, 0, 800, 3910, 0, 128, 0, 128
L 760, 3910, 0, 800, 3910, 0, 128, 0, 128
L 780, 3940, 0, 800, 3940, 0, 128, 0, 128
L 800, 3970, 0, 780, 3940, 0, 128, 0, 128
L 830, 3940, 0, 850, 3940, 0, 128, 0, 128
L 840, 3910, 0, 860, 3970, 0, 128, 0, 128
L 820, 3970, 0, 840, 3910, 0, 128, 0, 128
L 890, 3970, 0, 890, 3910, 0, 128, 0, 128
L 900, 3970, 0, 880, 3970, 0, 128, 0, 128
L 910, 3940, 0, 900, 3970, 0, 128, 0, 128
L 900, 3910, 0, 910, 3940, 0, 128, 0, 128
L 880, 3910, 0, 900, 3910, 0, 128, 0, 128
L 930, 3940, 0, 960, 3940, 0, 128, 0, 128
L 930, 3970, 0, 960, 3970, 0, 128, 0, 128
L 930, 3910, 0, 930, 3970, 0, 128, 0, 128
L 960, 3910, 0, 930, 3910, 0, 128, 0, 128
L 980, 3910, 0, 980, 3940, 0, 128, 0, 128
L 980, 3970, 0, 1020, 3970, 0, 128, 0, 128
L 1020, 3940, 0, 980, 3940, 0, 128, 0, 128
L 980, 3910, 0, 1020, 3910, 0, 128, 0, 128
L 1020, 3940, 0, 1020, 3970, 0, 128, 0, 128
L 1040, 3910, 0, 1040, 3940, 0, 128, 0, 128
L 1040, 3940, 0, 1040, 3970, 0, 128, 0, 128
L 1040, 3940, 0, 1080, 3970, 0, 128, 0, 128
L 1040, 3940, 0, 1080, 3910, 0, 128, 0, 128
L 1100, 3910, 0, 1100, 3970, 0, 128, 0, 128
L 1120, 3910, 0, 1120, 3970, 0, 128, 0, 128
L 1160, 3970, 0, 1120, 3970, 0, 128, 0, 128
L 1180, 3910, 0, 1180, 3970, 0, 128, 0, 128
L 1220, 3970, 0, 1180, 3970, 0, 128, 0, 128
L 1330, 3970, 0, 1300, 3970, 0, 128, 0, 128
L 1300, 3910, 0, 1330, 3910, 0, 128, 0, 128
L 1300, 3970, 0, 1300, 3910, 0, 128, 0, 128
L 1350, 3910, 0, 1380, 3910, 0, 128, 0, 128
L 1350, 3970, 0, 1380, 3970, 0, 128, 0, 128
L 1350, 3910, 0, 1350, 3970, 0, 128, 0, 128
L 1380, 3910, 0, 1380, 3970, 0, 128, 0, 128
L 1430, 3970, 0, 1430, 3910, 0, 128, 0, 128
L 1400, 3910, 0, 1430, 3970, 0, 128, 0, 128
L 1400, 3970, 0, 1400, 3910, 0, 128, 0, 128
L 1470, 3910, 0, 1470, 3970, 0, 128, 0, 128
L 1450, 3910, 0, 1490, 3910, 0, 128, 0, 128
L 1520, 3940, 0, 1540, 3940, 0, 128, 0, 128
L 1530, 3910, 0, 1550, 3970, 0, 128, 0, 128
L 1510, 3970, 0, 1530, 3910, 0, 128, 0, 128
L 1570, 3910, 0, 1570, 3970, 0, 128, 0, 128
L 1620, 3970, 0, 1620, 3910, 0, 128, 0, 128
L 1590, 3910, 0, 1620, 3970, 0, 128, 0, 128
L 1590, 3970, 0, 1590, 3910, 0, 128, 0, 128
L 1640, 3940, 0, 1670, 3940, 0, 128, 0, 128
L 1640, 3970, 0, 1670, 3970, 0, 128, 0, 128
L 1640, 3910, 0, 1640, 3970, 0, 128, 0, 128
L 1670, 3910, 0, 1640, 3910, 0, 128, 0, 128
L 1690, 3910, 0, 1690, 3940, 0, 128, 0, 128
L 1690, 3940, 0, 1690, 3970, 0, 128, 0, 128
L 1690, 3940, 0, 1710, 3940, 0, 128, 0, 128
L 1730, 3940, 0, 1730, 3910, 0, 128, 0, 128
L 1690, 3910, 0, 1730, 3910, 0, 128, 0, 128
L 1710, 3940, 0, 1730, 3940, 0, 128, 0, 128
L 1730, 3970, 0, 1710, 3940, 0, 128, 0, 128
L 720, 4000, 0, 720, 4060, 0, 255, 255, 0
L 700, 4000, 0, 740, 4000, 0, 255, 255, 0
L 760, 4000, 0, 760, 4030, 0, 255, 255, 0
L 760, 4030, 0, 760, 4060, 0, 255, 255, 0
L 760, 4030, 0, 780, 4030, 0, 255, 255, 0
L 800, 4030, 0, 800, 4000, 0, 255, 255, 0
L 760, 4000, 0, 800, 4000, 0, 255, 255, 0
L 780, 4030, 0, 800, 4030, 0, 255, 255, 0
L 800, 4060, 0, 780, 4030, 0, 255, 255, 0
L 830, 4030, 0, 850, 4030, 0, 255, 255, 0
L 840, 4000, 0, 860, 4060, 0, 255, 255, 0
L 820, 4060, 0, 840, 4000, 0, 255, 255, 0
L 910, 4030, 0, 880, 4030, 0, 255, 255, 0
L 910, 4000, 0, 910, 4030, 0, 255, 255, 0
L 880, 4000, 0, 910, 4000, 0, 255, 255, 0
L 880, 4060, 0, 880, 4000, 0, 255, 255, 0
L 730, 4090, 0, 700, 4090, 0, 255, 0, 0
L 700, 4150, 0, 730, 4090, 0, 255, 0, 0
L 700, 4150, 0, 730, 4150, 0, 255, 0, 0
L 750, 4090, 0, 780, 4090, 0, 255, 0, 0
L 750, 4150, 0, 780, 4150, 0, 255, 0, 0
L 750, 4090, 0, 750, 4150, 0, 255, 0, 0
L 780, 4090, 0, 780, 4150, 0, 255, 0, 0
L 830, 4150, 0, 830, 4090, 0, 255, 0, 0
L 800, 4090, 0, 830, 4150, 0, 255, 0, 0
L 800, 4150, 0, 800, 4090, 0, 255, 0, 0
L 850, 4120, 0, 880, 4120, 0, 255, 0, 0
L 850, 4150, 0, 880, 4150, 0, 255, 0, 0
L 850, 4090, 0, 850, 4150, 0, 255, 0, 0
L 880, 4090, 0, 850, 4090, 0, 255, 0, 0
P -300, 2400, 0, 0, 0, 0, 2, Revised_Map:_Brewall_Rainsinger_(Cazic-Thule)
P -300, 2600, 0, 0, 0, 0, 2, http://www.eqmaps.info
P -300, 2800, 0, 0, 0, 0, 2, Return_of_the_Exiled_(www.roteguild.org)
P -300, 3000, 0, 240, 127, 0, 2, The_Diaku_Overseer
P -300, 3200, 0, 240, 127, 0, 2, Glykus_Helmir
P -300, 3400, 0, 240, 127, 0, 2, Rallos_Zek_the_Warlord
P -300, 3600, 0, 240, 127, 0, 2, Tagrin_Maldric
P -300, 3800, 0, 240, 127, 0, 2, Tallon_Zek
P -300, 4000, 0, 240, 127, 0, 2, Vallon_Zek
P -300, 4200, 0, 127, 64, 0, 2, Anival_the_Blade
P -300, 4400, 0, 127, 64, 0, 2, The_Diaku_Supplier
P -300, 4600, 0, 127, 64, 0, 2, an_Enraged_War_Boar
P -300, 4800, 0, 127, 64, 0, 2, a_frenzied_initiate
P -300, 5000, 0, 127, 64, 0, 2, Hinvat_Deathbringer
P -300, 5200, 0, 127, 64, 0, 2, Shadow_Master_Vinta
P -300, 5400, 0, 127, 64, 0, 2, a_Stampeding_Piglet
P -300, 5600, 0, 127, 64, 0, 2, Zelrin_Morlock
