P 223.6940, -14.8584, -40.4872, 255, 0, 0, 3, from_The_Plane_of_Tranquility
P -1663.5364, 866.4180, -294.8286, 255, 0, 0, 3, to_The_Plane_of_Tranquility
P -1031.1155, -1873.0320, -330.4630, 255, 0, 0, 3, to_The_Plane_of_War
P 940.1467, -15.2214, -238.4930, 255, 0, 0, 3, to_The_Plane_of_Tranquility
P 210.0000, -10.0000, -37.1875, 255, 0, 0, 2, Succor
P 834.2659, 1970.3086, 203.5244, 240, 240, 0, 2, to_Entrance_(click_door)
P 831.7334, -1979.6060, 202.0019, 240, 240, 0, 2, to_Entrance_(click_door)
P -279.0000, -182.0000, -0.3125, 240, 240, 0, 2, from_Teleporters
P 358.8786, -1404.7157, 110.0019, 0, 0, 0, 2, Keeper_of_Future_Lore
P -1230.9230, -1382.8716, -331.9977, 240, 240, 240, 2, Armory
P -1487.0883, -507.8469, -309.9978, 240, 240, 240, 2, Barracks
P -1265.5569, -2065.8296, -330.2981, 0, 0, 0, 2, Eriak
P 174.7246, -49.5071, -41.9980, 0, 0, 0, 2, Giwin_Mirakon
P -1416.1869, -1781.5730, -331.9978, 0, 0, 0, 2, Basher_Gruk
P -1353.6989, -1737.9131, -331.9978, 0, 0, 0, 2, Myai_X`Lotl
P -1314.6028, -1744.5021, -331.9978, 0, 0, 0, 2, Martok_Weslent
P -1296.6835, -1759.7074, -331.9978, 0, 0, 0, 2, Rynd_Whistlesong
P -1201.0701, -1775.2582, -331.9977, 0, 0, 0, 2, Iani_Darkmoore
P -1183.4163, -1773.0070, -331.9978, 0, 0, 0, 2, Leara_Talissi
P -1151.3810, -1814.4275, -331.9978, 0, 0, 0, 2, Frana_Shimi
P -1175.7776, -1921.2543, -331.9978, 0, 0, 0, 2, Kaya_Novashine
P -1129.4065, -1913.2815, -331.9978, 0, 0, 0, 2, Aukris_Tomb
P -1171.6769, -1942.7542, -331.9978, 0, 0, 0, 2, Darrain_Lanseb
P -1734.5519, -1739.1006, -331.9978, 0, 0, 0, 2, Bouncer_Dunzuk
P -1723.3213, -1768.6631, -331.9978, 0, 0, 0, 2, Lysette_Wolftrot
P -1694.6298, -1922.0380, -331.9978, 0, 0, 0, 2, Maurian_Sureshot
P -1661.0746, -1912.0707, -331.9978, 0, 0, 0, 2, R`vule_Aukorrse
P -1651.4137, -1993.0033, -331.9978, 0, 0, 0, 2, Luneviere_Elianos
P -1488.5923, -1750.4828, -331.9978, 0, 0, 0, 2, Artan_Bloodforge
P -1260.3987, -1920.3650, -331.9978, 0, 0, 0, 2, War_Forge_Assistant_(Roam)
P -1149.7400, -2001.6161, -331.9978, 0, 0, 0, 2, Gnaap_Guinders
P -1236.2748, -1454.6780, -331.9978, 0, 0, 0, 2, The_Diaku_Armorer
P -999.6461, -1341.5105, -330.4759, 0, 0, 0, 2, Soke_of_Storms
P -1384.1902, -35.0003, -304.5310, 240, 127, 0, 2, The_Diaku_Overseer_(Raid)
P -1590.8301, 851.5313, -288.8615, 240, 127, 0, 2, Glykus_Helmir_(Raid)
P -486.7843, -20.8596, 167.5367, 240, 127, 0, 2, Rallos_Zek_(Raid)
P -705.9219, -9.9540, -294.0167, 240, 127, 0, 2, Rallos_Zek_the_Warlord_(Raid,After_Death_of_Rallos_Zek_on_top_floor)
P -1383.7393, -2175.8416, -330.4411, 240, 127, 0, 2, Tagrin_Maldric_(Raid)
P -389.4405, 100.4776, 167.5397, 240, 127, 0, 2, Tallon_Zek_(Raid,Spawn)
P 75.3763, -359.4174, 65.5225, 127, 64, 0, 2, Anival_the_Blade_(Hunter)
P -990.7034, -561.8666, 133.1348, 127, 64, 0, 2, Hinvat_Deathbringer_(Hunter)
P 103.9005, 629.8123, 81.1466, 127, 64, 0, 2, Shadow_Master_Vinta_(Hunter)
P 444.0000, -1973.0000, 177.0000, 240, 127, 0, 2, Vallon_Zek_(Raid)
P -1608.0000, -340.0000, 65.0000, 127, 64, 0, 2, The_Diaku_Supplier_(Hunter)
P -899.0000, -271.0000, -326.0000, 127, 64, 0, 2, a_frenized_initiate_(Hunter,Roam)
P -752.0000, -80.0000, -319.0000, 127, 64, 0, 2, a_Stampeding_Piglet_(Hunter,Roam)
P -624.0000, 58.0000, -315.0000, 127, 64, 0, 2, Zelrin_Morlock_(Hunter,Roam)
P -896.0000, 185.0000, -288.0000, 127, 64, 0, 2, an_Enraged_War_Boar_(Hunter,Roam)

