L 1000.0, 0.0, 0.0, 1000.0, -50.0, 0.0, 255, 0, 0
L -20.0, 50.0, 0.0, -50.0, 20.0, 0.0, 255, 0, 0
L 50.0, 20.0, 0.0, 20.0, 50.0, 0.0, 255, 0, 0
L 20.0, -50.0, 0.0, 50.0, -20.0, 0.0, 255, 0, 0
L -50.0, -20.0, 0.0, -20.0, -50.0, 0.0, 255, 0, 0
L -50.0, 20.0, 0.0, -50.0, -20.0, 0.0, 255, 0, 0
L 20.0, 50.0, 0.0, -20.0, 50.0, 0.0, 255, 0, 0
L 50.0, -20.0, 0.0, 50.0, 20.0, 0.0, 255, 0, 0
L -20.0, -50.0, 0.0, 20.0, -50.0, 0.0, 255, 0, 0
L 580.0, -20.0, 0.0, 540.0, -20.0, 0.0, 255, 0, 0
L 580.0, -90.0, 0.0, 580.0, -20.0, 0.0, 255, 0, 0
L 540.0, -90.0, 0.0, 580.0, -90.0, 0.0, 255, 0, 0
L 540.0, -20.0, 0.0, 540.0, -90.0, 0.0, 255, 0, 0
L 520.0, -20.0, 0.0, 480.0, -20.0, 0.0, 255, 0, 0
L 520.0, -90.0, 0.0, 520.0, -20.0, 0.0, 255, 0, 0
L 480.0, -90.0, 0.0, 520.0, -90.0, 0.0, 255, 0, 0
L 480.0, -20.0, 0.0, 480.0, -90.0, 0.0, 255, 0, 0
L 460.0, -90.0, 0.0, 450.0, -80.0, 0.0, 255, 0, 0
L 460.0, -20.0, 0.0, 460.0, -90.0, 0.0, 255, 0, 0
L 0.0, -250.0, 0.0, 0.0, 250.0, 0.0, 255, 0, 0
L -250.0, 0.0, 0.0, 1000.0, 0.0, 0.0, 255, 0, 0
L -120.0, -80.0, 0.0, -120.0, -60.0, 0.0, 255, 0, 0
L -120.0, -60.0, 0.0, -120.0, -40.0, 0.0, 255, 0, 0
L -100.0, -60.0, 0.0, -120.0, -60.0, 0.0, 255, 0, 0
L -120.0, -60.0, 0.0, -140.0, -60.0, 0.0, 255, 0, 0
L -90.0, -50.0, 0.0, -100.0, -30.0, 0.0, 255, 0, 0
L -60.0, -80.0, 0.0, -60.0, -60.0, 0.0, 255, 0, 0
L -60.0, -60.0, 0.0, -60.0, -40.0, 0.0, 255, 0, 0
L -40.0, -60.0, 0.0, -60.0, -60.0, 0.0, 255, 0, 0
L -60.0, -60.0, 0.0, -80.0, -60.0, 0.0, 255, 0, 0
L 100.0, 60.0, 0.0, 120.0, 60.0, 0.0, 255, 0, 0
L 120.0, 60.0, 0.0, 140.0, 60.0, 0.0, 255, 0, 0
L 90.0, 70.0, 0.0, 80.0, 90.0, 0.0, 255, 0, 0
L 40.0, 60.0, 0.0, 60.0, 60.0, 0.0, 255, 0, 0
L 60.0, 60.0, 0.0, 80.0, 60.0, 0.0, 255, 0, 0
L -100.0, 60.0, 0.0, -120.0, 60.0, 0.0, 255, 0, 0
L -120.0, 60.0, 0.0, -140.0, 60.0, 0.0, 255, 0, 0
L -90.0, 70.0, 0.0, -100.0, 90.0, 0.0, 255, 0, 0
L -60.0, 80.0, 0.0, -60.0, 60.0, 0.0, 255, 0, 0
L -60.0, 60.0, 0.0, -60.0, 40.0, 0.0, 255, 0, 0
L -40.0, 60.0, 0.0, -60.0, 60.0, 0.0, 255, 0, 0
L -60.0, 60.0, 0.0, -80.0, 60.0, 0.0, 255, 0, 0
L 100.0, -60.0, 0.0, 120.0, -60.0, 0.0, 255, 0, 0
L 120.0, -60.0, 0.0, 140.0, -60.0, 0.0, 255, 0, 0
L 90.0, -50.0, 0.0, 80.0, -30.0, 0.0, 255, 0, 0
L 60.0, -80.0, 0.0, 60.0, -60.0, 0.0, 255, 0, 0
L 60.0, -60.0, 0.0, 60.0, -40.0, 0.0, 255, 0, 0
L 40.0, -60.0, 0.0, 60.0, -60.0, 0.0, 255, 0, 0
L 60.0, -60.0, 0.0, 80.0, -60.0, 0.0, 255, 0, 0
L 599.0, -90.0, 0.0, 637.3, -90.0, 0.0, 255, 0, 0
L 599.0, -20.0, 0.0, 637.3, -20.0, 0.0, 255, 0, 0
L 599.0, -90.0, 0.0, 599.0, -20.0, 0.0, 255, 0, 0
L 637.3, -90.0, 0.0, 637.3, -20.0, 0.0, 255, 0, 0
L 1200, 1400, 0, 1200, 1460, 0, 0, 0, 0
L 1240, 1460, 0, 1200, 1460, 0, 0, 0, 0
L 1260, 1430, 0, 1290, 1430, 0, 0, 0, 0
L 1260, 1460, 0, 1290, 1460, 0, 0, 0, 0
L 1260, 1400, 0, 1260, 1460, 0, 0, 0, 0
L 1290, 1400, 0, 1260, 1400, 0, 0, 0, 0
L 1340, 1460, 0, 1310, 1460, 0, 0, 0, 0
L 1310, 1400, 0, 1340, 1400, 0, 0, 0, 0
L 1310, 1460, 0, 1310, 1400, 0, 0, 0, 0
L 1340, 1460, 0, 1340, 1430, 0, 0, 0, 0
L 1340, 1430, 0, 1320, 1430, 0, 0, 0, 0
L 1360, 1430, 0, 1390, 1430, 0, 0, 0, 0
L 1360, 1460, 0, 1390, 1460, 0, 0, 0, 0
L 1360, 1400, 0, 1360, 1460, 0, 0, 0, 0
L 1390, 1400, 0, 1360, 1400, 0, 0, 0, 0
L 1440, 1460, 0, 1440, 1400, 0, 0, 0, 0
L 1410, 1400, 0, 1440, 1460, 0, 0, 0, 0
L 1410, 1460, 0, 1410, 1400, 0, 0, 0, 0
L 1470, 1460, 0, 1470, 1400, 0, 0, 0, 0
L 1480, 1460, 0, 1460, 1460, 0, 0, 0, 0
L 1490, 1430, 0, 1480, 1460, 0, 0, 0, 0
L 1480, 1400, 0, 1490, 1430, 0, 0, 0, 0
L 1460, 1400, 0, 1480, 1400, 0, 0, 0, 0
L 1200, 1610, 0, 1260, 1610, 0, 0, 0, 0
L 1200, 1530, 0, 1260, 1530, 0, 0, 0, 0
L 1230, 1583, 0, 1230, 1557, 0, 205, 133, 63
L 1260, 1610, 0, 1320, 1610, 0, 0, 0, 0
L 1260, 1610, 0, 1260, 1583, 0, 205, 133, 63
L 1230, 1583, 0, 1290, 1583, 0, 205, 133, 63
L 1230, 1557, 0, 1260, 1557, 0, 205, 133, 63
L 1260, 1557, 0, 1290, 1557, 0, 205, 133, 63
L 1260, 1530, 0, 1320, 1530, 0, 0, 0, 0
L 1260, 1557, 0, 1260, 1530, 0, 205, 133, 63
L 1290, 1583, 0, 1290, 1557, 0, 205, 133, 63
L 1370, 1600, 0, 1370, 1540, 0, 0, 0, 0
L 1380, 1600, 0, 1360, 1600, 0, 0, 0, 0
L 1390, 1570, 0, 1380, 1600, 0, 0, 0, 0
L 1380, 1540, 0, 1390, 1570, 0, 0, 0, 0
L 1360, 1540, 0, 1380, 1540, 0, 0, 0, 0
L 1410, 1540, 0, 1440, 1540, 0, 0, 0, 0
L 1410, 1600, 0, 1440, 1600, 0, 0, 0, 0
L 1410, 1540, 0, 1410, 1600, 0, 0, 0, 0
L 1440, 1540, 0, 1440, 1600, 0, 0, 0, 0
L 1460, 1540, 0, 1490, 1540, 0, 0, 0, 0
L 1460, 1600, 0, 1490, 1600, 0, 0, 0, 0
L 1460, 1540, 0, 1460, 1600, 0, 0, 0, 0
L 1490, 1540, 0, 1490, 1600, 0, 0, 0, 0
L 1510, 1540, 0, 1510, 1570, 0, 0, 0, 0
L 1510, 1570, 0, 1510, 1600, 0, 0, 0, 0
L 1510, 1570, 0, 1530, 1570, 0, 0, 0, 0
L 1550, 1570, 0, 1550, 1540, 0, 0, 0, 0
L 1510, 1540, 0, 1550, 1540, 0, 0, 0, 0
L 1530, 1570, 0, 1550, 1570, 0, 0, 0, 0
L 1550, 1600, 0, 1530, 1570, 0, 0, 0, 0
L 1200, 1730, 0, 1260, 1730, 0, 0, 0, 0
L 1200, 1650, 0, 1260, 1650, 0, 0, 0, 0
L 1230, 1703, 0, 1230, 1677, 0, 255, 255, 0
L 1260, 1730, 0, 1320, 1730, 0, 0, 0, 0
L 1260, 1730, 0, 1260, 1703, 0, 255, 255, 0
L 1230, 1703, 0, 1290, 1703, 0, 255, 255, 0
L 1230, 1677, 0, 1260, 1677, 0, 255, 255, 0
L 1260, 1677, 0, 1290, 1677, 0, 255, 255, 0
L 1260, 1650, 0, 1320, 1650, 0, 0, 0, 0
L 1260, 1677, 0, 1260, 1650, 0, 255, 255, 0
L 1290, 1703, 0, 1290, 1677, 0, 255, 255, 0
L 1360, 1660, 0, 1360, 1720, 0, 0, 0, 0
L 1400, 1720, 0, 1360, 1720, 0, 0, 0, 0
L 1420, 1660, 0, 1450, 1660, 0, 0, 0, 0
L 1420, 1720, 0, 1450, 1720, 0, 0, 0, 0
L 1420, 1660, 0, 1420, 1720, 0, 0, 0, 0
L 1450, 1660, 0, 1450, 1720, 0, 0, 0, 0
L 1500, 1720, 0, 1470, 1720, 0, 0, 0, 0
L 1470, 1660, 0, 1500, 1660, 0, 0, 0, 0
L 1470, 1720, 0, 1470, 1660, 0, 0, 0, 0
L 1520, 1660, 0, 1520, 1690, 0, 0, 0, 0
L 1520, 1690, 0, 1520, 1720, 0, 0, 0, 0
L 1520, 1690, 0, 1560, 1720, 0, 0, 0, 0
L 1520, 1690, 0, 1560, 1660, 0, 0, 0, 0
L 1580, 1690, 0, 1610, 1690, 0, 0, 0, 0
L 1580, 1720, 0, 1610, 1720, 0, 0, 0, 0
L 1580, 1660, 0, 1580, 1720, 0, 0, 0, 0
L 1610, 1660, 0, 1580, 1660, 0, 0, 0, 0
L 1640, 1720, 0, 1640, 1660, 0, 0, 0, 0
L 1650, 1720, 0, 1630, 1720, 0, 0, 0, 0
L 1660, 1690, 0, 1650, 1720, 0, 0, 0, 0
L 1650, 1660, 0, 1660, 1690, 0, 0, 0, 0
L 1630, 1660, 0, 1650, 1660, 0, 0, 0, 0
L 1750, 1720, 0, 1750, 1660, 0, 0, 0, 0
L 1760, 1720, 0, 1740, 1720, 0, 0, 0, 0
L 1770, 1690, 0, 1760, 1720, 0, 0, 0, 0
L 1760, 1660, 0, 1770, 1690, 0, 0, 0, 0
L 1740, 1660, 0, 1760, 1660, 0, 0, 0, 0
L 1790, 1660, 0, 1820, 1660, 0, 0, 0, 0
L 1790, 1720, 0, 1820, 1720, 0, 0, 0, 0
L 1790, 1660, 0, 1790, 1720, 0, 0, 0, 0
L 1820, 1660, 0, 1820, 1720, 0, 0, 0, 0
L 1840, 1660, 0, 1870, 1660, 0, 0, 0, 0
L 1840, 1720, 0, 1870, 1720, 0, 0, 0, 0
L 1840, 1660, 0, 1840, 1720, 0, 0, 0, 0
L 1870, 1660, 0, 1870, 1720, 0, 0, 0, 0
L 1890, 1660, 0, 1890, 1690, 0, 0, 0, 0
L 1890, 1690, 0, 1890, 1720, 0, 0, 0, 0
L 1890, 1690, 0, 1910, 1690, 0, 0, 0, 0
L 1930, 1690, 0, 1930, 1660, 0, 0, 0, 0
L 1890, 1660, 0, 1930, 1660, 0, 0, 0, 0
L 1910, 1690, 0, 1930, 1690, 0, 0, 0, 0
L 1930, 1720, 0, 1910, 1690, 0, 0, 0, 0
L 1200, 1770, 0, 1200, 1800, 0, 255, 210, 0
L 1200, 1770, 0, 1220, 1770, 0, 255, 210, 0
L 1220, 1830, 0, 1200, 1830, 0, 255, 210, 0
L 1200, 1800, 0, 1200, 1830, 0, 255, 210, 0
L 1220, 1800, 0, 1200, 1800, 0, 255, 210, 0
L 1220, 1800, 0, 1240, 1785, 0, 255, 210, 0
L 1220, 1770, 0, 1240, 1785, 0, 255, 210, 0
L 1220, 1800, 0, 1240, 1815, 0, 255, 210, 0
L 1240, 1815, 0, 1220, 1830, 0, 255, 210, 0
L 1270, 1800, 0, 1290, 1800, 0, 255, 210, 0
L 1280, 1770, 0, 1300, 1830, 0, 255, 210, 0
L 1260, 1830, 0, 1280, 1770, 0, 255, 210, 0
L 1350, 1830, 0, 1350, 1770, 0, 255, 210, 0
L 1320, 1770, 0, 1350, 1830, 0, 255, 210, 0
L 1320, 1830, 0, 1320, 1770, 0, 255, 210, 0
L 1370, 1770, 0, 1370, 1800, 0, 255, 210, 0
L 1370, 1800, 0, 1370, 1830, 0, 255, 210, 0
L 1370, 1800, 0, 1410, 1830, 0, 255, 210, 0
L 1370, 1800, 0, 1410, 1770, 0, 255, 210, 0
L 1430, 1800, 0, 1460, 1800, 0, 255, 210, 0
L 1430, 1830, 0, 1460, 1830, 0, 255, 210, 0
L 1430, 1770, 0, 1430, 1830, 0, 255, 210, 0
L 1460, 1770, 0, 1430, 1770, 0, 255, 210, 0
L 1480, 1770, 0, 1480, 1800, 0, 255, 210, 0
L 1480, 1800, 0, 1480, 1830, 0, 255, 210, 0
L 1480, 1800, 0, 1500, 1800, 0, 255, 210, 0
L 1520, 1800, 0, 1520, 1770, 0, 255, 210, 0
L 1480, 1770, 0, 1520, 1770, 0, 255, 210, 0
L 1500, 1800, 0, 1520, 1800, 0, 255, 210, 0
L 1520, 1830, 0, 1500, 1800, 0, 255, 210, 0
L 1230, 1920, 0, 1200, 1920, 0, 255, 255, 255
L 1200, 1860, 0, 1230, 1860, 0, 255, 255, 255
L 1200, 1920, 0, 1200, 1860, 0, 255, 255, 255
L 1250, 1860, 0, 1280, 1860, 0, 255, 255, 255
L 1250, 1920, 0, 1280, 1920, 0, 255, 255, 255
L 1250, 1860, 0, 1250, 1920, 0, 255, 255, 255
L 1280, 1860, 0, 1280, 1920, 0, 255, 255, 255
L 1340, 1860, 0, 1340, 1920, 0, 255, 255, 255
L 1320, 1890, 0, 1340, 1860, 0, 255, 255, 255
L 1300, 1860, 0, 1320, 1890, 0, 255, 255, 255
L 1300, 1920, 0, 1300, 1860, 0, 255, 255, 255
L 1400, 1860, 0, 1400, 1920, 0, 255, 255, 255
L 1380, 1890, 0, 1400, 1860, 0, 255, 255, 255
L 1360, 1860, 0, 1380, 1890, 0, 255, 255, 255
L 1360, 1920, 0, 1360, 1860, 0, 255, 255, 255
L 1420, 1890, 0, 1450, 1890, 0, 255, 255, 255
L 1420, 1920, 0, 1450, 1920, 0, 255, 255, 255
L 1420, 1860, 0, 1420, 1920, 0, 255, 255, 255
L 1450, 1860, 0, 1420, 1860, 0, 255, 255, 255
L 1500, 1920, 0, 1500, 1860, 0, 255, 255, 255
L 1470, 1860, 0, 1500, 1920, 0, 255, 255, 255
L 1470, 1920, 0, 1470, 1860, 0, 255, 255, 255
L 1540, 1860, 0, 1540, 1920, 0, 255, 255, 255
L 1520, 1860, 0, 1560, 1860, 0, 255, 255, 255
L 1230, 2010, 0, 1200, 2010, 0, 0, 0, 0
L 1200, 1950, 0, 1230, 1950, 0, 0, 0, 0
L 1200, 2010, 0, 1200, 1950, 0, 0, 0, 0
L 1230, 2010, 0, 1230, 1980, 0, 0, 0, 0
L 1230, 1980, 0, 1210, 1980, 0, 0, 0, 0
L 1250, 1980, 0, 1280, 1980, 0, 0, 0, 0
L 1250, 2010, 0, 1280, 2010, 0, 0, 0, 0
L 1250, 1950, 0, 1250, 2010, 0, 0, 0, 0
L 1280, 1950, 0, 1250, 1950, 0, 0, 0, 0
L 1330, 2010, 0, 1330, 1950, 0, 0, 0, 0
L 1300, 1950, 0, 1330, 2010, 0, 0, 0, 0
L 1300, 2010, 0, 1300, 1950, 0, 0, 0, 0
L 1350, 1980, 0, 1380, 1980, 0, 0, 0, 0
L 1350, 2010, 0, 1380, 2010, 0, 0, 0, 0
L 1350, 1950, 0, 1350, 2010, 0, 0, 0, 0
L 1380, 1950, 0, 1350, 1950, 0, 0, 0, 0
L 1400, 1950, 0, 1400, 1980, 0, 0, 0, 0
L 1400, 1980, 0, 1400, 2010, 0, 0, 0, 0
L 1400, 1980, 0, 1420, 1980, 0, 0, 0, 0
L 1440, 1980, 0, 1440, 1950, 0, 0, 0, 0
L 1400, 1950, 0, 1440, 1950, 0, 0, 0, 0
L 1420, 1980, 0, 1440, 1980, 0, 0, 0, 0
L 1440, 2010, 0, 1420, 1980, 0, 0, 0, 0
L 1470, 1980, 0, 1490, 1980, 0, 0, 0, 0
L 1480, 1950, 0, 1500, 2010, 0, 0, 0, 0
L 1460, 2010, 0, 1480, 1950, 0, 0, 0, 0
L 1520, 1950, 0, 1520, 2010, 0, 0, 0, 0
L 1560, 2010, 0, 1520, 2010, 0, 0, 0, 0
L 1230, 2100, 0, 1200, 2100, 0, 0, 0, 255
L 1200, 2040, 0, 1230, 2040, 0, 0, 0, 255
L 1200, 2100, 0, 1200, 2040, 0, 0, 0, 255
L 1230, 2100, 0, 1230, 2070, 0, 0, 0, 255
L 1230, 2070, 0, 1210, 2070, 0, 0, 0, 255
L 1250, 2040, 0, 1250, 2070, 0, 0, 0, 255
L 1250, 2070, 0, 1250, 2100, 0, 0, 0, 255
L 1250, 2070, 0, 1270, 2070, 0, 0, 0, 255
L 1290, 2070, 0, 1290, 2040, 0, 0, 0, 255
L 1250, 2040, 0, 1290, 2040, 0, 0, 0, 255
L 1270, 2070, 0, 1290, 2070, 0, 0, 0, 255
L 1290, 2100, 0, 1270, 2070, 0, 0, 0, 255
L 1310, 2040, 0, 1340, 2040, 0, 0, 0, 255
L 1310, 2100, 0, 1340, 2100, 0, 0, 0, 255
L 1310, 2040, 0, 1310, 2100, 0, 0, 0, 255
L 1340, 2040, 0, 1340, 2100, 0, 0, 0, 255
L 1400, 2040, 0, 1400, 2100, 0, 0, 0, 255
L 1360, 2040, 0, 1360, 2100, 0, 0, 0, 255
L 1360, 2100, 0, 1400, 2100, 0, 0, 0, 255
L 1450, 2100, 0, 1450, 2040, 0, 0, 0, 255
L 1420, 2040, 0, 1450, 2100, 0, 0, 0, 255
L 1420, 2100, 0, 1420, 2040, 0, 0, 0, 255
L 1480, 2100, 0, 1480, 2040, 0, 0, 0, 255
L 1490, 2100, 0, 1470, 2100, 0, 0, 0, 255
L 1500, 2070, 0, 1490, 2100, 0, 0, 0, 255
L 1490, 2040, 0, 1500, 2070, 0, 0, 0, 255
L 1470, 2040, 0, 1490, 2040, 0, 0, 0, 255
L 1580, 2040, 0, 1580, 2070, 0, 0, 0, 255
L 1580, 2100, 0, 1620, 2100, 0, 0, 0, 255
L 1620, 2070, 0, 1580, 2070, 0, 0, 0, 255
L 1580, 2040, 0, 1620, 2040, 0, 0, 0, 255
L 1620, 2070, 0, 1620, 2100, 0, 0, 0, 255
L 1670, 2070, 0, 1640, 2070, 0, 0, 0, 255
L 1670, 2040, 0, 1670, 2070, 0, 0, 0, 255
L 1640, 2040, 0, 1670, 2040, 0, 0, 0, 255
L 1640, 2100, 0, 1640, 2040, 0, 0, 0, 255
L 1700, 2070, 0, 1720, 2070, 0, 0, 0, 255
L 1710, 2040, 0, 1730, 2100, 0, 0, 0, 255
L 1690, 2100, 0, 1710, 2040, 0, 0, 0, 255
L 1780, 2100, 0, 1790, 2040, 0, 0, 0, 255
L 1770, 2070, 0, 1780, 2100, 0, 0, 0, 255
L 1760, 2100, 0, 1770, 2070, 0, 0, 0, 255
L 1750, 2040, 0, 1760, 2100, 0, 0, 0, 255
L 1840, 2100, 0, 1840, 2040, 0, 0, 0, 255
L 1810, 2040, 0, 1840, 2100, 0, 0, 0, 255
L 1810, 2100, 0, 1810, 2040, 0, 0, 0, 255
L 1230, 2190, 0, 1200, 2190, 0, 128, 128, 128
L 1200, 2130, 0, 1230, 2130, 0, 128, 128, 128
L 1200, 2190, 0, 1200, 2130, 0, 128, 128, 128
L 1230, 2190, 0, 1230, 2160, 0, 128, 128, 128
L 1230, 2160, 0, 1210, 2160, 0, 128, 128, 128
L 1290, 2130, 0, 1290, 2190, 0, 128, 128, 128
L 1250, 2130, 0, 1250, 2190, 0, 128, 128, 128
L 1250, 2190, 0, 1290, 2190, 0, 128, 128, 128
L 1310, 2130, 0, 1310, 2190, 0, 128, 128, 128
L 1330, 2130, 0, 1330, 2190, 0, 128, 128, 128
L 1370, 2190, 0, 1330, 2190, 0, 128, 128, 128
L 1400, 2190, 0, 1400, 2130, 0, 128, 128, 128
L 1410, 2190, 0, 1390, 2190, 0, 128, 128, 128
L 1420, 2160, 0, 1410, 2190, 0, 128, 128, 128
L 1410, 2130, 0, 1420, 2160, 0, 128, 128, 128
L 1390, 2130, 0, 1410, 2130, 0, 128, 128, 128
L 1540, 2130, 0, 1540, 2190, 0, 128, 128, 128
L 1520, 2160, 0, 1540, 2130, 0, 128, 128, 128
L 1500, 2130, 0, 1520, 2160, 0, 128, 128, 128
L 1500, 2190, 0, 1500, 2130, 0, 128, 128, 128
L 1570, 2160, 0, 1590, 2160, 0, 128, 128, 128
L 1580, 2130, 0, 1600, 2190, 0, 128, 128, 128
L 1560, 2190, 0, 1580, 2130, 0, 128, 128, 128
L 1620, 2130, 0, 1620, 2160, 0, 128, 128, 128
L 1620, 2190, 0, 1660, 2190, 0, 128, 128, 128
L 1660, 2160, 0, 1620, 2160, 0, 128, 128, 128
L 1620, 2130, 0, 1660, 2130, 0, 128, 128, 128
L 1660, 2160, 0, 1660, 2190, 0, 128, 128, 128
L 1700, 2130, 0, 1700, 2190, 0, 128, 128, 128
L 1680, 2130, 0, 1720, 2130, 0, 128, 128, 128
L 1740, 2160, 0, 1770, 2160, 0, 128, 128, 128
L 1740, 2190, 0, 1770, 2190, 0, 128, 128, 128
L 1740, 2130, 0, 1740, 2190, 0, 128, 128, 128
L 1770, 2130, 0, 1740, 2130, 0, 128, 128, 128
L 1790, 2130, 0, 1790, 2160, 0, 128, 128, 128
L 1790, 2160, 0, 1790, 2190, 0, 128, 128, 128
L 1790, 2160, 0, 1810, 2160, 0, 128, 128, 128
L 1830, 2160, 0, 1830, 2130, 0, 128, 128, 128
L 1790, 2130, 0, 1830, 2130, 0, 128, 128, 128
L 1810, 2160, 0, 1830, 2160, 0, 128, 128, 128
L 1830, 2190, 0, 1810, 2160, 0, 128, 128, 128
L 1200, 2220, 0, 1200, 2250, 0, 127, 64, 0
L 1240, 2280, 0, 1240, 2250, 0, 127, 64, 0
L 1200, 2250, 0, 1200, 2280, 0, 127, 64, 0
L 1240, 2250, 0, 1240, 2220, 0, 127, 64, 0
L 1200, 2250, 0, 1240, 2250, 0, 127, 64, 0
L 1300, 2220, 0, 1300, 2280, 0, 127, 64, 0
L 1260, 2220, 0, 1260, 2280, 0, 127, 64, 0
L 1260, 2280, 0, 1300, 2280, 0, 127, 64, 0
L 1350, 2280, 0, 1350, 2220, 0, 127, 64, 0
L 1320, 2220, 0, 1350, 2280, 0, 127, 64, 0
L 1320, 2280, 0, 1320, 2220, 0, 127, 64, 0
L 1390, 2220, 0, 1390, 2280, 0, 127, 64, 0
L 1370, 2220, 0, 1410, 2220, 0, 127, 64, 0
L 1430, 2250, 0, 1460, 2250, 0, 127, 64, 0
L 1430, 2280, 0, 1460, 2280, 0, 127, 64, 0
L 1430, 2220, 0, 1430, 2280, 0, 127, 64, 0
L 1460, 2220, 0, 1430, 2220, 0, 127, 64, 0
L 1480, 2220, 0, 1480, 2250, 0, 127, 64, 0
L 1480, 2250, 0, 1480, 2280, 0, 127, 64, 0
L 1480, 2250, 0, 1500, 2250, 0, 127, 64, 0
L 1520, 2250, 0, 1520, 2220, 0, 127, 64, 0
L 1480, 2220, 0, 1520, 2220, 0, 127, 64, 0
L 1500, 2250, 0, 1520, 2250, 0, 127, 64, 0
L 1520, 2280, 0, 1500, 2250, 0, 127, 64, 0
L 1240, 2310, 0, 1240, 2370, 0, 0, 127, 0
L 1220, 2340, 0, 1240, 2310, 0, 0, 127, 0
L 1200, 2310, 0, 1220, 2340, 0, 0, 127, 0
L 1200, 2370, 0, 1200, 2310, 0, 0, 127, 0
L 1260, 2340, 0, 1290, 2340, 0, 0, 127, 0
L 1260, 2370, 0, 1290, 2370, 0, 0, 127, 0
L 1260, 2310, 0, 1260, 2370, 0, 0, 127, 0
L 1290, 2310, 0, 1260, 2310, 0, 0, 127, 0
L 1310, 2310, 0, 1310, 2340, 0, 0, 127, 0
L 1310, 2340, 0, 1310, 2370, 0, 0, 127, 0
L 1310, 2340, 0, 1330, 2340, 0, 0, 127, 0
L 1350, 2340, 0, 1350, 2310, 0, 0, 127, 0
L 1310, 2310, 0, 1350, 2310, 0, 0, 127, 0
L 1330, 2340, 0, 1350, 2340, 0, 0, 127, 0
L 1350, 2370, 0, 1330, 2340, 0, 0, 127, 0
L 1400, 2370, 0, 1370, 2370, 0, 0, 127, 0
L 1370, 2310, 0, 1400, 2310, 0, 0, 127, 0
L 1370, 2370, 0, 1370, 2310, 0, 0, 127, 0
L 1420, 2310, 0, 1420, 2340, 0, 0, 127, 0
L 1460, 2370, 0, 1460, 2340, 0, 0, 127, 0
L 1420, 2340, 0, 1420, 2370, 0, 0, 127, 0
L 1460, 2340, 0, 1460, 2310, 0, 0, 127, 0
L 1420, 2340, 0, 1460, 2340, 0, 0, 127, 0
L 1490, 2340, 0, 1510, 2340, 0, 0, 127, 0
L 1500, 2310, 0, 1520, 2370, 0, 0, 127, 0
L 1480, 2370, 0, 1500, 2310, 0, 0, 127, 0
L 1570, 2370, 0, 1570, 2310, 0, 0, 127, 0
L 1540, 2310, 0, 1570, 2370, 0, 0, 127, 0
L 1540, 2370, 0, 1540, 2310, 0, 0, 127, 0
L 1610, 2310, 0, 1610, 2370, 0, 0, 127, 0
L 1590, 2310, 0, 1630, 2310, 0, 0, 127, 0
L 1240, 2400, 0, 1240, 2460, 0, 0, 127, 127
L 1220, 2430, 0, 1240, 2400, 0, 0, 127, 127
L 1200, 2400, 0, 1220, 2430, 0, 0, 127, 127
L 1200, 2460, 0, 1200, 2400, 0, 0, 127, 127
L 1260, 2400, 0, 1260, 2460, 0, 0, 127, 127
L 1280, 2400, 0, 1280, 2430, 0, 0, 127, 127
L 1280, 2460, 0, 1320, 2460, 0, 0, 127, 127
L 1320, 2430, 0, 1280, 2430, 0, 0, 127, 127
L 1280, 2400, 0, 1320, 2400, 0, 0, 127, 127
L 1320, 2430, 0, 1320, 2460, 0, 0, 127, 127
L 1340, 2400, 0, 1340, 2430, 0, 0, 127, 127
L 1340, 2460, 0, 1380, 2460, 0, 0, 127, 127
L 1380, 2430, 0, 1340, 2430, 0, 0, 127, 127
L 1340, 2400, 0, 1380, 2400, 0, 0, 127, 127
L 1380, 2430, 0, 1380, 2460, 0, 0, 127, 127
L 1400, 2400, 0, 1400, 2460, 0, 0, 127, 127
L 1420, 2400, 0, 1450, 2400, 0, 0, 127, 127
L 1420, 2460, 0, 1450, 2460, 0, 0, 127, 127
L 1420, 2400, 0, 1420, 2460, 0, 0, 127, 127
L 1450, 2400, 0, 1450, 2460, 0, 0, 127, 127
L 1500, 2460, 0, 1500, 2400, 0, 0, 127, 127
L 1470, 2400, 0, 1500, 2460, 0, 0, 127, 127
L 1470, 2460, 0, 1470, 2400, 0, 0, 127, 127
L 1230, 2550, 0, 1230, 2490, 0, 127, 64, 0
L 1200, 2490, 0, 1230, 2550, 0, 127, 64, 0
L 1200, 2550, 0, 1200, 2490, 0, 127, 64, 0
L 1260, 2520, 0, 1280, 2520, 0, 127, 64, 0
L 1270, 2490, 0, 1290, 2550, 0, 127, 64, 0
L 1250, 2550, 0, 1270, 2490, 0, 127, 64, 0
L 1350, 2490, 0, 1350, 2550, 0, 127, 64, 0
L 1330, 2520, 0, 1350, 2490, 0, 127, 64, 0
L 1310, 2490, 0, 1330, 2520, 0, 127, 64, 0
L 1310, 2550, 0, 1310, 2490, 0, 127, 64, 0
L 1370, 2520, 0, 1400, 2520, 0, 127, 64, 0
L 1370, 2550, 0, 1400, 2550, 0, 127, 64, 0
L 1370, 2490, 0, 1370, 2550, 0, 127, 64, 0
L 1400, 2490, 0, 1370, 2490, 0, 127, 64, 0
L 1430, 2550, 0, 1430, 2490, 0, 127, 64, 0
L 1440, 2550, 0, 1420, 2550, 0, 127, 64, 0
L 1450, 2520, 0, 1440, 2550, 0, 127, 64, 0
L 1440, 2490, 0, 1450, 2520, 0, 127, 64, 0
L 1420, 2490, 0, 1440, 2490, 0, 127, 64, 0
L 1230, 2610, 0, 1200, 2610, 0, 0, 255, 0
L 1230, 2580, 0, 1230, 2610, 0, 0, 255, 0
L 1200, 2580, 0, 1230, 2580, 0, 0, 255, 0
L 1200, 2640, 0, 1200, 2580, 0, 0, 255, 0
L 1260, 2610, 0, 1280, 2610, 0, 0, 255, 0
L 1270, 2580, 0, 1290, 2640, 0, 0, 255, 0
L 1250, 2640, 0, 1270, 2580, 0, 0, 255, 0
L 1310, 2580, 0, 1310, 2610, 0, 0, 255, 0
L 1310, 2610, 0, 1310, 2640, 0, 0, 255, 0
L 1310, 2610, 0, 1330, 2610, 0, 0, 255, 0
L 1350, 2610, 0, 1350, 2580, 0, 0, 255, 0
L 1310, 2580, 0, 1350, 2580, 0, 0, 255, 0
L 1330, 2610, 0, 1350, 2610, 0, 0, 255, 0
L 1350, 2640, 0, 1330, 2610, 0, 0, 255, 0
L 1400, 2640, 0, 1370, 2640, 0, 0, 255, 0
L 1370, 2580, 0, 1400, 2580, 0, 0, 255, 0
L 1370, 2640, 0, 1370, 2580, 0, 0, 255, 0
L 1420, 2610, 0, 1450, 2610, 0, 0, 255, 0
L 1420, 2640, 0, 1450, 2640, 0, 0, 255, 0
L 1420, 2580, 0, 1420, 2640, 0, 0, 255, 0
L 1450, 2580, 0, 1420, 2580, 0, 0, 255, 0
L 1470, 2580, 0, 1470, 2640, 0, 0, 255, 0
L 1510, 2640, 0, 1470, 2640, 0, 0, 255, 0
L 1530, 2580, 0, 1530, 2610, 0, 0, 255, 0
L 1530, 2640, 0, 1570, 2640, 0, 0, 255, 0
L 1570, 2610, 0, 1530, 2610, 0, 0, 255, 0
L 1530, 2580, 0, 1570, 2580, 0, 0, 255, 0
L 1570, 2610, 0, 1570, 2640, 0, 0, 255, 0
L 1200, 2670, 0, 1200, 2700, 0, 0, 240, 240
L 1200, 2700, 0, 1200, 2730, 0, 0, 240, 240
L 1200, 2700, 0, 1220, 2700, 0, 0, 240, 240
L 1240, 2700, 0, 1240, 2670, 0, 0, 240, 240
L 1200, 2670, 0, 1240, 2670, 0, 0, 240, 240
L 1220, 2700, 0, 1240, 2700, 0, 0, 240, 240
L 1240, 2730, 0, 1220, 2700, 0, 0, 240, 240
L 1270, 2700, 0, 1290, 2700, 0, 0, 240, 240
L 1280, 2670, 0, 1300, 2730, 0, 0, 240, 240
L 1260, 2730, 0, 1280, 2670, 0, 0, 240, 240
L 1320, 2670, 0, 1320, 2730, 0, 0, 240, 240
L 1350, 2730, 0, 1350, 2670, 0, 0, 240, 240
L 1360, 2730, 0, 1340, 2730, 0, 0, 240, 240
L 1370, 2700, 0, 1360, 2730, 0, 0, 240, 240
L 1360, 2670, 0, 1370, 2700, 0, 0, 240, 240
L 1340, 2670, 0, 1360, 2670, 0, 0, 240, 240
L 1200, 2760, 0, 1200, 2790, 0, 0, 255, 0
L 1200, 2820, 0, 1240, 2820, 0, 0, 255, 0
L 1240, 2790, 0, 1200, 2790, 0, 0, 255, 0
L 1200, 2760, 0, 1240, 2760, 0, 0, 255, 0
L 1240, 2790, 0, 1240, 2820, 0, 0, 255, 0
L 1290, 2790, 0, 1260, 2790, 0, 0, 255, 0
L 1290, 2760, 0, 1290, 2790, 0, 0, 255, 0
L 1260, 2760, 0, 1290, 2760, 0, 0, 255, 0
L 1260, 2820, 0, 1260, 2760, 0, 0, 255, 0
L 1310, 2790, 0, 1340, 2790, 0, 0, 255, 0
L 1310, 2820, 0, 1340, 2820, 0, 0, 255, 0
L 1310, 2760, 0, 1310, 2820, 0, 0, 255, 0
L 1340, 2760, 0, 1310, 2760, 0, 0, 255, 0
L 1390, 2820, 0, 1360, 2820, 0, 0, 255, 0
L 1360, 2760, 0, 1390, 2760, 0, 0, 255, 0
L 1360, 2820, 0, 1360, 2760, 0, 0, 255, 0
L 1410, 2760, 0, 1410, 2820, 0, 0, 255, 0
L 1440, 2790, 0, 1460, 2790, 0, 0, 255, 0
L 1450, 2760, 0, 1470, 2820, 0, 0, 255, 0
L 1430, 2820, 0, 1450, 2760, 0, 0, 255, 0
L 1490, 2760, 0, 1490, 2820, 0, 0, 255, 0
L 1530, 2820, 0, 1490, 2820, 0, 0, 255, 0
L 1640, 2820, 0, 1610, 2820, 0, 0, 255, 0
L 1610, 2760, 0, 1640, 2760, 0, 0, 255, 0
L 1610, 2820, 0, 1610, 2760, 0, 0, 255, 0
L 1700, 2760, 0, 1700, 2820, 0, 0, 255, 0
L 1660, 2760, 0, 1660, 2820, 0, 0, 255, 0
L 1660, 2820, 0, 1700, 2820, 0, 0, 255, 0
L 1720, 2760, 0, 1720, 2790, 0, 0, 255, 0
L 1720, 2790, 0, 1720, 2820, 0, 0, 255, 0
L 1720, 2790, 0, 1740, 2790, 0, 0, 255, 0
L 1760, 2790, 0, 1760, 2760, 0, 0, 255, 0
L 1720, 2760, 0, 1760, 2760, 0, 0, 255, 0
L 1740, 2790, 0, 1760, 2790, 0, 0, 255, 0
L 1760, 2820, 0, 1740, 2790, 0, 0, 255, 0
L 1780, 2760, 0, 1780, 2790, 0, 0, 255, 0
L 1780, 2790, 0, 1780, 2820, 0, 0, 255, 0
L 1780, 2790, 0, 1800, 2790, 0, 0, 255, 0
L 1820, 2790, 0, 1820, 2760, 0, 0, 255, 0
L 1780, 2760, 0, 1820, 2760, 0, 0, 255, 0
L 1800, 2790, 0, 1820, 2790, 0, 0, 255, 0
L 1820, 2820, 0, 1800, 2790, 0, 0, 255, 0
L 1840, 2790, 0, 1870, 2790, 0, 0, 255, 0
L 1840, 2820, 0, 1870, 2820, 0, 0, 255, 0
L 1840, 2760, 0, 1840, 2820, 0, 0, 255, 0
L 1870, 2760, 0, 1840, 2760, 0, 0, 255, 0
L 1920, 2820, 0, 1920, 2760, 0, 0, 255, 0
L 1890, 2760, 0, 1920, 2820, 0, 0, 255, 0
L 1890, 2820, 0, 1890, 2760, 0, 0, 255, 0
L 1970, 2820, 0, 1940, 2820, 0, 0, 255, 0
L 1940, 2760, 0, 1970, 2760, 0, 0, 255, 0
L 1940, 2820, 0, 1940, 2760, 0, 0, 255, 0
L 2010, 2790, 0, 2010, 2820, 0, 0, 255, 0
L 2010, 2790, 0, 2030, 2760, 0, 0, 255, 0
L 1990, 2760, 0, 2010, 2790, 0, 0, 255, 0
L 1200, 2850, 0, 1200, 2880, 0, 255, 0, 0
L 1200, 2910, 0, 1240, 2910, 0, 255, 0, 0
L 1240, 2880, 0, 1200, 2880, 0, 255, 0, 0
L 1200, 2850, 0, 1240, 2850, 0, 255, 0, 0
L 1240, 2880, 0, 1240, 2910, 0, 255, 0, 0
L 1300, 2850, 0, 1300, 2910, 0, 255, 0, 0
L 1260, 2850, 0, 1260, 2910, 0, 255, 0, 0
L 1260, 2910, 0, 1300, 2910, 0, 255, 0, 0
L 1350, 2910, 0, 1320, 2910, 0, 255, 0, 0
L 1320, 2850, 0, 1350, 2850, 0, 255, 0, 0
L 1320, 2910, 0, 1320, 2850, 0, 255, 0, 0
L 1400, 2910, 0, 1370, 2910, 0, 255, 0, 0
L 1370, 2850, 0, 1400, 2850, 0, 255, 0, 0
L 1370, 2910, 0, 1370, 2850, 0, 255, 0, 0
L 1420, 2850, 0, 1450, 2850, 0, 255, 0, 0
L 1420, 2910, 0, 1450, 2910, 0, 255, 0, 0
L 1420, 2850, 0, 1420, 2910, 0, 255, 0, 0
L 1450, 2850, 0, 1450, 2910, 0, 255, 0, 0
L 1470, 2850, 0, 1470, 2880, 0, 255, 0, 0
L 1470, 2880, 0, 1470, 2910, 0, 255, 0, 0
L 1470, 2880, 0, 1490, 2880, 0, 255, 0, 0
L 1510, 2880, 0, 1510, 2850, 0, 255, 0, 0
L 1470, 2850, 0, 1510, 2850, 0, 255, 0, 0
L 1490, 2880, 0, 1510, 2880, 0, 255, 0, 0
L 1510, 2910, 0, 1490, 2880, 0, 255, 0, 0
L 1220, 2940, 0, 1220, 3000, 0, 255, 255, 0
L 1200, 2940, 0, 1240, 2940, 0, 255, 255, 0
L 1260, 2970, 0, 1290, 2970, 0, 255, 255, 0
L 1260, 3000, 0, 1290, 3000, 0, 255, 255, 0
L 1260, 2940, 0, 1260, 3000, 0, 255, 255, 0
L 1290, 2940, 0, 1260, 2940, 0, 255, 255, 0
L 1310, 2940, 0, 1310, 3000, 0, 255, 255, 0
L 1350, 3000, 0, 1310, 3000, 0, 255, 255, 0
L 1370, 2970, 0, 1400, 2970, 0, 255, 255, 0
L 1370, 3000, 0, 1400, 3000, 0, 255, 255, 0
L 1370, 2940, 0, 1370, 3000, 0, 255, 255, 0
L 1400, 2940, 0, 1370, 2940, 0, 255, 255, 0
L 1450, 2970, 0, 1420, 2970, 0, 255, 255, 0
L 1450, 2940, 0, 1450, 2970, 0, 255, 255, 0
L 1420, 2940, 0, 1450, 2940, 0, 255, 255, 0
L 1420, 3000, 0, 1420, 2940, 0, 255, 255, 0
L 1470, 2940, 0, 1500, 2940, 0, 255, 255, 0
L 1470, 3000, 0, 1500, 3000, 0, 255, 255, 0
L 1470, 2940, 0, 1470, 3000, 0, 255, 255, 0
L 1500, 2940, 0, 1500, 3000, 0, 255, 255, 0
L 1520, 2940, 0, 1520, 2970, 0, 255, 255, 0
L 1520, 2970, 0, 1520, 3000, 0, 255, 255, 0
L 1520, 2970, 0, 1540, 2970, 0, 255, 255, 0
L 1560, 2970, 0, 1560, 2940, 0, 255, 255, 0
L 1520, 2940, 0, 1560, 2940, 0, 255, 255, 0
L 1540, 2970, 0, 1560, 2970, 0, 255, 255, 0
L 1560, 3000, 0, 1540, 2970, 0, 255, 255, 0
L 1600, 2940, 0, 1600, 3000, 0, 255, 255, 0
L 1580, 2940, 0, 1620, 2940, 0, 255, 255, 0
L 1220, 3030, 0, 1220, 3090, 0, 128, 0, 128
L 1200, 3030, 0, 1240, 3030, 0, 128, 0, 128
L 1260, 3030, 0, 1260, 3060, 0, 128, 0, 128
L 1260, 3060, 0, 1260, 3090, 0, 128, 0, 128
L 1260, 3060, 0, 1280, 3060, 0, 128, 0, 128
L 1300, 3060, 0, 1300, 3030, 0, 128, 0, 128
L 1260, 3030, 0, 1300, 3030, 0, 128, 0, 128
L 1280, 3060, 0, 1300, 3060, 0, 128, 0, 128
L 1300, 3090, 0, 1280, 3060, 0, 128, 0, 128
L 1330, 3060, 0, 1350, 3060, 0, 128, 0, 128
L 1340, 3030, 0, 1360, 3090, 0, 128, 0, 128
L 1320, 3090, 0, 1340, 3030, 0, 128, 0, 128
L 1390, 3090, 0, 1390, 3030, 0, 128, 0, 128
L 1400, 3090, 0, 1380, 3090, 0, 128, 0, 128
L 1410, 3060, 0, 1400, 3090, 0, 128, 0, 128
L 1400, 3030, 0, 1410, 3060, 0, 128, 0, 128
L 1380, 3030, 0, 1400, 3030, 0, 128, 0, 128
L 1430, 3060, 0, 1460, 3060, 0, 128, 0, 128
L 1430, 3090, 0, 1460, 3090, 0, 128, 0, 128
L 1430, 3030, 0, 1430, 3090, 0, 128, 0, 128
L 1460, 3030, 0, 1430, 3030, 0, 128, 0, 128
L 1480, 3030, 0, 1480, 3060, 0, 128, 0, 128
L 1480, 3090, 0, 1520, 3090, 0, 128, 0, 128
L 1520, 3060, 0, 1480, 3060, 0, 128, 0, 128
L 1480, 3030, 0, 1520, 3030, 0, 128, 0, 128
L 1520, 3060, 0, 1520, 3090, 0, 128, 0, 128
L 1540, 3030, 0, 1540, 3060, 0, 128, 0, 128
L 1540, 3060, 0, 1540, 3090, 0, 128, 0, 128
L 1540, 3060, 0, 1580, 3090, 0, 128, 0, 128
L 1540, 3060, 0, 1580, 3030, 0, 128, 0, 128
L 1600, 3030, 0, 1600, 3090, 0, 128, 0, 128
L 1620, 3030, 0, 1620, 3090, 0, 128, 0, 128
L 1660, 3090, 0, 1620, 3090, 0, 128, 0, 128
L 1680, 3030, 0, 1680, 3090, 0, 128, 0, 128
L 1720, 3090, 0, 1680, 3090, 0, 128, 0, 128
L 1830, 3090, 0, 1800, 3090, 0, 128, 0, 128
L 1800, 3030, 0, 1830, 3030, 0, 128, 0, 128
L 1800, 3090, 0, 1800, 3030, 0, 128, 0, 128
L 1850, 3030, 0, 1880, 3030, 0, 128, 0, 128
L 1850, 3090, 0, 1880, 3090, 0, 128, 0, 128
L 1850, 3030, 0, 1850, 3090, 0, 128, 0, 128
L 1880, 3030, 0, 1880, 3090, 0, 128, 0, 128
L 1930, 3090, 0, 1930, 3030, 0, 128, 0, 128
L 1900, 3030, 0, 1930, 3090, 0, 128, 0, 128
L 1900, 3090, 0, 1900, 3030, 0, 128, 0, 128
L 1970, 3030, 0, 1970, 3090, 0, 128, 0, 128
L 1950, 3030, 0, 1990, 3030, 0, 128, 0, 128
L 2020, 3060, 0, 2040, 3060, 0, 128, 0, 128
L 2030, 3030, 0, 2050, 3090, 0, 128, 0, 128
L 2010, 3090, 0, 2030, 3030, 0, 128, 0, 128
L 2070, 3030, 0, 2070, 3090, 0, 128, 0, 128
L 2120, 3090, 0, 2120, 3030, 0, 128, 0, 128
L 2090, 3030, 0, 2120, 3090, 0, 128, 0, 128
L 2090, 3090, 0, 2090, 3030, 0, 128, 0, 128
L 2140, 3060, 0, 2170, 3060, 0, 128, 0, 128
L 2140, 3090, 0, 2170, 3090, 0, 128, 0, 128
L 2140, 3030, 0, 2140, 3090, 0, 128, 0, 128
L 2170, 3030, 0, 2140, 3030, 0, 128, 0, 128
L 2190, 3030, 0, 2190, 3060, 0, 128, 0, 128
L 2190, 3060, 0, 2190, 3090, 0, 128, 0, 128
L 2190, 3060, 0, 2210, 3060, 0, 128, 0, 128
L 2230, 3060, 0, 2230, 3030, 0, 128, 0, 128
L 2190, 3030, 0, 2230, 3030, 0, 128, 0, 128
L 2210, 3060, 0, 2230, 3060, 0, 128, 0, 128
L 2230, 3090, 0, 2210, 3060, 0, 128, 0, 128
L 1220, 3120, 0, 1220, 3180, 0, 255, 255, 0
L 1200, 3120, 0, 1240, 3120, 0, 255, 255, 0
L 1260, 3120, 0, 1260, 3150, 0, 255, 255, 0
L 1260, 3150, 0, 1260, 3180, 0, 255, 255, 0
L 1260, 3150, 0, 1280, 3150, 0, 255, 255, 0
L 1300, 3150, 0, 1300, 3120, 0, 255, 255, 0
L 1260, 3120, 0, 1300, 3120, 0, 255, 255, 0
L 1280, 3150, 0, 1300, 3150, 0, 255, 255, 0
L 1300, 3180, 0, 1280, 3150, 0, 255, 255, 0
L 1330, 3150, 0, 1350, 3150, 0, 255, 255, 0
L 1340, 3120, 0, 1360, 3180, 0, 255, 255, 0
L 1320, 3180, 0, 1340, 3120, 0, 255, 255, 0
L 1410, 3150, 0, 1380, 3150, 0, 255, 255, 0
L 1410, 3120, 0, 1410, 3150, 0, 255, 255, 0
L 1380, 3120, 0, 1410, 3120, 0, 255, 255, 0
L 1380, 3180, 0, 1380, 3120, 0, 255, 255, 0
L 1230, 3210, 0, 1200, 3210, 0, 255, 0, 0
L 1200, 3270, 0, 1230, 3210, 0, 255, 0, 0
L 1200, 3270, 0, 1230, 3270, 0, 255, 0, 0
L 1250, 3210, 0, 1280, 3210, 0, 255, 0, 0
L 1250, 3270, 0, 1280, 3270, 0, 255, 0, 0
L 1250, 3210, 0, 1250, 3270, 0, 255, 0, 0
L 1280, 3210, 0, 1280, 3270, 0, 255, 0, 0
L 1330, 3270, 0, 1330, 3210, 0, 255, 0, 0
L 1300, 3210, 0, 1330, 3270, 0, 255, 0, 0
L 1300, 3270, 0, 1300, 3210, 0, 255, 0, 0
L 1350, 3240, 0, 1380, 3240, 0, 255, 0, 0
L 1350, 3270, 0, 1380, 3270, 0, 255, 0, 0
L 1350, 3210, 0, 1350, 3270, 0, 255, 0, 0
L 1380, 3210, 0, 1350, 3210, 0, 255, 0, 0
P 200, 1400, 0, 0, 0, 0, 2, Revised_Map:_Brewall_Rainsinger_(Cazic-Thule)
P 200, 1600, 0, 0, 0, 0, 2, http://www.eqmaps.info
P 200, 1800, 0, 0, 0, 0, 2, Return_of_the_Exiled_(www.roteguild.org)
P 200, 2000, 0, 240, 127, 0, 2, The_Acolyte_of_Affliction
P 200, 2200, 0, 240, 127, 0, 2, The_Keeper_of_Sorrows
P 200, 2400, 0, 240, 127, 0, 2, Maareq_the_Prophet
P 200, 2600, 0, 240, 127, 0, 2, Salczek_the_Fleshgrinder
P 200, 2800, 0, 240, 127, 0, 2, Saryrn
P 200, 3000, 0, 240, 127, 0, 2, Ta'Grusch_the_Abomination
P 200, 3200, 0, 127, 64, 0, 2, The_Avatar_of_Agony_1/4_Tower_Key
P 200, 3400, 0, 127, 64, 0, 2, The_Avatar_of_Anguish_2/4_Tower_Key
P 200, 3600, 0, 127, 64, 0, 2, The_Avatar_of_Pain_3/4_Tower_Key
P 200, 3800, 0, 127, 64, 0, 2, The_Avatar_of_Suffering_4/4_Tower_Key
P 200, 4000, 0, 127, 64, 0, 2, Dirge_Malicia
P 200, 4200, 0, 127, 64, 0, 2, A_Kaniz_flesh_flayer
P 200, 4400, 0, 127, 64, 0, 2, The_Mouths_of_Misery
P 200, 4600, 0, 127, 64, 0, 2, A_pain_devourer
P 200, 4800, 0, 127, 64, 0, 2, A_pain_golem
P 200, 5000, 0, 127, 64, 0, 2, A_sorrow_seeker
