P -148.2300, -667.0106, -54.4582,  127, 64, 0,  2,  an_undead_knight_(Hutner)
P -127.0824, -743.2925, -40.4101,  240, 240, 240,  2,  The_Irontoe_Brigade_Rules_Norrath
P -75.9986, -827.2316, -40.4129,  240, 240, 240,  2,  Shark
P -65.0120, -922.0502, -40.4234,  240, 240, 240,  2,  Danger
P -106.7978, -978.0189, -40.4289,  240, 240, 240,  2,  Go_Back
P -135.8108, -894.0804, -40.4327,  240, 240, 240,  2,  Clumpy_the_Rat_Slayer
P 200.0000, 1800.0000, 0.0000,  127, 64, 0,  2,  4._a_nesting_rat_-_PH=_
P 200.0000, 1600.0000, 0.0000,  127, 64, 0,  2,  3._a_shady_mercenary_-_PH=_
P 200.0000, 1400.0000, 0.0000,  127, 64, 0,  2,  2._an_undead_knight_-_PH=_a_fish
P 200.0000, 1200.0000, 0.0000,  127, 64, 0,  2,  1._an_injured_rat_-_PH=_
P -328.9901, -344.0254, -41.6542,  127, 64, 0,  2,  a_nesting_rat_(Hunter)
P -342.5142, -465.8773, -41.6542,  127, 64, 0,  2,  _a_shady_mercenary_(Hunter)
P -10.0000, 55.0000, 0.0000,  127, 64, 0,  2,  an_undead_knight_(Hunter)
P -208.6408, -573.0529, -41.6542,  127, 64, 0,  2,  an_injured_rat_(Hunter)
P -80.0000, -860.0000, -41.9657,  240, 0, 0,  2,  Succor
P -66.4799, -455.2567, -41.7063,  240, 240, 0,  2,  Fake_Wall
P -9.1885, -521.5433, -41.7063,  240, 240, 0,  2,  Fake_Wall
P 20.5790, -621.0988, -41.7063,  240, 240, 0,  2,  Fake_Wall
P -62.4496, -767.8249, -41.7063,  240, 240, 0,  2,  Fake_Wall
P -91.3771, -664.2469, -41.7063,  240, 240, 0,  2,  Fake_Floor
P -82.7132, -693.4395, -41.7063,  240, 240, 0,  2,  Fake_Wall
P -63.9995, -714.4290, -41.7063,  240, 240, 0,  2,  Fake_Wall
P -21.2865, -665.3106, -41.7063,  240, 240, 0,  2,  Fake_Floor
P -57.8031, -661.4809, -97.7063,  0, 0, 240,  1,  GS:_Rod
P -19.6413, -958.7805, -41.7063,  0, 0, 0,  2,  an_investigator
P 202.7370, -372.4357, -83.7063,  240, 240, 240,  2,  Smugglers
P 160.9218, -496.4900, -83.7063,  240, 240, 240,  2,  Thugs
P 103.7444, -556.4524, -83.7063,  0, 0, 0,  2,  Beggar_Wyllin
P 131.3857, -748.4019, -83.7063,  240, 240, 240,  2,  Smugglers
P 60.7393, -847.2913, -83.7063,  240, 240, 240,  2,  Smugglers
P -68.1622, -696.6345, -83.7063,  0, 0, 0,  2,  Neab
P -55.3020, -696.9532, -83.7063,  0, 0, 0,  2,  Omorb
P 62.9523, -174.2727, -40.4395,  127, 64, 0,  2,  Cubert_(Named)
P -199.7186, -455.0577, -41.9667,  240, 240, 240,  2,  Spawn_Hall
P -65.0000, -660.0000, 0.0000,  255, 255, 255,  2,  Sharks
P -330.0000, -340.0000, 0.0000,  255, 255, 255,  2,  Zombies
P 186.0000, -106.0000, 0.0000,  0, 0, 0,  2,  Injured_Brigand
P 320.0000, -355.0000, 0.0000,  255, 255, 255,  2,  Bertoxxulous_Shrine
P 220.0000, -445.0000, 0.0000,  255, 255, 255,  2,  Spectres
P -345.0000, -465.0000, 0.0000,  255, 255, 255,  2,  Mercenaries
P 30.0000, -100.0000, 0.0000,  255, 255, 255,  2,  Frogloks
P -140.0000, 45.0000, 0.0000,  0, 0, 0,  2,  Exhausted_Guard
P -200.0000, -275.0000, 0.0000,  255, 255, 255,  2,  Sewer_Sentinels
P -230.0000, -650.0000, 0.0000,  127, 64, 0,  2,  Bloated_Alligator_(Named)
P 298.0000, -296.0000, -39.4680,  128, 128, 128,  2,  Kurne_(GM_Necromancer)
P 370.8586, -429.3849, -39.4677,  128, 128, 128,  2,  Zaen_(GM_Shadowknight)
P 412.9025, -345.6536, -38.2177,  0, 128, 0,  2,  Senst_(Spells)
P 426.4646, -347.9494, -38.2177,  0, 128, 0,  2,  Naes_(Spells)
P 436.7462, -339.9578, -38.2177,  0, 128, 0,  2,  Tessia_(Spells)
P 414.6783, -404.1844, -38.2177,  0, 128, 0,  2,  Jexun_(Spells)
P 419.2498, -417.2174, -38.2177,  0, 128, 0,  2,  Gehnon_(Spells)
P 423.5661, -416.5827, -38.2177,  0, 128, 0,  2,  Felia_(Weapons)
P 175.0000, -343.0000, -55.3509,  255, 0, 0,  3,  from_Solusek_B
P -130.9489, 144.5201, -52.2153,  255, 0, 0,  3,  to_South_Qeynos
P -96.7671, -638.0029, -38.2119,  255, 0, 0,  3,  to_North_Qeynos
P -222.8665, -882.6960, -49.7613,  255, 0, 0,  3,  to_North_Qeynos
P 48.4207, -997.8345, -38.2177,  255, 0, 0,  3,  to_North_Qeynos
P 304.1818, -214.9781, -38.2177,  255, 0, 0,  3,  to_South_Qeynos_(Arena_Area)
P 63.3827, -229.5026, -56.8217,  255, 0, 0,  3,  to_South_Qeynos
