L 289.0, 25.0, -14.0, 277.0, 23.0, -14.0, 0, 0, 0
L 300.0, 21.0, -11.0, 289.0, 25.0, -14.0, 0, 0, 0
L 301.0, 21.0, -11.0, 300.0, 21.0, -11.0, 0, 0, 0
L 311.0, 16.0, -13.0, 301.0, 21.0, -11.0, 0, 0, 0
L 312.0, 11.0, -14.0, 311.0, 16.0, -13.0, 0, 0, 0
L 310.0, 4.0, -13.0, 312.0, 11.0, -14.0, 0, 0, 0
L 301.0, 3.0, -5.0, 310.0, 4.0, -13.0, 0, 0, 0
L 299.0, 3.0, -10.0, 301.0, 3.0, -5.0, 0, 0, 0
L 300.0, -44.0, -14.0, 299.0, 3.0, -10.0, 0, 0, 0
L 315.0, -47.0, -14.0, 300.0, -44.0, -14.0, 0, 0, 0
L 315.0, -49.0, -14.0, 315.0, -47.0, -14.0, 0, 0, 0
L 323.0, -45.0, -12.0, 315.0, -49.0, -14.0, 0, 0, 0
L 327.0, -50.0, -12.0, 323.0, -45.0, -12.0, 0, 0, 0
L 330.0, -55.0, -13.0, 327.0, -50.0, -12.0, 0, 0, 0
L 328.0, -59.0, -14.0, 330.0, -55.0, -13.0, 0, 0, 0
L 330.0, -117.0, -14.0, 328.0, -59.0, -14.0, 0, 0, 0
L 316.0, -130.0, -14.0, 330.0, -117.0, -14.0, 0, 0, 0
L 314.0, -135.0, -14.0, 316.0, -130.0, -14.0, 0, 0, 0
L 276.0, -135.0, -14.0, 314.0, -135.0, -14.0, 0, 0, 0
L 272.0, -138.0, -14.0, 276.0, -135.0, -14.0, 0, 0, 0
L 279.0, -154.0, -14.0, 272.0, -138.0, -14.0, 0, 0, 0
L 184.0, -241.0, -19.0, 201.0, -273.0, -17.0, 0, 0, 0
L 148.0, -259.0, -19.0, 184.0, -241.0, -19.0, 0, 0, 0
L 460.0, -519.0, -11.0, 458.0, -509.0, -17.0, 0, 0, 0
L 471.0, -540.0, -11.0, 460.0, -519.0, -11.0, 0, 0, 0
L 484.0, -563.0, -15.0, 471.0, -540.0, -11.0, 0, 0, 0
L 574.0, -547.0, -19.0, 484.0, -563.0, -15.0, 0, 0, 0
L 604.0, -541.0, -19.0, 574.0, -547.0, -19.0, 0, 0, 0
L 612.0, -540.0, -19.0, 604.0, -541.0, -19.0, 0, 0, 0
L 615.0, -539.0, -19.0, 612.0, -540.0, -19.0, 0, 0, 0
L 619.0, -540.0, -19.0, 615.0, -539.0, -19.0, 0, 0, 0
L 638.0, -541.0, -18.0, 619.0, -540.0, -19.0, 0, 0, 0
L 714.0, -550.0, -12.0, 638.0, -541.0, -18.0, 0, 0, 0
L 721.0, -550.0, -12.0, 714.0, -550.0, -12.0, 0, 0, 0
L 732.0, -551.0, -15.0, 721.0, -550.0, -12.0, 0, 0, 0
L 735.0, -551.0, -16.0, 732.0, -551.0, -15.0, 0, 0, 0
L 747.0, -549.0, -19.0, 735.0, -551.0, -16.0, 0, 0, 0
L 780.0, -544.0, -19.0, 747.0, -549.0, -19.0, 0, 0, 0
L 789.0, -543.0, -17.0, 780.0, -544.0, -19.0, 0, 0, 0
L 798.0, -541.0, -18.0, 789.0, -543.0, -17.0, 0, 0, 0
L 879.0, -528.0, -19.0, 798.0, -541.0, -18.0, 0, 0, 0
L 896.0, -526.0, -19.0, 879.0, -528.0, -19.0, 0, 0, 0
L 967.0, -538.0, -19.0, 896.0, -526.0, -19.0, 0, 0, 0
L 976.0, -539.0, -17.0, 967.0, -538.0, -19.0, 0, 0, 0
L 989.0, -542.0, -16.0, 976.0, -539.0, -17.0, 0, 0, 0
L 999.0, -544.0, -15.0, 989.0, -542.0, -16.0, 0, 0, 0
L 1008.0, -545.0, -13.0, 999.0, -544.0, -15.0, 0, 0, 0
L 1022.0, -548.0, -13.0, 1008.0, -545.0, -13.0, 0, 0, 0
L 1036.0, -550.0, -17.0, 1022.0, -548.0, -13.0, 0, 0, 0
L 1095.0, -489.0, -19.0, 1036.0, -550.0, -17.0, 0, 0, 0
L 1075.0, -410.0, -18.0, 1095.0, -489.0, -19.0, 0, 0, 0
L 1071.0, -389.0, -17.0, 1075.0, -410.0, -18.0, 0, 0, 0
L 1065.0, -351.0, -18.0, 1071.0, -389.0, -17.0, 0, 0, 0
L 1063.0, -338.0, -19.0, 1065.0, -351.0, -18.0, 0, 0, 0
L 1058.0, -315.0, -19.0, 1063.0, -338.0, -19.0, 0, 0, 0
L 1080.0, -260.0, -19.0, 1058.0, -315.0, -19.0, 0, 0, 0
L 1083.0, -234.0, -19.0, 1080.0, -260.0, -19.0, 0, 0, 0
L 1100.0, -216.0, 0.0, 1083.0, -234.0, -19.0, 0, 0, 0
L 1105.0, -210.0, 2.0, 1100.0, -216.0, 0.0, 0, 0, 0
L 1157.0, -158.0, -2.0, 1105.0, -210.0, 2.0, 0, 0, 0
L 1174.0, -140.0, -4.0, 1157.0, -158.0, -2.0, 0, 0, 0
L 1187.0, -127.0, -6.0, 1174.0, -140.0, -4.0, 0, 0, 0
L 1190.0, -123.0, -6.0, 1187.0, -127.0, -6.0, 0, 0, 0
L 1199.0, -114.0, -9.0, 1190.0, -123.0, -6.0, 0, 0, 0
L 1200.0, -114.0, -7.0, 1199.0, -114.0, -9.0, 0, 0, 0
L 1210.0, -110.0, -11.0, 1200.0, -114.0, -7.0, 0, 0, 0
L 1215.0, -108.0, -14.0, 1210.0, -110.0, -11.0, 0, 0, 0
L 1217.0, -107.0, -17.0, 1215.0, -108.0, -14.0, 0, 0, 0
L 1233.0, -108.0, 0.0, 1217.0, -107.0, -17.0, 0, 0, 0
L 1243.0, -104.0, -8.0, 1233.0, -108.0, 0.0, 0, 0, 0
L 1246.0, -104.0, -9.0, 1243.0, -104.0, -8.0, 0, 0, 0
L 1248.0, -103.0, -12.0, 1246.0, -104.0, -9.0, 0, 0, 0
L 1258.0, -99.0, -18.0, 1248.0, -103.0, -12.0, 0, 0, 0
L 1294.0, -99.0, -18.0, 1258.0, -99.0, -18.0, 0, 0, 0
L 1303.0, -100.0, -18.0, 1294.0, -99.0, -18.0, 0, 0, 0
L 1307.0, -99.0, -18.0, 1303.0, -100.0, -18.0, 0, 0, 0
L 1350.0, -120.0, -3.0, 1307.0, -99.0, -18.0, 0, 0, 0
L 1354.0, -122.0, -3.0, 1350.0, -120.0, -3.0, 0, 0, 0
L 1355.0, -121.0, -8.0, 1354.0, -122.0, -3.0, 0, 0, 0
L 1364.0, -115.0, -4.0, 1355.0, -121.0, -8.0, 0, 0, 0
L 1375.0, -103.0, -7.0, 1364.0, -115.0, -4.0, 0, 0, 0
L 1414.0, -64.0, -10.0, 1375.0, -103.0, -7.0, 0, 0, 0
L 1417.0, -57.0, -15.0, 1414.0, -64.0, -10.0, 0, 0, 0
L 1418.0, -53.0, -16.0, 1417.0, -57.0, -15.0, 0, 0, 0
L 1426.0, -20.0, -18.0, 1418.0, -53.0, -16.0, 0, 0, 0
L 1427.0, -15.0, -18.0, 1426.0, -20.0, -18.0, 0, 0, 0
L 1429.0, -10.0, -18.0, 1427.0, -15.0, -18.0, 0, 0, 0
L 1430.0, -7.0, -18.0, 1429.0, -10.0, -18.0, 0, 0, 0
L 1437.0, 20.0, -18.0, 1430.0, -7.0, -18.0, 0, 0, 0
L 1437.0, 50.0, -18.0, 1437.0, 20.0, -18.0, 0, 0, 0
L 1436.0, 106.0, -17.0, 1437.0, 50.0, -18.0, 0, 0, 0
L 1435.0, 110.0, -17.0, 1436.0, 106.0, -17.0, 0, 0, 0
L 1430.0, 121.0, -17.0, 1435.0, 110.0, -17.0, 0, 0, 0
L 1437.0, 130.0, -12.0, 1430.0, 121.0, -17.0, 0, 0, 0
L 1463.0, 157.0, -15.0, 1437.0, 130.0, -12.0, 0, 0, 0
L 1466.0, 160.0, -16.0, 1463.0, 157.0, -15.0, 0, 0, 0
L 1472.0, 168.0, -18.0, 1466.0, 160.0, -16.0, 0, 0, 0
L 264.0, 85.0, -14.0, 279.0, 83.0, -14.0, 0, 0, 0
L 279.0, 83.0, -14.0, 299.0, 84.0, -14.0, 0, 0, 0
L 299.0, 84.0, -14.0, 300.0, 88.0, -11.0, 0, 0, 0
L 300.0, 88.0, -11.0, 301.0, 87.0, -10.0, 0, 0, 0
L 301.0, 87.0, -10.0, 309.0, 87.0, -10.0, 0, 0, 0
L 309.0, 87.0, -10.0, 308.0, 97.0, -11.0, 0, 0, 0
L 308.0, 97.0, -11.0, 299.0, 109.0, -14.0, 0, 0, 0
L 299.0, 109.0, -14.0, 299.0, 233.0, -14.0, 0, 0, 0
L 299.0, 233.0, -14.0, 315.0, 233.0, -14.0, 0, 0, 0
L 315.0, 233.0, -14.0, 317.0, 238.0, -14.0, 0, 0, 0
L 317.0, 238.0, -14.0, 330.0, 249.0, -14.0, 0, 0, 0
L 330.0, 249.0, -14.0, 330.0, 305.0, -14.0, 0, 0, 0
L 330.0, 305.0, -14.0, 332.0, 314.0, -13.0, 0, 0, 0
L 332.0, 314.0, -13.0, 331.0, 315.0, -12.0, 0, 0, 0
L 331.0, 315.0, -12.0, 322.0, 322.0, -11.0, 0, 0, 0
L 322.0, 322.0, -11.0, 321.0, 322.0, -12.0, 0, 0, 0
L 321.0, 322.0, -12.0, 315.0, 322.0, -14.0, 0, 0, 0
L 315.0, 322.0, -14.0, 265.0, 323.0, -14.0, 0, 0, 0
L 265.0, 323.0, -14.0, 280.0, 352.0, -18.0, 0, 0, 0
L 280.0, 352.0, -18.0, 299.0, 348.0, -19.0, 0, 0, 0
L 299.0, 348.0, -19.0, 309.0, 379.0, -19.0, 0, 0, 0
L 309.0, 379.0, -19.0, 279.0, 393.0, -17.0, 0, 0, 0
L 160.0, 874.0, 14.0, 160.0, 873.0, 14.0, 0, 0, 0
L 458.0, 673.0, -19.0, 462.0, 678.0, -19.0, 0, 0, 0
L 462.0, 678.0, -19.0, 467.0, 689.0, -18.0, 0, 0, 0
L 467.0, 689.0, -18.0, 473.0, 703.0, -18.0, 0, 0, 0
L 473.0, 703.0, -18.0, 460.0, 709.0, -19.0, 0, 0, 0
L 460.0, 709.0, -19.0, 483.0, 755.0, -19.0, 0, 0, 0
L 483.0, 755.0, -19.0, 498.0, 760.0, -19.0, 0, 0, 0
L 498.0, 760.0, -19.0, 536.0, 773.0, -18.0, 0, 0, 0
L 536.0, 773.0, -18.0, 564.0, 782.0, -17.0, 0, 0, 0
L 564.0, 782.0, -17.0, 586.0, 790.0, -17.0, 0, 0, 0
L 586.0, 790.0, -17.0, 596.0, 793.0, -17.0, 0, 0, 0
L 596.0, 793.0, -17.0, 600.0, 794.0, -16.0, 0, 0, 0
L 606.0, 796.0, -15.0, 626.0, 804.0, -5.0, 0, 0, 0
L 626.0, 804.0, -5.0, 650.0, 811.0, -11.0, 0, 0, 0
L 650.0, 811.0, -11.0, 661.0, 813.0, -14.0, 0, 0, 0
L 673.0, 816.0, -18.0, 680.0, 818.0, -18.0, 0, 0, 0
L 680.0, 818.0, -18.0, 680.0, 259.0, -18.0, 150, 150, 150
L 680.0, 259.0, -18.0, 685.0, 258.0, -18.0, 150, 150, 150
L 746.9, 239.7, -18.2, 746.9, 244.4, -15.8, 0, 0, 0
L 746.6, 258.6, -8.7, 746.4, 282.2, -8.7, 0, 0, 0
L 776.6, 458.0, -9.0, 692.0, 458.0, -9.0, 0, 0, 0
L 692.0, 458.0, -9.0, 692.0, 290.0, -9.0, 0, 0, 0
L 680.0, 818.0, -18.0, 748.0, 779.0, -9.0, 0, 0, 0
L 748.0, 779.0, -9.0, 750.0, 545.0, -9.0, 0, 0, 0
L 750.0, 545.0, -9.0, 750.0, 544.0, -9.0, 0, 0, 0
L 750.0, 544.0, -9.0, 769.0, 526.0, -9.0, 0, 0, 0
L 1005.0, 526.0, -9.0, 1026.0, 549.0, -9.0, 0, 0, 0
L 1026.0, 549.0, -9.0, 1026.0, 778.0, -9.0, 0, 0, 0
L 1026.0, 778.0, -9.0, 1140.0, 778.0, -7.0, 0, 0, 0
L 1140.0, 778.0, -7.0, 1170.0, 750.0, -1.0, 0, 0, 0
L 1170.0, 750.0, -1.0, 1170.0, 747.0, 4.0, 0, 0, 0
L 1170.0, 747.0, 4.0, 1171.0, 741.0, 12.0, 0, 0, 0
L 1171.0, 741.0, 12.0, 1171.0, 728.0, 21.0, 0, 0, 0
L 1171.0, 728.0, 21.0, 1169.0, 709.0, 31.0, 0, 0, 0
L 1169.0, 709.0, 31.0, 1168.0, 705.0, 33.0, 0, 0, 0
L 1168.0, 705.0, 33.0, 1168.0, 699.0, 36.0, 0, 0, 0
L 1168.0, 699.0, 36.0, 1167.0, 693.0, 37.0, 0, 0, 0
L 1167.0, 693.0, 37.0, 1166.0, 690.0, 39.0, 0, 0, 0
L 1166.0, 690.0, 39.0, 1166.0, 680.0, 44.0, 0, 0, 0
L 1166.0, 680.0, 44.0, 1165.0, 652.0, 52.0, 0, 0, 0
L 1165.0, 652.0, 52.0, 1157.0, 626.0, 55.0, 0, 0, 0
L 1157.0, 626.0, 55.0, 1155.0, 610.0, 59.0, 0, 0, 0
L 1155.0, 610.0, 59.0, 1156.0, 606.0, 58.0, 0, 0, 0
L 1156.0, 606.0, 58.0, 1157.0, 598.0, 57.0, 0, 0, 0
L 1157.0, 598.0, 57.0, 1157.0, 595.0, 56.0, 0, 0, 0
L 1157.0, 595.0, 56.0, 1158.0, 592.0, 56.0, 0, 0, 0
L 1158.0, 592.0, 56.0, 1158.0, 589.0, 55.0, 0, 0, 0
L 1158.0, 589.0, 55.0, 1158.0, 586.0, 55.0, 0, 0, 0
L 1158.0, 586.0, 55.0, 1159.0, 583.0, 54.0, 0, 0, 0
L 1159.0, 583.0, 54.0, 1159.0, 575.0, 52.0, 0, 0, 0
L 1159.0, 575.0, 52.0, 1160.0, 571.0, 52.0, 0, 0, 0
L 1160.0, 571.0, 52.0, 1161.0, 558.0, 49.0, 0, 0, 0
L 1161.0, 558.0, 49.0, 1161.0, 555.0, 48.0, 0, 0, 0
L 1161.0, 555.0, 48.0, 1162.0, 552.0, 47.0, 0, 0, 0
L 1162.0, 552.0, 47.0, 1162.0, 542.0, 45.0, 0, 0, 0
L 1162.0, 542.0, 45.0, 1162.0, 508.0, 36.0, 0, 0, 0
L 1162.0, 508.0, 36.0, 1161.0, 495.0, 27.0, 0, 0, 0
L 1161.0, 495.0, 27.0, 1161.0, 492.0, 24.0, 0, 0, 0
L 1161.0, 492.0, 24.0, 1161.0, 486.0, 19.0, 0, 0, 0
L 1161.0, 486.0, 19.0, 1160.0, 483.0, 19.0, 0, 0, 0
L 1160.0, 483.0, 19.0, 1160.0, 480.0, 17.0, 0, 0, 0
L 1160.0, 480.0, 17.0, 1160.0, 477.0, 17.0, 0, 0, 0
L 1160.0, 477.0, 17.0, 1159.0, 474.0, 17.0, 0, 0, 0
L 1159.0, 474.0, 17.0, 1158.0, 464.0, 15.0, 0, 0, 0
L 1158.0, 464.0, 15.0, 1157.0, 461.0, 13.0, 0, 0, 0
L 1157.0, 461.0, 13.0, 1156.0, 457.0, 13.0, 0, 0, 0
L 1156.0, 457.0, 13.0, 1155.0, 451.0, 10.0, 0, 0, 0
L 1155.0, 451.0, 10.0, 1153.0, 439.0, 7.0, 0, 0, 0
L 1153.0, 439.0, 7.0, 1152.0, 436.0, 5.0, 0, 0, 0
L 1152.0, 436.0, 5.0, 1152.0, 433.0, 5.0, 0, 0, 0
L 1152.0, 433.0, 5.0, 1150.0, 422.0, 0.0, 0, 0, 0
L 1150.0, 422.0, 0.0, 1150.0, 417.0, -4.0, 0, 0, 0
L 1150.0, 417.0, -4.0, 1148.0, 407.0, -7.0, 0, 0, 0
L 1148.0, 407.0, -7.0, 1148.0, 401.0, -9.0, 0, 0, 0
L 1148.0, 401.0, -9.0, 1147.0, 389.0, -9.0, 0, 0, 0
L 1147.0, 389.0, -9.0, 1146.0, 368.0, -9.0, 0, 0, 0
L 1146.0, 368.0, -9.0, 1142.0, 324.0, -9.0, 0, 0, 0
L 1142.0, 324.0, -9.0, 1141.0, 318.0, -9.0, 0, 0, 0
L 1141.0, 318.0, -9.0, 1139.0, 311.0, -9.0, 0, 0, 0
L 1139.0, 311.0, -9.0, 1134.0, 298.0, -9.0, 0, 0, 0
L 1134.0, 298.0, -9.0, 1125.0, 277.0, -9.0, 0, 0, 0
L 1125.0, 277.0, -9.0, 1119.0, 266.0, -9.0, 0, 0, 0
L 1119.0, 266.0, -9.0, 1115.0, 257.0, -9.0, 0, 0, 0
L 1115.0, 257.0, -9.0, 1113.0, 252.0, -11.0, 0, 0, 0
L 1113.0, 252.0, -11.0, 1110.0, 247.0, -15.0, 0, 0, 0
L 1110.0, 247.0, -15.0, 1106.0, 241.0, -17.0, 0, 0, 0
L 1106.0, 241.0, -17.0, 1104.0, 236.0, -19.0, 0, 0, 0
L 1104.0, 236.0, -19.0, 1101.0, 230.0, -17.0, 0, 0, 0
L 1101.0, 230.0, -17.0, 1100.0, 207.0, -19.0, 0, 0, 0
L 1100.0, 207.0, -19.0, 1100.0, 192.0, -19.0, 0, 0, 0
L 1100.0, 192.0, -19.0, 1101.0, 180.0, -19.0, 0, 0, 0
L 1101.0, 180.0, -19.0, 1101.0, 172.0, -17.0, 0, 0, 0
L 1101.0, 172.0, -17.0, 1102.0, 127.0, -18.0, 0, 0, 0
L 1102.0, 127.0, -18.0, 1113.0, 111.0, -19.0, 0, 0, 0
L 1113.0, 111.0, -19.0, 1133.0, 90.0, -19.0, 0, 0, 0
L 1133.0, 90.0, -19.0, 1179.0, 47.0, -18.0, 0, 0, 0
L 1179.0, 47.0, -18.0, 1188.0, 39.0, -18.0, 0, 0, 0
L 1188.0, 39.0, -18.0, 1198.0, 31.0, -18.0, 0, 0, 0
L 1198.0, 31.0, -18.0, 1204.0, 28.0, -18.0, 0, 0, 0
L 1204.0, 28.0, -18.0, 1209.0, 25.0, -19.0, 0, 0, 0
L 1209.0, 25.0, -19.0, 1232.0, 28.0, -18.0, 0, 0, 0
L 1232.0, 28.0, -18.0, 1238.0, 30.0, -18.0, 0, 0, 0
L 1238.0, 30.0, -18.0, 1245.0, 34.0, -18.0, 0, 0, 0
L 1245.0, 34.0, -18.0, 1248.0, 38.0, -18.0, 0, 0, 0
L 1248.0, 38.0, -18.0, 1255.0, 45.0, -18.0, 0, 0, 0
L 1255.0, 45.0, -18.0, 1283.0, 73.0, -19.0, 0, 0, 0
L 1283.0, 73.0, -19.0, 1313.0, 102.0, -18.0, 0, 0, 0
L 1313.0, 102.0, -18.0, 1325.0, 115.0, -17.0, 0, 0, 0
L 1325.0, 115.0, -17.0, 1331.0, 122.0, -17.0, 0, 0, 0
L 1331.0, 122.0, -17.0, 1335.0, 127.0, -17.0, 0, 0, 0
L 1335.0, 127.0, -17.0, 1338.0, 134.0, -18.0, 0, 0, 0
L 1338.0, 134.0, -18.0, 1339.0, 137.0, -18.0, 0, 0, 0
L 1339.0, 137.0, -18.0, 1343.0, 151.0, -19.0, 0, 0, 0
L 1343.0, 151.0, -19.0, 1351.0, 179.0, -17.0, 0, 0, 0
L 1351.0, 179.0, -17.0, 1357.0, 200.0, -17.0, 0, 0, 0
L 1357.0, 200.0, -17.0, 1356.0, 205.0, -17.0, 0, 0, 0
L 1356.0, 205.0, -17.0, 1353.0, 214.0, -18.0, 0, 0, 0
L 1353.0, 214.0, -18.0, 1350.0, 225.0, -18.0, 0, 0, 0
L 1350.0, 225.0, -18.0, 1348.0, 234.0, -19.0, 0, 0, 0
L 1348.0, 234.0, -19.0, 1346.0, 245.0, -14.0, 0, 0, 0
L 1102.0, 127.0, -18.0, 1094.0, 128.0, -19.0, 0, 0, 255
L 1094.0, 128.0, -19.0, 1069.0, 123.0, -19.0, 0, 0, 255
L 1069.0, 123.0, -19.0, 1051.0, 117.0, -19.0, 0, 0, 255
L 1051.0, 117.0, -19.0, 1034.0, 121.0, -19.0, 0, 0, 255
L 1034.0, 121.0, -19.0, 1016.0, 124.0, -19.0, 0, 0, 255
L 1016.0, 124.0, -19.0, 1005.0, 120.0, -19.0, 0, 0, 255
L 1005.0, 120.0, -19.0, 995.0, 119.0, -19.0, 0, 0, 255
L 995.0, 119.0, -19.0, 975.0, 117.0, -19.0, 0, 0, 255
L 975.0, 117.0, -19.0, 954.0, 119.0, -19.0, 0, 0, 255
L 954.0, 119.0, -19.0, 933.0, 115.0, -19.0, 0, 0, 255
L 933.0, 115.0, -19.0, 916.0, 109.0, -20.0, 0, 0, 255
L 916.0, 109.0, -20.0, 912.0, 105.0, -20.0, 0, 0, 255
L 912.0, 105.0, -20.0, 905.0, 97.0, -20.0, 0, 0, 255
L 905.0, 97.0, -20.0, 895.0, 88.0, -20.0, 0, 0, 255
L 895.0, 88.0, -20.0, 875.0, 80.0, -19.0, 0, 0, 255
L 875.0, 80.0, -19.0, 857.0, 69.0, -19.0, 0, 0, 255
L 857.0, 69.0, -19.0, 836.0, 63.0, -20.0, 0, 0, 255
L 836.0, 63.0, -20.0, 826.0, 63.0, -11.0, 0, 0, 255
L 837.0, 115.0, -11.0, 860.0, 123.0, -20.0, 0, 0, 255
L 860.0, 123.0, -20.0, 879.0, 138.0, -20.0, 0, 0, 255
L 879.0, 138.0, -20.0, 896.0, 155.0, -20.0, 0, 0, 255
L 896.0, 155.0, -20.0, 897.0, 156.0, -20.0, 0, 0, 0
L 897.0, 156.0, -20.0, 913.0, 168.0, -20.0, 0, 0, 255
L 913.0, 168.0, -20.0, 917.0, 171.0, -20.0, 0, 0, 255
L 917.0, 171.0, -20.0, 931.0, 176.0, -20.0, 0, 0, 255
L 931.0, 176.0, -20.0, 940.0, 179.0, -20.0, 0, 0, 255
L 940.0, 179.0, -20.0, 952.0, 181.0, -19.0, 0, 0, 255
L 952.0, 181.0, -19.0, 961.0, 182.0, -19.0, 0, 0, 255
L 961.0, 182.0, -19.0, 999.0, 177.0, -19.0, 0, 0, 255
L 999.0, 177.0, -19.0, 1009.0, 179.0, -19.0, 0, 0, 255
L 1009.0, 179.0, -19.0, 1037.0, 182.0, -19.0, 0, 0, 255
L 1037.0, 182.0, -19.0, 1043.0, 180.0, -19.0, 0, 0, 255
L 1043.0, 180.0, -19.0, 1053.0, 179.0, -19.0, 0, 0, 255
L 1053.0, 179.0, -19.0, 1061.0, 178.0, -19.0, 0, 0, 255
L 1061.0, 178.0, -19.0, 1083.0, 179.0, -19.0, 0, 0, 255
L 1083.0, 179.0, -19.0, 1095.0, 180.0, -19.0, 0, 0, 255
L 1095.0, 180.0, -19.0, 1101.0, 180.0, -19.0, 0, 0, 255
L 1125.0, 277.0, -9.0, 1087.0, 260.0, -19.0, 150, 150, 150
L 875.0, -231.0, -13.0, 875.0, -309.0, -13.0, 0, 0, 0
L 875.0, -309.0, -13.0, 877.0, -310.0, -16.0, 0, 0, 0
L 877.0, -310.0, -16.0, 877.0, -327.0, -16.0, 0, 0, 0
L 877.0, -327.0, -16.0, 860.0, -327.0, -16.0, 0, 0, 0
L 860.0, -327.0, -16.0, 859.0, -325.0, -13.0, 0, 0, 0
L 859.0, -325.0, -13.0, 821.0, -325.0, -13.0, 0, 0, 0
L 821.0, -325.0, -13.0, 820.0, -327.0, -16.0, 0, 0, 0
L 820.0, -327.0, -16.0, 806.0, -327.0, -16.0, 0, 0, 0
L 806.0, -327.0, -16.0, 804.0, -325.0, -13.0, 0, 0, 0
L 804.0, -325.0, -13.0, 765.0, -325.0, -13.0, 0, 0, 0
L 765.0, -325.0, -13.0, 765.0, -320.0, -13.0, 0, 0, 0
L 765.0, -320.0, -13.0, 805.0, -320.0, -10.0, 0, 0, 0
L 805.0, -320.0, -10.0, 805.0, -311.0, -13.0, 0, 0, 0
L 805.0, -311.0, -13.0, 820.0, -311.0, -13.0, 0, 0, 0
L 820.0, -311.0, -13.0, 820.0, -320.0, -9.0, 0, 0, 0
L 820.0, -320.0, -9.0, 859.0, -320.0, -9.0, 0, 0, 0
L 859.0, -320.0, -9.0, 859.0, -310.0, -13.0, 0, 0, 0
L 859.0, -310.0, -13.0, 870.0, -309.0, -13.0, 0, 0, 0
L 870.0, -309.0, -13.0, 870.0, -231.0, -13.0, 0, 0, 0
L 870.0, -231.0, -13.0, 860.0, -231.0, -13.0, 0, 0, 0
L 860.0, -231.0, -13.0, 859.0, -220.0, -9.0, 0, 0, 0
L 859.0, -220.0, -9.0, 820.0, -220.0, -9.0, 0, 0, 0
L 820.0, -220.0, -9.0, 820.0, -229.0, -13.0, 0, 0, 0
L 820.0, -229.0, -13.0, 805.0, -229.0, -13.0, 0, 0, 0
L 805.0, -229.0, -13.0, 804.0, -220.0, -13.0, 0, 0, 0
L 804.0, -220.0, -13.0, 713.0, -220.0, -13.0, 0, 0, 0
L 713.0, -220.0, -13.0, 713.0, -231.0, -13.0, 0, 0, 0
L 713.0, -231.0, -13.0, 702.0, -231.0, -13.0, 0, 0, 0
L 702.0, -231.0, -13.0, 702.0, -309.0, -13.0, 0, 0, 0
L 702.0, -309.0, -13.0, 713.0, -309.0, -13.0, 0, 0, 0
L 713.0, -309.0, -13.0, 713.0, -320.0, -13.0, 0, 0, 0
L 713.0, -320.0, -13.0, 740.0, -320.0, -13.0, 0, 0, 0
L 740.0, -320.0, -13.0, 740.0, -325.0, -13.0, 0, 0, 0
L 740.0, -325.0, -13.0, 713.0, -325.0, -13.0, 0, 0, 0
L 713.0, -325.0, -13.0, 712.0, -327.0, -16.0, 0, 0, 0
L 712.0, -327.0, -16.0, 696.0, -327.0, -16.0, 0, 0, 0
L 696.0, -327.0, -16.0, 695.0, -310.0, -16.0, 0, 0, 0
L 695.0, -310.0, -16.0, 698.0, -309.0, -13.0, 0, 0, 0
L 698.0, -309.0, -13.0, 698.0, -231.0, -13.0, 0, 0, 0
L 698.0, -231.0, -13.0, 695.0, -230.0, -16.0, 0, 0, 0
L 695.0, -230.0, -16.0, 695.0, -214.0, -16.0, 0, 0, 0
L 695.0, -214.0, -16.0, 713.0, -213.0, -16.0, 0, 0, 0
L 713.0, -213.0, -16.0, 713.0, -215.0, -13.0, 0, 0, 0
L 713.0, -215.0, -13.0, 804.0, -215.0, -13.0, 0, 0, 0
L 804.0, -215.0, -13.0, 805.0, -213.0, -16.0, 0, 0, 0
L 805.0, -213.0, -16.0, 820.0, -213.0, -16.0, 0, 0, 0
L 820.0, -213.0, -16.0, 821.0, -215.0, -13.0, 0, 0, 0
L 821.0, -215.0, -13.0, 859.0, -215.0, -13.0, 0, 0, 0
L 859.0, -215.0, -13.0, 860.0, -213.0, -16.0, 0, 0, 0
L 860.0, -213.0, -16.0, 876.0, -213.0, -16.0, 0, 0, 0
L 876.0, -213.0, -16.0, 877.0, -230.0, -16.0, 0, 0, 0
L 877.0, -230.0, -16.0, 875.0, -231.0, -13.0, 0, 0, 0
L 756.0, 64.0, -11.0, 736.0, 70.0, -18.0, 0, 0, 255
L 736.0, 70.0, -18.0, 717.0, 83.0, -18.0, 0, 0, 255
L 717.0, 83.0, -18.0, 696.0, 90.0, -18.0, 0, 0, 255
L 696.0, 90.0, -18.0, 676.0, 110.0, -18.0, 0, 0, 255
L 676.0, 110.0, -18.0, 645.0, 130.0, -18.0, 0, 0, 255
L 645.0, 130.0, -18.0, 637.0, 150.0, -18.0, 0, 0, 255
L 637.0, 150.0, -18.0, 618.0, 170.0, -16.0, 0, 0, 255
L 618.0, 170.0, -16.0, 610.0, 190.0, -17.0, 0, 0, 255
L 610.0, 190.0, -17.0, 576.0, 229.0, -17.0, 0, 0, 255
L 576.0, 229.0, -17.0, 562.0, 250.0, -17.0, 0, 0, 255
L 562.0, 250.0, -17.0, 555.0, 272.0, -17.0, 0, 0, 255
L 555.0, 272.0, -17.0, 542.0, 290.0, -17.0, 0, 0, 255
L 542.0, 290.0, -17.0, 536.0, 310.0, -17.0, 0, 0, 255
L 536.0, 310.0, -17.0, 536.0, 329.0, -17.0, 0, 0, 255
L 536.0, 329.0, -17.0, 541.0, 350.0, -17.0, 0, 0, 255
L 541.0, 350.0, -17.0, 542.0, 370.0, -17.0, 0, 0, 255
L 542.0, 370.0, -17.0, 536.0, 390.0, -17.0, 0, 0, 255
L 536.0, 390.0, -17.0, 543.0, 411.0, -17.0, 0, 0, 255
L 543.0, 411.0, -17.0, 555.0, 429.0, -17.0, 0, 0, 255
L 555.0, 429.0, -17.0, 563.0, 450.0, -17.0, 0, 0, 255
L 563.0, 450.0, -17.0, 582.0, 470.0, -17.0, 0, 0, 255
L 582.0, 470.0, -17.0, 610.0, 490.0, -17.0, 0, 0, 255
L 610.0, 490.0, -17.0, 606.0, 515.0, -17.0, 0, 0, 255
L 606.0, 515.0, -17.0, 600.0, 534.0, -17.0, 0, 0, 255
L 600.0, 534.0, -17.0, 604.0, 557.0, -17.0, 0, 0, 255
L 604.0, 557.0, -17.0, 606.0, 574.0, -17.0, 0, 0, 255
L 606.0, 574.0, -17.0, 600.0, 592.0, -17.0, 0, 0, 255
L 600.0, 592.0, -17.0, 599.0, 609.0, -17.0, 0, 0, 255
L 599.0, 609.0, -17.0, 601.0, 631.0, -17.0, 0, 0, 255
L 601.0, 631.0, -17.0, 599.0, 650.0, -17.0, 0, 0, 255
L 599.0, 650.0, -17.0, 601.0, 670.0, -17.0, 0, 0, 255
L 601.0, 670.0, -17.0, 598.0, 691.0, -17.0, 0, 0, 255
L 598.0, 691.0, -17.0, 600.0, 708.0, -17.0, 0, 0, 255
L 600.0, 708.0, -17.0, 606.0, 727.0, -17.0, 0, 0, 255
L 606.0, 727.0, -17.0, 600.0, 767.0, -17.0, 0, 0, 255
L 600.0, 767.0, -17.0, 600.0, 794.0, -16.0, 0, 0, 255
L 661.0, 813.0, -14.0, 659.0, 789.0, -17.0, 0, 0, 255
L 659.0, 789.0, -17.0, 659.0, 770.0, -17.0, 0, 0, 255
L 659.0, 770.0, -17.0, 663.0, 751.0, -17.0, 0, 0, 255
L 663.0, 751.0, -17.0, 658.0, 709.0, -17.0, 0, 0, 255
L 658.0, 709.0, -17.0, 663.0, 670.0, -17.0, 0, 0, 255
L 663.0, 670.0, -17.0, 659.0, 650.0, -17.0, 0, 0, 255
L 659.0, 650.0, -17.0, 663.0, 630.0, -17.0, 0, 0, 255
L 663.0, 630.0, -17.0, 658.0, 590.0, -17.0, 0, 0, 255
L 658.0, 590.0, -17.0, 663.0, 550.0, -17.0, 0, 0, 255
L 663.0, 550.0, -17.0, 659.0, 530.0, -17.0, 0, 0, 255
L 659.0, 530.0, -17.0, 659.0, 510.0, -17.0, 0, 0, 255
L 659.0, 510.0, -17.0, 662.0, 490.0, -17.0, 0, 0, 255
L 662.0, 490.0, -17.0, 653.0, 469.0, -17.0, 0, 0, 255
L 653.0, 469.0, -17.0, 638.0, 449.0, -17.0, 0, 0, 255
L 638.0, 449.0, -17.0, 617.0, 429.0, -17.0, 0, 0, 255
L 617.0, 429.0, -17.0, 604.0, 410.0, -17.0, 0, 0, 255
L 604.0, 410.0, -17.0, 598.0, 389.0, -17.0, 0, 0, 255
L 598.0, 389.0, -17.0, 597.0, 369.0, -17.0, 0, 0, 255
L 597.0, 369.0, -17.0, 591.0, 350.0, -17.0, 0, 0, 255
L 591.0, 350.0, -17.0, 586.0, 330.0, -17.0, 0, 0, 255
L 586.0, 330.0, -17.0, 586.0, 310.0, -17.0, 0, 0, 255
L 586.0, 310.0, -17.0, 593.0, 290.0, -17.0, 0, 0, 255
L 593.0, 290.0, -17.0, 607.0, 270.0, -17.0, 0, 0, 255
L 607.0, 270.0, -17.0, 626.0, 260.0, -17.0, 0, 0, 255
L 626.0, 260.0, -17.0, 663.0, 189.0, -18.0, 0, 0, 255
L 663.0, 189.0, -18.0, 681.0, 180.0, -18.0, 0, 0, 255
L 681.0, 180.0, -18.0, 698.0, 165.0, -18.0, 0, 0, 255
L 698.0, 165.0, -18.0, 716.0, 145.0, -18.0, 0, 0, 255
L 716.0, 145.0, -18.0, 736.0, 132.0, -18.0, 0, 0, 255
L 736.0, 132.0, -18.0, 756.0, 125.0, -11.0, 0, 0, 255
L 220.0, -311.0, -17.0, 293.0, -458.0, -17.0, 0, 0, 0
L 293.0, -458.0, -17.0, 305.0, -452.0, -17.0, 0, 0, 0
L 305.0, -452.0, -17.0, 294.0, -429.0, -17.0, 0, 0, 0
L 294.0, -429.0, -17.0, 365.0, -394.0, -17.0, 0, 0, 0
L 365.0, -394.0, -17.0, 376.0, -416.0, -17.0, 0, 0, 0
L 376.0, -416.0, -17.0, 388.0, -411.0, -17.0, 0, 0, 0
L 388.0, -411.0, -17.0, 314.0, -264.0, -17.0, 0, 0, 0
L 314.0, -264.0, -17.0, 302.0, -269.0, -17.0, 0, 0, 0
L 302.0, -269.0, -17.0, 317.0, -300.0, -17.0, 0, 0, 0
L 317.0, -300.0, -17.0, 247.0, -335.0, -17.0, 0, 0, 0
L 247.0, -335.0, -17.0, 232.0, -305.0, -17.0, 0, 0, 0
L 232.0, -305.0, -17.0, 220.0, -311.0, -17.0, 0, 0, 0
L -300.0, -580.0, -17.0, -311.0, -586.0, -17.0, 0, 0, 0
L -311.0, -586.0, -17.0, -300.0, -608.0, -17.0, 0, 0, 0
L -331.0, -624.0, -17.0, -376.0, -533.0, -17.0, 199, 21, 133
L -345.0, -518.0, -17.0, -330.0, -548.0, -17.0, 0, 0, 0
L -330.0, -548.0, -17.0, -319.0, -542.0, -17.0, 0, 0, 0
L -319.0, -542.0, -17.0, -339.0, -502.0, -17.0, 0, 0, 0
L -339.0, -502.0, -17.0, -300.0, -483.0, -17.0, 0, 0, 0
L -300.0, -483.0, -17.0, -240.0, -604.0, -17.0, 0, 0, 0
L -240.0, -604.0, -17.0, -233.0, -601.0, -12.0, 0, 0, 0
L -189.0, -580.0, 16.0, -186.0, -584.0, 16.0, 0, 0, 0
L -166.0, -626.0, 16.0, -164.0, -631.0, 16.0, 0, 0, 0
L -164.0, -631.0, 16.0, -170.0, -634.0, 11.0, 0, 0, 0
L -213.0, -655.0, -17.0, -153.0, -778.0, -17.0, 0, 0, 0
L -153.0, -778.0, -17.0, -191.0, -797.0, -17.0, 0, 0, 0
L -191.0, -797.0, -17.0, -207.0, -765.0, -17.0, 0, 0, 0
L -207.0, -765.0, -17.0, -219.0, -771.0, -17.0, 0, 0, 0
L -219.0, -771.0, -17.0, -208.0, -793.0, -17.0, 0, 0, 0
L -244.0, -812.0, -17.0, -289.0, -721.0, -17.0, 199, 21, 133
L -253.0, -703.0, -17.0, -238.0, -733.0, -17.0, 0, 0, 0
L -238.0, -733.0, -17.0, -226.0, -727.0, -17.0, 0, 0, 0
L -226.0, -727.0, -17.0, -300.0, -580.0, -17.0, 0, 0, 0
L 201.0, -273.0, -17.0, 213.0, -267.0, -17.0, 0, 0, 0
L 213.0, -267.0, -17.0, 201.0, -244.0, -17.0, 0, 0, 0
L 201.0, -244.0, -17.0, 272.0, -209.0, -17.0, 0, 0, 0
L 272.0, -209.0, -17.0, 283.0, -231.0, -17.0, 0, 0, 0
L 283.0, -231.0, -17.0, 295.0, -226.0, -17.0, 0, 0, 0
L 295.0, -226.0, -17.0, 279.0, -193.0, -17.0, 0, 0, 0
L 279.0, -193.0, -17.0, 311.0, -177.0, -17.0, 0, 0, 0
L 311.0, -177.0, -17.0, 298.0, -153.0, -16.0, 0, 0, 0
L 298.0, -153.0, -16.0, 279.0, -154.0, -14.0, 0, 0, 0
L 458.0, -509.0, -17.0, 473.0, -502.0, -17.0, 0, 0, 0
L 473.0, -502.0, -17.0, 460.0, -474.0, -17.0, 0, 0, 0
L 460.0, -474.0, -17.0, 427.0, -489.0, -17.0, 0, 0, 0
L 427.0, -489.0, -17.0, 407.0, -449.0, -17.0, 0, 0, 0
L 407.0, -449.0, -17.0, 395.0, -454.0, -17.0, 0, 0, 0
L 395.0, -454.0, -17.0, 410.0, -485.0, -17.0, 0, 0, 0
L 410.0, -485.0, -17.0, 339.0, -520.0, -17.0, 0, 0, 0
L 339.0, -520.0, -17.0, 324.0, -490.0, -17.0, 0, 0, 0
L 324.0, -490.0, -17.0, 312.0, -496.0, -17.0, 0, 0, 0
L 312.0, -496.0, -17.0, 332.0, -536.0, -17.0, 0, 0, 0
L 332.0, -536.0, -17.0, 294.0, -554.0, -19.0, 0, 0, 0
L 185.0, 440.0, -17.0, 201.0, 473.0, -17.0, 0, 0, 0
L 201.0, 473.0, -17.0, 213.0, 467.0, -17.0, 0, 0, 0
L 213.0, 467.0, -17.0, 201.0, 444.0, -17.0, 0, 0, 0
L 201.0, 444.0, -17.0, 272.0, 409.0, -17.0, 0, 0, 0
L 272.0, 409.0, -17.0, 283.0, 431.0, -17.0, 0, 0, 0
L 283.0, 431.0, -17.0, 295.0, 426.0, -17.0, 0, 0, 0
L 295.0, 426.0, -17.0, 279.0, 393.0, -17.0, 0, 0, 0
L 314.0, 464.0, -17.0, 388.0, 611.0, -17.0, 0, 0, 0
L 388.0, 611.0, -17.0, 376.0, 616.0, -17.0, 0, 0, 0
L 376.0, 616.0, -17.0, 365.0, 594.0, -17.0, 0, 0, 0
L 365.0, 594.0, -17.0, 294.0, 629.0, -17.0, 0, 0, 0
L 294.0, 629.0, -17.0, 305.0, 652.0, -17.0, 0, 0, 0
L 305.0, 652.0, -17.0, 293.0, 658.0, -17.0, 0, 0, 0
L 293.0, 658.0, -17.0, 220.0, 511.0, -17.0, 0, 0, 0
L 220.0, 511.0, -17.0, 232.0, 505.0, -17.0, 0, 0, 0
L 232.0, 505.0, -17.0, 247.0, 535.0, -17.0, 0, 0, 0
L 247.0, 535.0, -17.0, 317.0, 500.0, -17.0, 0, 0, 0
L 317.0, 500.0, -17.0, 302.0, 469.0, -17.0, 0, 0, 0
L 302.0, 469.0, -17.0, 314.0, 464.0, -17.0, 0, 0, 0
L 427.0, 689.0, -17.0, 407.0, 649.0, -17.0, 0, 0, 0
L 407.0, 649.0, -17.0, 395.0, 654.0, -17.0, 0, 0, 0
L 395.0, 654.0, -17.0, 410.0, 685.0, -17.0, 0, 0, 0
L 410.0, 685.0, -17.0, 339.0, 720.0, -17.0, 0, 0, 0
L 339.0, 720.0, -17.0, 324.0, 690.0, -17.0, 0, 0, 0
L 324.0, 690.0, -17.0, 312.0, 696.0, -17.0, 0, 0, 0
L 312.0, 696.0, -17.0, 332.0, 736.0, -17.0, 0, 0, 0
L 332.0, 736.0, -17.0, 294.0, 755.0, -17.0, 0, 0, 0
L 294.0, 755.0, -17.0, 233.0, 633.0, -17.0, 0, 0, 0
L 233.0, 633.0, -17.0, 226.0, 636.0, -12.0, 0, 0, 0
L 183.0, 657.0, 16.0, 180.0, 652.0, 16.0, 0, 0, 0
L 180.0, 652.0, 16.0, 169.0, 658.0, 16.0, 0, 0, 0
L 169.0, 658.0, 16.0, 180.0, 681.0, 16.0, 0, 0, 0
L 180.0, 681.0, 16.0, 109.0, 716.0, 16.0, 0, 0, 0
L 109.0, 716.0, 16.0, 97.0, 691.0, 16.0, 0, 0, 0
L 97.0, 691.0, 16.0, 85.0, 697.0, 16.0, 0, 0, 0
L 85.0, 697.0, 16.0, 102.0, 732.0, 16.0, 0, 0, 0
L 102.0, 732.0, 16.0, 73.0, 747.0, 16.0, 0, 0, 0
L 73.0, 747.0, 16.0, 81.0, 763.0, 17.0, 0, 0, 0
L 81.0, 763.0, 17.0, 101.0, 754.0, 16.0, 0, 0, 0
L 101.0, 754.0, 16.0, 161.0, 875.0, 16.0, 0, 0, 0
L 161.0, 875.0, 16.0, 122.0, 894.0, 16.0, 0, 0, 0
L 23.0, 944.0, 16.0, -37.0, 823.0, 16.0, 0, 0, 0
L -37.0, 823.0, 16.0, -19.0, 813.0, 16.0, 0, 0, 0
L -19.0, 813.0, 16.0, -27.0, 797.0, 16.0, 0, 0, 0
L -27.0, 797.0, 16.0, -56.0, 811.0, 16.0, 0, 0, 0
L -56.0, 811.0, 16.0, -72.0, 779.0, 16.0, 0, 0, 0
L -72.0, 779.0, 16.0, -84.0, 784.0, 16.0, 0, 0, 0
L -84.0, 784.0, 16.0, -73.0, 807.0, 16.0, 0, 0, 0
L -73.0, 807.0, 16.0, -143.0, 842.0, 16.0, 0, 0, 0
L -143.0, 842.0, 16.0, -155.0, 820.0, 16.0, 0, 0, 0
L -155.0, 820.0, 16.0, -166.0, 826.0, 16.0, 0, 0, 0
L -166.0, 826.0, 16.0, -164.0, 831.0, 16.0, 0, 0, 0
L -164.0, 831.0, 16.0, -170.0, 834.0, 11.0, 0, 0, 0
L -213.0, 856.0, -17.0, -153.0, 978.0, -17.0, 0, 0, 0
L -153.0, 978.0, -17.0, -191.0, 997.0, -17.0, 0, 0, 0
L -191.0, 997.0, -17.0, -207.0, 965.0, -17.0, 0, 0, 0
L -207.0, 965.0, -17.0, -219.0, 971.0, -17.0, 0, 0, 0
L -219.0, 971.0, -17.0, -208.0, 993.0, -17.0, 0, 0, 0
L -251.0, 1015.0, -17.0, -297.0, 925.0, -17.0, 199, 21, 133
L -253.0, 903.0, -17.0, -238.0, 933.0, -17.0, 0, 0, 0
L -238.0, 933.0, -17.0, -226.0, 927.0, -17.0, 0, 0, 0
L -226.0, 927.0, -17.0, -300.0, 780.0, -17.0, 0, 0, 0
L -300.0, 780.0, -17.0, -311.0, 786.0, -17.0, 0, 0, 0
L -311.0, 786.0, -17.0, -300.0, 808.0, -17.0, 0, 0, 0
L -340.0, 828.0, -17.0, -385.0, 737.0, -17.0, 199, 21, 133
L -345.0, 718.0, -17.0, -330.0, 748.0, -17.0, 0, 0, 0
L -330.0, 748.0, -17.0, -319.0, 742.0, -17.0, 0, 0, 0
L -319.0, 742.0, -17.0, -339.0, 702.0, -17.0, 0, 0, 0
L -339.0, 702.0, -17.0, -300.0, 683.0, -17.0, 0, 0, 0
L -300.0, 683.0, -17.0, -239.0, 804.0, -17.0, 0, 0, 0
L -239.0, 804.0, -17.0, -232.0, 801.0, -12.0, 0, 0, 0
L -189.0, 780.0, 16.0, -187.0, 785.0, 16.0, 0, 0, 0
L -187.0, 785.0, 16.0, -175.0, 779.0, 16.0, 0, 0, 0
L -175.0, 779.0, 16.0, -186.0, 757.0, 16.0, 0, 0, 0
L -186.0, 757.0, 16.0, -115.0, 721.0, 16.0, 0, 0, 0
L -115.0, 721.0, 16.0, -103.0, 746.0, 16.0, 0, 0, 0
L -103.0, 746.0, 16.0, -91.0, 741.0, 16.0, 0, 0, 0
L -91.0, 741.0, 16.0, -109.0, 705.0, 16.0, 0, 0, 0
L -109.0, 705.0, 16.0, -80.0, 691.0, 16.0, 0, 0, 0
L -80.0, 691.0, 16.0, -88.0, 675.0, 16.0, 0, 0, 0
L -88.0, 675.0, 16.0, -107.0, 684.0, 16.0, 0, 0, 0
L -107.0, 684.0, 16.0, -167.0, 563.0, 16.0, 0, 0, 0
L -167.0, 563.0, 16.0, -129.0, 544.0, 16.0, 0, 0, 0
L -29.0, 494.0, 16.0, 31.0, 615.0, 16.0, 0, 0, 0
L 31.0, 615.0, 16.0, 12.0, 626.0, 16.0, 0, 0, 0
L 12.0, 626.0, 16.0, 19.0, 640.0, 16.0, 0, 0, 0
L 19.0, 640.0, 16.0, 50.0, 626.0, 16.0, 0, 0, 0
L 50.0, 626.0, 16.0, 66.0, 659.0, 16.0, 0, 0, 0
L 66.0, 659.0, 16.0, 78.0, 653.0, 16.0, 0, 0, 0
L 78.0, 653.0, 16.0, 66.0, 630.0, 16.0, 0, 0, 0
L 66.0, 630.0, 16.0, 137.0, 595.0, 16.0, 0, 0, 0
L 137.0, 595.0, 16.0, 148.0, 618.0, 16.0, 0, 0, 0
L 148.0, 618.0, 16.0, 160.0, 612.0, 16.0, 0, 0, 0
L 160.0, 612.0, 16.0, 158.0, 607.0, 16.0, 0, 0, 0
L 158.0, 607.0, 16.0, 164.0, 603.0, 11.0, 0, 0, 0
L 207.0, 582.0, -17.0, 146.0, 459.0, -17.0, 0, 0, 0
L 146.0, 459.0, -17.0, 185.0, 440.0, -17.0, 0, 0, 0
L 1472.0, 168.0, -18.0, 1536.0, 231.0, -14.0, 0, 0, 0
L 1536.0, 231.0, -14.0, 1615.0, 220.0, -15.0, 0, 0, 0
L 1615.0, 220.0, -15.0, 1695.0, 230.0, -13.0, 0, 0, 0
L 1719.0, 319.0, -14.0, 1616.0, 359.0, -13.0, 0, 0, 0
L 1616.0, 359.0, -13.0, 1497.0, 379.0, -14.0, 0, 0, 0
L 1497.0, 379.0, -14.0, 1398.0, 335.0, -14.0, 0, 0, 0
L 1398.0, 335.0, -14.0, 1337.0, 275.0, -14.0, 0, 0, 0
L 1337.0, 275.0, -14.0, 1346.0, 245.0, -14.0, 0, 0, 0
L -240.0, -604.0, -17.0, -213.0, -655.0, -17.0, 150, 150, 150
L -214.0, -592.0, 0.0, -208.0, -589.0, 3.0, 0, 0, 0
L -188.0, -643.0, 0.0, -194.0, -646.0, -4.0, 0, 0, 0
L -214.0, -592.0, 0.0, -188.0, -643.0, 0.0, 150, 150, 150
L -186.0, -584.0, 16.0, -164.0, -631.0, 16.0, 150, 150, 150
L -201.0, -586.0, 7.0, -195.0, -583.0, 11.0, 0, 0, 0
L -176.0, -637.0, 7.0, -182.0, -640.0, 3.0, 0, 0, 0
L -201.0, -586.0, 7.0, -176.0, -637.0, 7.0, 150, 150, 150
L -227.0, -598.0, -8.0, -220.0, -595.0, -4.0, 0, 0, 0
L -200.0, -649.0, -8.0, -206.0, -652.0, -12.0, 0, 0, 0
L -227.0, -598.0, -8.0, -200.0, -649.0, -8.0, 150, 150, 150
L -233.0, -601.0, -12.0, -227.0, -598.0, -8.0, 0, 0, 0
L -206.0, -652.0, -12.0, -213.0, -655.0, -17.0, 0, 0, 0
L -233.0, -601.0, -12.0, -206.0, -652.0, -12.0, 150, 150, 150
L -220.0, -595.0, -4.0, -214.0, -592.0, 0.0, 0, 0, 0
L -194.0, -646.0, -4.0, -200.0, -649.0, -8.0, 0, 0, 0
L -220.0, -595.0, -4.0, -194.0, -646.0, -4.0, 150, 150, 150
L -208.0, -589.0, 3.0, -201.0, -586.0, 7.0, 0, 0, 0
L -182.0, -640.0, 3.0, -188.0, -643.0, 0.0, 0, 0, 0
L -208.0, -589.0, 3.0, -182.0, -640.0, 3.0, 150, 150, 150
L -195.0, -583.0, 11.0, -189.0, -580.0, 16.0, 0, 0, 0
L -170.0, -634.0, 11.0, -176.0, -637.0, 7.0, 0, 0, 0
L -195.0, -583.0, 11.0, -170.0, -634.0, 11.0, 150, 150, 150
L -175.0, -579.0, 16.0, -186.0, -557.0, 16.0, 0, 0, 0
L -186.0, -557.0, 16.0, -115.0, -521.0, 16.0, 0, 0, 0
L -115.0, -521.0, 16.0, -103.0, -546.0, 16.0, 0, 0, 0
L -103.0, -546.0, 16.0, -91.0, -541.0, 16.0, 0, 0, 0
L -91.0, -541.0, 16.0, -109.0, -505.0, 16.0, 0, 0, 0
L -109.0, -505.0, 16.0, -80.0, -490.0, 16.0, 0, 0, 0
L -80.0, -490.0, 16.0, -87.0, -474.0, 16.0, 0, 0, 0
L -87.0, -474.0, 16.0, -107.0, -484.0, 16.0, 0, 0, 0
L -18.0, -613.0, 16.0, -26.0, -597.0, 16.0, 0, 0, 0
L -26.0, -597.0, 16.0, -56.0, -611.0, 16.0, 0, 0, 0
L -56.0, -611.0, 16.0, -72.0, -579.0, 16.0, 0, 0, 0
L -72.0, -579.0, 16.0, -84.0, -584.0, 16.0, 0, 0, 0
L -84.0, -584.0, 16.0, -73.0, -607.0, 16.0, 0, 0, 0
L -73.0, -607.0, 16.0, -143.0, -642.0, 16.0, 0, 0, 0
L -143.0, -642.0, 16.0, -155.0, -620.0, 16.0, 0, 0, 0
L -155.0, -620.0, 16.0, -166.0, -626.0, 16.0, 0, 0, 0
L 12.0, -425.0, 16.0, 20.0, -440.0, 16.0, 0, 0, 0
L 20.0, -440.0, 16.0, 50.0, -426.0, 16.0, 0, 0, 0
L 50.0, -426.0, 16.0, 66.0, -459.0, 16.0, 0, 0, 0
L 66.0, -459.0, 16.0, 77.0, -453.0, 16.0, 0, 0, 0
L 85.0, -497.0, 16.0, 102.0, -532.0, 16.0, 0, 0, 0
L 102.0, -532.0, 16.0, 74.0, -548.0, 16.0, 0, 0, 0
L 74.0, -548.0, 16.0, 80.0, -561.0, 16.0, 0, 0, 0
L 160.0, -674.0, 16.0, 121.0, -693.0, 16.0, 0, 0, 0
L 23.0, -743.0, 16.0, -37.0, -623.0, 16.0, 0, 0, 0
L -167.0, -363.0, 16.0, -127.0, -343.0, 16.0, 0, 0, 0
L -107.0, -484.0, 16.0, -167.0, -363.0, 16.0, 0, 0, 0
L -186.0, -584.0, 16.0, -175.0, -579.0, 16.0, 0, 0, 0
L -37.0, -623.0, 16.0, -18.0, -613.0, 16.0, 0, 0, 0
L -68.0, -315.0, 16.0, -29.0, -295.0, 16.0, 0, 0, 0
L -127.0, -343.0, 16.0, -68.0, -314.0, 16.0, 0, 0, 0
L 61.0, -723.0, 16.0, 23.0, -743.0, 16.0, 0, 0, 0
L 121.0, -693.0, 16.0, 61.0, -723.0, 16.0, 0, 0, 0
L 121.0, -693.0, 16.0, 31.0, -513.0, 16.0, 0, 0, 255
L 21.0, -493.0, 16.0, -68.0, -315.0, 16.0, 0, 0, 255
L 61.0, -723.0, 16.0, -28.0, -542.0, 16.0, 0, 0, 255
L -28.0, -542.0, 16.0, 31.0, -513.0, 16.0, 0, 0, 255
L -38.0, -521.0, 16.0, 21.0, -493.0, 16.0, 0, 0, 255
L -38.0, -521.0, 16.0, -127.0, -343.0, 16.0, 0, 0, 255
L 160.0, -674.0, 16.0, 98.0, -551.0, 16.0, 0, 0, 0
L 31.0, -415.0, 16.0, 12.0, -425.0, 16.0, 0, 0, 0
L 30.0, -415.0, 16.0, -29.0, -295.0, 16.0, 0, 0, 0
L 80.0, -561.0, 16.0, 98.0, -551.0, 16.0, 0, 0, 0
L 66.0, -430.0, 16.0, 137.0, -395.0, 16.0, 0, 0, 0
L 180.0, -481.0, 16.0, 109.0, -516.0, 16.0, 0, 0, 0
L 109.0, -516.0, 16.0, 96.0, -491.0, 16.0, 0, 0, 0
L 77.0, -453.0, 16.0, 66.0, -430.0, 16.0, 0, 0, 0
L 85.0, -497.0, 16.0, 96.0, -491.0, 16.0, 0, 0, 0
L 179.0, -449.0, 16.0, 160.0, -411.0, 16.0, 150, 150, 150
L 180.0, -481.0, 16.0, 167.0, -455.0, 16.0, 0, 0, 0
L 148.0, -417.0, 16.0, 160.0, -411.0, 16.0, 0, 0, 0
L 167.0, -455.0, 16.0, 179.0, -449.0, 16.0, 0, 0, 0
L 148.0, -417.0, 16.0, 137.0, -395.0, 16.0, 0, 0, 0
L 148.0, -259.0, -19.0, 209.0, -384.0, -19.0, 0, 0, 0
L 228.0, -422.0, -19.0, 294.0, -554.0, -19.0, 0, 0, 0
L 228.0, -422.0, -19.0, 222.0, -425.0, -14.0, 0, 0, 0
L 160.0, -411.0, 16.0, 166.0, -408.0, 11.0, 0, 0, 0
L 228.0, -422.0, -19.0, 209.0, -384.0, -19.0, 150, 150, 150
L 204.0, -435.0, -1.0, 197.0, -439.0, 2.0, 0, 0, 0
L 185.0, -397.0, -1.0, 191.0, -394.0, -5.0, 0, 0, 0
L 204.0, -435.0, -1.0, 185.0, -397.0, -1.0, 150, 150, 150
L 191.0, -442.0, 7.0, 185.0, -446.0, 11.0, 0, 0, 0
L 172.0, -404.0, 7.0, 178.0, -401.0, 2.0, 0, 0, 0
L 191.0, -442.0, 7.0, 172.0, -404.0, 7.0, 150, 150, 150
L 216.0, -429.0, -10.0, 210.0, -432.0, -5.0, 0, 0, 0
L 197.0, -390.0, -10.0, 203.0, -387.0, -14.0, 0, 0, 0
L 216.0, -429.0, -10.0, 197.0, -390.0, -10.0, 150, 150, 150
L 222.0, -425.0, -14.0, 216.0, -429.0, -10.0, 0, 0, 0
L 203.0, -387.0, -14.0, 209.0, -384.0, -19.0, 0, 0, 0
L 222.0, -425.0, -14.0, 203.0, -387.0, -14.0, 150, 150, 150
L 210.0, -432.0, -5.0, 204.0, -435.0, -1.0, 0, 0, 0
L 191.0, -394.0, -5.0, 197.0, -390.0, -10.0, 0, 0, 0
L 210.0, -432.0, -5.0, 191.0, -394.0, -5.0, 150, 150, 150
L 197.0, -439.0, 2.0, 191.0, -442.0, 7.0, 0, 0, 0
L 178.0, -401.0, 2.0, 185.0, -397.0, -1.0, 0, 0, 0
L 197.0, -439.0, 2.0, 178.0, -401.0, 2.0, 150, 150, 150
L 185.0, -446.0, 11.0, 179.0, -449.0, 16.0, 0, 0, 0
L 166.0, -408.0, 11.0, 172.0, -404.0, 7.0, 0, 0, 0
L 185.0, -446.0, 11.0, 166.0, -408.0, 11.0, 150, 150, 150
L 182.0, 594.0, 0.0, 188.0, 591.0, -4.0, 0, 0, 0
L 208.0, 645.0, 0.0, 201.0, 648.0, 3.0, 0, 0, 0
L 182.0, 594.0, 0.0, 208.0, 645.0, 0.0, 150, 150, 150
L 207.0, 582.0, -17.0, 233.0, 633.0, -17.0, 150, 150, 150
L 158.0, 607.0, 16.0, 183.0, 657.0, 16.0, 150, 150, 150
L 170.0, 600.0, 7.0, 176.0, 597.0, 3.0, 0, 0, 0
L 195.0, 651.0, 7.0, 189.0, 654.0, 11.0, 0, 0, 0
L 170.0, 600.0, 7.0, 195.0, 651.0, 7.0, 150, 150, 150
L 194.0, 588.0, -8.0, 200.0, 585.0, -12.0, 0, 0, 0
L 220.0, 639.0, -8.0, 214.0, 642.0, -4.0, 0, 0, 0
L 194.0, 588.0, -8.0, 220.0, 639.0, -8.0, 150, 150, 150
L 200.0, 585.0, -12.0, 207.0, 582.0, -17.0, 0, 0, 0
L 226.0, 636.0, -12.0, 220.0, 639.0, -8.0, 0, 0, 0
L 200.0, 585.0, -12.0, 226.0, 636.0, -12.0, 150, 150, 150
L 188.0, 591.0, -4.0, 194.0, 588.0, -8.0, 0, 0, 0
L 214.0, 642.0, -4.0, 208.0, 645.0, 0.0, 0, 0, 0
L 188.0, 591.0, -4.0, 214.0, 642.0, -4.0, 150, 150, 150
L 176.0, 597.0, 3.0, 182.0, 594.0, 0.0, 0, 0, 0
L 201.0, 648.0, 3.0, 195.0, 651.0, 7.0, 0, 0, 0
L 176.0, 597.0, 3.0, 201.0, 648.0, 3.0, 150, 150, 150
L 164.0, 603.0, 11.0, 170.0, 600.0, 7.0, 0, 0, 0
L 189.0, 654.0, 11.0, 183.0, 657.0, 16.0, 0, 0, 0
L 164.0, 603.0, 11.0, 189.0, 654.0, 11.0, 150, 150, 150
L 427.0, 689.0, -17.0, 458.0, 673.0, -19.0, 0, 0, 0
L 600.0, 794.0, -16.0, 606.0, 796.0, -15.0, 0, 0, 0
L -213.0, 856.0, -17.0, -239.0, 804.0, -17.0, 150, 150, 150
L -188.0, 843.0, 0.0, -194.0, 846.0, -4.0, 0, 0, 0
L -214.0, 792.0, 0.0, -207.0, 789.0, 3.0, 0, 0, 0
L -188.0, 843.0, 0.0, -214.0, 792.0, 0.0, 150, 150, 150
L -166.0, 826.0, 16.0, -187.0, 785.0, 16.0, 150, 150, 150
L -176.0, 837.0, 7.0, -182.0, 840.0, 3.0, 0, 0, 0
L -201.0, 786.0, 7.0, -195.0, 783.0, 11.0, 0, 0, 0
L -176.0, 837.0, 7.0, -201.0, 786.0, 7.0, 150, 150, 150
L -200.0, 849.0, -8.0, -206.0, 852.0, -12.0, 0, 0, 0
L -226.0, 798.0, -8.0, -220.0, 795.0, -4.0, 0, 0, 0
L -200.0, 849.0, -8.0, -226.0, 798.0, -8.0, 150, 150, 150
L -206.0, 852.0, -12.0, -213.0, 856.0, -17.0, 0, 0, 0
L -232.0, 801.0, -12.0, -226.0, 798.0, -8.0, 0, 0, 0
L -206.0, 852.0, -12.0, -232.0, 801.0, -12.0, 150, 150, 150
L -182.0, 840.0, 3.0, -188.0, 843.0, 0.0, 0, 0, 0
L -207.0, 789.0, 3.0, -201.0, 786.0, 7.0, 0, 0, 0
L -182.0, 840.0, 3.0, -207.0, 789.0, 3.0, 150, 150, 150
L -170.0, 834.0, 11.0, -176.0, 837.0, 7.0, 0, 0, 0
L -195.0, 783.0, 11.0, -189.0, 780.0, 16.0, 0, 0, 0
L -170.0, 834.0, 11.0, -195.0, 783.0, 11.0, 150, 150, 150
L -194.0, 846.0, -4.0, -200.0, 849.0, -8.0, 0, 0, 0
L -220.0, 795.0, -4.0, -214.0, 792.0, 0.0, 0, 0, 0
L -194.0, 846.0, -4.0, -220.0, 795.0, -4.0, 150, 150, 150
L 62.0, 924.0, 16.0, 23.0, 944.0, 16.0, 0, 0, 0
L 122.0, 894.0, 16.0, 62.0, 924.0, 16.0, 0, 0, 0
L -68.0, 513.0, 16.0, -29.0, 494.0, 16.0, 0, 0, 0
L -129.0, 544.0, 16.0, -68.0, 513.0, 16.0, 0, 0, 0
L 122.0, 894.0, 16.0, 31.0, 712.0, 16.0, 0, 0, 255
L 31.0, 712.0, 16.0, -28.0, 744.0, 16.0, 0, 0, 255
L -129.0, 544.0, 16.0, -38.0, 725.0, 16.0, 0, 0, 255
L -28.0, 744.0, 16.0, 62.0, 924.0, 16.0, 0, 0, 255
L 22.0, 693.0, 16.0, -68.0, 513.0, 16.0, 0, 0, 255
L 22.0, 693.0, 16.0, -38.0, 725.0, 16.0, 0, 0, 255
L 661.0, 813.0, -14.0, 673.0, 816.0, -18.0, 0, 0, 0
L 746.6, 258.6, -8.7, 803.8, 258.5, -8.7, 150, 150, 150
L 803.8, 258.5, -8.7, 814.0, 247.7, -8.7, 150, 150, 150
L 814.0, 247.7, -8.7, 814.5, 218.6, -8.7, 150, 150, 150
L 814.5, 218.6, -8.7, 957.8, 218.7, -8.7, 150, 150, 150
L -208.0, 993.0, -17.0, -251.0, 1015.0, -17.0, 0, 0, 0
L -251.0, 1015.0, -17.0, -277.0, 1028.3, -17.0, 0, 0, 0
L -253.0, 903.0, -17.0, -297.0, 925.0, -17.0, 0, 0, 0
L -297.0, 925.0, -17.0, -325.2, 939.1, -17.0, 0, 0, 0
L -300.0, 808.0, -17.0, -340.0, 828.0, -17.0, 0, 0, 0
L -340.0, 828.0, -17.0, -369.1, 842.6, -17.0, 0, 0, 0
L -345.0, 718.0, -17.0, -385.0, 737.0, -17.0, 0, 0, 0
L -385.0, 737.0, -17.0, -412.5, 750.0, -17.0, 0, 0, 0
L 1719.0, 319.0, -14.0, 1731.8, 314.0, -14.1, 0, 0, 0
L 1695.0, 230.0, -13.0, 1707.0, 230.0, -13.0, 0, 0, 0
L -345.0, -518.0, -17.0, -376.0, -533.0, -17.0, 0, 0, 0
L -376.0, -533.0, -17.0, -431.5, -559.9, -17.0, 0, 0, 0
L -300.0, -608.0, -17.0, -331.0, -624.0, -17.0, 0, 0, 0
L -331.0, -624.0, -17.0, -376.0, -647.2, -17.0, 0, 0, 0
L -253.0, -703.0, -17.0, -289.0, -721.0, -17.0, 0, 0, 0
L -289.0, -721.0, -17.0, -331.0, -742.0, -17.0, 0, 0, 0
L -208.0, -793.0, -17.0, -244.0, -812.0, -17.0, 0, 0, 0
L -244.0, -812.0, -17.0, -289.0, -835.8, -17.0, 0, 0, 0
L 182.0, 23.0, -14.0, 182.0, 85.0, -14.0, 0, 0, 0
L 247.0, 85.0, -14.0, 247.0, 105.4, -14.0, 0, 0, 0
L 277.0, 23.0, -14.0, 182.0, 23.0, -14.0, 0, 0, 0
L 247.0, 85.0, -14.0, 264.0, 85.0, -14.0, 0, 0, 0
L 182.0, 85.0, -14.0, 182.0, 101.0, -14.0, 0, 0, 0
L 247.0, 85.0, -14.0, 182.0, 85.0, -14.0, 199, 21, 133
L 1009.4, -55.3, -7.8, 1006.7, -55.3, -7.8, 0, 0, 0
L 983.4, -28.4, -7.8, 983.4, -55.3, -7.8, 0, 0, 0
L 983.4, -28.4, -7.8, 1006.7, -28.4, -7.8, 0, 0, 0
L 1020.3, -15.9, -18.7, 1020.3, -63.7, -18.0, 150, 150, 150
L 1020.3, -63.7, -17.5, 972.5, -63.3, -16.7, 150, 150, 150
L 972.5, -63.3, -17.3, 972.1, -15.9, -18.7, 150, 150, 150
L 972.1, -15.9, -18.7, 1020.3, -15.9, -18.7, 150, 150, 150
L 1072.8, 0.9, -16.5, 1072.8, 15.3, -16.5, 0, 0, 0
L 1004.1, -37.4, -7.8, 1004.1, -46.4, -7.8, 205, 133, 63
L 1006.7, -28.4, -7.8, 1009.3, -28.4, -7.8, 0, 0, 0
L 1006.7, -28.4, -7.8, 1006.7, -37.4, -7.8, 205, 133, 63
L 1004.1, -37.4, -7.8, 1009.3, -37.4, -7.8, 205, 133, 63
L 1004.1, -46.4, -7.8, 1006.7, -46.4, -7.8, 205, 133, 63
L 1006.7, -46.4, -7.8, 1009.3, -46.4, -7.8, 205, 133, 63
L 1006.7, -55.3, -7.8, 983.4, -55.3, -7.8, 0, 0, 0
L 1006.7, -46.4, -7.8, 1006.7, -55.3, -7.8, 205, 133, 63
L 1009.3, -37.4, -7.8, 1009.3, -46.4, -7.8, 205, 133, 63
L 1074.1, -30.9, -16.3, 1074.0, -49.1, -16.3, 0, 0, 0
L 1056.8, -30.9, -16.3, 1058.6, -30.9, -16.3, 0, 0, 0
L 1056.8, -43.0, -16.3, 1058.6, -43.0, -16.3, 205, 133, 63
L 1060.4, -37.0, -16.3, 1060.4, -43.0, -16.3, 205, 133, 63
L 940.9, -140.4, -16.5, 940.9, -141.9, -16.5, 0, 0, 0
L 940.9, -155.3, -16.5, 955.3, -155.3, -16.5, 0, 0, 0
L 1037.2, -155.3, -16.5, 1051.1, -155.3, -16.5, 0, 0, 0
L 1037.2, -140.2, -16.5, 1037.2, -141.7, -16.5, 0, 0, 0
L 987.2, -139.5, -16.5, 987.2, -141.4, -16.5, 0, 0, 0
L 1051.1, -155.3, -16.5, 1051.2, -140.1, -16.5, 0, 0, 0
L 955.3, -155.3, -16.5, 955.3, -141.9, -16.5, 0, 0, 0
L 1005.3, -156.6, -16.5, 1005.3, -141.4, -16.5, 0, 0, 0
L 987.2, -156.6, -16.5, 1005.3, -156.6, -16.5, 0, 0, 0
L 1037.2, -141.7, -16.5, 1037.2, -155.3, -16.5, 0, 0, 0
L 1037.2, -141.7, -16.5, 1041.8, -141.7, -16.5, 205, 133, 63
L 1041.8, -143.4, -16.5, 1041.8, -140.1, -16.5, 205, 133, 63
L 1041.8, -143.4, -16.5, 1046.5, -143.4, -16.5, 205, 133, 63
L 1041.8, -140.1, -16.5, 1046.5, -140.1, -16.5, 205, 133, 63
L 1046.5, -143.4, -16.5, 1046.5, -141.7, -16.5, 205, 133, 63
L 1046.5, -141.7, -16.5, 1046.5, -140.1, -16.5, 205, 133, 63
L 1046.5, -141.7, -16.5, 1051.2, -141.7, -16.5, 205, 133, 63
L 987.2, -141.4, -16.5, 987.2, -156.6, -16.5, 0, 0, 0
L 987.2, -141.4, -16.5, 993.2, -141.4, -16.5, 205, 133, 63
L 993.2, -143.4, -16.5, 993.2, -139.4, -16.5, 205, 133, 63
L 993.2, -143.4, -16.5, 999.3, -143.4, -16.5, 205, 133, 63
L 993.2, -139.4, -16.5, 999.3, -139.4, -16.5, 205, 133, 63
L 999.3, -143.4, -16.5, 999.3, -141.4, -16.5, 205, 133, 63
L 999.3, -141.4, -16.5, 999.3, -139.4, -16.5, 205, 133, 63
L 1005.3, -141.4, -16.5, 1005.3, -139.4, -16.5, 0, 0, 0
L 999.3, -141.4, -16.5, 1005.3, -141.4, -16.5, 205, 133, 63
L 940.9, -141.9, -16.5, 940.9, -155.3, -16.5, 0, 0, 0
L 940.9, -141.9, -16.5, 945.7, -141.9, -16.5, 205, 133, 63
L 945.7, -143.4, -16.5, 945.7, -140.4, -16.5, 205, 133, 63
L 945.7, -143.4, -16.5, 950.5, -143.4, -16.5, 205, 133, 63
L 945.7, -140.4, -16.5, 950.5, -140.4, -16.5, 205, 133, 63
L 950.5, -143.4, -16.5, 950.5, -141.9, -16.5, 205, 133, 63
L 950.5, -141.9, -16.5, 950.5, -140.4, -16.5, 205, 133, 63
L 955.3, -141.9, -16.5, 955.3, -140.5, -16.5, 0, 0, 0
L 950.5, -141.9, -16.5, 955.3, -141.9, -16.5, 205, 133, 63
L 919.7, -95.3, -16.5, 933.0, -95.3, -16.5, 0, 0, 0
L 934.6, -80.9, -16.5, 933.0, -80.9, -16.5, 0, 0, 0
L 917.2, -30.9, -16.5, 932.9, -30.9, -16.5, 0, 0, 0
L 919.7, -80.9, -16.5, 919.7, -95.3, -16.5, 0, 0, 0
L 917.2, -49.1, -16.5, 917.2, -30.9, -16.5, 0, 0, 0
L 934.4, -49.1, -16.5, 932.9, -49.1, -16.5, 0, 0, 0
L 919.7, 0.9, -16.5, 933.2, 0.9, -16.5, 0, 0, 0
L 934.9, 15.3, -16.5, 933.2, 15.3, -16.5, 0, 0, 0
L 919.7, 15.3, -16.5, 919.7, 0.9, -16.5, 0, 0, 0
L 931.4, -37.0, -16.5, 931.4, -43.0, -16.5, 205, 133, 63
L 932.9, -30.9, -16.5, 934.5, -30.9, -16.5, 0, 0, 0
L 932.9, -30.9, -16.5, 932.9, -37.0, -16.5, 205, 133, 63
L 931.4, -37.0, -16.5, 934.4, -37.0, -16.5, 205, 133, 63
L 931.4, -43.0, -16.5, 932.9, -43.0, -16.5, 205, 133, 63
L 932.9, -43.0, -16.5, 934.4, -43.0, -16.5, 205, 133, 63
L 932.9, -49.1, -16.5, 917.2, -49.1, -16.5, 0, 0, 0
L 932.9, -43.0, -16.5, 932.9, -49.1, -16.5, 205, 133, 63
L 934.4, -37.0, -16.5, 934.4, -43.0, -16.5, 205, 133, 63
L 931.4, -85.7, -16.5, 931.4, -90.5, -16.5, 205, 133, 63
L 933.0, -80.9, -16.5, 919.7, -80.9, -16.5, 0, 0, 0
L 933.0, -80.9, -16.5, 933.0, -85.7, -16.5, 205, 133, 63
L 931.4, -85.7, -16.5, 934.6, -85.7, -16.5, 205, 133, 63
L 931.4, -90.5, -16.5, 933.0, -90.5, -16.5, 205, 133, 63
L 933.0, -90.5, -16.5, 934.6, -90.5, -16.5, 205, 133, 63
L 933.0, -95.3, -16.5, 934.6, -95.3, -16.5, 0, 0, 0
L 933.0, -90.5, -16.5, 933.0, -95.3, -16.5, 205, 133, 63
L 934.6, -85.7, -16.5, 934.6, -90.5, -16.5, 205, 133, 63
L 931.4, 10.5, -16.5, 931.4, 5.7, -16.5, 205, 133, 63
L 933.2, 15.3, -16.5, 919.7, 15.3, -16.5, 0, 0, 0
L 933.2, 15.3, -16.5, 933.2, 10.5, -16.5, 205, 133, 63
L 931.4, 10.5, -16.5, 934.9, 10.5, -16.5, 205, 133, 63
L 931.4, 5.7, -16.5, 933.2, 5.7, -16.5, 205, 133, 63
L 933.2, 5.7, -16.5, 934.9, 5.7, -16.5, 205, 133, 63
L 933.2, 0.9, -16.5, 934.9, 0.9, -16.5, 0, 0, 0
L 933.2, 5.7, -16.5, 933.2, 0.9, -16.5, 205, 133, 63
L 934.9, 10.5, -16.5, 934.9, 5.7, -16.5, 205, 133, 63
L 955.3, 62.9, -15.5, 955.3, 64.5, -15.5, 0, 0, 0
L 955.3, 77.7, -15.5, 940.9, 77.8, -15.5, 0, 0, 0
L 1051.1, 62.7, -15.5, 1051.2, 77.9, -15.5, 0, 0, 0
L 1005.3, 62.0, -15.5, 1005.3, 64.0, -15.5, 0, 0, 0
L 987.2, 79.1, -15.5, 987.2, 64.0, -15.5, 0, 0, 0
L 1051.2, 77.9, -15.5, 1037.2, 77.8, -15.5, 0, 0, 0
L 1037.2, 77.8, -15.5, 1037.2, 64.4, -15.5, 0, 0, 0
L 940.9, 77.8, -15.5, 940.9, 64.5, -15.5, 0, 0, 0
L 1005.3, 79.2, -15.5, 987.2, 79.1, -15.5, 0, 0, 0
L 955.3, 64.5, -15.5, 955.3, 77.7, -15.5, 0, 0, 0
L 1005.3, 64.0, -15.5, 1005.3, 79.2, -15.5, 0, 0, 0
L 940.9, 64.5, -15.5, 940.9, 62.9, -15.5, 0, 0, 0
L 940.9, 64.5, -15.5, 945.7, 64.5, -15.5, 205, 133, 63
L 945.7, 62.9, -15.5, 945.7, 66.0, -15.5, 205, 133, 63
L 945.7, 62.9, -15.5, 950.5, 62.9, -15.5, 205, 133, 63
L 945.7, 66.0, -15.5, 950.5, 66.0, -15.5, 205, 133, 63
L 950.5, 62.9, -15.5, 950.5, 64.5, -15.5, 205, 133, 63
L 950.5, 64.5, -15.5, 950.5, 66.0, -15.5, 205, 133, 63
L 950.5, 64.5, -15.5, 955.3, 64.5, -15.5, 205, 133, 63
L 987.2, 64.0, -15.5, 987.2, 62.0, -15.5, 0, 0, 0
L 987.2, 64.0, -15.5, 993.2, 64.0, -15.5, 205, 133, 63
L 993.2, 62.0, -15.5, 993.2, 66.0, -15.5, 205, 133, 63
L 993.2, 62.0, -15.5, 999.3, 62.0, -15.5, 205, 133, 63
L 993.2, 66.0, -15.5, 999.3, 66.0, -15.5, 205, 133, 63
L 999.3, 62.0, -15.5, 999.3, 64.0, -15.5, 205, 133, 63
L 999.3, 64.0, -15.5, 999.3, 66.0, -15.5, 205, 133, 63
L 999.3, 64.0, -15.5, 1005.3, 64.0, -15.5, 205, 133, 63
L 1037.2, 64.4, -15.5, 1037.2, 62.7, -15.5, 0, 0, 0
L 1037.2, 64.4, -15.5, 1041.8, 64.4, -15.5, 205, 133, 63
L 1041.8, 62.7, -15.5, 1041.8, 66.0, -15.5, 205, 133, 63
L 1041.8, 62.7, -15.5, 1046.4, 62.7, -15.5, 205, 133, 63
L 1041.8, 66.0, -15.5, 1046.4, 66.0, -15.5, 205, 133, 63
L 1046.4, 66.0, -15.5, 1046.5, 66.0, -15.5, 205, 133, 63
L 1046.4, 62.7, -15.5, 1046.4, 64.4, -15.5, 205, 133, 63
L 1046.4, 64.4, -15.5, 1046.4, 66.0, -15.5, 205, 133, 63
L 1046.4, 64.4, -15.5, 1051.1, 64.4, -15.5, 205, 133, 63
L 1056.8, -37.0, -16.3, 1058.6, -37.0, -16.3, 205, 133, 63
L 1058.6, -30.9, -16.3, 1074.1, -30.9, -16.3, 0, 0, 0
L 1058.6, -37.0, -16.3, 1060.4, -37.0, -16.3, 205, 133, 63
L 1058.6, -30.9, -16.3, 1058.6, -37.0, -16.3, 205, 133, 63
L 1056.8, -37.0, -16.3, 1056.8, -43.0, -16.3, 205, 133, 63
L 1058.6, -43.0, -16.3, 1060.4, -43.0, -16.3, 205, 133, 63
L 1058.6, -49.1, -16.3, 1056.8, -49.1, -16.3, 0, 0, 0
L 1058.6, -43.0, -16.3, 1058.6, -49.1, -16.3, 205, 133, 63
L 1071.5, -80.9, -16.3, 1058.2, -80.9, -16.3, 0, 0, 0
L 1071.5, -80.9, -16.3, 1071.5, -95.3, -16.3, 0, 0, 0
L 1074.0, -49.1, -16.3, 1058.6, -49.1, -16.3, 0, 0, 0
L 1058.2, -95.3, -16.3, 1071.5, -95.3, -16.3, 0, 0, 0
L 1056.6, -85.7, -16.3, 1056.6, -90.5, -16.3, 205, 133, 63
L 1056.6, -85.7, -16.3, 1058.2, -85.7, -16.3, 205, 133, 63
L 1056.6, -90.5, -16.3, 1058.2, -90.5, -16.3, 205, 133, 63
L 1059.8, -85.7, -16.3, 1059.8, -90.5, -16.3, 205, 133, 63
L 1058.2, -90.5, -16.3, 1058.2, -95.3, -16.3, 205, 133, 63
L 1058.2, -90.5, -16.3, 1059.8, -90.5, -16.3, 205, 133, 63
L 1058.2, -80.9, -16.3, 1058.2, -85.7, -16.3, 205, 133, 63
L 1058.2, -85.7, -16.3, 1059.8, -85.7, -16.3, 205, 133, 63
L 1056.6, -95.3, -16.3, 1058.2, -95.3, -16.3, 0, 0, 0
L 1056.6, -80.9, -16.3, 1058.2, -80.9, -16.3, 0, 0, 0
L 1057.9, 15.3, -16.5, 1059.5, 15.3, -16.5, 0, 0, 0
L 1057.9, 5.7, -16.5, 1059.5, 5.7, -16.5, 205, 133, 63
L 1059.5, 5.7, -16.5, 1059.5, 0.9, -16.5, 205, 133, 63
L 1059.5, 10.5, -16.5, 1061.1, 10.5, -16.5, 205, 133, 63
L 1059.5, 5.7, -16.5, 1061.1, 5.7, -16.5, 205, 133, 63
L 1061.1, 10.5, -16.5, 1061.1, 5.7, -16.5, 205, 133, 63
L 1059.5, 15.3, -16.5, 1059.5, 10.5, -16.5, 205, 133, 63
L 1072.8, 15.3, -16.5, 1059.5, 15.3, -16.5, 0, 0, 0
L 1057.9, 0.9, -16.5, 1059.5, 0.9, -16.5, 0, 0, 0
L 1059.5, 0.9, -16.5, 1072.8, 0.9, -16.5, 0, 0, 0
L 1057.9, 10.5, -16.5, 1059.5, 10.5, -16.5, 205, 133, 63
L 1057.9, 10.5, -16.5, 1057.9, 5.7, -16.5, 205, 133, 63
L 922.0, -289.0, -17.0, 922.0, -251.0, -17.0, 0, 0, 0
L 1007.0, -289.0, -17.0, 1007.0, -288.9, -17.0, 0, 0, 0
L 1011.0, -251.0, -17.0, 1011.0, -288.9, -17.0, 0, 0, 0
L 976.0, -305.0, -17.0, 976.0, -300.0, -17.0, 0, 0, 0
L 926.0, -251.0, -17.0, 926.0, -289.0, -17.0, 0, 0, 0
L 996.0, -251.0, -17.0, 996.0, -240.0, -17.0, 0, 0, 0
L 996.0, -234.9, -17.0, 996.0, -233.0, -17.0, 0, 0, 0
L 996.0, -251.0, -17.0, 1007.0, -251.0, -17.0, 0, 0, 0
L 1011.0, -251.0, -17.0, 1013.0, -251.0, -17.0, 0, 0, 0
L 1013.0, -251.0, -17.0, 1013.0, -233.0, -17.0, 0, 0, 0
L 1013.0, -233.0, -17.0, 996.0, -233.0, -17.0, 0, 0, 0
L 937.0, -289.0, -17.0, 926.0, -289.0, -17.0, 0, 0, 0
L 920.0, -289.0, -17.0, 922.0, -289.0, -17.0, 0, 0, 0
L 920.0, -307.0, -17.0, 920.0, -289.0, -17.0, 0, 0, 0
L 920.0, -251.0, -17.0, 922.0, -251.0, -17.0, 0, 0, 0
L 920.0, -251.0, -17.0, 920.0, -233.0, -17.0, 0, 0, 0
L 926.0, -251.0, -17.0, 937.0, -251.0, -17.0, 0, 0, 0
L 996.0, -240.0, -17.0, 937.0, -240.0, -17.0, 0, 0, 0
L 937.0, -233.0, -17.0, 920.0, -233.0, -17.0, 0, 0, 0
L 937.0, -251.0, -17.0, 937.0, -240.0, -17.0, 0, 0, 0
L 996.0, -234.9, -17.0, 937.0, -234.9, -17.0, 0, 0, 0
L 937.0, -234.9, -17.0, 937.0, -233.0, -17.0, 0, 0, 0
L 976.0, -300.0, -17.0, 996.0, -300.0, -17.0, 0, 0, 0
L 995.0, -306.9, -17.0, 995.0, -305.0, -17.0, 0, 0, 0
L 1012.0, -306.9, -17.0, 995.0, -306.9, -17.0, 0, 0, 0
L 1012.0, -306.9, -17.0, 1012.0, -288.9, -17.0, 0, 0, 0
L 996.0, -288.9, -17.0, 996.0, -300.0, -17.0, 0, 0, 0
L 1012.0, -288.9, -17.0, 1011.0, -288.9, -17.0, 0, 0, 0
L 1007.0, -288.9, -17.0, 1007.0, -251.0, -17.0, 0, 0, 0
L 1011.0, -288.9, -17.0, 1011.0, -289.0, -17.0, 0, 0, 0
L 1007.0, -288.9, -17.0, 996.0, -288.9, -17.0, 0, 0, 0
L 937.0, -307.0, -17.0, 920.0, -307.0, -17.0, 0, 0, 0
L 937.0, -289.0, -17.0, 937.0, -300.0, -17.0, 0, 0, 0
L 937.0, -305.0, -17.0, 937.0, -307.0, -17.0, 0, 0, 0
L 937.0, -300.0, -17.0, 957.0, -300.0, -17.0, 0, 0, 0
L 957.0, -300.0, -17.0, 957.0, -305.0, -17.0, 0, 0, 0
L 937.0, -305.0, -17.0, 957.0, -305.0, -17.0, 0, 0, 0
L 995.0, -305.0, -17.0, 976.0, -305.0, -17.0, 0, 0, 0
L 651.0, -288.9, -14.0, 651.0, -289.0, -14.0, 0, 0, 0
L 647.0, -288.9, -14.0, 647.0, -251.0, -14.0, 0, 0, 0
L 577.0, -289.0, -14.0, 566.0, -289.0, -14.0, 0, 0, 0
L 636.0, -288.9, -14.0, 636.0, -300.0, -14.0, 0, 0, 0
L 651.0, -251.0, -14.0, 653.0, -251.0, -14.0, 0, 0, 0
L 560.0, -307.0, -14.0, 560.0, -289.0, -14.0, 0, 0, 0
L 636.0, -251.0, -14.0, 647.0, -251.0, -14.0, 0, 0, 0
L 577.0, -300.0, -14.0, 597.0, -300.0, -14.0, 0, 0, 0
L 577.0, -289.0, -14.0, 577.0, -300.0, -14.0, 0, 0, 0
L 647.0, -288.9, -14.0, 636.0, -288.9, -14.0, 0, 0, 0
L 636.0, -240.0, -14.0, 577.0, -240.0, -14.0, 0, 0, 0
L 652.0, -306.9, -14.0, 652.0, -288.9, -14.0, 0, 0, 0
L 577.0, -307.0, -14.0, 560.0, -307.0, -14.0, 0, 0, 0
L 560.0, -251.0, -14.0, 562.0, -251.0, -14.0, 0, 0, 0
L 566.0, -251.0, -14.0, 577.0, -251.0, -14.0, 0, 0, 0
L 635.0, -306.9, -14.0, 635.0, -305.0, -14.0, 0, 0, 0
L 616.0, -300.0, -14.0, 636.0, -300.0, -14.0, 0, 0, 0
L 652.0, -288.9, -14.0, 651.0, -288.9, -14.0, 0, 0, 0
L 577.0, -305.0, -14.0, 577.0, -307.0, -14.0, 0, 0, 0
L 652.0, -306.9, -14.0, 635.0, -306.9, -14.0, 0, 0, 0
L 635.0, -305.0, -14.0, 616.0, -305.0, -14.0, 0, 0, 0
L 597.0, -300.0, -14.0, 597.0, -305.0, -14.0, 0, 0, 0
L 577.0, -305.0, -14.0, 597.0, -305.0, -14.0, 0, 0, 0
L 636.0, -234.9, -14.0, 577.0, -234.9, -14.0, 0, 0, 0
L 577.0, -234.9, -14.0, 577.0, -233.0, -14.0, 0, 0, 0
L 560.0, -289.0, -14.0, 562.0, -289.0, -14.0, 0, 0, 0
L 560.0, -251.0, -14.0, 560.0, -233.0, -14.0, 0, 0, 0
L 577.0, -251.0, -14.0, 577.0, -240.0, -14.0, 0, 0, 0
L 577.0, -233.0, -14.0, 560.0, -233.0, -14.0, 0, 0, 0
L 653.0, -233.0, -14.0, 636.0, -233.0, -14.0, 0, 0, 0
L 636.0, -251.0, -14.0, 636.0, -240.0, -14.0, 0, 0, 0
L 636.0, -234.9, -14.0, 636.0, -233.0, -14.0, 0, 0, 0
L 616.0, -305.0, -14.0, 616.0, -300.0, -14.0, 0, 0, 0
L 653.0, -251.0, -14.0, 653.0, -233.0, -14.0, 0, 0, 0
L 647.0, -289.0, -14.0, 647.0, -288.9, -14.0, 0, 0, 0
L 562.0, -289.0, -14.0, 562.0, -251.0, -14.0, 0, 0, 0
L 566.0, -251.0, -14.0, 566.0, -289.0, -14.0, 0, 0, 0
L 651.0, -251.0, -14.0, 651.0, -288.9, -14.0, 0, 0, 0
L 577.0, -469.0, -14.0, 566.0, -469.0, -14.0, 0, 0, 0
L 578.0, -413.1, -14.0, 578.0, -415.0, -14.0, 0, 0, 0
L 578.0, -415.0, -14.0, 597.0, -415.0, -14.0, 0, 0, 0
L 577.0, -480.0, -14.0, 636.0, -480.0, -14.0, 0, 0, 0
L 562.0, -469.0, -14.0, 560.0, -469.0, -14.0, 0, 0, 0
L 577.0, -431.1, -14.0, 577.0, -420.0, -14.0, 0, 0, 0
L 636.0, -420.0, -14.0, 616.0, -420.0, -14.0, 0, 0, 0
L 653.0, -413.0, -14.0, 653.0, -431.0, -14.0, 0, 0, 0
L 566.0, -431.1, -14.0, 577.0, -431.1, -14.0, 0, 0, 0
L 647.0, -469.0, -14.0, 636.0, -469.0, -14.0, 0, 0, 0
L 597.0, -420.0, -14.0, 577.0, -420.0, -14.0, 0, 0, 0
L 561.0, -413.1, -14.0, 561.0, -431.1, -14.0, 0, 0, 0
L 636.0, -415.0, -14.0, 636.0, -413.0, -14.0, 0, 0, 0
L 636.0, -413.0, -14.0, 653.0, -413.0, -14.0, 0, 0, 0
L 636.0, -431.0, -14.0, 647.0, -431.0, -14.0, 0, 0, 0
L 561.0, -431.1, -14.0, 562.0, -431.1, -14.0, 0, 0, 0
L 561.0, -413.1, -14.0, 578.0, -413.1, -14.0, 0, 0, 0
L 616.0, -420.0, -14.0, 616.0, -415.0, -14.0, 0, 0, 0
L 636.0, -415.0, -14.0, 616.0, -415.0, -14.0, 0, 0, 0
L 566.0, -431.1, -14.0, 566.0, -469.0, -14.0, 0, 0, 0
L 560.0, -487.0, -14.0, 577.0, -487.0, -14.0, 0, 0, 0
L 577.0, -469.0, -14.0, 577.0, -480.0, -14.0, 0, 0, 0
L 562.0, -431.1, -14.0, 562.0, -431.0, -14.0, 0, 0, 0
L 653.0, -469.0, -14.0, 651.0, -469.0, -14.0, 0, 0, 0
L 636.0, -431.0, -14.0, 636.0, -420.0, -14.0, 0, 0, 0
L 636.0, -469.0, -14.0, 636.0, -480.0, -14.0, 0, 0, 0
L 653.0, -431.0, -14.0, 651.0, -431.0, -14.0, 0, 0, 0
L 577.0, -485.1, -14.0, 577.0, -487.0, -14.0, 0, 0, 0
L 597.0, -415.0, -14.0, 597.0, -420.0, -14.0, 0, 0, 0
L 647.0, -469.0, -14.0, 647.0, -431.0, -14.0, 0, 0, 0
L 651.0, -431.0, -14.0, 651.0, -469.0, -14.0, 0, 0, 0
L 636.0, -485.1, -14.0, 636.0, -487.0, -14.0, 0, 0, 0
L 653.0, -469.0, -14.0, 653.0, -487.0, -14.0, 0, 0, 0
L 560.0, -469.0, -14.0, 560.0, -487.0, -14.0, 0, 0, 0
L 636.0, -487.0, -14.0, 653.0, -487.0, -14.0, 0, 0, 0
L 566.0, -431.0, -14.0, 566.0, -431.1, -14.0, 0, 0, 0
L 577.0, -485.1, -14.0, 636.0, -485.1, -14.0, 0, 0, 0
L 562.0, -469.0, -14.0, 562.0, -431.1, -14.0, 0, 0, 0
L 996.0, -469.0, -17.0, 996.0, -480.0, -17.0, 0, 0, 0
L 1011.0, -431.0, -17.0, 1011.0, -469.0, -17.0, 0, 0, 0
L 926.0, -431.0, -17.0, 926.0, -431.1, -17.0, 0, 0, 0
L 920.0, -487.0, -17.0, 937.0, -487.0, -17.0, 0, 0, 0
L 937.0, -485.1, -17.0, 937.0, -487.0, -17.0, 0, 0, 0
L 996.0, -487.0, -17.0, 1013.0, -487.0, -17.0, 0, 0, 0
L 996.0, -420.0, -17.0, 976.0, -420.0, -17.0, 0, 0, 0
L 937.0, -485.1, -17.0, 996.0, -485.1, -17.0, 0, 0, 0
L 1013.0, -469.0, -17.0, 1013.0, -487.0, -17.0, 0, 0, 0
L 996.0, -485.1, -17.0, 996.0, -487.0, -17.0, 0, 0, 0
L 922.0, -469.0, -17.0, 922.0, -431.1, -17.0, 0, 0, 0
L 1007.0, -469.0, -17.0, 1007.0, -431.0, -17.0, 0, 0, 0
L 957.0, -415.0, -17.0, 957.0, -420.0, -17.0, 0, 0, 0
L 1013.0, -431.0, -17.0, 1011.0, -431.0, -17.0, 0, 0, 0
L 1013.0, -469.0, -17.0, 1011.0, -469.0, -17.0, 0, 0, 0
L 920.0, -469.0, -17.0, 920.0, -487.0, -17.0, 0, 0, 0
L 996.0, -431.0, -17.0, 996.0, -420.0, -17.0, 0, 0, 0
L 922.0, -431.1, -17.0, 922.0, -431.0, -17.0, 0, 0, 0
L 937.0, -469.0, -17.0, 937.0, -480.0, -17.0, 0, 0, 0
L 922.0, -469.0, -17.0, 920.0, -469.0, -17.0, 0, 0, 0
L 926.0, -431.1, -17.0, 926.0, -469.0, -17.0, 0, 0, 0
L 996.0, -431.0, -17.0, 1007.0, -431.0, -17.0, 0, 0, 0
L 1007.0, -469.0, -17.0, 996.0, -469.0, -17.0, 0, 0, 0
L 938.0, -415.0, -17.0, 957.0, -415.0, -17.0, 0, 0, 0
L 976.0, -420.0, -17.0, 976.0, -415.0, -17.0, 0, 0, 0
L 996.0, -413.0, -17.0, 1013.0, -413.0, -17.0, 0, 0, 0
L 921.0, -413.1, -17.0, 921.0, -431.1, -17.0, 0, 0, 0
L 937.0, -480.0, -17.0, 996.0, -480.0, -17.0, 0, 0, 0
L 996.0, -415.0, -17.0, 996.0, -413.0, -17.0, 0, 0, 0
L 996.0, -415.0, -17.0, 976.0, -415.0, -17.0, 0, 0, 0
L 921.0, -413.1, -17.0, 938.0, -413.1, -17.0, 0, 0, 0
L 937.0, -431.1, -17.0, 937.0, -420.0, -17.0, 0, 0, 0
L 938.0, -413.1, -17.0, 938.0, -415.0, -17.0, 0, 0, 0
L 937.0, -469.0, -17.0, 926.0, -469.0, -17.0, 0, 0, 0
L 926.0, -431.1, -17.0, 937.0, -431.1, -17.0, 0, 0, 0
L 1013.0, -413.0, -17.0, 1013.0, -431.0, -17.0, 0, 0, 0
L 957.0, -420.0, -17.0, 937.0, -420.0, -17.0, 0, 0, 0
L 921.0, -431.1, -17.0, 922.0, -431.1, -17.0, 0, 0, 0
L 756.0, -469.0, -17.0, 756.0, -480.0, -17.0, 0, 0, 0
L 773.0, -431.0, -17.0, 771.0, -431.0, -17.0, 0, 0, 0
L 697.0, -431.1, -17.0, 697.0, -420.0, -17.0, 0, 0, 0
L 756.0, -413.0, -17.0, 773.0, -413.0, -17.0, 0, 0, 0
L 697.0, -480.0, -17.0, 756.0, -480.0, -17.0, 0, 0, 0
L 682.0, -469.0, -17.0, 680.0, -469.0, -17.0, 0, 0, 0
L 756.0, -420.0, -17.0, 736.0, -420.0, -17.0, 0, 0, 0
L 756.0, -431.0, -17.0, 756.0, -420.0, -17.0, 0, 0, 0
L 773.0, -469.0, -17.0, 771.0, -469.0, -17.0, 0, 0, 0
L 697.0, -469.0, -17.0, 686.0, -469.0, -17.0, 0, 0, 0
L 686.0, -431.1, -17.0, 697.0, -431.1, -17.0, 0, 0, 0
L 767.0, -469.0, -17.0, 756.0, -469.0, -17.0, 0, 0, 0
L 681.0, -413.1, -17.0, 698.0, -413.1, -17.0, 0, 0, 0
L 756.0, -431.0, -17.0, 767.0, -431.0, -17.0, 0, 0, 0
L 717.0, -420.0, -17.0, 697.0, -420.0, -17.0, 0, 0, 0
L 756.0, -415.0, -17.0, 756.0, -413.0, -17.0, 0, 0, 0
L 698.0, -413.1, -17.0, 698.0, -415.0, -17.0, 0, 0, 0
L 681.0, -431.1, -17.0, 682.0, -431.1, -17.0, 0, 0, 0
L 698.0, -415.0, -17.0, 717.0, -415.0, -17.0, 0, 0, 0
L 736.0, -420.0, -17.0, 736.0, -415.0, -17.0, 0, 0, 0
L 681.0, -413.1, -17.0, 681.0, -431.1, -17.0, 0, 0, 0
L 773.0, -413.0, -17.0, 773.0, -431.0, -17.0, 0, 0, 0
L 756.0, -415.0, -17.0, 736.0, -415.0, -17.0, 0, 0, 0
L 686.0, -431.1, -17.0, 686.0, -469.0, -17.0, 0, 0, 0
L 682.0, -431.1, -17.0, 682.0, -431.0, -17.0, 0, 0, 0
L 697.0, -469.0, -17.0, 697.0, -480.0, -17.0, 0, 0, 0
L 680.0, -487.0, -17.0, 697.0, -487.0, -17.0, 0, 0, 0
L 771.0, -431.0, -17.0, 771.0, -469.0, -17.0, 0, 0, 0
L 680.0, -469.0, -17.0, 680.0, -487.0, -17.0, 0, 0, 0
L 756.0, -487.0, -17.0, 773.0, -487.0, -17.0, 0, 0, 0
L 697.0, -485.1, -17.0, 697.0, -487.0, -17.0, 0, 0, 0
L 756.0, -485.1, -17.0, 756.0, -487.0, -17.0, 0, 0, 0
L 767.0, -469.0, -17.0, 767.0, -431.0, -17.0, 0, 0, 0
L 717.0, -415.0, -17.0, 717.0, -420.0, -17.0, 0, 0, 0
L 773.0, -469.0, -17.0, 773.0, -487.0, -17.0, 0, 0, 0
L 682.0, -469.0, -17.0, 682.0, -431.1, -17.0, 0, 0, 0
L 697.0, -485.1, -17.0, 756.0, -485.1, -17.0, 0, 0, 0
L 686.0, -431.0, -17.0, 686.0, -431.1, -17.0, 0, 0, 0
L 875.0, -420.0, -17.0, 855.0, -420.0, -17.0, 0, 0, 0
L 816.0, -485.1, -17.0, 875.0, -485.1, -17.0, 0, 0, 0
L 816.0, -469.0, -17.0, 816.0, -480.0, -17.0, 0, 0, 0
L 892.0, -469.0, -17.0, 892.0, -487.0, -17.0, 0, 0, 0
L 800.0, -413.1, -17.0, 800.0, -431.1, -17.0, 0, 0, 0
L 836.0, -420.0, -17.0, 816.0, -420.0, -17.0, 0, 0, 0
L 875.0, -415.0, -17.0, 875.0, -413.0, -17.0, 0, 0, 0
L 801.0, -431.1, -17.0, 801.0, -431.0, -17.0, 0, 0, 0
L 816.0, -480.0, -17.0, 875.0, -480.0, -17.0, 0, 0, 0
L 875.0, -469.0, -17.0, 875.0, -480.0, -17.0, 0, 0, 0
L 886.0, -469.0, -17.0, 886.0, -431.0, -17.0, 0, 0, 0
L 875.0, -431.0, -17.0, 875.0, -420.0, -17.0, 0, 0, 0
L 805.0, -431.1, -17.0, 805.0, -469.0, -17.0, 0, 0, 0
L 875.0, -485.1, -17.0, 875.0, -487.0, -17.0, 0, 0, 0
L 816.0, -431.1, -17.0, 816.0, -420.0, -17.0, 0, 0, 0
L 890.0, -431.0, -17.0, 890.0, -469.0, -17.0, 0, 0, 0
L 799.0, -487.0, -17.0, 816.0, -487.0, -17.0, 0, 0, 0
L 801.0, -469.0, -17.0, 801.0, -431.1, -17.0, 0, 0, 0
L 817.0, -415.0, -17.0, 836.0, -415.0, -17.0, 0, 0, 0
L 799.0, -469.0, -17.0, 799.0, -487.0, -17.0, 0, 0, 0
L 800.0, -413.1, -17.0, 817.0, -413.1, -17.0, 0, 0, 0
L 892.0, -469.0, -17.0, 890.0, -469.0, -17.0, 0, 0, 0
L 836.0, -415.0, -17.0, 836.0, -420.0, -17.0, 0, 0, 0
L 800.0, -431.1, -17.0, 801.0, -431.1, -17.0, 0, 0, 0
L 805.0, -431.0, -17.0, 805.0, -431.1, -17.0, 0, 0, 0
L 875.0, -487.0, -17.0, 892.0, -487.0, -17.0, 0, 0, 0
L 816.0, -485.1, -17.0, 816.0, -487.0, -17.0, 0, 0, 0
L 855.0, -420.0, -17.0, 855.0, -415.0, -17.0, 0, 0, 0
L 892.0, -431.0, -17.0, 890.0, -431.0, -17.0, 0, 0, 0
L 875.0, -415.0, -17.0, 855.0, -415.0, -17.0, 0, 0, 0
L 801.0, -469.0, -17.0, 799.0, -469.0, -17.0, 0, 0, 0
L 886.0, -469.0, -17.0, 875.0, -469.0, -17.0, 0, 0, 0
L 817.0, -413.1, -17.0, 817.0, -415.0, -17.0, 0, 0, 0
L 816.0, -469.0, -17.0, 805.0, -469.0, -17.0, 0, 0, 0
L 892.0, -413.0, -17.0, 892.0, -431.0, -17.0, 0, 0, 0
L 875.0, -431.0, -17.0, 886.0, -431.0, -17.0, 0, 0, 0
L 805.0, -431.1, -17.0, 816.0, -431.1, -17.0, 0, 0, 0
L 875.0, -413.0, -17.0, 892.0, -413.0, -17.0, 0, 0, 0
L 820.0, 63.0, -11.0, 817.0, 63.0, -11.0, 0, 0, 255
L 826.0, 63.0, -11.0, 820.0, 63.0, -11.0, 0, 0, 255
L 776.0, 70.0, -11.0, 756.0, 64.0, -11.0, 0, 0, 255
L 756.0, 125.0, -11.0, 776.0, 125.0, -11.0, 0, 0, 255
L 817.0, 63.0, -11.0, 817.0, 114.1, -11.0, 139, 69, 19
L 817.0, 114.1, -11.0, 837.0, 115.0, -11.0, 0, 0, 255
L 776.0, 70.0, -11.0, 776.0, 125.0, -11.0, 139, 69, 19
L 776.0, 70.0, -11.0, 776.0, 64.8, -11.0, 139, 69, 19
L 817.0, 63.0, -11.0, 817.0, 58.1, -11.0, 139, 69, 19
L 817.0, 114.1, -11.0, 817.0, 120.8, -11.0, 139, 69, 19
L 776.0, 125.0, -11.0, 776.0, 129.6, -11.0, 139, 69, 19
L 776.0, 129.6, -11.0, 770.3, 137.9, -11.0, 139, 69, 19
L 822.7, 49.9, -11.0, 817.0, 58.1, -11.0, 139, 69, 19
L 817.0, 120.8, -11.0, 822.7, 129.1, -11.0, 139, 69, 19
L 770.3, 56.6, -11.0, 776.0, 64.8, -11.0, 139, 69, 19
L 848.0, 712.0, 11.0, 848.0, 756.0, 11.0, 150, 150, 150
L 867.0, 707.0, 11.0, 860.0, 707.0, 11.0, 150, 150, 150
L 860.0, 707.0, 11.0, 860.0, 712.0, 11.0, 150, 150, 150
L 860.0, 712.0, 11.0, 848.0, 712.0, 11.0, 150, 150, 150
L 867.0, 707.0, 11.0, 867.0, 701.2, 11.0, 150, 150, 150
L 925.0, 756.0, 11.0, 848.0, 756.0, 11.0, 0, 0, 0
L 906.0, 684.0, 11.0, 867.0, 684.0, 11.0, 150, 150, 150
L 906.0, 707.0, 11.0, 906.0, 701.2, 11.0, 150, 150, 150
L 913.0, 707.0, 11.0, 906.0, 707.0, 11.0, 150, 150, 150
L 913.0, 707.0, 11.0, 913.0, 712.0, 11.0, 150, 150, 150
L 925.0, 712.0, 11.0, 913.0, 712.0, 11.0, 150, 150, 150
L 925.0, 712.0, 11.0, 925.0, 756.0, 11.0, 150, 150, 150
L 848.0, 756.0, 11.0, 818.0, 756.0, 11.0, 0, 0, 0
L 861.0, 572.0, 11.0, 861.0, 582.0, 11.0, 0, 0, 0
L 956.0, 756.0, 11.0, 925.0, 756.0, 11.0, 0, 0, 0
L 794.0, 732.0, 11.0, 794.0, 595.0, 11.0, 0, 0, 0
L 818.0, 756.0, 11.0, 794.0, 732.0, 11.0, 0, 0, 0
L 980.0, 596.0, 11.0, 979.0, 732.0, 11.0, 0, 0, 0
L 979.0, 732.0, 11.0, 956.0, 756.0, 11.0, 0, 0, 0
L 980.0, 596.0, 11.0, 956.0, 572.0, 11.0, 0, 0, 0
L 956.0, 572.0, 11.0, 908.0, 572.0, 11.0, 0, 0, 0
L 816.0, 572.0, 11.0, 794.0, 595.0, 11.0, 0, 0, 0
L 861.0, 572.0, 11.0, 816.0, 572.0, 11.0, 0, 0, 0
L 872.0, 519.0, 11.0, 872.0, 582.0, 11.0, 0, 0, 0
L 861.0, 582.0, 11.0, 872.0, 582.0, 11.0, 0, 0, 0
L 897.0, 582.0, 11.0, 908.0, 582.0, 11.0, 0, 0, 0
L 908.0, 582.0, 11.0, 908.0, 572.0, 11.0, 0, 0, 0
L 865.0, 500.0, -9.0, 865.0, 461.0, -9.0, 150, 150, 150
L 821.0, 500.0, -9.0, 865.0, 500.0, -9.0, 150, 150, 150
L 908.0, 500.0, -9.0, 952.0, 500.0, -9.0, 150, 150, 150
L 865.0, 461.0, -9.0, 908.0, 461.0, -9.0, 150, 150, 150
L 908.0, 500.0, -9.0, 908.0, 461.0, -9.0, 150, 150, 150
L 897.0, 519.0, 11.0, 897.0, 582.0, 11.0, 0, 0, 0
L 897.0, 519.0, 11.0, 908.0, 519.0, 11.0, 0, 0, 0
L 861.0, 519.0, 11.0, 872.0, 519.0, 11.0, 0, 0, 0
L 861.0, 519.0, 11.0, 861.0, 526.0, 11.0, 0, 0, 0
L 908.0, 519.0, 11.0, 908.0, 526.0, 11.0, 0, 0, 0
L 847.0, 526.0, 11.0, 861.0, 526.0, 11.0, 0, 0, 0
L 847.0, 519.0, 11.0, 830.0, 519.0, 11.0, 0, 0, 0
L 847.0, 526.0, 11.0, 847.0, 519.0, 11.0, 0, 0, 0
L 908.0, 526.0, 11.0, 922.0, 526.0, 11.0, 0, 0, 0
L 922.0, 519.0, 11.0, 939.0, 519.0, 11.0, 0, 0, 0
L 922.0, 526.0, 11.0, 922.0, 519.0, 11.0, 0, 0, 0
L 830.0, 519.0, 11.0, 830.0, 526.0, 11.0, 0, 0, 0
L 939.0, 519.0, 11.0, 939.0, 526.0, 11.0, 0, 0, 0
L 961.0, 526.0, -9.0, 1005.0, 526.0, -9.0, 0, 0, 0
L 812.0, 526.0, -9.0, 769.0, 526.0, -9.0, 0, 0, 0
L 939.0, 526.0, 11.0, 961.0, 526.0, 11.0, 0, 0, 0
L 830.0, 526.0, 11.0, 812.0, 526.0, 11.0, 0, 0, 0
L 812.0, 526.0, -9.0, 812.0, 526.0, 11.0, 0, 0, 0
L 961.0, 526.0, -9.0, 961.0, 526.0, 11.0, 0, 0, 0
L 865.0, 500.0, 11.0, 908.0, 500.0, 11.0, 150, 150, 150
L 865.0, 500.0, 11.0, 865.0, 490.2, 6.0, 150, 150, 150
L 908.0, 500.0, 11.0, 908.0, 490.2, 6.0, 150, 150, 150
L 865.0, 480.5, 1.0, 865.0, 470.8, -4.0, 150, 150, 150
L 908.0, 480.5, 1.0, 908.0, 470.8, -4.0, 150, 150, 150
L 865.0, 480.5, 1.0, 908.0, 480.5, 1.0, 150, 150, 150
L 865.0, 490.2, 6.0, 865.0, 480.5, 1.0, 150, 150, 150
L 908.0, 490.2, 6.0, 908.0, 480.5, 1.0, 150, 150, 150
L 865.0, 490.2, 6.0, 908.0, 490.2, 6.0, 150, 150, 150
L 865.0, 470.8, -4.0, 865.0, 461.0, -9.0, 150, 150, 150
L 908.0, 470.8, -4.0, 908.0, 461.0, -9.0, 150, 150, 150
L 865.0, 470.8, -4.0, 908.0, 470.8, -4.0, 150, 150, 150
L 812.0, 526.0, 11.0, 813.0, 507.0, 11.0, 150, 150, 150
L 961.0, 509.0, 11.0, 961.0, 526.0, 11.0, 150, 150, 150
L 812.0, 526.0, -9.0, 813.0, 507.0, -9.0, 150, 150, 150
L 961.0, 526.0, -9.0, 961.0, 509.0, -9.0, 150, 150, 150
L 952.0, 500.0, 11.0, 961.0, 509.0, 11.0, 150, 150, 150
L 813.0, 507.0, 11.0, 821.0, 500.0, 11.0, 150, 150, 150
L 813.0, 507.0, -9.0, 821.0, 500.0, -9.0, 150, 150, 150
L 952.0, 500.0, -9.0, 961.0, 509.0, -9.0, 150, 150, 150
L 952.0, 500.0, 11.0, 908.0, 500.0, 11.0, 150, 150, 150
L 865.0, 500.0, 11.0, 821.0, 500.0, 11.0, 150, 150, 150
L 776.6, 326.6, -8.7, 776.6, 282.2, -8.7, 0, 0, 0
L 776.6, 282.2, -8.7, 746.4, 282.2, -8.7, 0, 0, 0
L 796.9, 309.3, -5.0, 788.1, 309.3, -5.0, 0, 0, 0
L 788.1, 309.3, -5.0, 788.1, 318.2, -5.0, 0, 0, 0
L 788.1, 318.2, -5.0, 796.9, 318.2, -5.0, 0, 0, 0
L 796.9, 318.2, -5.0, 796.9, 309.3, -5.0, 0, 0, 0
L 776.6, 326.6, -8.7, 764.7, 326.6, -8.7, 0, 0, 0
L 764.7, 326.6, -8.7, 764.7, 294.1, -8.7, 0, 0, 0
L 764.7, 294.1, -8.7, 705.3, 294.1, -8.7, 0, 0, 0
L 705.3, 294.1, -8.7, 705.3, 367.2, -8.7, 0, 0, 0
L 705.3, 367.2, -8.7, 764.7, 367.2, -8.7, 0, 0, 0
L 764.7, 367.2, -8.7, 764.7, 340.9, -8.7, 0, 0, 0
L 764.7, 340.9, -8.7, 776.6, 340.9, -8.7, 0, 0, 0
L 776.6, 340.9, -8.7, 776.6, 406.6, -8.7, 0, 0, 0
L 776.6, 406.6, -8.7, 764.7, 406.6, -8.7, 0, 0, 0
L 764.7, 406.6, -8.7, 764.7, 380.3, -8.7, 0, 0, 0
L 764.7, 380.3, -8.7, 705.3, 380.3, -8.7, 0, 0, 0
L 705.3, 380.3, -8.7, 705.3, 445.9, -8.7, 0, 0, 0
L 705.3, 445.9, -8.7, 764.7, 445.9, -8.7, 0, 0, 0
L 764.7, 445.9, -8.7, 764.7, 420.9, -8.7, 0, 0, 0
L 764.7, 420.9, -8.7, 776.6, 420.9, -8.7, 0, 0, 0
L 776.6, 420.9, -8.7, 776.6, 458.0, -8.7, 0, 0, 0
L 788.1, 429.3, -5.0, 788.1, 438.2, -5.0, 0, 0, 0
L 788.1, 438.2, -5.0, 796.9, 438.2, -5.0, 0, 0, 0
L 796.9, 438.2, -5.0, 796.9, 429.3, -5.0, 0, 0, 0
L 796.9, 429.3, -5.0, 788.1, 429.3, -5.0, 0, 0, 0
L 692.2, 290.4, -8.7, 686.1, 284.3, -8.7, 0, 0, 0
L 686.1, 284.3, -8.7, 685.4, 240.2, -17.2, 0, 0, 0
L 685.4, 240.2, -17.1, 693.8, 231.7, -17.6, 0, 0, 0
L 693.8, 231.7, -17.8, 705.4, 231.6, -18.2, 0, 0, 0
L 705.4, 231.6, -18.2, 705.4, 228.1, -18.1, 0, 0, 0
L 705.4, 228.1, -18.2, 727.2, 228.0, -19.4, 0, 0, 0
L 727.2, 231.5, -19.3, 727.2, 228.0, -19.3, 0, 0, 0
L 727.2, 231.5, -19.3, 738.7, 231.7, -17.8, 0, 0, 0
L 738.7, 231.7, -17.8, 746.9, 239.7, -18.2, 0, 0, 0
L 1026.2, 239.4, -18.7, 986.5, 239.4, -18.7, 150, 150, 150
L 986.5, 239.4, -18.7, 976.9, 229.7, -18.7, 150, 150, 150
L 976.9, 229.7, -18.7, 976.9, 199.1, -19.3, 150, 150, 150
L 795.6, 199.1, -19.2, 976.9, 199.1, -19.3, 150, 150, 150
L 795.6, 199.1, -19.2, 795.6, 229.7, -18.7, 150, 150, 150
L 795.6, 229.7, -18.7, 786.0, 239.4, -18.7, 150, 150, 150
L 786.0, 239.4, -18.7, 746.9, 239.7, -18.2, 150, 150, 150
L 449.1, 27.1, -17.7, 449.1, 40.2, -17.7, 0, 0, 0
L 449.1, 40.2, -17.7, 458.0, 61.7, -17.5, 0, 0, 0
L 458.0, 61.7, -17.6, 495.7, 99.5, -18.7, 0, 0, 0
L 495.7, 99.5, -18.7, 517.3, 108.4, -18.7, 0, 0, 0
L 517.3, 108.4, -18.7, 530.4, 108.4, -18.7, 0, 0, 0
L 530.4, 108.4, -18.7, 530.4, 110.9, -18.7, 0, 0, 0
L 584.6, 110.9, -18.7, 530.4, 110.9, -18.7, 0, 0, 0
L 584.6, 108.4, -18.7, 584.6, 110.9, -18.7, 0, 0, 0
L 584.6, 108.4, -18.7, 597.7, 108.4, -18.7, 0, 0, 0
L 597.7, 108.4, -18.7, 619.3, 99.5, -18.7, 0, 0, 0
L 619.3, 99.5, -18.7, 657.0, 61.8, -18.7, 0, 0, 0
L 657.0, 61.8, -18.7, 665.9, 40.1, -18.2, 0, 0, 0
L 665.9, 40.1, -18.4, 665.9, 27.1, -18.7, 0, 0, 0
L 665.9, 27.1, -18.7, 668.4, 27.1, -18.7, 0, 0, 0
L 668.4, 27.1, -18.7, 668.4, -27.1, -16.9, 0, 0, 0
L 665.9, -27.1, -17.2, 668.4, -27.1, -17.0, 0, 0, 0
L 665.9, -27.1, -17.2, 665.9, -40.2, -17.2, 0, 0, 0
L 665.9, -40.2, -17.3, 657.0, -61.7, -18.6, 0, 0, 0
L 657.0, -61.7, -18.7, 619.3, -99.5, -18.7, 0, 0, 0
L 619.3, -99.5, -18.7, 597.7, -108.4, -18.7, 0, 0, 0
L 597.7, -108.4, -18.7, 584.6, -108.4, -18.7, 0, 0, 0
L 584.6, -108.4, -18.7, 584.6, -110.9, -18.7, 0, 0, 0
L 584.6, -110.9, -18.7, 530.4, -110.9, -18.7, 0, 0, 0
L 530.4, -108.4, -18.7, 530.4, -110.9, -18.7, 0, 0, 0
L 530.4, -108.4, -18.7, 530.0, -108.4, -18.7, 0, 0, 0
L 530.0, -108.4, -18.7, 517.3, -108.4, -18.7, 0, 0, 0
L 517.3, -108.4, -18.7, 495.7, -99.5, -18.7, 0, 0, 0
L 495.7, -99.5, -18.7, 458.0, -61.8, -18.7, 0, 0, 0
L 458.0, -61.8, -18.7, 449.1, -40.2, -18.7, 0, 0, 0
L 449.1, -40.2, -18.7, 449.1, -27.1, -18.7, 0, 0, 0
L 449.1, -27.1, -18.7, 446.6, -27.1, -18.7, 0, 0, 0
L 446.6, -27.1, -18.7, 446.6, 27.1, -17.8, 0, 0, 0
L 449.1, 27.1, -17.7, 446.6, 27.1, -17.7, 0, 0, 0
L 788.1, 398.2, -5.0, 796.9, 398.2, -5.0, 0, 0, 0
L 796.9, 398.2, -5.0, 796.9, 389.3, -5.0, 0, 0, 0
L 788.1, 389.3, -5.0, 788.1, 398.2, -5.0, 0, 0, 0
L 796.9, 389.3, -5.0, 788.1, 389.3, -5.0, 0, 0, 0
L 796.9, 349.3, -5.0, 788.1, 349.3, -5.0, 0, 0, 0
L 788.1, 349.3, -5.0, 788.1, 358.2, -5.0, 0, 0, 0
L 796.9, 358.2, -5.0, 796.9, 349.3, -5.0, 0, 0, 0
L 788.1, 358.2, -5.0, 796.9, 358.2, -5.0, 0, 0, 0
L 788.1, 270.4, -5.0, 796.9, 270.4, -5.0, 0, 0, 0
L 788.1, 261.5, -5.0, 788.1, 270.4, -5.0, 0, 0, 0
L 796.9, 261.5, -5.0, 788.1, 261.5, -5.0, 0, 0, 0
L 796.9, 270.4, -5.0, 796.9, 261.5, -5.0, 0, 0, 0
L 1007.8, 406.6, -8.7, 1007.8, 380.3, -8.7, 0, 0, 0
L 1045.3, 231.5, -19.3, 1045.3, 228.0, -19.3, 0, 0, 0
L 1067.2, 380.3, -8.7, 1067.2, 445.9, -8.7, 0, 0, 0
L 1033.8, 231.7, -17.8, 1026.2, 239.4, -18.7, 0, 0, 0
L 984.4, 318.2, -5.0, 975.6, 318.2, -5.0, 0, 0, 0
L 1024.7, 258.5, -8.7, 1026.1, 282.2, -8.7, 0, 0, 0
L 1080.5, 458.0, -9.0, 1080.5, 290.0, -9.0, 0, 0, 0
L 984.4, 398.2, -5.0, 975.6, 398.2, -5.0, 0, 0, 0
L 1067.2, 445.9, -8.7, 1007.8, 445.9, -8.7, 0, 0, 0
L 1007.8, 367.2, -8.7, 1007.8, 340.9, -8.7, 0, 0, 0
L 995.9, 326.6, -8.7, 995.9, 282.2, -8.7, 0, 0, 0
L 984.4, 270.4, -5.0, 975.6, 270.4, -5.0, 0, 0, 0
L 1067.1, 228.1, -18.2, 1045.3, 228.0, -19.4, 0, 0, 0
L 1080.3, 290.4, -8.7, 1086.4, 284.3, -8.7, 0, 0, 0
L 995.9, 458.0, -9.0, 1080.5, 458.0, -9.0, 0, 0, 0
L 1026.2, 239.4, -18.7, 1025.8, 244.2, -16.2, 0, 0, 0
L 995.9, 340.9, -8.7, 995.9, 406.6, -8.7, 0, 0, 0
L 1087.1, 240.2, -17.1, 1078.7, 231.7, -17.6, 0, 0, 0
L 975.6, 318.2, -5.0, 975.6, 309.3, -5.0, 0, 0, 0
L 975.6, 358.2, -5.0, 975.6, 349.3, -5.0, 0, 0, 0
L 1067.1, 231.6, -18.2, 1067.1, 228.1, -18.1, 0, 0, 0
L 1007.8, 340.9, -8.7, 995.9, 340.9, -8.7, 0, 0, 0
L 1045.3, 231.5, -19.3, 1033.8, 231.7, -17.8, 0, 0, 0
L 995.9, 282.2, -8.7, 1026.1, 282.2, -8.7, 0, 0, 0
L 995.9, 326.6, -8.7, 1007.8, 326.6, -8.7, 0, 0, 0
L 1086.4, 284.3, -8.7, 1087.1, 240.2, -17.2, 0, 0, 0
L 984.4, 358.2, -5.0, 975.6, 358.2, -5.0, 0, 0, 0
L 975.6, 398.2, -5.0, 975.6, 389.3, -5.0, 0, 0, 0
L 975.6, 270.4, -5.0, 975.6, 261.5, -5.0, 0, 0, 0
L 1067.2, 367.2, -8.7, 1007.8, 367.2, -8.7, 0, 0, 0
L 984.4, 389.3, -5.0, 984.4, 398.2, -5.0, 0, 0, 0
L 1007.8, 445.9, -8.7, 1007.8, 420.9, -8.7, 0, 0, 0
L 984.4, 309.3, -5.0, 984.4, 318.2, -5.0, 0, 0, 0
L 1007.8, 420.9, -8.7, 995.9, 420.9, -8.7, 0, 0, 0
L 975.6, 349.3, -5.0, 984.4, 349.3, -5.0, 0, 0, 0
L 984.4, 429.3, -5.0, 984.4, 438.2, -5.0, 0, 0, 0
L 995.9, 420.9, -8.7, 995.9, 458.0, -8.7, 0, 0, 0
L 984.4, 349.3, -5.0, 984.4, 358.2, -5.0, 0, 0, 0
L 984.4, 261.5, -5.0, 984.4, 270.4, -5.0, 0, 0, 0
L 984.4, 438.2, -5.0, 975.6, 438.2, -5.0, 0, 0, 0
L 975.6, 389.3, -5.0, 984.4, 389.3, -5.0, 0, 0, 0
L 1067.2, 294.1, -8.7, 1067.2, 367.2, -8.7, 0, 0, 0
L 975.6, 309.3, -5.0, 984.4, 309.3, -5.0, 0, 0, 0
L 1007.8, 294.1, -8.7, 1067.2, 294.1, -8.7, 0, 0, 0
L 1078.7, 231.7, -17.8, 1067.1, 231.6, -18.2, 0, 0, 0
L 1007.8, 326.6, -8.7, 1007.8, 294.1, -8.7, 0, 0, 0
L 975.6, 429.3, -5.0, 984.4, 429.3, -5.0, 0, 0, 0
L 1007.8, 380.3, -8.7, 1067.2, 380.3, -8.7, 0, 0, 0
L 975.6, 438.2, -5.0, 975.6, 429.3, -5.0, 0, 0, 0
L 995.9, 406.6, -8.7, 1007.8, 406.6, -8.7, 0, 0, 0
L 984.4, 261.5, -5.0, 975.6, 261.5, -5.0, 0, 0, 0
L 906.0, 707.0, 11.0, 867.0, 707.0, 11.0, 150, 150, 150
L 867.0, 695.5, 11.0, 867.0, 689.8, 11.0, 150, 150, 150
L 906.0, 695.5, 11.0, 906.0, 689.8, 11.0, 150, 150, 150
L 867.0, 695.5, 11.0, 906.0, 695.5, 11.0, 150, 150, 150
L 906.0, 701.2, 11.0, 906.0, 695.5, 11.0, 150, 150, 150
L 867.0, 701.2, 11.0, 867.0, 695.5, 11.0, 150, 150, 150
L 906.0, 701.2, 11.0, 867.0, 701.2, 11.0, 150, 150, 150
L 867.0, 689.8, 11.0, 867.0, 684.0, 11.0, 150, 150, 150
L 906.0, 689.8, 11.0, 906.0, 684.0, 11.0, 150, 150, 150
L 867.0, 689.8, 11.0, 906.0, 689.8, 11.0, 150, 150, 150
L 957.3, 247.8, -8.7, 957.8, 218.7, -8.7, 150, 150, 150
L 967.5, 258.6, -8.7, 957.3, 247.8, -8.7, 150, 150, 150
L 967.5, 258.6, -8.7, 1024.7, 258.5, -8.7, 150, 150, 150
L 786.0, 239.4, -18.7, 790.5, 244.1, -16.2, 150, 150, 150
L 795.6, 229.7, -18.7, 800.2, 234.2, -16.2, 150, 150, 150
L 814.5, 218.6, -8.7, 809.8, 213.7, -11.3, 150, 150, 150
L 804.8, 238.7, -13.7, 809.4, 243.2, -11.2, 150, 150, 150
L 805.0, 208.9, -14.0, 800.3, 204.0, -16.6, 150, 150, 150
L 804.8, 238.7, -13.7, 805.0, 208.9, -14.0, 150, 150, 150
L 800.2, 234.2, -16.2, 804.8, 238.7, -13.7, 150, 150, 150
L 800.3, 204.0, -16.6, 795.6, 199.1, -19.2, 150, 150, 150
L 800.2, 234.2, -16.2, 800.3, 204.0, -16.6, 150, 150, 150
L 809.8, 213.7, -11.3, 805.0, 208.9, -14.0, 150, 150, 150
L 809.4, 243.2, -11.2, 814.0, 247.7, -8.7, 150, 150, 150
L 809.8, 213.7, -11.3, 809.4, 243.2, -11.2, 150, 150, 150
L 794.9, 248.9, -13.7, 799.4, 253.7, -11.2, 150, 150, 150
L 804.8, 238.7, -13.7, 794.9, 248.9, -13.7, 150, 150, 150
L 790.5, 244.1, -16.2, 794.9, 248.9, -13.7, 150, 150, 150
L 800.2, 234.2, -16.2, 790.5, 244.1, -16.2, 150, 150, 150
L 799.4, 253.7, -11.2, 803.8, 258.5, -8.7, 150, 150, 150
L 809.4, 243.2, -11.2, 799.4, 253.7, -11.2, 150, 150, 150
L 746.8, 249.1, -13.4, 746.7, 253.9, -11.1, 0, 0, 0
L 794.9, 248.9, -13.7, 746.8, 249.1, -13.4, 150, 150, 150
L 746.7, 253.9, -11.1, 746.6, 258.6, -8.7, 0, 0, 0
L 799.4, 253.7, -11.2, 746.7, 253.9, -11.1, 150, 150, 150
L 746.9, 244.4, -15.8, 746.8, 249.1, -13.4, 0, 0, 0
L 790.5, 244.1, -16.2, 746.9, 244.4, -15.8, 150, 150, 150
L 957.8, 218.7, -8.7, 962.6, 213.8, -11.3, 150, 150, 150
L 957.3, 247.8, -8.7, 962.2, 243.3, -11.2, 150, 150, 150
L 986.5, 239.4, -18.7, 981.8, 244.2, -16.2, 150, 150, 150
L 1025.4, 248.9, -13.7, 1025.1, 253.7, -11.2, 0, 0, 0
L 977.0, 249.0, -13.7, 972.3, 253.8, -11.2, 150, 150, 150
L 1025.4, 248.9, -13.7, 977.0, 249.0, -13.7, 150, 150, 150
L 967.1, 238.8, -13.7, 972.0, 234.2, -16.2, 150, 150, 150
L 977.0, 249.0, -13.7, 967.1, 238.8, -13.7, 150, 150, 150
L 967.3, 208.9, -14.0, 972.1, 204.0, -16.6, 150, 150, 150
L 967.1, 238.8, -13.7, 967.3, 208.9, -14.0, 150, 150, 150
L 962.6, 213.8, -11.3, 967.3, 208.9, -14.0, 150, 150, 150
L 962.2, 243.3, -11.2, 967.1, 238.8, -13.7, 150, 150, 150
L 962.6, 213.8, -11.3, 962.2, 243.3, -11.2, 150, 150, 150
L 972.3, 253.8, -11.2, 967.5, 258.6, -8.7, 150, 150, 150
L 962.2, 243.3, -11.2, 972.3, 253.8, -11.2, 150, 150, 150
L 1025.1, 253.7, -11.2, 1024.7, 258.5, -8.7, 0, 0, 0
L 972.3, 253.8, -11.2, 1025.1, 253.7, -11.2, 150, 150, 150
L 1025.8, 244.2, -16.2, 1025.4, 248.9, -13.7, 0, 0, 0
L 981.8, 244.2, -16.2, 977.0, 249.0, -13.7, 150, 150, 150
L 1025.8, 244.2, -16.2, 981.8, 244.2, -16.2, 150, 150, 150
L 972.0, 234.2, -16.2, 976.9, 229.7, -18.7, 150, 150, 150
L 981.8, 244.2, -16.2, 972.0, 234.2, -16.2, 150, 150, 150
L 972.1, 204.0, -16.6, 976.9, 199.1, -19.3, 150, 150, 150
L 972.0, 234.2, -16.2, 972.1, 204.0, -16.6, 150, 150, 150
L 967.3, 208.9, -14.0, 805.0, 208.9, -14.0, 150, 150, 150
L 800.3, 204.0, -16.6, 972.1, 204.0, -16.6, 150, 150, 150
L 962.6, 213.8, -11.3, 809.8, 213.7, -11.3, 150, 150, 150
L 1707.0, 230.0, -13.0, 1719.0, 230.0, -13.0, 0, 0, 0
L 1731.8, 314.0, -14.1, 1754.0, 305.4, -14.3, 0, 0, 0
L 1707.0, 230.0, -13.0, 1731.8, 314.0, -14.1, 199, 21, 133
