L 1000.0, 0.0, 0.0, 1000.0, -50.0, 0.0, 255, 0, 0
L -20.0, 50.0, 0.0, -50.0, 20.0, 0.0, 255, 0, 0
L 50.0, 20.0, 0.0, 20.0, 50.0, 0.0, 255, 0, 0
L 20.0, -50.0, 0.0, 50.0, -20.0, 0.0, 255, 0, 0
L -50.0, -20.0, 0.0, -20.0, -50.0, 0.0, 255, 0, 0
L -50.0, 20.0, 0.0, -50.0, -20.0, 0.0, 255, 0, 0
L 20.0, 50.0, 0.0, -20.0, 50.0, 0.0, 255, 0, 0
L 50.0, -20.0, 0.0, 50.0, 20.0, 0.0, 255, 0, 0
L -20.0, -50.0, 0.0, 20.0, -50.0, 0.0, 255, 0, 0
L 580.0, -20.0, 0.0, 540.0, -20.0, 0.0, 255, 0, 0
L 580.0, -90.0, 0.0, 580.0, -20.0, 0.0, 255, 0, 0
L 540.0, -90.0, 0.0, 580.0, -90.0, 0.0, 255, 0, 0
L 540.0, -20.0, 0.0, 540.0, -90.0, 0.0, 255, 0, 0
L 520.0, -20.0, 0.0, 480.0, -20.0, 0.0, 255, 0, 0
L 520.0, -90.0, 0.0, 520.0, -20.0, 0.0, 255, 0, 0
L 480.0, -90.0, 0.0, 520.0, -90.0, 0.0, 255, 0, 0
L 480.0, -20.0, 0.0, 480.0, -90.0, 0.0, 255, 0, 0
L 460.0, -90.0, 0.0, 450.0, -80.0, 0.0, 255, 0, 0
L 460.0, -20.0, 0.0, 460.0, -90.0, 0.0, 255, 0, 0
L 0.0, -250.0, 0.0, 0.0, 250.0, 0.0, 255, 0, 0
L -250.0, 0.0, 0.0, 1000.0, 0.0, 0.0, 255, 0, 0
L -120.0, -80.0, 0.0, -120.0, -60.0, 0.0, 255, 0, 0
L -120.0, -60.0, 0.0, -120.0, -40.0, 0.0, 255, 0, 0
L -100.0, -60.0, 0.0, -120.0, -60.0, 0.0, 255, 0, 0
L -120.0, -60.0, 0.0, -140.0, -60.0, 0.0, 255, 0, 0
L -90.0, -50.0, 0.0, -100.0, -30.0, 0.0, 255, 0, 0
L -60.0, -80.0, 0.0, -60.0, -60.0, 0.0, 255, 0, 0
L -60.0, -60.0, 0.0, -60.0, -40.0, 0.0, 255, 0, 0
L -40.0, -60.0, 0.0, -60.0, -60.0, 0.0, 255, 0, 0
L -60.0, -60.0, 0.0, -80.0, -60.0, 0.0, 255, 0, 0
L 100.0, 60.0, 0.0, 120.0, 60.0, 0.0, 255, 0, 0
L 120.0, 60.0, 0.0, 140.0, 60.0, 0.0, 255, 0, 0
L 90.0, 70.0, 0.0, 80.0, 90.0, 0.0, 255, 0, 0
L 40.0, 60.0, 0.0, 60.0, 60.0, 0.0, 255, 0, 0
L 60.0, 60.0, 0.0, 80.0, 60.0, 0.0, 255, 0, 0
L -100.0, 60.0, 0.0, -120.0, 60.0, 0.0, 255, 0, 0
L -120.0, 60.0, 0.0, -140.0, 60.0, 0.0, 255, 0, 0
L -90.0, 70.0, 0.0, -100.0, 90.0, 0.0, 255, 0, 0
L -60.0, 80.0, 0.0, -60.0, 60.0, 0.0, 255, 0, 0
L -60.0, 60.0, 0.0, -60.0, 40.0, 0.0, 255, 0, 0
L -40.0, 60.0, 0.0, -60.0, 60.0, 0.0, 255, 0, 0
L -60.0, 60.0, 0.0, -80.0, 60.0, 0.0, 255, 0, 0
L 100.0, -60.0, 0.0, 120.0, -60.0, 0.0, 255, 0, 0
L 120.0, -60.0, 0.0, 140.0, -60.0, 0.0, 255, 0, 0
L 90.0, -50.0, 0.0, 80.0, -30.0, 0.0, 255, 0, 0
L 60.0, -80.0, 0.0, 60.0, -60.0, 0.0, 255, 0, 0
L 60.0, -60.0, 0.0, 60.0, -40.0, 0.0, 255, 0, 0
L 40.0, -60.0, 0.0, 60.0, -60.0, 0.0, 255, 0, 0
L 60.0, -60.0, 0.0, 80.0, -60.0, 0.0, 255, 0, 0
L 599.0, -90.0, 0.0, 637.3, -90.0, 0.0, 255, 0, 0
L 599.0, -20.0, 0.0, 637.3, -20.0, 0.0, 255, 0, 0
L 599.0, -90.0, 0.0, 599.0, -20.0, 0.0, 255, 0, 0
L 637.3, -90.0, 0.0, 637.3, -20.0, 0.0, 255, 0, 0
L 2100, 800, 0, 2100, 860, 0, 0, 0, 0
L 2140, 860, 0, 2100, 860, 0, 0, 0, 0
L 2160, 830, 0, 2190, 830, 0, 0, 0, 0
L 2160, 860, 0, 2190, 860, 0, 0, 0, 0
L 2160, 800, 0, 2160, 860, 0, 0, 0, 0
L 2190, 800, 0, 2160, 800, 0, 0, 0, 0
L 2240, 860, 0, 2210, 860, 0, 0, 0, 0
L 2210, 800, 0, 2240, 800, 0, 0, 0, 0
L 2210, 860, 0, 2210, 800, 0, 0, 0, 0
L 2240, 860, 0, 2240, 830, 0, 0, 0, 0
L 2240, 830, 0, 2220, 830, 0, 0, 0, 0
L 2260, 830, 0, 2290, 830, 0, 0, 0, 0
L 2260, 860, 0, 2290, 860, 0, 0, 0, 0
L 2260, 800, 0, 2260, 860, 0, 0, 0, 0
L 2290, 800, 0, 2260, 800, 0, 0, 0, 0
L 2340, 860, 0, 2340, 800, 0, 0, 0, 0
L 2310, 800, 0, 2340, 860, 0, 0, 0, 0
L 2310, 860, 0, 2310, 800, 0, 0, 0, 0
L 2370, 860, 0, 2370, 800, 0, 0, 0, 0
L 2380, 860, 0, 2360, 860, 0, 0, 0, 0
L 2390, 830, 0, 2380, 860, 0, 0, 0, 0
L 2380, 800, 0, 2390, 830, 0, 0, 0, 0
L 2360, 800, 0, 2380, 800, 0, 0, 0, 0
L 2100, 1010, 0, 2160, 1010, 0, 0, 0, 0
L 2100, 930, 0, 2160, 930, 0, 0, 0, 0
L 2130, 983, 0, 2130, 957, 0, 205, 133, 63
L 2160, 1010, 0, 2220, 1010, 0, 0, 0, 0
L 2160, 1010, 0, 2160, 983, 0, 205, 133, 63
L 2130, 983, 0, 2190, 983, 0, 205, 133, 63
L 2130, 957, 0, 2160, 957, 0, 205, 133, 63
L 2160, 957, 0, 2190, 957, 0, 205, 133, 63
L 2160, 930, 0, 2220, 930, 0, 0, 0, 0
L 2160, 957, 0, 2160, 930, 0, 205, 133, 63
L 2190, 983, 0, 2190, 957, 0, 205, 133, 63
L 2270, 1000, 0, 2270, 940, 0, 0, 0, 0
L 2280, 1000, 0, 2260, 1000, 0, 0, 0, 0
L 2290, 970, 0, 2280, 1000, 0, 0, 0, 0
L 2280, 940, 0, 2290, 970, 0, 0, 0, 0
L 2260, 940, 0, 2280, 940, 0, 0, 0, 0
L 2310, 940, 0, 2340, 940, 0, 0, 0, 0
L 2310, 1000, 0, 2340, 1000, 0, 0, 0, 0
L 2310, 940, 0, 2310, 1000, 0, 0, 0, 0
L 2340, 940, 0, 2340, 1000, 0, 0, 0, 0
L 2360, 940, 0, 2390, 940, 0, 0, 0, 0
L 2360, 1000, 0, 2390, 1000, 0, 0, 0, 0
L 2360, 940, 0, 2360, 1000, 0, 0, 0, 0
L 2390, 940, 0, 2390, 1000, 0, 0, 0, 0
L 2410, 940, 0, 2410, 970, 0, 0, 0, 0
L 2410, 970, 0, 2410, 1000, 0, 0, 0, 0
L 2410, 970, 0, 2430, 970, 0, 0, 0, 0
L 2450, 970, 0, 2450, 940, 0, 0, 0, 0
L 2410, 940, 0, 2450, 940, 0, 0, 0, 0
L 2430, 970, 0, 2450, 970, 0, 0, 0, 0
L 2450, 1000, 0, 2430, 970, 0, 0, 0, 0
L 2100, 1050, 0, 2100, 1080, 0, 255, 210, 0
L 2100, 1050, 0, 2120, 1050, 0, 255, 210, 0
L 2120, 1110, 0, 2100, 1110, 0, 255, 210, 0
L 2100, 1080, 0, 2100, 1110, 0, 255, 210, 0
L 2120, 1080, 0, 2100, 1080, 0, 255, 210, 0
L 2120, 1080, 0, 2140, 1065, 0, 255, 210, 0
L 2120, 1050, 0, 2140, 1065, 0, 255, 210, 0
L 2120, 1080, 0, 2140, 1095, 0, 255, 210, 0
L 2140, 1095, 0, 2120, 1110, 0, 255, 210, 0
L 2170, 1080, 0, 2190, 1080, 0, 255, 210, 0
L 2180, 1050, 0, 2200, 1110, 0, 255, 210, 0
L 2160, 1110, 0, 2180, 1050, 0, 255, 210, 0
L 2250, 1110, 0, 2250, 1050, 0, 255, 210, 0
L 2220, 1050, 0, 2250, 1110, 0, 255, 210, 0
L 2220, 1110, 0, 2220, 1050, 0, 255, 210, 0
L 2270, 1050, 0, 2270, 1080, 0, 255, 210, 0
L 2270, 1080, 0, 2270, 1110, 0, 255, 210, 0
L 2270, 1080, 0, 2310, 1110, 0, 255, 210, 0
L 2270, 1080, 0, 2310, 1050, 0, 255, 210, 0
L 2330, 1080, 0, 2360, 1080, 0, 255, 210, 0
L 2330, 1110, 0, 2360, 1110, 0, 255, 210, 0
L 2330, 1050, 0, 2330, 1110, 0, 255, 210, 0
L 2360, 1050, 0, 2330, 1050, 0, 255, 210, 0
L 2380, 1050, 0, 2380, 1080, 0, 255, 210, 0
L 2380, 1080, 0, 2380, 1110, 0, 255, 210, 0
L 2380, 1080, 0, 2400, 1080, 0, 255, 210, 0
L 2420, 1080, 0, 2420, 1050, 0, 255, 210, 0
L 2380, 1050, 0, 2420, 1050, 0, 255, 210, 0
L 2400, 1080, 0, 2420, 1080, 0, 255, 210, 0
L 2420, 1110, 0, 2400, 1080, 0, 255, 210, 0
L 2130, 1200, 0, 2100, 1200, 0, 255, 255, 255
L 2100, 1140, 0, 2130, 1140, 0, 255, 255, 255
L 2100, 1200, 0, 2100, 1140, 0, 255, 255, 255
L 2150, 1140, 0, 2180, 1140, 0, 255, 255, 255
L 2150, 1200, 0, 2180, 1200, 0, 255, 255, 255
L 2150, 1140, 0, 2150, 1200, 0, 255, 255, 255
L 2180, 1140, 0, 2180, 1200, 0, 255, 255, 255
L 2240, 1140, 0, 2240, 1200, 0, 255, 255, 255
L 2220, 1170, 0, 2240, 1140, 0, 255, 255, 255
L 2200, 1140, 0, 2220, 1170, 0, 255, 255, 255
L 2200, 1200, 0, 2200, 1140, 0, 255, 255, 255
L 2300, 1140, 0, 2300, 1200, 0, 255, 255, 255
L 2280, 1170, 0, 2300, 1140, 0, 255, 255, 255
L 2260, 1140, 0, 2280, 1170, 0, 255, 255, 255
L 2260, 1200, 0, 2260, 1140, 0, 255, 255, 255
L 2320, 1170, 0, 2350, 1170, 0, 255, 255, 255
L 2320, 1200, 0, 2350, 1200, 0, 255, 255, 255
L 2320, 1140, 0, 2320, 1200, 0, 255, 255, 255
L 2350, 1140, 0, 2320, 1140, 0, 255, 255, 255
L 2400, 1200, 0, 2400, 1140, 0, 255, 255, 255
L 2370, 1140, 0, 2400, 1200, 0, 255, 255, 255
L 2370, 1200, 0, 2370, 1140, 0, 255, 255, 255
L 2440, 1140, 0, 2440, 1200, 0, 255, 255, 255
L 2420, 1140, 0, 2460, 1140, 0, 255, 255, 255
L 2130, 1290, 0, 2100, 1290, 0, 0, 0, 0
L 2100, 1230, 0, 2130, 1230, 0, 0, 0, 0
L 2100, 1290, 0, 2100, 1230, 0, 0, 0, 0
L 2130, 1290, 0, 2130, 1260, 0, 0, 0, 0
L 2130, 1260, 0, 2110, 1260, 0, 0, 0, 0
L 2150, 1260, 0, 2180, 1260, 0, 0, 0, 0
L 2150, 1290, 0, 2180, 1290, 0, 0, 0, 0
L 2150, 1230, 0, 2150, 1290, 0, 0, 0, 0
L 2180, 1230, 0, 2150, 1230, 0, 0, 0, 0
L 2230, 1290, 0, 2230, 1230, 0, 0, 0, 0
L 2200, 1230, 0, 2230, 1290, 0, 0, 0, 0
L 2200, 1290, 0, 2200, 1230, 0, 0, 0, 0
L 2250, 1260, 0, 2280, 1260, 0, 0, 0, 0
L 2250, 1290, 0, 2280, 1290, 0, 0, 0, 0
L 2250, 1230, 0, 2250, 1290, 0, 0, 0, 0
L 2280, 1230, 0, 2250, 1230, 0, 0, 0, 0
L 2300, 1230, 0, 2300, 1260, 0, 0, 0, 0
L 2300, 1260, 0, 2300, 1290, 0, 0, 0, 0
L 2300, 1260, 0, 2320, 1260, 0, 0, 0, 0
L 2340, 1260, 0, 2340, 1230, 0, 0, 0, 0
L 2300, 1230, 0, 2340, 1230, 0, 0, 0, 0
L 2320, 1260, 0, 2340, 1260, 0, 0, 0, 0
L 2340, 1290, 0, 2320, 1260, 0, 0, 0, 0
L 2370, 1260, 0, 2390, 1260, 0, 0, 0, 0
L 2380, 1230, 0, 2400, 1290, 0, 0, 0, 0
L 2360, 1290, 0, 2380, 1230, 0, 0, 0, 0
L 2420, 1230, 0, 2420, 1290, 0, 0, 0, 0
L 2460, 1290, 0, 2420, 1290, 0, 0, 0, 0
L 2130, 1380, 0, 2100, 1380, 0, 0, 0, 255
L 2100, 1320, 0, 2130, 1320, 0, 0, 0, 255
L 2100, 1380, 0, 2100, 1320, 0, 0, 0, 255
L 2130, 1380, 0, 2130, 1350, 0, 0, 0, 255
L 2130, 1350, 0, 2110, 1350, 0, 0, 0, 255
L 2150, 1320, 0, 2150, 1350, 0, 0, 0, 255
L 2150, 1350, 0, 2150, 1380, 0, 0, 0, 255
L 2150, 1350, 0, 2170, 1350, 0, 0, 0, 255
L 2190, 1350, 0, 2190, 1320, 0, 0, 0, 255
L 2150, 1320, 0, 2190, 1320, 0, 0, 0, 255
L 2170, 1350, 0, 2190, 1350, 0, 0, 0, 255
L 2190, 1380, 0, 2170, 1350, 0, 0, 0, 255
L 2210, 1320, 0, 2240, 1320, 0, 0, 0, 255
L 2210, 1380, 0, 2240, 1380, 0, 0, 0, 255
L 2210, 1320, 0, 2210, 1380, 0, 0, 0, 255
L 2240, 1320, 0, 2240, 1380, 0, 0, 0, 255
L 2300, 1320, 0, 2300, 1380, 0, 0, 0, 255
L 2260, 1320, 0, 2260, 1380, 0, 0, 0, 255
L 2260, 1380, 0, 2300, 1380, 0, 0, 0, 255
L 2350, 1380, 0, 2350, 1320, 0, 0, 0, 255
L 2320, 1320, 0, 2350, 1380, 0, 0, 0, 255
L 2320, 1380, 0, 2320, 1320, 0, 0, 0, 255
L 2380, 1380, 0, 2380, 1320, 0, 0, 0, 255
L 2390, 1380, 0, 2370, 1380, 0, 0, 0, 255
L 2400, 1350, 0, 2390, 1380, 0, 0, 0, 255
L 2390, 1320, 0, 2400, 1350, 0, 0, 0, 255
L 2370, 1320, 0, 2390, 1320, 0, 0, 0, 255
L 2480, 1320, 0, 2480, 1350, 0, 0, 0, 255
L 2480, 1380, 0, 2520, 1380, 0, 0, 0, 255
L 2520, 1350, 0, 2480, 1350, 0, 0, 0, 255
L 2480, 1320, 0, 2520, 1320, 0, 0, 0, 255
L 2520, 1350, 0, 2520, 1380, 0, 0, 0, 255
L 2570, 1350, 0, 2540, 1350, 0, 0, 0, 255
L 2570, 1320, 0, 2570, 1350, 0, 0, 0, 255
L 2540, 1320, 0, 2570, 1320, 0, 0, 0, 255
L 2540, 1380, 0, 2540, 1320, 0, 0, 0, 255
L 2600, 1350, 0, 2620, 1350, 0, 0, 0, 255
L 2610, 1320, 0, 2630, 1380, 0, 0, 0, 255
L 2590, 1380, 0, 2610, 1320, 0, 0, 0, 255
L 2680, 1380, 0, 2690, 1320, 0, 0, 0, 255
L 2670, 1350, 0, 2680, 1380, 0, 0, 0, 255
L 2660, 1380, 0, 2670, 1350, 0, 0, 0, 255
L 2650, 1320, 0, 2660, 1380, 0, 0, 0, 255
L 2740, 1380, 0, 2740, 1320, 0, 0, 0, 255
L 2710, 1320, 0, 2740, 1380, 0, 0, 0, 255
L 2710, 1380, 0, 2710, 1320, 0, 0, 0, 255
L 2130, 1470, 0, 2100, 1470, 0, 128, 128, 128
L 2100, 1410, 0, 2130, 1410, 0, 128, 128, 128
L 2100, 1470, 0, 2100, 1410, 0, 128, 128, 128
L 2130, 1470, 0, 2130, 1440, 0, 128, 128, 128
L 2130, 1440, 0, 2110, 1440, 0, 128, 128, 128
L 2190, 1410, 0, 2190, 1470, 0, 128, 128, 128
L 2150, 1410, 0, 2150, 1470, 0, 128, 128, 128
L 2150, 1470, 0, 2190, 1470, 0, 128, 128, 128
L 2210, 1410, 0, 2210, 1470, 0, 128, 128, 128
L 2230, 1410, 0, 2230, 1470, 0, 128, 128, 128
L 2270, 1470, 0, 2230, 1470, 0, 128, 128, 128
L 2300, 1470, 0, 2300, 1410, 0, 128, 128, 128
L 2310, 1470, 0, 2290, 1470, 0, 128, 128, 128
L 2320, 1440, 0, 2310, 1470, 0, 128, 128, 128
L 2310, 1410, 0, 2320, 1440, 0, 128, 128, 128
L 2290, 1410, 0, 2310, 1410, 0, 128, 128, 128
L 2440, 1410, 0, 2440, 1470, 0, 128, 128, 128
L 2420, 1440, 0, 2440, 1410, 0, 128, 128, 128
L 2400, 1410, 0, 2420, 1440, 0, 128, 128, 128
L 2400, 1470, 0, 2400, 1410, 0, 128, 128, 128
L 2470, 1440, 0, 2490, 1440, 0, 128, 128, 128
L 2480, 1410, 0, 2500, 1470, 0, 128, 128, 128
L 2460, 1470, 0, 2480, 1410, 0, 128, 128, 128
L 2520, 1410, 0, 2520, 1440, 0, 128, 128, 128
L 2520, 1470, 0, 2560, 1470, 0, 128, 128, 128
L 2560, 1440, 0, 2520, 1440, 0, 128, 128, 128
L 2520, 1410, 0, 2560, 1410, 0, 128, 128, 128
L 2560, 1440, 0, 2560, 1470, 0, 128, 128, 128
L 2600, 1410, 0, 2600, 1470, 0, 128, 128, 128
L 2580, 1410, 0, 2620, 1410, 0, 128, 128, 128
L 2640, 1440, 0, 2670, 1440, 0, 128, 128, 128
L 2640, 1470, 0, 2670, 1470, 0, 128, 128, 128
L 2640, 1410, 0, 2640, 1470, 0, 128, 128, 128
L 2670, 1410, 0, 2640, 1410, 0, 128, 128, 128
L 2690, 1410, 0, 2690, 1440, 0, 128, 128, 128
L 2690, 1440, 0, 2690, 1470, 0, 128, 128, 128
L 2690, 1440, 0, 2710, 1440, 0, 128, 128, 128
L 2730, 1440, 0, 2730, 1410, 0, 128, 128, 128
L 2690, 1410, 0, 2730, 1410, 0, 128, 128, 128
L 2710, 1440, 0, 2730, 1440, 0, 128, 128, 128
L 2730, 1470, 0, 2710, 1440, 0, 128, 128, 128
L 2100, 1500, 0, 2100, 1530, 0, 127, 64, 0
L 2140, 1560, 0, 2140, 1530, 0, 127, 64, 0
L 2100, 1530, 0, 2100, 1560, 0, 127, 64, 0
L 2140, 1530, 0, 2140, 1500, 0, 127, 64, 0
L 2100, 1530, 0, 2140, 1530, 0, 127, 64, 0
L 2200, 1500, 0, 2200, 1560, 0, 127, 64, 0
L 2160, 1500, 0, 2160, 1560, 0, 127, 64, 0
L 2160, 1560, 0, 2200, 1560, 0, 127, 64, 0
L 2250, 1560, 0, 2250, 1500, 0, 127, 64, 0
L 2220, 1500, 0, 2250, 1560, 0, 127, 64, 0
L 2220, 1560, 0, 2220, 1500, 0, 127, 64, 0
L 2290, 1500, 0, 2290, 1560, 0, 127, 64, 0
L 2270, 1500, 0, 2310, 1500, 0, 127, 64, 0
L 2330, 1530, 0, 2360, 1530, 0, 127, 64, 0
L 2330, 1560, 0, 2360, 1560, 0, 127, 64, 0
L 2330, 1500, 0, 2330, 1560, 0, 127, 64, 0
L 2360, 1500, 0, 2330, 1500, 0, 127, 64, 0
L 2380, 1500, 0, 2380, 1530, 0, 127, 64, 0
L 2380, 1530, 0, 2380, 1560, 0, 127, 64, 0
L 2380, 1530, 0, 2400, 1530, 0, 127, 64, 0
L 2420, 1530, 0, 2420, 1500, 0, 127, 64, 0
L 2380, 1500, 0, 2420, 1500, 0, 127, 64, 0
L 2400, 1530, 0, 2420, 1530, 0, 127, 64, 0
L 2420, 1560, 0, 2400, 1530, 0, 127, 64, 0
L 2140, 1590, 0, 2140, 1650, 0, 0, 127, 0
L 2120, 1620, 0, 2140, 1590, 0, 0, 127, 0
L 2100, 1590, 0, 2120, 1620, 0, 0, 127, 0
L 2100, 1650, 0, 2100, 1590, 0, 0, 127, 0
L 2160, 1620, 0, 2190, 1620, 0, 0, 127, 0
L 2160, 1650, 0, 2190, 1650, 0, 0, 127, 0
L 2160, 1590, 0, 2160, 1650, 0, 0, 127, 0
L 2190, 1590, 0, 2160, 1590, 0, 0, 127, 0
L 2210, 1590, 0, 2210, 1620, 0, 0, 127, 0
L 2210, 1620, 0, 2210, 1650, 0, 0, 127, 0
L 2210, 1620, 0, 2230, 1620, 0, 0, 127, 0
L 2250, 1620, 0, 2250, 1590, 0, 0, 127, 0
L 2210, 1590, 0, 2250, 1590, 0, 0, 127, 0
L 2230, 1620, 0, 2250, 1620, 0, 0, 127, 0
L 2250, 1650, 0, 2230, 1620, 0, 0, 127, 0
L 2300, 1650, 0, 2270, 1650, 0, 0, 127, 0
L 2270, 1590, 0, 2300, 1590, 0, 0, 127, 0
L 2270, 1650, 0, 2270, 1590, 0, 0, 127, 0
L 2320, 1590, 0, 2320, 1620, 0, 0, 127, 0
L 2360, 1650, 0, 2360, 1620, 0, 0, 127, 0
L 2320, 1620, 0, 2320, 1650, 0, 0, 127, 0
L 2360, 1620, 0, 2360, 1590, 0, 0, 127, 0
L 2320, 1620, 0, 2360, 1620, 0, 0, 127, 0
L 2390, 1620, 0, 2410, 1620, 0, 0, 127, 0
L 2400, 1590, 0, 2420, 1650, 0, 0, 127, 0
L 2380, 1650, 0, 2400, 1590, 0, 0, 127, 0
L 2470, 1650, 0, 2470, 1590, 0, 0, 127, 0
L 2440, 1590, 0, 2470, 1650, 0, 0, 127, 0
L 2440, 1650, 0, 2440, 1590, 0, 0, 127, 0
L 2510, 1590, 0, 2510, 1650, 0, 0, 127, 0
L 2490, 1590, 0, 2530, 1590, 0, 0, 127, 0
L 2140, 1680, 0, 2140, 1740, 0, 0, 127, 127
L 2120, 1710, 0, 2140, 1680, 0, 0, 127, 127
L 2100, 1680, 0, 2120, 1710, 0, 0, 127, 127
L 2100, 1740, 0, 2100, 1680, 0, 0, 127, 127
L 2160, 1680, 0, 2160, 1740, 0, 0, 127, 127
L 2180, 1680, 0, 2180, 1710, 0, 0, 127, 127
L 2180, 1740, 0, 2220, 1740, 0, 0, 127, 127
L 2220, 1710, 0, 2180, 1710, 0, 0, 127, 127
L 2180, 1680, 0, 2220, 1680, 0, 0, 127, 127
L 2220, 1710, 0, 2220, 1740, 0, 0, 127, 127
L 2240, 1680, 0, 2240, 1710, 0, 0, 127, 127
L 2240, 1740, 0, 2280, 1740, 0, 0, 127, 127
L 2280, 1710, 0, 2240, 1710, 0, 0, 127, 127
L 2240, 1680, 0, 2280, 1680, 0, 0, 127, 127
L 2280, 1710, 0, 2280, 1740, 0, 0, 127, 127
L 2300, 1680, 0, 2300, 1740, 0, 0, 127, 127
L 2320, 1680, 0, 2350, 1680, 0, 0, 127, 127
L 2320, 1740, 0, 2350, 1740, 0, 0, 127, 127
L 2320, 1680, 0, 2320, 1740, 0, 0, 127, 127
L 2350, 1680, 0, 2350, 1740, 0, 0, 127, 127
L 2400, 1740, 0, 2400, 1680, 0, 0, 127, 127
L 2370, 1680, 0, 2400, 1740, 0, 0, 127, 127
L 2370, 1740, 0, 2370, 1680, 0, 0, 127, 127
L 2130, 1830, 0, 2130, 1770, 0, 127, 64, 0
L 2100, 1770, 0, 2130, 1830, 0, 127, 64, 0
L 2100, 1830, 0, 2100, 1770, 0, 127, 64, 0
L 2160, 1800, 0, 2180, 1800, 0, 127, 64, 0
L 2170, 1770, 0, 2190, 1830, 0, 127, 64, 0
L 2150, 1830, 0, 2170, 1770, 0, 127, 64, 0
L 2250, 1770, 0, 2250, 1830, 0, 127, 64, 0
L 2230, 1800, 0, 2250, 1770, 0, 127, 64, 0
L 2210, 1770, 0, 2230, 1800, 0, 127, 64, 0
L 2210, 1830, 0, 2210, 1770, 0, 127, 64, 0
L 2270, 1800, 0, 2300, 1800, 0, 127, 64, 0
L 2270, 1830, 0, 2300, 1830, 0, 127, 64, 0
L 2270, 1770, 0, 2270, 1830, 0, 127, 64, 0
L 2300, 1770, 0, 2270, 1770, 0, 127, 64, 0
L 2330, 1830, 0, 2330, 1770, 0, 127, 64, 0
L 2340, 1830, 0, 2320, 1830, 0, 127, 64, 0
L 2350, 1800, 0, 2340, 1830, 0, 127, 64, 0
L 2340, 1770, 0, 2350, 1800, 0, 127, 64, 0
L 2320, 1770, 0, 2340, 1770, 0, 127, 64, 0
L 2130, 1890, 0, 2100, 1890, 0, 0, 255, 0
L 2130, 1860, 0, 2130, 1890, 0, 0, 255, 0
L 2100, 1860, 0, 2130, 1860, 0, 0, 255, 0
L 2100, 1920, 0, 2100, 1860, 0, 0, 255, 0
L 2160, 1890, 0, 2180, 1890, 0, 0, 255, 0
L 2170, 1860, 0, 2190, 1920, 0, 0, 255, 0
L 2150, 1920, 0, 2170, 1860, 0, 0, 255, 0
L 2210, 1860, 0, 2210, 1890, 0, 0, 255, 0
L 2210, 1890, 0, 2210, 1920, 0, 0, 255, 0
L 2210, 1890, 0, 2230, 1890, 0, 0, 255, 0
L 2250, 1890, 0, 2250, 1860, 0, 0, 255, 0
L 2210, 1860, 0, 2250, 1860, 0, 0, 255, 0
L 2230, 1890, 0, 2250, 1890, 0, 0, 255, 0
L 2250, 1920, 0, 2230, 1890, 0, 0, 255, 0
L 2300, 1920, 0, 2270, 1920, 0, 0, 255, 0
L 2270, 1860, 0, 2300, 1860, 0, 0, 255, 0
L 2270, 1920, 0, 2270, 1860, 0, 0, 255, 0
L 2320, 1890, 0, 2350, 1890, 0, 0, 255, 0
L 2320, 1920, 0, 2350, 1920, 0, 0, 255, 0
L 2320, 1860, 0, 2320, 1920, 0, 0, 255, 0
L 2350, 1860, 0, 2320, 1860, 0, 0, 255, 0
L 2370, 1860, 0, 2370, 1920, 0, 0, 255, 0
L 2410, 1920, 0, 2370, 1920, 0, 0, 255, 0
L 2430, 1860, 0, 2430, 1890, 0, 0, 255, 0
L 2430, 1920, 0, 2470, 1920, 0, 0, 255, 0
L 2470, 1890, 0, 2430, 1890, 0, 0, 255, 0
L 2430, 1860, 0, 2470, 1860, 0, 0, 255, 0
L 2470, 1890, 0, 2470, 1920, 0, 0, 255, 0
L 2100, 1950, 0, 2100, 1980, 0, 0, 240, 240
L 2100, 1980, 0, 2100, 2010, 0, 0, 240, 240
L 2100, 1980, 0, 2120, 1980, 0, 0, 240, 240
L 2140, 1980, 0, 2140, 1950, 0, 0, 240, 240
L 2100, 1950, 0, 2140, 1950, 0, 0, 240, 240
L 2120, 1980, 0, 2140, 1980, 0, 0, 240, 240
L 2140, 2010, 0, 2120, 1980, 0, 0, 240, 240
L 2170, 1980, 0, 2190, 1980, 0, 0, 240, 240
L 2180, 1950, 0, 2200, 2010, 0, 0, 240, 240
L 2160, 2010, 0, 2180, 1950, 0, 0, 240, 240
L 2220, 1950, 0, 2220, 2010, 0, 0, 240, 240
L 2250, 2010, 0, 2250, 1950, 0, 0, 240, 240
L 2260, 2010, 0, 2240, 2010, 0, 0, 240, 240
L 2270, 1980, 0, 2260, 2010, 0, 0, 240, 240
L 2260, 1950, 0, 2270, 1980, 0, 0, 240, 240
L 2240, 1950, 0, 2260, 1950, 0, 0, 240, 240
L 2100, 2040, 0, 2100, 2070, 0, 0, 255, 0
L 2100, 2100, 0, 2140, 2100, 0, 0, 255, 0
L 2140, 2070, 0, 2100, 2070, 0, 0, 255, 0
L 2100, 2040, 0, 2140, 2040, 0, 0, 255, 0
L 2140, 2070, 0, 2140, 2100, 0, 0, 255, 0
L 2190, 2070, 0, 2160, 2070, 0, 0, 255, 0
L 2190, 2040, 0, 2190, 2070, 0, 0, 255, 0
L 2160, 2040, 0, 2190, 2040, 0, 0, 255, 0
L 2160, 2100, 0, 2160, 2040, 0, 0, 255, 0
L 2210, 2070, 0, 2240, 2070, 0, 0, 255, 0
L 2210, 2100, 0, 2240, 2100, 0, 0, 255, 0
L 2210, 2040, 0, 2210, 2100, 0, 0, 255, 0
L 2240, 2040, 0, 2210, 2040, 0, 0, 255, 0
L 2290, 2100, 0, 2260, 2100, 0, 0, 255, 0
L 2260, 2040, 0, 2290, 2040, 0, 0, 255, 0
L 2260, 2100, 0, 2260, 2040, 0, 0, 255, 0
L 2310, 2040, 0, 2310, 2100, 0, 0, 255, 0
L 2340, 2070, 0, 2360, 2070, 0, 0, 255, 0
L 2350, 2040, 0, 2370, 2100, 0, 0, 255, 0
L 2330, 2100, 0, 2350, 2040, 0, 0, 255, 0
L 2390, 2040, 0, 2390, 2100, 0, 0, 255, 0
L 2430, 2100, 0, 2390, 2100, 0, 0, 255, 0
L 2540, 2100, 0, 2510, 2100, 0, 0, 255, 0
L 2510, 2040, 0, 2540, 2040, 0, 0, 255, 0
L 2510, 2100, 0, 2510, 2040, 0, 0, 255, 0
L 2600, 2040, 0, 2600, 2100, 0, 0, 255, 0
L 2560, 2040, 0, 2560, 2100, 0, 0, 255, 0
L 2560, 2100, 0, 2600, 2100, 0, 0, 255, 0
L 2620, 2040, 0, 2620, 2070, 0, 0, 255, 0
L 2620, 2070, 0, 2620, 2100, 0, 0, 255, 0
L 2620, 2070, 0, 2640, 2070, 0, 0, 255, 0
L 2660, 2070, 0, 2660, 2040, 0, 0, 255, 0
L 2620, 2040, 0, 2660, 2040, 0, 0, 255, 0
L 2640, 2070, 0, 2660, 2070, 0, 0, 255, 0
L 2660, 2100, 0, 2640, 2070, 0, 0, 255, 0
L 2680, 2040, 0, 2680, 2070, 0, 0, 255, 0
L 2680, 2070, 0, 2680, 2100, 0, 0, 255, 0
L 2680, 2070, 0, 2700, 2070, 0, 0, 255, 0
L 2720, 2070, 0, 2720, 2040, 0, 0, 255, 0
L 2680, 2040, 0, 2720, 2040, 0, 0, 255, 0
L 2700, 2070, 0, 2720, 2070, 0, 0, 255, 0
L 2720, 2100, 0, 2700, 2070, 0, 0, 255, 0
L 2740, 2070, 0, 2770, 2070, 0, 0, 255, 0
L 2740, 2100, 0, 2770, 2100, 0, 0, 255, 0
L 2740, 2040, 0, 2740, 2100, 0, 0, 255, 0
L 2770, 2040, 0, 2740, 2040, 0, 0, 255, 0
L 2820, 2100, 0, 2820, 2040, 0, 0, 255, 0
L 2790, 2040, 0, 2820, 2100, 0, 0, 255, 0
L 2790, 2100, 0, 2790, 2040, 0, 0, 255, 0
L 2870, 2100, 0, 2840, 2100, 0, 0, 255, 0
L 2840, 2040, 0, 2870, 2040, 0, 0, 255, 0
L 2840, 2100, 0, 2840, 2040, 0, 0, 255, 0
L 2910, 2070, 0, 2910, 2100, 0, 0, 255, 0
L 2910, 2070, 0, 2930, 2040, 0, 0, 255, 0
L 2890, 2040, 0, 2910, 2070, 0, 0, 255, 0
L 2100, 2130, 0, 2100, 2160, 0, 255, 0, 0
L 2100, 2190, 0, 2140, 2190, 0, 255, 0, 0
L 2140, 2160, 0, 2100, 2160, 0, 255, 0, 0
L 2100, 2130, 0, 2140, 2130, 0, 255, 0, 0
L 2140, 2160, 0, 2140, 2190, 0, 255, 0, 0
L 2200, 2130, 0, 2200, 2190, 0, 255, 0, 0
L 2160, 2130, 0, 2160, 2190, 0, 255, 0, 0
L 2160, 2190, 0, 2200, 2190, 0, 255, 0, 0
L 2250, 2190, 0, 2220, 2190, 0, 255, 0, 0
L 2220, 2130, 0, 2250, 2130, 0, 255, 0, 0
L 2220, 2190, 0, 2220, 2130, 0, 255, 0, 0
L 2300, 2190, 0, 2270, 2190, 0, 255, 0, 0
L 2270, 2130, 0, 2300, 2130, 0, 255, 0, 0
L 2270, 2190, 0, 2270, 2130, 0, 255, 0, 0
L 2320, 2130, 0, 2350, 2130, 0, 255, 0, 0
L 2320, 2190, 0, 2350, 2190, 0, 255, 0, 0
L 2320, 2130, 0, 2320, 2190, 0, 255, 0, 0
L 2350, 2130, 0, 2350, 2190, 0, 255, 0, 0
L 2370, 2130, 0, 2370, 2160, 0, 255, 0, 0
L 2370, 2160, 0, 2370, 2190, 0, 255, 0, 0
L 2370, 2160, 0, 2390, 2160, 0, 255, 0, 0
L 2410, 2160, 0, 2410, 2130, 0, 255, 0, 0
L 2370, 2130, 0, 2410, 2130, 0, 255, 0, 0
L 2390, 2160, 0, 2410, 2160, 0, 255, 0, 0
L 2410, 2190, 0, 2390, 2160, 0, 255, 0, 0
L 2120, 2220, 0, 2120, 2280, 0, 255, 255, 0
L 2100, 2220, 0, 2140, 2220, 0, 255, 255, 0
L 2160, 2250, 0, 2190, 2250, 0, 255, 255, 0
L 2160, 2280, 0, 2190, 2280, 0, 255, 255, 0
L 2160, 2220, 0, 2160, 2280, 0, 255, 255, 0
L 2190, 2220, 0, 2160, 2220, 0, 255, 255, 0
L 2210, 2220, 0, 2210, 2280, 0, 255, 255, 0
L 2250, 2280, 0, 2210, 2280, 0, 255, 255, 0
L 2270, 2250, 0, 2300, 2250, 0, 255, 255, 0
L 2270, 2280, 0, 2300, 2280, 0, 255, 255, 0
L 2270, 2220, 0, 2270, 2280, 0, 255, 255, 0
L 2300, 2220, 0, 2270, 2220, 0, 255, 255, 0
L 2350, 2250, 0, 2320, 2250, 0, 255, 255, 0
L 2350, 2220, 0, 2350, 2250, 0, 255, 255, 0
L 2320, 2220, 0, 2350, 2220, 0, 255, 255, 0
L 2320, 2280, 0, 2320, 2220, 0, 255, 255, 0
L 2370, 2220, 0, 2400, 2220, 0, 255, 255, 0
L 2370, 2280, 0, 2400, 2280, 0, 255, 255, 0
L 2370, 2220, 0, 2370, 2280, 0, 255, 255, 0
L 2400, 2220, 0, 2400, 2280, 0, 255, 255, 0
L 2420, 2220, 0, 2420, 2250, 0, 255, 255, 0
L 2420, 2250, 0, 2420, 2280, 0, 255, 255, 0
L 2420, 2250, 0, 2440, 2250, 0, 255, 255, 0
L 2460, 2250, 0, 2460, 2220, 0, 255, 255, 0
L 2420, 2220, 0, 2460, 2220, 0, 255, 255, 0
L 2440, 2250, 0, 2460, 2250, 0, 255, 255, 0
L 2460, 2280, 0, 2440, 2250, 0, 255, 255, 0
L 2500, 2220, 0, 2500, 2280, 0, 255, 255, 0
L 2480, 2220, 0, 2520, 2220, 0, 255, 255, 0
L 2120, 2310, 0, 2120, 2370, 0, 128, 0, 128
L 2100, 2310, 0, 2140, 2310, 0, 128, 0, 128
L 2160, 2310, 0, 2160, 2340, 0, 128, 0, 128
L 2160, 2340, 0, 2160, 2370, 0, 128, 0, 128
L 2160, 2340, 0, 2180, 2340, 0, 128, 0, 128
L 2200, 2340, 0, 2200, 2310, 0, 128, 0, 128
L 2160, 2310, 0, 2200, 2310, 0, 128, 0, 128
L 2180, 2340, 0, 2200, 2340, 0, 128, 0, 128
L 2200, 2370, 0, 2180, 2340, 0, 128, 0, 128
L 2230, 2340, 0, 2250, 2340, 0, 128, 0, 128
L 2240, 2310, 0, 2260, 2370, 0, 128, 0, 128
L 2220, 2370, 0, 2240, 2310, 0, 128, 0, 128
L 2290, 2370, 0, 2290, 2310, 0, 128, 0, 128
L 2300, 2370, 0, 2280, 2370, 0, 128, 0, 128
L 2310, 2340, 0, 2300, 2370, 0, 128, 0, 128
L 2300, 2310, 0, 2310, 2340, 0, 128, 0, 128
L 2280, 2310, 0, 2300, 2310, 0, 128, 0, 128
L 2330, 2340, 0, 2360, 2340, 0, 128, 0, 128
L 2330, 2370, 0, 2360, 2370, 0, 128, 0, 128
L 2330, 2310, 0, 2330, 2370, 0, 128, 0, 128
L 2360, 2310, 0, 2330, 2310, 0, 128, 0, 128
L 2380, 2310, 0, 2380, 2340, 0, 128, 0, 128
L 2380, 2370, 0, 2420, 2370, 0, 128, 0, 128
L 2420, 2340, 0, 2380, 2340, 0, 128, 0, 128
L 2380, 2310, 0, 2420, 2310, 0, 128, 0, 128
L 2420, 2340, 0, 2420, 2370, 0, 128, 0, 128
L 2440, 2310, 0, 2440, 2340, 0, 128, 0, 128
L 2440, 2340, 0, 2440, 2370, 0, 128, 0, 128
L 2440, 2340, 0, 2480, 2370, 0, 128, 0, 128
L 2440, 2340, 0, 2480, 2310, 0, 128, 0, 128
L 2500, 2310, 0, 2500, 2370, 0, 128, 0, 128
L 2520, 2310, 0, 2520, 2370, 0, 128, 0, 128
L 2560, 2370, 0, 2520, 2370, 0, 128, 0, 128
L 2580, 2310, 0, 2580, 2370, 0, 128, 0, 128
L 2620, 2370, 0, 2580, 2370, 0, 128, 0, 128
L 2730, 2370, 0, 2700, 2370, 0, 128, 0, 128
L 2700, 2310, 0, 2730, 2310, 0, 128, 0, 128
L 2700, 2370, 0, 2700, 2310, 0, 128, 0, 128
L 2750, 2310, 0, 2780, 2310, 0, 128, 0, 128
L 2750, 2370, 0, 2780, 2370, 0, 128, 0, 128
L 2750, 2310, 0, 2750, 2370, 0, 128, 0, 128
L 2780, 2310, 0, 2780, 2370, 0, 128, 0, 128
L 2830, 2370, 0, 2830, 2310, 0, 128, 0, 128
L 2800, 2310, 0, 2830, 2370, 0, 128, 0, 128
L 2800, 2370, 0, 2800, 2310, 0, 128, 0, 128
L 2870, 2310, 0, 2870, 2370, 0, 128, 0, 128
L 2850, 2310, 0, 2890, 2310, 0, 128, 0, 128
L 2920, 2340, 0, 2940, 2340, 0, 128, 0, 128
L 2930, 2310, 0, 2950, 2370, 0, 128, 0, 128
L 2910, 2370, 0, 2930, 2310, 0, 128, 0, 128
L 2970, 2310, 0, 2970, 2370, 0, 128, 0, 128
L 3020, 2370, 0, 3020, 2310, 0, 128, 0, 128
L 2990, 2310, 0, 3020, 2370, 0, 128, 0, 128
L 2990, 2370, 0, 2990, 2310, 0, 128, 0, 128
L 3040, 2340, 0, 3070, 2340, 0, 128, 0, 128
L 3040, 2370, 0, 3070, 2370, 0, 128, 0, 128
L 3040, 2310, 0, 3040, 2370, 0, 128, 0, 128
L 3070, 2310, 0, 3040, 2310, 0, 128, 0, 128
L 3090, 2310, 0, 3090, 2340, 0, 128, 0, 128
L 3090, 2340, 0, 3090, 2370, 0, 128, 0, 128
L 3090, 2340, 0, 3110, 2340, 0, 128, 0, 128
L 3130, 2340, 0, 3130, 2310, 0, 128, 0, 128
L 3090, 2310, 0, 3130, 2310, 0, 128, 0, 128
L 3110, 2340, 0, 3130, 2340, 0, 128, 0, 128
L 3130, 2370, 0, 3110, 2340, 0, 128, 0, 128
L 2120, 2400, 0, 2120, 2460, 0, 255, 255, 0
L 2100, 2400, 0, 2140, 2400, 0, 255, 255, 0
L 2160, 2400, 0, 2160, 2430, 0, 255, 255, 0
L 2160, 2430, 0, 2160, 2460, 0, 255, 255, 0
L 2160, 2430, 0, 2180, 2430, 0, 255, 255, 0
L 2200, 2430, 0, 2200, 2400, 0, 255, 255, 0
L 2160, 2400, 0, 2200, 2400, 0, 255, 255, 0
L 2180, 2430, 0, 2200, 2430, 0, 255, 255, 0
L 2200, 2460, 0, 2180, 2430, 0, 255, 255, 0
L 2230, 2430, 0, 2250, 2430, 0, 255, 255, 0
L 2240, 2400, 0, 2260, 2460, 0, 255, 255, 0
L 2220, 2460, 0, 2240, 2400, 0, 255, 255, 0
L 2310, 2430, 0, 2280, 2430, 0, 255, 255, 0
L 2310, 2400, 0, 2310, 2430, 0, 255, 255, 0
L 2280, 2400, 0, 2310, 2400, 0, 255, 255, 0
L 2280, 2460, 0, 2280, 2400, 0, 255, 255, 0
L 2130, 2490, 0, 2100, 2490, 0, 255, 0, 0
L 2100, 2550, 0, 2130, 2490, 0, 255, 0, 0
L 2100, 2550, 0, 2130, 2550, 0, 255, 0, 0
L 2150, 2490, 0, 2180, 2490, 0, 255, 0, 0
L 2150, 2550, 0, 2180, 2550, 0, 255, 0, 0
L 2150, 2490, 0, 2150, 2550, 0, 255, 0, 0
L 2180, 2490, 0, 2180, 2550, 0, 255, 0, 0
L 2230, 2550, 0, 2230, 2490, 0, 255, 0, 0
L 2200, 2490, 0, 2230, 2550, 0, 255, 0, 0
L 2200, 2550, 0, 2200, 2490, 0, 255, 0, 0
L 2250, 2520, 0, 2280, 2520, 0, 255, 0, 0
L 2250, 2550, 0, 2280, 2550, 0, 255, 0, 0
L 2250, 2490, 0, 2250, 2550, 0, 255, 0, 0
L 2280, 2490, 0, 2250, 2490, 0, 255, 0, 0
P 1100, 800, 0, 0, 0, 0, 2, Revised_Map:_Brewall_Rainsinger_(Cazic-Thule)
P 1100, 1000, 0, 0, 0, 0, 2, http://www.eqmaps.info
P 1100, 1200, 0, 0, 0, 0, 2, Return_of_the_Exiled_(www.roteguild.org)
P 1100, 1400, 0, 240, 127, 0, 2, Xadrith_the_Voice
P 1100, 1600, 0, 127, 64, 0, 2, Glutch_the_Heap
P 1100, 1800, 0, 127, 64, 0, 2, Glithos
P 1100, 2000, 0, 127, 64, 0, 2, The_Rathe_Librarian
P 1100, 2200, 0, 127, 64, 0, 2, Yoz`an_the_Ritualist
