L 1000.0, 0.0, 0.0, 1000.0, -50.0, 0.0, 255, 0, 0
L -20.0, 50.0, 0.0, -50.0, 20.0, 0.0, 255, 0, 0
L 50.0, 20.0, 0.0, 20.0, 50.0, 0.0, 255, 0, 0
L 20.0, -50.0, 0.0, 50.0, -20.0, 0.0, 255, 0, 0
L -50.0, -20.0, 0.0, -20.0, -50.0, 0.0, 255, 0, 0
L -50.0, 20.0, 0.0, -50.0, -20.0, 0.0, 255, 0, 0
L 20.0, 50.0, 0.0, -20.0, 50.0, 0.0, 255, 0, 0
L 50.0, -20.0, 0.0, 50.0, 20.0, 0.0, 255, 0, 0
L -20.0, -50.0, 0.0, 20.0, -50.0, 0.0, 255, 0, 0
L 580.0, -20.0, 0.0, 540.0, -20.0, 0.0, 255, 0, 0
L 580.0, -90.0, 0.0, 580.0, -20.0, 0.0, 255, 0, 0
L 540.0, -90.0, 0.0, 580.0, -90.0, 0.0, 255, 0, 0
L 540.0, -20.0, 0.0, 540.0, -90.0, 0.0, 255, 0, 0
L 520.0, -20.0, 0.0, 480.0, -20.0, 0.0, 255, 0, 0
L 520.0, -90.0, 0.0, 520.0, -20.0, 0.0, 255, 0, 0
L 480.0, -90.0, 0.0, 520.0, -90.0, 0.0, 255, 0, 0
L 480.0, -20.0, 0.0, 480.0, -90.0, 0.0, 255, 0, 0
L 460.0, -90.0, 0.0, 450.0, -80.0, 0.0, 255, 0, 0
L 460.0, -20.0, 0.0, 460.0, -90.0, 0.0, 255, 0, 0
L 0.0, -250.0, 0.0, 0.0, 250.0, 0.0, 255, 0, 0
L -250.0, 0.0, 0.0, 1000.0, 0.0, 0.0, 255, 0, 0
L -120.0, -80.0, 0.0, -120.0, -60.0, 0.0, 255, 0, 0
L -120.0, -60.0, 0.0, -120.0, -40.0, 0.0, 255, 0, 0
L -100.0, -60.0, 0.0, -120.0, -60.0, 0.0, 255, 0, 0
L -120.0, -60.0, 0.0, -140.0, -60.0, 0.0, 255, 0, 0
L -90.0, -50.0, 0.0, -100.0, -30.0, 0.0, 255, 0, 0
L -60.0, -80.0, 0.0, -60.0, -60.0, 0.0, 255, 0, 0
L -60.0, -60.0, 0.0, -60.0, -40.0, 0.0, 255, 0, 0
L -40.0, -60.0, 0.0, -60.0, -60.0, 0.0, 255, 0, 0
L -60.0, -60.0, 0.0, -80.0, -60.0, 0.0, 255, 0, 0
L 100.0, 60.0, 0.0, 120.0, 60.0, 0.0, 255, 0, 0
L 120.0, 60.0, 0.0, 140.0, 60.0, 0.0, 255, 0, 0
L 90.0, 70.0, 0.0, 80.0, 90.0, 0.0, 255, 0, 0
L 40.0, 60.0, 0.0, 60.0, 60.0, 0.0, 255, 0, 0
L 60.0, 60.0, 0.0, 80.0, 60.0, 0.0, 255, 0, 0
L -100.0, 60.0, 0.0, -120.0, 60.0, 0.0, 255, 0, 0
L -120.0, 60.0, 0.0, -140.0, 60.0, 0.0, 255, 0, 0
L -90.0, 70.0, 0.0, -100.0, 90.0, 0.0, 255, 0, 0
L -60.0, 80.0, 0.0, -60.0, 60.0, 0.0, 255, 0, 0
L -60.0, 60.0, 0.0, -60.0, 40.0, 0.0, 255, 0, 0
L -40.0, 60.0, 0.0, -60.0, 60.0, 0.0, 255, 0, 0
L -60.0, 60.0, 0.0, -80.0, 60.0, 0.0, 255, 0, 0
L 100.0, -60.0, 0.0, 120.0, -60.0, 0.0, 255, 0, 0
L 120.0, -60.0, 0.0, 140.0, -60.0, 0.0, 255, 0, 0
L 90.0, -50.0, 0.0, 80.0, -30.0, 0.0, 255, 0, 0
L 60.0, -80.0, 0.0, 60.0, -60.0, 0.0, 255, 0, 0
L 60.0, -60.0, 0.0, 60.0, -40.0, 0.0, 255, 0, 0
L 40.0, -60.0, 0.0, 60.0, -60.0, 0.0, 255, 0, 0
L 60.0, -60.0, 0.0, 80.0, -60.0, 0.0, 255, 0, 0
L 599.0, -90.0, 0.0, 637.3, -90.0, 0.0, 255, 0, 0
L 599.0, -20.0, 0.0, 637.3, -20.0, 0.0, 255, 0, 0
L 599.0, -90.0, 0.0, 599.0, -20.0, 0.0, 255, 0, 0
L 637.3, -90.0, 0.0, 637.3, -20.0, 0.0, 255, 0, 0
L 1000, 600, 0, 1000, 660, 0, 0, 0, 0
L 1040, 660, 0, 1000, 660, 0, 0, 0, 0
L 1060, 630, 0, 1090, 630, 0, 0, 0, 0
L 1060, 660, 0, 1090, 660, 0, 0, 0, 0
L 1060, 600, 0, 1060, 660, 0, 0, 0, 0
L 1090, 600, 0, 1060, 600, 0, 0, 0, 0
L 1140, 660, 0, 1110, 660, 0, 0, 0, 0
L 1110, 600, 0, 1140, 600, 0, 0, 0, 0
L 1110, 660, 0, 1110, 600, 0, 0, 0, 0
L 1140, 660, 0, 1140, 630, 0, 0, 0, 0
L 1140, 630, 0, 1120, 630, 0, 0, 0, 0
L 1160, 630, 0, 1190, 630, 0, 0, 0, 0
L 1160, 660, 0, 1190, 660, 0, 0, 0, 0
L 1160, 600, 0, 1160, 660, 0, 0, 0, 0
L 1190, 600, 0, 1160, 600, 0, 0, 0, 0
L 1240, 660, 0, 1240, 600, 0, 0, 0, 0
L 1210, 600, 0, 1240, 660, 0, 0, 0, 0
L 1210, 660, 0, 1210, 600, 0, 0, 0, 0
L 1270, 660, 0, 1270, 600, 0, 0, 0, 0
L 1280, 660, 0, 1260, 660, 0, 0, 0, 0
L 1290, 630, 0, 1280, 660, 0, 0, 0, 0
L 1280, 600, 0, 1290, 630, 0, 0, 0, 0
L 1260, 600, 0, 1280, 600, 0, 0, 0, 0
L 1000, 770, 0, 1060, 770, 0, 0, 0, 0
L 1000, 690, 0, 1060, 690, 0, 0, 0, 0
L 1030, 743, 0, 1030, 717, 0, 205, 133, 63
L 1060, 770, 0, 1120, 770, 0, 0, 0, 0
L 1060, 770, 0, 1060, 743, 0, 205, 133, 63
L 1030, 743, 0, 1090, 743, 0, 205, 133, 63
L 1030, 717, 0, 1060, 717, 0, 205, 133, 63
L 1060, 717, 0, 1090, 717, 0, 205, 133, 63
L 1060, 690, 0, 1120, 690, 0, 0, 0, 0
L 1060, 717, 0, 1060, 690, 0, 205, 133, 63
L 1090, 743, 0, 1090, 717, 0, 205, 133, 63
L 1170, 760, 0, 1170, 700, 0, 0, 0, 0
L 1180, 760, 0, 1160, 760, 0, 0, 0, 0
L 1190, 730, 0, 1180, 760, 0, 0, 0, 0
L 1180, 700, 0, 1190, 730, 0, 0, 0, 0
L 1160, 700, 0, 1180, 700, 0, 0, 0, 0
L 1210, 700, 0, 1240, 700, 0, 0, 0, 0
L 1210, 760, 0, 1240, 760, 0, 0, 0, 0
L 1210, 700, 0, 1210, 760, 0, 0, 0, 0
L 1240, 700, 0, 1240, 760, 0, 0, 0, 0
L 1260, 700, 0, 1290, 700, 0, 0, 0, 0
L 1260, 760, 0, 1290, 760, 0, 0, 0, 0
L 1260, 700, 0, 1260, 760, 0, 0, 0, 0
L 1290, 700, 0, 1290, 760, 0, 0, 0, 0
L 1310, 700, 0, 1310, 730, 0, 0, 0, 0
L 1310, 730, 0, 1310, 760, 0, 0, 0, 0
L 1310, 730, 0, 1330, 730, 0, 0, 0, 0
L 1350, 730, 0, 1350, 700, 0, 0, 0, 0
L 1310, 700, 0, 1350, 700, 0, 0, 0, 0
L 1330, 730, 0, 1350, 730, 0, 0, 0, 0
L 1350, 760, 0, 1330, 730, 0, 0, 0, 0
L 1000, 810, 0, 1000, 840, 0, 255, 210, 0
L 1000, 810, 0, 1020, 810, 0, 255, 210, 0
L 1020, 870, 0, 1000, 870, 0, 255, 210, 0
L 1000, 840, 0, 1000, 870, 0, 255, 210, 0
L 1020, 840, 0, 1000, 840, 0, 255, 210, 0
L 1020, 840, 0, 1040, 825, 0, 255, 210, 0
L 1020, 810, 0, 1040, 825, 0, 255, 210, 0
L 1020, 840, 0, 1040, 855, 0, 255, 210, 0
L 1040, 855, 0, 1020, 870, 0, 255, 210, 0
L 1070, 840, 0, 1090, 840, 0, 255, 210, 0
L 1080, 810, 0, 1100, 870, 0, 255, 210, 0
L 1060, 870, 0, 1080, 810, 0, 255, 210, 0
L 1150, 870, 0, 1150, 810, 0, 255, 210, 0
L 1120, 810, 0, 1150, 870, 0, 255, 210, 0
L 1120, 870, 0, 1120, 810, 0, 255, 210, 0
L 1170, 810, 0, 1170, 840, 0, 255, 210, 0
L 1170, 840, 0, 1170, 870, 0, 255, 210, 0
L 1170, 840, 0, 1210, 870, 0, 255, 210, 0
L 1170, 840, 0, 1210, 810, 0, 255, 210, 0
L 1230, 840, 0, 1260, 840, 0, 255, 210, 0
L 1230, 870, 0, 1260, 870, 0, 255, 210, 0
L 1230, 810, 0, 1230, 870, 0, 255, 210, 0
L 1260, 810, 0, 1230, 810, 0, 255, 210, 0
L 1280, 810, 0, 1280, 840, 0, 255, 210, 0
L 1280, 840, 0, 1280, 870, 0, 255, 210, 0
L 1280, 840, 0, 1300, 840, 0, 255, 210, 0
L 1320, 840, 0, 1320, 810, 0, 255, 210, 0
L 1280, 810, 0, 1320, 810, 0, 255, 210, 0
L 1300, 840, 0, 1320, 840, 0, 255, 210, 0
L 1320, 870, 0, 1300, 840, 0, 255, 210, 0
L 1030, 960, 0, 1000, 960, 0, 255, 255, 255
L 1000, 900, 0, 1030, 900, 0, 255, 255, 255
L 1000, 960, 0, 1000, 900, 0, 255, 255, 255
L 1050, 900, 0, 1080, 900, 0, 255, 255, 255
L 1050, 960, 0, 1080, 960, 0, 255, 255, 255
L 1050, 900, 0, 1050, 960, 0, 255, 255, 255
L 1080, 900, 0, 1080, 960, 0, 255, 255, 255
L 1140, 900, 0, 1140, 960, 0, 255, 255, 255
L 1120, 930, 0, 1140, 900, 0, 255, 255, 255
L 1100, 900, 0, 1120, 930, 0, 255, 255, 255
L 1100, 960, 0, 1100, 900, 0, 255, 255, 255
L 1200, 900, 0, 1200, 960, 0, 255, 255, 255
L 1180, 930, 0, 1200, 900, 0, 255, 255, 255
L 1160, 900, 0, 1180, 930, 0, 255, 255, 255
L 1160, 960, 0, 1160, 900, 0, 255, 255, 255
L 1220, 930, 0, 1250, 930, 0, 255, 255, 255
L 1220, 960, 0, 1250, 960, 0, 255, 255, 255
L 1220, 900, 0, 1220, 960, 0, 255, 255, 255
L 1250, 900, 0, 1220, 900, 0, 255, 255, 255
L 1300, 960, 0, 1300, 900, 0, 255, 255, 255
L 1270, 900, 0, 1300, 960, 0, 255, 255, 255
L 1270, 960, 0, 1270, 900, 0, 255, 255, 255
L 1340, 900, 0, 1340, 960, 0, 255, 255, 255
L 1320, 900, 0, 1360, 900, 0, 255, 255, 255
L 1030, 1050, 0, 1000, 1050, 0, 0, 0, 0
L 1000, 990, 0, 1030, 990, 0, 0, 0, 0
L 1000, 1050, 0, 1000, 990, 0, 0, 0, 0
L 1030, 1050, 0, 1030, 1020, 0, 0, 0, 0
L 1030, 1020, 0, 1010, 1020, 0, 0, 0, 0
L 1050, 1020, 0, 1080, 1020, 0, 0, 0, 0
L 1050, 1050, 0, 1080, 1050, 0, 0, 0, 0
L 1050, 990, 0, 1050, 1050, 0, 0, 0, 0
L 1080, 990, 0, 1050, 990, 0, 0, 0, 0
L 1130, 1050, 0, 1130, 990, 0, 0, 0, 0
L 1100, 990, 0, 1130, 1050, 0, 0, 0, 0
L 1100, 1050, 0, 1100, 990, 0, 0, 0, 0
L 1150, 1020, 0, 1180, 1020, 0, 0, 0, 0
L 1150, 1050, 0, 1180, 1050, 0, 0, 0, 0
L 1150, 990, 0, 1150, 1050, 0, 0, 0, 0
L 1180, 990, 0, 1150, 990, 0, 0, 0, 0
L 1200, 990, 0, 1200, 1020, 0, 0, 0, 0
L 1200, 1020, 0, 1200, 1050, 0, 0, 0, 0
L 1200, 1020, 0, 1220, 1020, 0, 0, 0, 0
L 1240, 1020, 0, 1240, 990, 0, 0, 0, 0
L 1200, 990, 0, 1240, 990, 0, 0, 0, 0
L 1220, 1020, 0, 1240, 1020, 0, 0, 0, 0
L 1240, 1050, 0, 1220, 1020, 0, 0, 0, 0
L 1270, 1020, 0, 1290, 1020, 0, 0, 0, 0
L 1280, 990, 0, 1300, 1050, 0, 0, 0, 0
L 1260, 1050, 0, 1280, 990, 0, 0, 0, 0
L 1320, 990, 0, 1320, 1050, 0, 0, 0, 0
L 1360, 1050, 0, 1320, 1050, 0, 0, 0, 0
L 1030, 1140, 0, 1000, 1140, 0, 0, 0, 255
L 1000, 1080, 0, 1030, 1080, 0, 0, 0, 255
L 1000, 1140, 0, 1000, 1080, 0, 0, 0, 255
L 1030, 1140, 0, 1030, 1110, 0, 0, 0, 255
L 1030, 1110, 0, 1010, 1110, 0, 0, 0, 255
L 1050, 1080, 0, 1050, 1110, 0, 0, 0, 255
L 1050, 1110, 0, 1050, 1140, 0, 0, 0, 255
L 1050, 1110, 0, 1070, 1110, 0, 0, 0, 255
L 1090, 1110, 0, 1090, 1080, 0, 0, 0, 255
L 1050, 1080, 0, 1090, 1080, 0, 0, 0, 255
L 1070, 1110, 0, 1090, 1110, 0, 0, 0, 255
L 1090, 1140, 0, 1070, 1110, 0, 0, 0, 255
L 1110, 1080, 0, 1140, 1080, 0, 0, 0, 255
L 1110, 1140, 0, 1140, 1140, 0, 0, 0, 255
L 1110, 1080, 0, 1110, 1140, 0, 0, 0, 255
L 1140, 1080, 0, 1140, 1140, 0, 0, 0, 255
L 1200, 1080, 0, 1200, 1140, 0, 0, 0, 255
L 1160, 1080, 0, 1160, 1140, 0, 0, 0, 255
L 1160, 1140, 0, 1200, 1140, 0, 0, 0, 255
L 1250, 1140, 0, 1250, 1080, 0, 0, 0, 255
L 1220, 1080, 0, 1250, 1140, 0, 0, 0, 255
L 1220, 1140, 0, 1220, 1080, 0, 0, 0, 255
L 1280, 1140, 0, 1280, 1080, 0, 0, 0, 255
L 1290, 1140, 0, 1270, 1140, 0, 0, 0, 255
L 1300, 1110, 0, 1290, 1140, 0, 0, 0, 255
L 1290, 1080, 0, 1300, 1110, 0, 0, 0, 255
L 1270, 1080, 0, 1290, 1080, 0, 0, 0, 255
L 1380, 1080, 0, 1380, 1110, 0, 0, 0, 255
L 1380, 1140, 0, 1420, 1140, 0, 0, 0, 255
L 1420, 1110, 0, 1380, 1110, 0, 0, 0, 255
L 1380, 1080, 0, 1420, 1080, 0, 0, 0, 255
L 1420, 1110, 0, 1420, 1140, 0, 0, 0, 255
L 1470, 1110, 0, 1440, 1110, 0, 0, 0, 255
L 1470, 1080, 0, 1470, 1110, 0, 0, 0, 255
L 1440, 1080, 0, 1470, 1080, 0, 0, 0, 255
L 1440, 1140, 0, 1440, 1080, 0, 0, 0, 255
L 1500, 1110, 0, 1520, 1110, 0, 0, 0, 255
L 1510, 1080, 0, 1530, 1140, 0, 0, 0, 255
L 1490, 1140, 0, 1510, 1080, 0, 0, 0, 255
L 1580, 1140, 0, 1590, 1080, 0, 0, 0, 255
L 1570, 1110, 0, 1580, 1140, 0, 0, 0, 255
L 1560, 1140, 0, 1570, 1110, 0, 0, 0, 255
L 1550, 1080, 0, 1560, 1140, 0, 0, 0, 255
L 1640, 1140, 0, 1640, 1080, 0, 0, 0, 255
L 1610, 1080, 0, 1640, 1140, 0, 0, 0, 255
L 1610, 1140, 0, 1610, 1080, 0, 0, 0, 255
L 1030, 1230, 0, 1000, 1230, 0, 128, 128, 128
L 1000, 1170, 0, 1030, 1170, 0, 128, 128, 128
L 1000, 1230, 0, 1000, 1170, 0, 128, 128, 128
L 1030, 1230, 0, 1030, 1200, 0, 128, 128, 128
L 1030, 1200, 0, 1010, 1200, 0, 128, 128, 128
L 1090, 1170, 0, 1090, 1230, 0, 128, 128, 128
L 1050, 1170, 0, 1050, 1230, 0, 128, 128, 128
L 1050, 1230, 0, 1090, 1230, 0, 128, 128, 128
L 1110, 1170, 0, 1110, 1230, 0, 128, 128, 128
L 1130, 1170, 0, 1130, 1230, 0, 128, 128, 128
L 1170, 1230, 0, 1130, 1230, 0, 128, 128, 128
L 1200, 1230, 0, 1200, 1170, 0, 128, 128, 128
L 1210, 1230, 0, 1190, 1230, 0, 128, 128, 128
L 1220, 1200, 0, 1210, 1230, 0, 128, 128, 128
L 1210, 1170, 0, 1220, 1200, 0, 128, 128, 128
L 1190, 1170, 0, 1210, 1170, 0, 128, 128, 128
L 1340, 1170, 0, 1340, 1230, 0, 128, 128, 128
L 1320, 1200, 0, 1340, 1170, 0, 128, 128, 128
L 1300, 1170, 0, 1320, 1200, 0, 128, 128, 128
L 1300, 1230, 0, 1300, 1170, 0, 128, 128, 128
L 1370, 1200, 0, 1390, 1200, 0, 128, 128, 128
L 1380, 1170, 0, 1400, 1230, 0, 128, 128, 128
L 1360, 1230, 0, 1380, 1170, 0, 128, 128, 128
L 1420, 1170, 0, 1420, 1200, 0, 128, 128, 128
L 1420, 1230, 0, 1460, 1230, 0, 128, 128, 128
L 1460, 1200, 0, 1420, 1200, 0, 128, 128, 128
L 1420, 1170, 0, 1460, 1170, 0, 128, 128, 128
L 1460, 1200, 0, 1460, 1230, 0, 128, 128, 128
L 1500, 1170, 0, 1500, 1230, 0, 128, 128, 128
L 1480, 1170, 0, 1520, 1170, 0, 128, 128, 128
L 1540, 1200, 0, 1570, 1200, 0, 128, 128, 128
L 1540, 1230, 0, 1570, 1230, 0, 128, 128, 128
L 1540, 1170, 0, 1540, 1230, 0, 128, 128, 128
L 1570, 1170, 0, 1540, 1170, 0, 128, 128, 128
L 1590, 1170, 0, 1590, 1200, 0, 128, 128, 128
L 1590, 1200, 0, 1590, 1230, 0, 128, 128, 128
L 1590, 1200, 0, 1610, 1200, 0, 128, 128, 128
L 1630, 1200, 0, 1630, 1170, 0, 128, 128, 128
L 1590, 1170, 0, 1630, 1170, 0, 128, 128, 128
L 1610, 1200, 0, 1630, 1200, 0, 128, 128, 128
L 1630, 1230, 0, 1610, 1200, 0, 128, 128, 128
L 1000, 1260, 0, 1000, 1290, 0, 127, 64, 0
L 1040, 1320, 0, 1040, 1290, 0, 127, 64, 0
L 1000, 1290, 0, 1000, 1320, 0, 127, 64, 0
L 1040, 1290, 0, 1040, 1260, 0, 127, 64, 0
L 1000, 1290, 0, 1040, 1290, 0, 127, 64, 0
L 1100, 1260, 0, 1100, 1320, 0, 127, 64, 0
L 1060, 1260, 0, 1060, 1320, 0, 127, 64, 0
L 1060, 1320, 0, 1100, 1320, 0, 127, 64, 0
L 1150, 1320, 0, 1150, 1260, 0, 127, 64, 0
L 1120, 1260, 0, 1150, 1320, 0, 127, 64, 0
L 1120, 1320, 0, 1120, 1260, 0, 127, 64, 0
L 1190, 1260, 0, 1190, 1320, 0, 127, 64, 0
L 1170, 1260, 0, 1210, 1260, 0, 127, 64, 0
L 1230, 1290, 0, 1260, 1290, 0, 127, 64, 0
L 1230, 1320, 0, 1260, 1320, 0, 127, 64, 0
L 1230, 1260, 0, 1230, 1320, 0, 127, 64, 0
L 1260, 1260, 0, 1230, 1260, 0, 127, 64, 0
L 1280, 1260, 0, 1280, 1290, 0, 127, 64, 0
L 1280, 1290, 0, 1280, 1320, 0, 127, 64, 0
L 1280, 1290, 0, 1300, 1290, 0, 127, 64, 0
L 1320, 1290, 0, 1320, 1260, 0, 127, 64, 0
L 1280, 1260, 0, 1320, 1260, 0, 127, 64, 0
L 1300, 1290, 0, 1320, 1290, 0, 127, 64, 0
L 1320, 1320, 0, 1300, 1290, 0, 127, 64, 0
L 1040, 1350, 0, 1040, 1410, 0, 0, 127, 0
L 1020, 1380, 0, 1040, 1350, 0, 0, 127, 0
L 1000, 1350, 0, 1020, 1380, 0, 0, 127, 0
L 1000, 1410, 0, 1000, 1350, 0, 0, 127, 0
L 1060, 1380, 0, 1090, 1380, 0, 0, 127, 0
L 1060, 1410, 0, 1090, 1410, 0, 0, 127, 0
L 1060, 1350, 0, 1060, 1410, 0, 0, 127, 0
L 1090, 1350, 0, 1060, 1350, 0, 0, 127, 0
L 1110, 1350, 0, 1110, 1380, 0, 0, 127, 0
L 1110, 1380, 0, 1110, 1410, 0, 0, 127, 0
L 1110, 1380, 0, 1130, 1380, 0, 0, 127, 0
L 1150, 1380, 0, 1150, 1350, 0, 0, 127, 0
L 1110, 1350, 0, 1150, 1350, 0, 0, 127, 0
L 1130, 1380, 0, 1150, 1380, 0, 0, 127, 0
L 1150, 1410, 0, 1130, 1380, 0, 0, 127, 0
L 1200, 1410, 0, 1170, 1410, 0, 0, 127, 0
L 1170, 1350, 0, 1200, 1350, 0, 0, 127, 0
L 1170, 1410, 0, 1170, 1350, 0, 0, 127, 0
L 1220, 1350, 0, 1220, 1380, 0, 0, 127, 0
L 1260, 1410, 0, 1260, 1380, 0, 0, 127, 0
L 1220, 1380, 0, 1220, 1410, 0, 0, 127, 0
L 1260, 1380, 0, 1260, 1350, 0, 0, 127, 0
L 1220, 1380, 0, 1260, 1380, 0, 0, 127, 0
L 1290, 1380, 0, 1310, 1380, 0, 0, 127, 0
L 1300, 1350, 0, 1320, 1410, 0, 0, 127, 0
L 1280, 1410, 0, 1300, 1350, 0, 0, 127, 0
L 1370, 1410, 0, 1370, 1350, 0, 0, 127, 0
L 1340, 1350, 0, 1370, 1410, 0, 0, 127, 0
L 1340, 1410, 0, 1340, 1350, 0, 0, 127, 0
L 1410, 1350, 0, 1410, 1410, 0, 0, 127, 0
L 1390, 1350, 0, 1430, 1350, 0, 0, 127, 0
L 1040, 1440, 0, 1040, 1500, 0, 0, 127, 127
L 1020, 1470, 0, 1040, 1440, 0, 0, 127, 127
L 1000, 1440, 0, 1020, 1470, 0, 0, 127, 127
L 1000, 1500, 0, 1000, 1440, 0, 0, 127, 127
L 1060, 1440, 0, 1060, 1500, 0, 0, 127, 127
L 1080, 1440, 0, 1080, 1470, 0, 0, 127, 127
L 1080, 1500, 0, 1120, 1500, 0, 0, 127, 127
L 1120, 1470, 0, 1080, 1470, 0, 0, 127, 127
L 1080, 1440, 0, 1120, 1440, 0, 0, 127, 127
L 1120, 1470, 0, 1120, 1500, 0, 0, 127, 127
L 1140, 1440, 0, 1140, 1470, 0, 0, 127, 127
L 1140, 1500, 0, 1180, 1500, 0, 0, 127, 127
L 1180, 1470, 0, 1140, 1470, 0, 0, 127, 127
L 1140, 1440, 0, 1180, 1440, 0, 0, 127, 127
L 1180, 1470, 0, 1180, 1500, 0, 0, 127, 127
L 1200, 1440, 0, 1200, 1500, 0, 0, 127, 127
L 1220, 1440, 0, 1250, 1440, 0, 0, 127, 127
L 1220, 1500, 0, 1250, 1500, 0, 0, 127, 127
L 1220, 1440, 0, 1220, 1500, 0, 0, 127, 127
L 1250, 1440, 0, 1250, 1500, 0, 0, 127, 127
L 1300, 1500, 0, 1300, 1440, 0, 0, 127, 127
L 1270, 1440, 0, 1300, 1500, 0, 0, 127, 127
L 1270, 1500, 0, 1270, 1440, 0, 0, 127, 127
L 1030, 1590, 0, 1030, 1530, 0, 127, 64, 0
L 1000, 1530, 0, 1030, 1590, 0, 127, 64, 0
L 1000, 1590, 0, 1000, 1530, 0, 127, 64, 0
L 1060, 1560, 0, 1080, 1560, 0, 127, 64, 0
L 1070, 1530, 0, 1090, 1590, 0, 127, 64, 0
L 1050, 1590, 0, 1070, 1530, 0, 127, 64, 0
L 1150, 1530, 0, 1150, 1590, 0, 127, 64, 0
L 1130, 1560, 0, 1150, 1530, 0, 127, 64, 0
L 1110, 1530, 0, 1130, 1560, 0, 127, 64, 0
L 1110, 1590, 0, 1110, 1530, 0, 127, 64, 0
L 1170, 1560, 0, 1200, 1560, 0, 127, 64, 0
L 1170, 1590, 0, 1200, 1590, 0, 127, 64, 0
L 1170, 1530, 0, 1170, 1590, 0, 127, 64, 0
L 1200, 1530, 0, 1170, 1530, 0, 127, 64, 0
L 1230, 1590, 0, 1230, 1530, 0, 127, 64, 0
L 1240, 1590, 0, 1220, 1590, 0, 127, 64, 0
L 1250, 1560, 0, 1240, 1590, 0, 127, 64, 0
L 1240, 1530, 0, 1250, 1560, 0, 127, 64, 0
L 1220, 1530, 0, 1240, 1530, 0, 127, 64, 0
L 1030, 1650, 0, 1000, 1650, 0, 0, 255, 0
L 1030, 1620, 0, 1030, 1650, 0, 0, 255, 0
L 1000, 1620, 0, 1030, 1620, 0, 0, 255, 0
L 1000, 1680, 0, 1000, 1620, 0, 0, 255, 0
L 1060, 1650, 0, 1080, 1650, 0, 0, 255, 0
L 1070, 1620, 0, 1090, 1680, 0, 0, 255, 0
L 1050, 1680, 0, 1070, 1620, 0, 0, 255, 0
L 1110, 1620, 0, 1110, 1650, 0, 0, 255, 0
L 1110, 1650, 0, 1110, 1680, 0, 0, 255, 0
L 1110, 1650, 0, 1130, 1650, 0, 0, 255, 0
L 1150, 1650, 0, 1150, 1620, 0, 0, 255, 0
L 1110, 1620, 0, 1150, 1620, 0, 0, 255, 0
L 1130, 1650, 0, 1150, 1650, 0, 0, 255, 0
L 1150, 1680, 0, 1130, 1650, 0, 0, 255, 0
L 1200, 1680, 0, 1170, 1680, 0, 0, 255, 0
L 1170, 1620, 0, 1200, 1620, 0, 0, 255, 0
L 1170, 1680, 0, 1170, 1620, 0, 0, 255, 0
L 1220, 1650, 0, 1250, 1650, 0, 0, 255, 0
L 1220, 1680, 0, 1250, 1680, 0, 0, 255, 0
L 1220, 1620, 0, 1220, 1680, 0, 0, 255, 0
L 1250, 1620, 0, 1220, 1620, 0, 0, 255, 0
L 1270, 1620, 0, 1270, 1680, 0, 0, 255, 0
L 1310, 1680, 0, 1270, 1680, 0, 0, 255, 0
L 1330, 1620, 0, 1330, 1650, 0, 0, 255, 0
L 1330, 1680, 0, 1370, 1680, 0, 0, 255, 0
L 1370, 1650, 0, 1330, 1650, 0, 0, 255, 0
L 1330, 1620, 0, 1370, 1620, 0, 0, 255, 0
L 1370, 1650, 0, 1370, 1680, 0, 0, 255, 0
L 1000, 1710, 0, 1000, 1740, 0, 0, 240, 240
L 1000, 1740, 0, 1000, 1770, 0, 0, 240, 240
L 1000, 1740, 0, 1020, 1740, 0, 0, 240, 240
L 1040, 1740, 0, 1040, 1710, 0, 0, 240, 240
L 1000, 1710, 0, 1040, 1710, 0, 0, 240, 240
L 1020, 1740, 0, 1040, 1740, 0, 0, 240, 240
L 1040, 1770, 0, 1020, 1740, 0, 0, 240, 240
L 1070, 1740, 0, 1090, 1740, 0, 0, 240, 240
L 1080, 1710, 0, 1100, 1770, 0, 0, 240, 240
L 1060, 1770, 0, 1080, 1710, 0, 0, 240, 240
L 1120, 1710, 0, 1120, 1770, 0, 0, 240, 240
L 1150, 1770, 0, 1150, 1710, 0, 0, 240, 240
L 1160, 1770, 0, 1140, 1770, 0, 0, 240, 240
L 1170, 1740, 0, 1160, 1770, 0, 0, 240, 240
L 1160, 1710, 0, 1170, 1740, 0, 0, 240, 240
L 1140, 1710, 0, 1160, 1710, 0, 0, 240, 240
L 1000, 1800, 0, 1000, 1830, 0, 0, 255, 0
L 1000, 1860, 0, 1040, 1860, 0, 0, 255, 0
L 1040, 1830, 0, 1000, 1830, 0, 0, 255, 0
L 1000, 1800, 0, 1040, 1800, 0, 0, 255, 0
L 1040, 1830, 0, 1040, 1860, 0, 0, 255, 0
L 1090, 1830, 0, 1060, 1830, 0, 0, 255, 0
L 1090, 1800, 0, 1090, 1830, 0, 0, 255, 0
L 1060, 1800, 0, 1090, 1800, 0, 0, 255, 0
L 1060, 1860, 0, 1060, 1800, 0, 0, 255, 0
L 1110, 1830, 0, 1140, 1830, 0, 0, 255, 0
L 1110, 1860, 0, 1140, 1860, 0, 0, 255, 0
L 1110, 1800, 0, 1110, 1860, 0, 0, 255, 0
L 1140, 1800, 0, 1110, 1800, 0, 0, 255, 0
L 1190, 1860, 0, 1160, 1860, 0, 0, 255, 0
L 1160, 1800, 0, 1190, 1800, 0, 0, 255, 0
L 1160, 1860, 0, 1160, 1800, 0, 0, 255, 0
L 1210, 1800, 0, 1210, 1860, 0, 0, 255, 0
L 1240, 1830, 0, 1260, 1830, 0, 0, 255, 0
L 1250, 1800, 0, 1270, 1860, 0, 0, 255, 0
L 1230, 1860, 0, 1250, 1800, 0, 0, 255, 0
L 1290, 1800, 0, 1290, 1860, 0, 0, 255, 0
L 1330, 1860, 0, 1290, 1860, 0, 0, 255, 0
L 1440, 1860, 0, 1410, 1860, 0, 0, 255, 0
L 1410, 1800, 0, 1440, 1800, 0, 0, 255, 0
L 1410, 1860, 0, 1410, 1800, 0, 0, 255, 0
L 1500, 1800, 0, 1500, 1860, 0, 0, 255, 0
L 1460, 1800, 0, 1460, 1860, 0, 0, 255, 0
L 1460, 1860, 0, 1500, 1860, 0, 0, 255, 0
L 1520, 1800, 0, 1520, 1830, 0, 0, 255, 0
L 1520, 1830, 0, 1520, 1860, 0, 0, 255, 0
L 1520, 1830, 0, 1540, 1830, 0, 0, 255, 0
L 1560, 1830, 0, 1560, 1800, 0, 0, 255, 0
L 1520, 1800, 0, 1560, 1800, 0, 0, 255, 0
L 1540, 1830, 0, 1560, 1830, 0, 0, 255, 0
L 1560, 1860, 0, 1540, 1830, 0, 0, 255, 0
L 1580, 1800, 0, 1580, 1830, 0, 0, 255, 0
L 1580, 1830, 0, 1580, 1860, 0, 0, 255, 0
L 1580, 1830, 0, 1600, 1830, 0, 0, 255, 0
L 1620, 1830, 0, 1620, 1800, 0, 0, 255, 0
L 1580, 1800, 0, 1620, 1800, 0, 0, 255, 0
L 1600, 1830, 0, 1620, 1830, 0, 0, 255, 0
L 1620, 1860, 0, 1600, 1830, 0, 0, 255, 0
L 1640, 1830, 0, 1670, 1830, 0, 0, 255, 0
L 1640, 1860, 0, 1670, 1860, 0, 0, 255, 0
L 1640, 1800, 0, 1640, 1860, 0, 0, 255, 0
L 1670, 1800, 0, 1640, 1800, 0, 0, 255, 0
L 1720, 1860, 0, 1720, 1800, 0, 0, 255, 0
L 1690, 1800, 0, 1720, 1860, 0, 0, 255, 0
L 1690, 1860, 0, 1690, 1800, 0, 0, 255, 0
L 1770, 1860, 0, 1740, 1860, 0, 0, 255, 0
L 1740, 1800, 0, 1770, 1800, 0, 0, 255, 0
L 1740, 1860, 0, 1740, 1800, 0, 0, 255, 0
L 1810, 1830, 0, 1810, 1860, 0, 0, 255, 0
L 1810, 1830, 0, 1830, 1800, 0, 0, 255, 0
L 1790, 1800, 0, 1810, 1830, 0, 0, 255, 0
L 1000, 1890, 0, 1000, 1920, 0, 255, 0, 0
L 1000, 1950, 0, 1040, 1950, 0, 255, 0, 0
L 1040, 1920, 0, 1000, 1920, 0, 255, 0, 0
L 1000, 1890, 0, 1040, 1890, 0, 255, 0, 0
L 1040, 1920, 0, 1040, 1950, 0, 255, 0, 0
L 1100, 1890, 0, 1100, 1950, 0, 255, 0, 0
L 1060, 1890, 0, 1060, 1950, 0, 255, 0, 0
L 1060, 1950, 0, 1100, 1950, 0, 255, 0, 0
L 1150, 1950, 0, 1120, 1950, 0, 255, 0, 0
L 1120, 1890, 0, 1150, 1890, 0, 255, 0, 0
L 1120, 1950, 0, 1120, 1890, 0, 255, 0, 0
L 1200, 1950, 0, 1170, 1950, 0, 255, 0, 0
L 1170, 1890, 0, 1200, 1890, 0, 255, 0, 0
L 1170, 1950, 0, 1170, 1890, 0, 255, 0, 0
L 1220, 1890, 0, 1250, 1890, 0, 255, 0, 0
L 1220, 1950, 0, 1250, 1950, 0, 255, 0, 0
L 1220, 1890, 0, 1220, 1950, 0, 255, 0, 0
L 1250, 1890, 0, 1250, 1950, 0, 255, 0, 0
L 1270, 1890, 0, 1270, 1920, 0, 255, 0, 0
L 1270, 1920, 0, 1270, 1950, 0, 255, 0, 0
L 1270, 1920, 0, 1290, 1920, 0, 255, 0, 0
L 1310, 1920, 0, 1310, 1890, 0, 255, 0, 0
L 1270, 1890, 0, 1310, 1890, 0, 255, 0, 0
L 1290, 1920, 0, 1310, 1920, 0, 255, 0, 0
L 1310, 1950, 0, 1290, 1920, 0, 255, 0, 0
L 1020, 1980, 0, 1020, 2040, 0, 255, 255, 0
L 1000, 1980, 0, 1040, 1980, 0, 255, 255, 0
L 1060, 2010, 0, 1090, 2010, 0, 255, 255, 0
L 1060, 2040, 0, 1090, 2040, 0, 255, 255, 0
L 1060, 1980, 0, 1060, 2040, 0, 255, 255, 0
L 1090, 1980, 0, 1060, 1980, 0, 255, 255, 0
L 1110, 1980, 0, 1110, 2040, 0, 255, 255, 0
L 1150, 2040, 0, 1110, 2040, 0, 255, 255, 0
L 1170, 2010, 0, 1200, 2010, 0, 255, 255, 0
L 1170, 2040, 0, 1200, 2040, 0, 255, 255, 0
L 1170, 1980, 0, 1170, 2040, 0, 255, 255, 0
L 1200, 1980, 0, 1170, 1980, 0, 255, 255, 0
L 1250, 2010, 0, 1220, 2010, 0, 255, 255, 0
L 1250, 1980, 0, 1250, 2010, 0, 255, 255, 0
L 1220, 1980, 0, 1250, 1980, 0, 255, 255, 0
L 1220, 2040, 0, 1220, 1980, 0, 255, 255, 0
L 1270, 1980, 0, 1300, 1980, 0, 255, 255, 0
L 1270, 2040, 0, 1300, 2040, 0, 255, 255, 0
L 1270, 1980, 0, 1270, 2040, 0, 255, 255, 0
L 1300, 1980, 0, 1300, 2040, 0, 255, 255, 0
L 1320, 1980, 0, 1320, 2010, 0, 255, 255, 0
L 1320, 2010, 0, 1320, 2040, 0, 255, 255, 0
L 1320, 2010, 0, 1340, 2010, 0, 255, 255, 0
L 1360, 2010, 0, 1360, 1980, 0, 255, 255, 0
L 1320, 1980, 0, 1360, 1980, 0, 255, 255, 0
L 1340, 2010, 0, 1360, 2010, 0, 255, 255, 0
L 1360, 2040, 0, 1340, 2010, 0, 255, 255, 0
L 1400, 1980, 0, 1400, 2040, 0, 255, 255, 0
L 1380, 1980, 0, 1420, 1980, 0, 255, 255, 0
L 1020, 2070, 0, 1020, 2130, 0, 128, 0, 128
L 1000, 2070, 0, 1040, 2070, 0, 128, 0, 128
L 1060, 2070, 0, 1060, 2100, 0, 128, 0, 128
L 1060, 2100, 0, 1060, 2130, 0, 128, 0, 128
L 1060, 2100, 0, 1080, 2100, 0, 128, 0, 128
L 1100, 2100, 0, 1100, 2070, 0, 128, 0, 128
L 1060, 2070, 0, 1100, 2070, 0, 128, 0, 128
L 1080, 2100, 0, 1100, 2100, 0, 128, 0, 128
L 1100, 2130, 0, 1080, 2100, 0, 128, 0, 128
L 1130, 2100, 0, 1150, 2100, 0, 128, 0, 128
L 1140, 2070, 0, 1160, 2130, 0, 128, 0, 128
L 1120, 2130, 0, 1140, 2070, 0, 128, 0, 128
L 1190, 2130, 0, 1190, 2070, 0, 128, 0, 128
L 1200, 2130, 0, 1180, 2130, 0, 128, 0, 128
L 1210, 2100, 0, 1200, 2130, 0, 128, 0, 128
L 1200, 2070, 0, 1210, 2100, 0, 128, 0, 128
L 1180, 2070, 0, 1200, 2070, 0, 128, 0, 128
L 1230, 2100, 0, 1260, 2100, 0, 128, 0, 128
L 1230, 2130, 0, 1260, 2130, 0, 128, 0, 128
L 1230, 2070, 0, 1230, 2130, 0, 128, 0, 128
L 1260, 2070, 0, 1230, 2070, 0, 128, 0, 128
L 1280, 2070, 0, 1280, 2100, 0, 128, 0, 128
L 1280, 2130, 0, 1320, 2130, 0, 128, 0, 128
L 1320, 2100, 0, 1280, 2100, 0, 128, 0, 128
L 1280, 2070, 0, 1320, 2070, 0, 128, 0, 128
L 1320, 2100, 0, 1320, 2130, 0, 128, 0, 128
L 1340, 2070, 0, 1340, 2100, 0, 128, 0, 128
L 1340, 2100, 0, 1340, 2130, 0, 128, 0, 128
L 1340, 2100, 0, 1380, 2130, 0, 128, 0, 128
L 1340, 2100, 0, 1380, 2070, 0, 128, 0, 128
L 1400, 2070, 0, 1400, 2130, 0, 128, 0, 128
L 1420, 2070, 0, 1420, 2130, 0, 128, 0, 128
L 1460, 2130, 0, 1420, 2130, 0, 128, 0, 128
L 1480, 2070, 0, 1480, 2130, 0, 128, 0, 128
L 1520, 2130, 0, 1480, 2130, 0, 128, 0, 128
L 1630, 2130, 0, 1600, 2130, 0, 128, 0, 128
L 1600, 2070, 0, 1630, 2070, 0, 128, 0, 128
L 1600, 2130, 0, 1600, 2070, 0, 128, 0, 128
L 1650, 2070, 0, 1680, 2070, 0, 128, 0, 128
L 1650, 2130, 0, 1680, 2130, 0, 128, 0, 128
L 1650, 2070, 0, 1650, 2130, 0, 128, 0, 128
L 1680, 2070, 0, 1680, 2130, 0, 128, 0, 128
L 1730, 2130, 0, 1730, 2070, 0, 128, 0, 128
L 1700, 2070, 0, 1730, 2130, 0, 128, 0, 128
L 1700, 2130, 0, 1700, 2070, 0, 128, 0, 128
L 1770, 2070, 0, 1770, 2130, 0, 128, 0, 128
L 1750, 2070, 0, 1790, 2070, 0, 128, 0, 128
L 1820, 2100, 0, 1840, 2100, 0, 128, 0, 128
L 1830, 2070, 0, 1850, 2130, 0, 128, 0, 128
L 1810, 2130, 0, 1830, 2070, 0, 128, 0, 128
L 1870, 2070, 0, 1870, 2130, 0, 128, 0, 128
L 1920, 2130, 0, 1920, 2070, 0, 128, 0, 128
L 1890, 2070, 0, 1920, 2130, 0, 128, 0, 128
L 1890, 2130, 0, 1890, 2070, 0, 128, 0, 128
L 1940, 2100, 0, 1970, 2100, 0, 128, 0, 128
L 1940, 2130, 0, 1970, 2130, 0, 128, 0, 128
L 1940, 2070, 0, 1940, 2130, 0, 128, 0, 128
L 1970, 2070, 0, 1940, 2070, 0, 128, 0, 128
L 1990, 2070, 0, 1990, 2100, 0, 128, 0, 128
L 1990, 2100, 0, 1990, 2130, 0, 128, 0, 128
L 1990, 2100, 0, 2010, 2100, 0, 128, 0, 128
L 2030, 2100, 0, 2030, 2070, 0, 128, 0, 128
L 1990, 2070, 0, 2030, 2070, 0, 128, 0, 128
L 2010, 2100, 0, 2030, 2100, 0, 128, 0, 128
L 2030, 2130, 0, 2010, 2100, 0, 128, 0, 128
L 1020, 2160, 0, 1020, 2220, 0, 255, 255, 0
L 1000, 2160, 0, 1040, 2160, 0, 255, 255, 0
L 1060, 2160, 0, 1060, 2190, 0, 255, 255, 0
L 1060, 2190, 0, 1060, 2220, 0, 255, 255, 0
L 1060, 2190, 0, 1080, 2190, 0, 255, 255, 0
L 1100, 2190, 0, 1100, 2160, 0, 255, 255, 0
L 1060, 2160, 0, 1100, 2160, 0, 255, 255, 0
L 1080, 2190, 0, 1100, 2190, 0, 255, 255, 0
L 1100, 2220, 0, 1080, 2190, 0, 255, 255, 0
L 1130, 2190, 0, 1150, 2190, 0, 255, 255, 0
L 1140, 2160, 0, 1160, 2220, 0, 255, 255, 0
L 1120, 2220, 0, 1140, 2160, 0, 255, 255, 0
L 1210, 2190, 0, 1180, 2190, 0, 255, 255, 0
L 1210, 2160, 0, 1210, 2190, 0, 255, 255, 0
L 1180, 2160, 0, 1210, 2160, 0, 255, 255, 0
L 1180, 2220, 0, 1180, 2160, 0, 255, 255, 0
L 1030, 2250, 0, 1000, 2250, 0, 255, 0, 0
L 1000, 2310, 0, 1030, 2250, 0, 255, 0, 0
L 1000, 2310, 0, 1030, 2310, 0, 255, 0, 0
L 1050, 2250, 0, 1080, 2250, 0, 255, 0, 0
L 1050, 2310, 0, 1080, 2310, 0, 255, 0, 0
L 1050, 2250, 0, 1050, 2310, 0, 255, 0, 0
L 1080, 2250, 0, 1080, 2310, 0, 255, 0, 0
L 1130, 2310, 0, 1130, 2250, 0, 255, 0, 0
L 1100, 2250, 0, 1130, 2310, 0, 255, 0, 0
L 1100, 2310, 0, 1100, 2250, 0, 255, 0, 0
L 1150, 2280, 0, 1180, 2280, 0, 255, 0, 0
L 1150, 2310, 0, 1180, 2310, 0, 255, 0, 0
L 1150, 2250, 0, 1150, 2310, 0, 255, 0, 0
L 1180, 2250, 0, 1150, 2250, 0, 255, 0, 0
P 0, 600, 0, 0, 0, 0, 2, Revised_Map:_Brewall_Rainsiger_(Cazic-Thule)
P 0, 800, 0, 0, 0, 0, 2, http://www.eqmaps.info
P 0, 1000, 0, 0, 0, 0, 2, Return_of_the_Exiled_(www.roteguild.org)
P 0, 1200, 0, 127, 64, 0, 2, Curate_Zlinair_PH=_a_priest
P 0, 1400, 0, 127, 64, 0, 2, Evangelizer_Runarn_PH=_an_acolyte
P 0, 1600, 0, 127, 64, 0, 2, Holy_Ophidian_PH=_a_coral_snake
P 0, 1800, 0, 127, 64, 0, 2, Sacred_Ophidian_PH=_a_coral_snake
P 0, 2000, 0, 127, 64, 0, 2, Slorn_the_Holy_PH=_a_zealot
P 0, 2200, 0, 127, 64, 0, 2, Templar_Razkin_PH=_an_acolyte
P 0, 2400, 0, 127, 64, 0, 2, Tiuanid_the_Faithful_PH=_a_priest
P 0, 2600, 0, 127, 64, 0, 2, Zealot_of_Oseka_PH=_a_zealot
