L -893.0, -637.0, -98.0, -936.0, -636.0, -99.0, 0, 0, 0
L -156.0, -614.0, -20.0, -165.0, -614.0, -18.0, 0, 0, 0
L -156.0, -586.0, -21.0, -156.0, -614.0, -20.0, 0, 0, 0
L -164.0, -586.0, -17.0, -156.0, -586.0, -21.0, 0, 0, 0
L -169.0, -572.0, -15.0, -164.0, -586.0, -17.0, 0, 0, 0
L -169.0, -558.0, -15.0, -169.0, -572.0, -15.0, 0, 0, 0
L -157.0, -558.0, -20.0, -169.0, -558.0, -15.0, 0, 0, 0
L -158.0, -530.0, -17.0, -157.0, -558.0, -20.0, 0, 0, 0
L -170.0, -530.0, -9.0, -158.0, -530.0, -17.0, 0, 0, 0
L -172.0, -499.0, -3.0, -170.0, -530.0, -9.0, 0, 0, 0
L -157.0, -500.0, -22.0, -172.0, -499.0, -3.0, 0, 0, 0
L -157.0, -472.0, -23.0, -157.0, -500.0, -22.0, 0, 0, 0
L -168.0, -473.0, -3.0, -157.0, -472.0, -23.0, 0, 0, 0
L -168.0, -458.0, -10.0, -168.0, -473.0, -3.0, 0, 0, 0
L -153.0, -449.0, -19.0, -168.0, -458.0, -10.0, 0, 0, 0
L -149.0, -449.0, -20.0, -153.0, -449.0, -19.0, 0, 0, 0
L -150.0, -404.0, -26.0, -149.0, -449.0, -20.0, 0, 0, 0
L -193.0, -362.0, -24.0, -150.0, -404.0, -26.0, 0, 0, 0
L -237.0, -360.0, -26.0, -193.0, -362.0, -24.0, 0, 0, 0
L -237.0, -380.0, -9.0, -237.0, -360.0, -26.0, 0, 0, 0
L -273.0, -378.0, -10.0, -237.0, -380.0, -9.0, 0, 0, 0
L -273.0, -360.0, -25.0, -273.0, -378.0, -10.0, 0, 0, 0
L -305.0, -362.0, -26.0, -273.0, -360.0, -25.0, 0, 0, 0
L -305.0, -366.0, -26.0, -305.0, -362.0, -26.0, 0, 0, 0
L -353.0, -366.0, -36.0, -305.0, -366.0, -26.0, 0, 0, 0
L -353.0, -359.0, -36.0, -353.0, -366.0, -36.0, 0, 0, 0
L -359.0, -361.0, -37.0, -353.0, -359.0, -36.0, 0, 0, 0
L -359.0, -406.0, -34.0, -359.0, -361.0, -37.0, 0, 0, 0
L -404.0, -406.0, -37.0, -359.0, -406.0, -34.0, 0, 0, 0
L -406.0, -448.0, -36.0, -404.0, -406.0, -37.0, 0, 0, 0
L -394.0, -448.0, -30.0, -406.0, -448.0, -36.0, 0, 0, 0
L -390.0, -504.0, -17.0, -394.0, -448.0, -30.0, 0, 0, 0
L -405.0, -504.0, -27.0, -390.0, -504.0, -17.0, 0, 0, 0
L -404.0, -539.0, -27.0, -405.0, -504.0, -27.0, 0, 0, 0
L -399.0, -539.0, -27.0, -404.0, -539.0, -27.0, 0, 0, 0
L -399.0, -587.0, -37.0, -399.0, -539.0, -27.0, 0, 0, 0
L -406.0, -587.0, -37.0, -399.0, -587.0, -37.0, 0, 0, 0
L -405.0, -595.0, -38.0, -406.0, -587.0, -37.0, 0, 0, 0
L -362.0, -638.0, -38.0, -405.0, -595.0, -38.0, 0, 0, 0
L -353.0, -639.0, -37.0, -362.0, -638.0, -38.0, 0, 0, 0
L -353.0, -635.0, -37.0, -353.0, -639.0, -37.0, 0, 0, 0
L -306.0, -635.0, -27.0, -353.0, -635.0, -37.0, 0, 0, 0
L -306.0, -638.0, -27.0, -306.0, -635.0, -27.0, 0, 0, 0
L -272.0, -642.0, -27.0, -306.0, -638.0, -27.0, 0, 0, 0
L -272.0, -621.0, -11.0, -272.0, -642.0, -27.0, 0, 0, 0
L -221.0, -625.0, -18.0, -272.0, -621.0, -11.0, 0, 0, 0
L -207.0, -642.0, -24.0, -221.0, -625.0, -18.0, 0, 0, 0
L -189.0, -640.0, -24.0, -207.0, -642.0, -24.0, 0, 0, 0
L -184.0, -631.0, -21.0, -189.0, -640.0, -24.0, 0, 0, 0
L -165.0, -625.0, -18.0, -184.0, -631.0, -21.0, 0, 0, 0
L -165.0, -613.0, -17.0, -165.0, -625.0, -18.0, 0, 0, 0
L -34.0, -670.0, -23.0, -74.0, -681.0, -10.0, 0, 0, 0
L -34.0, -621.0, -18.0, -34.0, -670.0, -23.0, 0, 0, 0
L -38.0, -630.0, -24.0, -34.0, -621.0, -18.0, 0, 0, 0
L 1134.0, 437.0, -9.0, 1178.0, 437.0, -6.0, 0, 0, 0
L 1120.0, 460.0, 2.0, 1134.0, 437.0, -9.0, 0, 0, 0
L 1107.0, 458.0, 0.0, 1120.0, 460.0, 2.0, 0, 0, 0
L 1107.0, 443.0, -12.0, 1107.0, 458.0, 1.0, 0, 0, 0
L 1080.0, 443.0, -11.0, 1107.0, 443.0, -12.0, 0, 0, 0
L 1080.0, 451.0, -6.0, 1080.0, 443.0, -11.0, 0, 0, 0
L 1058.0, 451.0, -5.0, 1080.0, 451.0, -6.0, 0, 0, 0
L 1058.0, 444.0, -7.0, 1058.0, 451.0, -5.0, 0, 0, 0
L 1008.0, 444.0, -10.0, 1058.0, 444.0, -7.0, 0, 0, 0
L 1008.0, 449.0, -9.0, 1008.0, 444.0, -10.0, 0, 0, 0
L 987.0, 451.0, -4.0, 1008.0, 449.0, -9.0, 0, 0, 0
L 986.0, 446.0, -10.0, 987.0, 451.0, -4.0, 0, 0, 0
L 961.0, 446.0, -10.0, 986.0, 446.0, -10.0, 0, 0, 0
L 960.0, 449.0, -8.0, 961.0, 446.0, -10.0, 0, 0, 0
L 941.0, 435.0, -7.0, 960.0, 449.0, -8.0, 0, 0, 0
L 935.0, 424.0, -11.0, 941.0, 435.0, -7.0, 0, 0, 0
L 928.0, 427.0, -11.0, 935.0, 424.0, -11.0, 0, 0, 0
L 912.0, 403.0, -11.0, 928.0, 427.0, -11.0, 0, 0, 0
L 915.0, 390.0, -12.0, 912.0, 403.0, -11.0, 0, 0, 0
L 912.0, 370.0, -12.0, 915.0, 390.0, -12.0, 0, 0, 0
L 903.0, 357.0, -11.0, 912.0, 370.0, -12.0, 0, 0, 0
L 902.0, 297.0, -12.0, 903.0, 357.0, -11.0, 0, 0, 0
L 888.0, 297.0, 1.0, 902.0, 297.0, -12.0, 0, 0, 0
L 890.0, 266.0, 0.0, 888.0, 297.0, 1.0, 0, 0, 0
L 903.0, 264.0, -12.0, 890.0, 266.0, 1.0, 0, 0, 0
L 903.0, 238.0, -8.0, 903.0, 264.0, -12.0, 0, 0, 0
L 894.0, 239.0, 1.0, 903.0, 238.0, -8.0, 0, 0, 0
L 906.0, 225.0, -3.0, 894.0, 239.0, 1.0, 0, 0, 0
L 916.0, 233.0, -4.0, 906.0, 225.0, -3.0, 0, 0, 0
L 926.0, 224.0, -12.0, 916.0, 233.0, -4.0, 0, 0, 0
L 915.0, 213.0, -6.0, 926.0, 224.0, -12.0, 0, 0, 0
L 931.0, 183.0, 0.0, 915.0, 213.0, -6.0, 0, 0, 0
L 946.0, 181.0, -11.0, 931.0, 183.0, 1.0, 0, 0, 0
L 944.0, 155.0, -6.0, 946.0, 181.0, -11.0, 0, 0, 0
L 934.0, 155.0, 0.0, 944.0, 155.0, -6.0, 0, 0, 0
L 935.0, 133.0, 1.0, 934.0, 155.0, 0.0, 0, 0, 0
L 897.0, 60.0, 1.0, 935.0, 133.0, 1.0, 0, 0, 0
L 911.0, 57.0, -12.0, 897.0, 60.0, 1.0, 0, 0, 0
L 910.0, 34.0, -11.0, 911.0, 57.0, -12.0, 0, 0, 0
L 899.0, 33.0, 0.0, 910.0, 34.0, -11.0, 0, 0, 0
L 902.0, 2.0, -7.0, 899.0, 33.0, 0.0, 0, 0, 0
L 911.0, 0.0, -10.0, 902.0, 2.0, -7.0, 0, 0, 0
L 911.0, -24.0, -10.0, 911.0, 0.0, -10.0, 0, 0, 0
L 895.0, -24.0, -2.0, 911.0, -24.0, -10.0, 0, 0, 0
L 897.0, -53.0, 0.0, 895.0, -24.0, -2.0, 0, 0, 0
L 912.0, -53.0, -11.0, 897.0, -53.0, 1.0, 0, 0, 0
L 912.0, -80.0, -11.0, 912.0, -53.0, -11.0, 0, 0, 0
L 907.0, -81.0, -7.0, 912.0, -80.0, -11.0, 0, 0, 0
L 889.0, -101.0, -1.0, 907.0, -81.0, -7.0, 0, 0, 0
L 875.0, -95.0, -9.0, 889.0, -101.0, -1.0, 0, 0, 0
L 878.0, -86.0, 1.0, 875.0, -95.0, -9.0, 0, 0, 0
L 793.0, -83.0, 5.0, 878.0, -86.0, 1.0, 0, 0, 0
L 793.0, -92.0, -9.0, 793.0, -83.0, 5.0, 0, 0, 0
L 803.0, -102.0, -7.0, 793.0, -92.0, -9.0, 0, 0, 0
L 793.0, -109.0, -16.0, 803.0, -102.0, -7.0, 0, 0, 0
L 751.0, -104.0, -17.0, 793.0, -109.0, -16.0, 0, 0, 0
L 751.0, -40.0, -17.0, 751.0, -104.0, -17.0, 0, 0, 0
L 728.0, -17.0, -17.0, 751.0, -40.0, -17.0, 0, 0, 0
L 705.0, -17.0, -17.0, 728.0, -17.0, -17.0, 0, 0, 0
L 704.0, 24.0, -16.0, 705.0, -17.0, -17.0, 0, 0, 0
L 725.0, 24.0, 0.0, 704.0, 24.0, -16.0, 0, 0, 0
L 724.0, 66.0, 0.0, 725.0, 24.0, 1.0, 0, 0, 0
L 713.0, 66.0, -13.0, 724.0, 66.0, 0.0, 0, 0, 0
L 705.0, 66.0, -16.0, 713.0, 66.0, -13.0, 0, 0, 0
L 707.0, 98.0, -17.0, 705.0, 66.0, -16.0, 0, 0, 0
L 711.0, 98.0, -17.0, 707.0, 98.0, -17.0, 0, 0, 0
L 711.0, 146.0, -26.0, 711.0, 98.0, -17.0, 0, 0, 0
L 704.0, 146.0, -26.0, 711.0, 146.0, -26.0, 0, 0, 0
L 706.0, 152.0, -27.0, 704.0, 146.0, -26.0, 0, 0, 0
L 751.0, 152.0, -24.0, 706.0, 152.0, -27.0, 0, 0, 0
L 751.0, 221.0, -27.0, 751.0, 152.0, -24.0, 0, 0, 0
L 727.0, 222.0, -27.0, 751.0, 221.0, -27.0, 0, 0, 0
L 703.0, 246.0, -27.0, 727.0, 222.0, -27.0, 0, 0, 0
L 702.0, 311.0, -27.0, 703.0, 246.0, -27.0, 0, 0, 0
L 712.0, 312.0, -24.0, 702.0, 311.0, -27.0, 0, 0, 0
L 703.0, 333.0, -17.0, 712.0, 312.0, -24.0, 0, 0, 0
L 713.0, 349.0, -23.0, 703.0, 333.0, -17.0, 0, 0, 0
L 713.0, 411.0, -22.0, 713.0, 349.0, -23.0, 0, 0, 0
L 712.0, 426.0, -22.0, 713.0, 411.0, -22.0, 0, 0, 0
L 709.0, 443.0, -16.0, 712.0, 426.0, -22.0, 0, 0, 0
L 682.0, 481.0, -22.0, 709.0, 443.0, -16.0, 0, 0, 0
L 672.0, 480.0, -23.0, 682.0, 481.0, -22.0, 0, 0, 0
L 656.0, 492.0, -22.0, 672.0, 480.0, -23.0, 0, 0, 0
L 652.0, 501.0, -22.0, 656.0, 492.0, -22.0, 0, 0, 0
L 626.0, 504.0, -21.0, 652.0, 501.0, -22.0, 0, 0, 0
L 626.0, 507.0, -16.0, 626.0, 504.0, -21.0, 0, 0, 0
L 606.0, 505.0, -19.0, 626.0, 507.0, -16.0, 0, 0, 0
L 604.0, 499.0, -22.0, 606.0, 505.0, -19.0, 0, 0, 0
L 578.0, 500.0, -22.0, 604.0, 499.0, -22.0, 0, 0, 0
L 578.0, 507.0, -17.0, 578.0, 500.0, -22.0, 0, 0, 0
L 533.0, 507.0, -16.0, 578.0, 507.0, -17.0, 0, 0, 0
L 533.0, 498.0, -22.0, 533.0, 507.0, -16.0, 0, 0, 0
L 508.0, 499.0, -23.0, 533.0, 498.0, -22.0, 0, 0, 0
L 506.0, 512.0, -14.0, 508.0, 499.0, -23.0, 0, 0, 0
L 474.0, 510.0, -18.0, 506.0, 512.0, -14.0, 0, 0, 0
L 474.0, 505.0, -21.0, 474.0, 510.0, -18.0, 0, 0, 0
L 464.0, 496.0, -25.0, 474.0, 505.0, -21.0, 0, 0, 0
L 422.0, 498.0, -26.0, 464.0, 496.0, -25.0, 0, 0, 0
L 422.0, 583.0, -26.0, 422.0, 498.0, -26.0, 0, 0, 0
L 375.0, 583.0, -26.0, 422.0, 583.0, -26.0, 0, 0, 0
L 374.0, 635.0, -26.0, 375.0, 583.0, -26.0, 0, 0, 0
L 299.0, 635.0, -26.0, 374.0, 635.0, -26.0, 0, 0, 0
L 299.0, 539.0, -26.0, 299.0, 635.0, -26.0, 0, 0, 0
L 341.0, 538.0, -26.0, 299.0, 539.0, -26.0, 0, 0, 0
L 341.0, 477.0, -26.0, 341.0, 538.0, -26.0, 0, 0, 0
L 376.0, 438.0, -26.0, 341.0, 477.0, -26.0, 0, 0, 0
L 422.0, 438.0, -26.0, 376.0, 438.0, -26.0, 0, 0, 0
L 422.0, 470.0, -26.0, 422.0, 438.0, -26.0, 0, 0, 0
L 464.0, 475.0, -26.0, 422.0, 470.0, -26.0, 0, 0, 0
L 481.0, 471.0, -24.0, 464.0, 475.0, -26.0, 0, 0, 0
L 482.0, 454.0, -13.0, 481.0, 471.0, -24.0, 0, 0, 0
L 493.0, 453.0, -10.0, 482.0, 454.0, -13.0, 0, 0, 0
L 494.0, 465.0, -23.0, 493.0, 453.0, -10.0, 0, 0, 0
L 520.0, 462.0, -20.0, 494.0, 465.0, -23.0, 0, 0, 0
L 520.0, 452.0, -10.0, 520.0, 462.0, -20.0, 0, 0, 0
L 553.0, 454.0, -12.0, 520.0, 452.0, -10.0, 0, 0, 0
L 556.0, 465.0, -21.0, 553.0, 454.0, -12.0, 0, 0, 0
L 580.0, 465.0, -21.0, 556.0, 465.0, -21.0, 0, 0, 0
L 581.0, 450.0, -9.0, 580.0, 465.0, -21.0, 0, 0, 0
L 608.0, 447.0, -9.0, 581.0, 450.0, -9.0, 0, 0, 0
L 608.0, 465.0, -21.0, 608.0, 447.0, -9.0, 0, 0, 0
L 634.0, 465.0, -21.0, 608.0, 465.0, -21.0, 0, 0, 0
L 635.0, 454.0, -11.0, 634.0, 465.0, -21.0, 0, 0, 0
L 650.0, 460.0, -19.0, 635.0, 454.0, -11.0, 0, 0, 0
L 672.0, 451.0, -22.0, 650.0, 460.0, -19.0, 0, 0, 0
L 672.0, 433.0, -21.0, 672.0, 451.0, -22.0, 0, 0, 0
L 673.0, 410.0, -21.0, 672.0, 433.0, -21.0, 0, 0, 0
L 664.0, 407.0, -18.0, 673.0, 410.0, -21.0, 0, 0, 0
L 674.0, 400.0, -22.0, 664.0, 407.0, -18.0, 0, 0, 0
L 678.0, 387.0, -23.0, 674.0, 400.0, -22.0, 0, 0, 0
L 667.0, 376.0, -18.0, 678.0, 387.0, -23.0, 0, 0, 0
L 664.0, 366.0, -18.0, 667.0, 376.0, -18.0, 0, 0, 0
L 671.0, 363.0, -21.0, 664.0, 366.0, -18.0, 0, 0, 0
L 671.0, 340.0, -23.0, 671.0, 363.0, -21.0, 0, 0, 0
L 666.0, 338.0, -19.0, 671.0, 340.0, -23.0, 0, 0, 0
L 678.0, 323.0, -24.0, 666.0, 338.0, -19.0, 0, 0, 0
L 680.0, 311.0, -27.0, 678.0, 323.0, -24.0, 0, 0, 0
L 680.0, 254.0, -27.0, 680.0, 311.0, -27.0, 0, 0, 0
L 645.0, 221.0, -27.0, 680.0, 254.0, -27.0, 0, 0, 0
L 628.0, 221.0, -26.0, 645.0, 221.0, -27.0, 0, 0, 0
L 628.0, 227.0, -26.0, 628.0, 221.0, -26.0, 0, 0, 0
L 580.0, 227.0, -17.0, 628.0, 227.0, -26.0, 0, 0, 0
L 580.0, 223.0, -17.0, 580.0, 227.0, -17.0, 0, 0, 0
L 545.0, 221.0, -16.0, 580.0, 223.0, -17.0, 0, 0, 0
L 545.0, 236.0, -9.0, 545.0, 221.0, -16.0, 0, 0, 0
L 517.0, 238.0, -7.0, 545.0, 236.0, -9.0, 0, 0, 0
L 517.0, 221.0, -16.0, 517.0, 238.0, -7.0, 0, 0, 0
L 474.0, 222.0, -8.0, 517.0, 221.0, -16.0, 0, 0, 0
L 358.0, 98.0, -3.0, 368.7, 62.6, 0.0, 0, 0, 0
L 367.0, 105.0, -9.0, 358.0, 98.0, -3.0, 0, 0, 0
L 366.0, 88.0, -13.0, 367.0, 105.0, -9.0, 0, 0, 0
L 375.0, 92.0, -13.0, 366.0, 88.0, -13.0, 0, 0, 0
L 402.5, 64.2, 0.7, 375.0, 92.0, -13.0, 0, 0, 0
L 408.0, 71.0, -9.0, 433.0, 95.0, -7.0, 0, 0, 0
L 401.0, 83.0, -13.0, 408.0, 71.0, -9.0, 0, 0, 0
L 414.0, 99.0, -13.0, 401.0, 83.0, -13.0, 0, 0, 0
L 422.0, 104.0, -13.0, 414.0, 99.0, -13.0, 0, 0, 0
L 433.0, 95.0, -7.0, 422.0, 104.0, -13.0, 0, 0, 0
L 407.0, 240.0, -12.0, 448.8, 257.4, 1.0, 150, 150, 150
L 389.0, 239.0, -13.0, 407.0, 240.0, -12.0, 150, 150, 150
L 387.0, 222.0, -12.0, 389.0, 239.0, -13.0, 150, 150, 150
L 375.0, 212.0, -13.0, 387.0, 222.0, -12.0, 150, 150, 150
L 382.0, 199.0, -13.0, 375.0, 212.0, -13.0, 150, 150, 150
L 392.0, 192.0, -10.0, 382.0, 199.0, -13.0, 150, 150, 150
L 403.0, 198.0, -13.0, 392.0, 192.0, -10.0, 150, 150, 150
L 403.0, 203.0, -13.0, 403.0, 198.0, -13.0, 150, 150, 150
L 413.0, 205.0, -10.0, 403.0, 203.0, -13.0, 150, 150, 150
L 422.0, 208.0, -13.0, 413.0, 205.0, -10.0, 150, 150, 150
L 421.0, 222.0, -11.0, 422.0, 208.0, -13.0, 150, 150, 150
L 426.0, 227.0, -13.0, 421.0, 222.0, -11.0, 150, 150, 150
L 441.0, 222.0, -6.0, 426.0, 227.0, -13.0, 150, 150, 150
L 450.0, 227.0, -10.0, 441.0, 222.0, -6.0, 150, 150, 150
L 444.0, 241.0, -11.0, 450.0, 227.0, -10.0, 150, 150, 150
L 473.0, 241.0, 1.0, 444.0, 241.0, -11.0, 150, 150, 150
L 473.0, 241.0, 0.0, 474.0, 223.0, -8.0, 0, 0, 0
L 442.0, 262.0, 1.0, 448.8, 257.4, 1.0, 0, 0, 0
L 407.0, 291.0, 1.0, 442.0, 262.0, 1.0, 0, 0, 0
L 395.0, 299.0, 1.0, 407.0, 291.0, 1.0, 0, 0, 0
L 380.0, 285.0, 0.0, 395.0, 299.0, 1.0, 0, 0, 0
L 336.0, 257.0, -1.0, 380.0, 285.0, 1.0, 0, 0, 0
L 331.0, 231.0, -8.0, 336.0, 257.0, -1.0, 0, 0, 0
L 255.0, 198.0, 0.0, 331.0, 231.0, -8.0, 0, 0, 0
L 241.0, 177.0, 0.0, 255.0, 198.0, 1.0, 0, 0, 0
L 249.0, 150.0, 0.0, 241.0, 177.0, 0.0, 0, 0, 0
L 276.0, 123.0, 0.0, 249.0, 150.0, 0.0, 0, 0, 0
L 288.0, 98.0, 0.0, 276.0, 123.0, 0.0, 0, 0, 0
L 302.0, 84.0, 0.0, 288.0, 98.0, 0.0, 0, 0, 0
L 354.0, 92.0, -4.0, 302.0, 84.0, 1.0, 0, 0, 0
L 365.0, 76.0, 2.0, 354.0, 92.0, -4.0, 0, 0, 0
L 357.0, 69.0, 8.0, 365.0, 76.0, 2.0, 0, 0, 0
L 361.0, 63.0, 0.0, 357.0, 69.0, 8.0, 0, 0, 0
L 396.0, 61.0, 0.0, 368.7, 62.6, 0.0, 0, 0, 0
L 420.0, 73.0, 0.0, 402.5, 64.2, 0.7, 0, 0, 0
L 448.0, 103.0, -2.0, 420.0, 73.0, 0.0, 0, 0, 0
L 465.0, 150.0, -3.0, 448.0, 103.0, -2.0, 0, 0, 0
L 467.0, 185.0, -9.0, 465.0, 150.0, -3.0, 0, 0, 0
L 474.0, 200.0, -8.0, 467.0, 185.0, -9.0, 0, 0, 0
L 517.0, 199.0, -15.0, 474.0, 200.0, -8.0, 0, 0, 0
L 517.0, 177.0, 0.0, 517.0, 199.0, -15.0, 0, 0, 0
L 545.0, 180.0, -1.0, 517.0, 177.0, 1.0, 0, 0, 0
L 545.0, 198.0, -16.0, 545.0, 180.0, -1.0, 0, 0, 0
L 580.0, 196.0, -17.0, 545.0, 198.0, -16.0, 0, 0, 0
L 580.0, 192.0, -17.0, 580.0, 196.0, -17.0, 0, 0, 0
L 628.0, 192.0, -26.0, 580.0, 192.0, -17.0, 0, 0, 0
L 628.0, 199.0, -26.0, 628.0, 192.0, -26.0, 0, 0, 0
L 636.0, 197.0, -27.0, 628.0, 199.0, -26.0, 0, 0, 0
L 679.0, 154.0, -27.0, 636.0, 197.0, -27.0, 0, 0, 0
L 681.0, 146.0, -26.0, 679.0, 154.0, -27.0, 0, 0, 0
L 676.0, 146.0, -26.0, 681.0, 146.0, -26.0, 0, 0, 0
L 676.0, 98.0, -17.0, 676.0, 146.0, -26.0, 0, 0, 0
L 680.0, 98.0, -17.0, 676.0, 98.0, -17.0, 0, 0, 0
L 682.0, 66.0, -16.0, 680.0, 98.0, -17.0, 0, 0, 0
L 660.0, 66.0, 0.0, 682.0, 66.0, -16.0, 0, 0, 0
L 663.0, 24.0, -2.0, 660.0, 66.0, 1.0, 0, 0, 0
L 680.0, 24.0, -16.0, 663.0, 24.0, -2.0, 0, 0, 0
L 678.0, -17.0, -17.0, 680.0, 24.0, -16.0, 0, 0, 0
L 652.0, -17.0, -17.0, 678.0, -17.0, -17.0, 0, 0, 0
L 634.0, -37.0, -17.0, 652.0, -17.0, -17.0, 0, 0, 0
L 634.0, -58.0, -17.0, 634.0, -37.0, -17.0, 0, 0, 0
L 604.0, -100.0, -17.0, 634.0, -58.0, -17.0, 0, 0, 0
L 604.0, -113.0, -17.0, 604.0, -100.0, -17.0, 0, 0, 0
L 562.0, -115.0, -16.0, 604.0, -113.0, -17.0, 0, 0, 0
L 548.0, -117.0, -14.0, 562.0, -115.0, -16.0, 0, 0, 0
L 539.0, -103.0, -4.0, 548.0, -117.0, -14.0, 0, 0, 0
L 521.0, -105.0, -3.0, 539.0, -103.0, -4.0, 0, 0, 0
L 513.0, -100.0, -5.0, 521.0, -105.0, -3.0, 0, 0, 0
L 494.0, -93.0, -7.0, 513.0, -100.0, -5.0, 0, 0, 0
L 451.0, -64.0, -7.0, 494.0, -93.0, -7.0, 0, 0, 0
L 446.0, -69.0, -12.0, 451.0, -64.0, -7.0, 0, 0, 0
L 436.0, -68.0, -12.0, 446.0, -69.0, -12.0, 0, 0, 0
L 430.0, -63.0, -12.0, 436.0, -68.0, -12.0, 0, 0, 0
L 405.0, -61.0, -12.0, 430.0, -63.0, -12.0, 0, 0, 0
L 398.0, -67.0, -12.0, 405.0, -61.0, -12.0, 0, 0, 0
L 391.0, -63.0, -9.0, 398.0, -67.0, -12.0, 0, 0, 0
L 373.0, -70.0, -7.0, 391.0, -63.0, -9.0, 0, 0, 0
L 356.0, -80.0, -9.0, 373.0, -70.0, -7.0, 0, 0, 0
L 353.0, -88.0, -13.0, 356.0, -80.0, -9.0, 0, 0, 0
L 328.0, -87.0, 0.0, 353.0, -88.0, -13.0, 0, 0, 0
L 328.0, -85.0, 2.0, 328.0, -87.0, 0.0, 0, 0, 0
L 318.0, -87.0, 0.0, 328.0, -85.0, 2.0, 0, 0, 0
L 307.0, -108.0, -16.0, 318.0, -87.0, 0.0, 0, 0, 0
L 275.0, -106.0, -17.0, 307.0, -108.0, -16.0, 0, 0, 0
L 275.0, -102.0, -17.0, 275.0, -106.0, -17.0, 0, 0, 0
L 228.0, -102.0, -26.0, 275.0, -102.0, -17.0, 0, 0, 0
L 228.0, -108.0, -26.0, 228.0, -102.0, -26.0, 0, 0, 0
L 219.0, -105.0, -27.0, 228.0, -108.0, -26.0, 0, 0, 0
L 176.0, -62.0, -27.0, 219.0, -105.0, -27.0, 0, 0, 0
L 175.0, -54.0, -26.0, 176.0, -62.0, -27.0, 0, 0, 0
L 182.0, -54.0, -26.0, 175.0, -54.0, -26.0, 0, 0, 0
L 182.0, -6.0, -17.0, 182.0, -54.0, -26.0, 0, 0, 0
L 177.0, -6.0, -17.0, 182.0, -6.0, -17.0, 0, 0, 0
L 171.0, 24.0, -17.0, 177.0, -6.0, -17.0, 0, 0, 0
L 156.0, 23.0, -17.0, 171.0, 24.0, -17.0, 0, 0, 0
L 150.0, -6.0, -17.0, 156.0, 23.0, -17.0, 0, 0, 0
L 147.0, -6.0, -17.0, 150.0, -6.0, -17.0, 0, 0, 0
L 147.0, -54.0, -26.0, 147.0, -6.0, -17.0, 0, 0, 0
L 154.0, -54.0, -26.0, 147.0, -54.0, -26.0, 0, 0, 0
L 154.0, -63.0, -27.0, 154.0, -54.0, -26.0, 0, 0, 0
L 153.0, -63.0, -27.0, 154.0, -63.0, -27.0, 0, 0, 0
L 152.0, -71.0, -27.0, 153.0, -63.0, -27.0, 0, 0, 0
L 118.0, -108.0, -27.0, 152.0, -71.0, -27.0, 0, 0, 0
L 62.0, -107.0, -23.0, 118.0, -108.0, -27.0, 0, 0, 0
L 51.0, -106.0, -24.0, 62.0, -107.0, -23.0, 0, 0, 0
L 44.0, -98.0, -23.0, 51.0, -106.0, -24.0, 0, 0, 0
L 12.0, -92.0, -19.0, 44.0, -98.0, -23.0, 0, 0, 0
L 12.0, -108.0, -26.0, 12.0, -92.0, -19.0, 0, 0, 0
L -30.0, -108.0, -18.0, 12.0, -108.0, -26.0, 0, 0, 0
L -36.0, -80.0, -9.0, -30.0, -108.0, -18.0, 0, 0, 0
L -36.0, -60.0, -9.0, -36.0, -80.0, -9.0, 0, 0, 0
L -41.0, -41.0, -10.0, -36.0, -60.0, -9.0, 0, 0, 0
L -54.0, -10.0, -10.0, -41.0, -41.0, -10.0, 0, 0, 0
L -67.0, 3.0, -7.0, -54.0, -10.0, -10.0, 0, 0, 0
L -107.0, 2.0, -10.0, -67.0, 3.0, -7.0, 0, 0, 0
L -138.0, 2.0, -10.0, -107.0, 2.0, -10.0, 0, 0, 0
L -157.0, 0.0, -8.0, -138.0, 2.0, -10.0, 0, 0, 0
L -178.0, -4.0, -10.0, -157.0, 0.0, -8.0, 0, 0, 0
L -192.0, -10.0, -9.0, -178.0, -4.0, -10.0, 0, 0, 0
L -207.0, -38.0, -10.0, -192.0, -10.0, -9.0, 0, 0, 0
L -207.0, -65.0, -11.0, -207.0, -38.0, -10.0, 0, 0, 0
L -213.0, -85.0, -20.0, -207.0, -65.0, -11.0, 0, 0, 0
L -198.0, -108.0, -18.0, -213.0, -85.0, -20.0, 0, 0, 0
L -151.0, -125.0, -14.0, -198.0, -108.0, -18.0, 0, 0, 0
L -147.0, -118.0, -15.0, -151.0, -125.0, -14.0, 0, 0, 0
L -137.0, -121.0, -15.0, -147.0, -118.0, -15.0, 0, 0, 0
L -134.0, -132.0, -15.0, -137.0, -121.0, -15.0, 0, 0, 0
L -143.0, -140.0, -16.0, -134.0, -132.0, -15.0, 0, 0, 0
L -152.0, -136.0, -16.0, -143.0, -140.0, -16.0, 0, 0, 0
L -151.0, -158.0, -16.0, -152.0, -136.0, -16.0, 0, 0, 0
L -138.0, -143.0, -23.0, -151.0, -158.0, -16.0, 0, 0, 0
L -119.0, -148.0, -23.0, -138.0, -143.0, -23.0, 0, 0, 0
L -127.0, -162.0, -23.0, -119.0, -148.0, -23.0, 0, 0, 0
L -99.0, -163.0, -23.0, -127.0, -162.0, -23.0, 0, 0, 0
L -78.0, -158.0, -21.0, -99.0, -163.0, -23.0, 0, 0, 0
L -55.0, -159.0, -19.0, -78.0, -158.0, -21.0, 0, 0, 0
L -44.0, -143.0, -23.0, -55.0, -159.0, -19.0, 0, 0, 0
L -30.0, -129.0, -18.0, -44.0, -143.0, -23.0, 0, 0, 0
L 12.0, -129.0, -26.0, -30.0, -129.0, -18.0, 0, 0, 0
L 12.0, -148.0, -12.0, 12.0, -129.0, -26.0, 0, 0, 0
L 62.0, -146.0, -16.0, 12.0, -148.0, -12.0, 0, 0, 0
L 62.0, -131.0, -26.0, 62.0, -146.0, -16.0, 0, 0, 0
L 126.0, -129.0, -27.0, 62.0, -131.0, -26.0, 0, 0, 0
L 153.0, -156.0, -27.0, 126.0, -129.0, -27.0, 0, 0, 0
L 153.0, -219.0, -27.0, 153.0, -156.0, -27.0, 0, 0, 0
L 130.0, -219.0, -10.0, 153.0, -219.0, -27.0, 0, 0, 0
L 130.0, -246.0, -10.0, 130.0, -219.0, -10.0, 0, 0, 0
L 145.0, -247.0, -24.0, 130.0, -246.0, -10.0, 0, 0, 0
L 143.0, -273.0, -23.0, 145.0, -247.0, -24.0, 0, 0, 0
L 138.0, -285.0, -16.0, 143.0, -273.0, -23.0, 0, 0, 0
L 138.0, -294.0, -16.0, 138.0, -285.0, -16.0, 0, 0, 0
L 145.0, -301.0, -22.0, 138.0, -294.0, -16.0, 0, 0, 0
L 138.0, -315.0, -21.0, 145.0, -301.0, -22.0, 0, 0, 0
L 129.0, -323.0, -19.0, 138.0, -315.0, -21.0, 0, 0, 0
L 121.0, -333.0, -20.0, 129.0, -323.0, -19.0, 0, 0, 0
L 110.0, -333.0, -20.0, 121.0, -333.0, -20.0, 0, 0, 0
L 105.0, -325.0, -16.0, 110.0, -333.0, -20.0, 0, 0, 0
L 80.0, -325.0, -19.0, 105.0, -325.0, -16.0, 0, 0, 0
L 79.0, -329.0, -21.0, 80.0, -325.0, -19.0, 0, 0, 0
L 53.0, -328.0, -21.0, 79.0, -329.0, -21.0, 0, 0, 0
L 53.0, -324.0, -17.0, 53.0, -328.0, -21.0, 0, 0, 0
L 38.0, -324.0, -17.0, 53.0, -324.0, -17.0, 0, 0, 0
L 38.0, -331.0, -22.0, 38.0, -324.0, -17.0, 0, 0, 0
L 10.0, -327.0, -22.0, 38.0, -331.0, -22.0, 0, 0, 0
L 11.0, -316.0, -7.0, 10.0, -327.0, -22.0, 0, 0, 0
L -36.0, -313.0, -3.0, 11.0, -316.0, -7.0, 0, 0, 0
L -36.0, -317.0, -10.0, -36.0, -313.0, -3.0, 0, 0, 0
L -30.0, -332.0, -23.0, -36.0, -317.0, -10.0, 0, 0, 0
L -36.0, -336.0, -26.0, -30.0, -332.0, -23.0, 0, 0, 0
L -81.0, -335.0, -26.0, -36.0, -336.0, -26.0, 0, 0, 0
L -123.0, -292.0, -26.0, -81.0, -335.0, -26.0, 0, 0, 0
L -129.0, -276.0, -26.0, -123.0, -292.0, -26.0, 0, 0, 0
L -144.0, -276.0, -26.0, -129.0, -276.0, -26.0, 0, 0, 0
L -150.0, -290.0, -26.0, -144.0, -276.0, -26.0, 0, 0, 0
L -195.0, -290.0, -26.0, -150.0, -290.0, -26.0, 0, 0, 0
L -195.0, -335.0, -26.0, -195.0, -290.0, -26.0, 0, 0, 0
L -237.0, -337.0, -26.0, -195.0, -335.0, -26.0, 0, 0, 0
L -245.0, -334.0, -23.0, -237.0, -337.0, -26.0, 0, 0, 0
L -247.0, -327.0, -23.0, -245.0, -334.0, -23.0, 0, 0, 0
L -253.0, -339.0, -24.0, -247.0, -327.0, -23.0, 0, 0, 0
L -267.0, -338.0, -24.0, -253.0, -339.0, -24.0, 0, 0, 0
L -265.0, -323.0, -18.0, -267.0, -338.0, -24.0, 0, 0, 0
L -273.0, -320.0, -17.0, -265.0, -323.0, -18.0, 0, 0, 0
L -273.0, -339.0, -26.0, -273.0, -320.0, -17.0, 0, 0, 0
L -305.0, -335.0, -26.0, -273.0, -339.0, -26.0, 0, 0, 0
L -305.0, -331.0, -26.0, -305.0, -335.0, -26.0, 0, 0, 0
L -353.0, -331.0, -36.0, -305.0, -331.0, -26.0, 0, 0, 0
L -361.0, -334.0, -37.0, -353.0, -331.0, -36.0, 0, 0, 0
L -404.0, -291.0, -37.0, -361.0, -334.0, -37.0, 0, 0, 0
L -406.0, -283.0, -36.0, -404.0, -291.0, -37.0, 0, 0, 0
L -399.0, -283.0, -36.0, -406.0, -283.0, -36.0, 0, 0, 0
L -399.0, -235.0, -26.0, -399.0, -283.0, -36.0, 0, 0, 0
L -403.0, -235.0, -26.0, -399.0, -235.0, -26.0, 0, 0, 0
L -407.0, -200.0, -26.0, -403.0, -235.0, -26.0, 0, 0, 0
L -390.0, -200.0, -17.0, -407.0, -200.0, -26.0, 0, 0, 0
L -389.0, -172.0, -17.0, -390.0, -200.0, -17.0, 0, 0, 0
L -404.0, -172.0, -24.0, -389.0, -172.0, -17.0, 0, 0, 0
L -407.0, -129.0, -17.0, -404.0, -172.0, -24.0, 0, 0, 0
L -384.0, -67.0, -23.0, -377.0, -73.0, -23.0, 0, 0, 0
L -393.0, -70.0, -23.0, -384.0, -67.0, -23.0, 0, 0, 0
L -399.0, -84.0, -23.0, -393.0, -70.0, -23.0, 0, 0, 0
L -393.0, -92.0, -23.0, -399.0, -84.0, -23.0, 0, 0, 0
L -404.0, -99.0, -23.0, -393.0, -92.0, -23.0, 0, 0, 0
L -401.0, -111.0, -23.0, -404.0, -99.0, -23.0, 0, 0, 0
L -407.0, -122.0, -21.0, -401.0, -111.0, -23.0, 0, 0, 0
L -387.0, -117.0, -21.0, -407.0, -122.0, -21.0, 0, 0, 0
L -379.0, -105.0, -23.0, -387.0, -117.0, -21.0, 0, 0, 0
L -382.0, -93.0, -23.0, -379.0, -105.0, -23.0, 0, 0, 0
L -370.0, -83.0, -23.0, -382.0, -93.0, -23.0, 0, 0, 0
L -363.0, -80.0, -23.0, -370.0, -83.0, -23.0, 0, 0, 0
L -368.0, -68.0, -20.0, -363.0, -80.0, -23.0, 0, 0, 0
L -377.0, -73.0, -23.0, -368.0, -68.0, -20.0, 0, 0, 0
L -329.0, 39.0, -13.0, -359.0, 40.0, -13.0, 0, 0, 0
L -326.0, 26.0, -23.0, -329.0, 39.0, -13.0, 0, 0, 0
L -335.0, 19.0, -23.0, -326.0, 26.0, -23.0, 0, 0, 0
L -337.0, -3.0, -23.0, -335.0, 19.0, -23.0, 0, 0, 0
L -354.0, -3.0, -23.0, -337.0, -3.0, -23.0, 0, 0, 0
L -362.0, 9.0, -19.0, -354.0, -3.0, -23.0, 0, 0, 0
L -353.0, 23.0, -17.0, -362.0, 9.0, -19.0, 0, 0, 0
L -359.0, 40.0, -13.0, -353.0, 23.0, -17.0, 0, 0, 0
L -430.0, -57.0, -23.0, -438.0, -52.0, -23.0, 0, 0, 0
L -426.0, -50.0, -23.0, -430.0, -57.0, -23.0, 0, 0, 0
L -420.0, -51.0, -23.0, -426.0, -50.0, -23.0, 0, 0, 0
L -415.0, -35.0, -20.0, -420.0, -51.0, -23.0, 0, 0, 0
L -401.0, -24.0, -23.0, -415.0, -35.0, -20.0, 0, 0, 0
L -391.0, -15.0, -23.0, -401.0, -24.0, -23.0, 0, 0, 0
L -392.0, -5.0, -23.0, -391.0, -15.0, -23.0, 0, 0, 0
L -407.0, -6.0, -14.0, -392.0, -5.0, -23.0, 0, 0, 0
L -420.0, 7.0, -9.0, -407.0, -6.0, -14.0, 0, 0, 0
L -425.0, -12.0, -19.0, -420.0, 7.0, -9.0, 0, 0, 0
L -422.0, -16.0, -23.0, -425.0, -12.0, -19.0, 0, 0, 0
L -425.0, -30.0, -23.0, -422.0, -16.0, -23.0, 0, 0, 0
L -438.0, -52.0, -23.0, -425.0, -30.0, -23.0, 0, 0, 0
L -377.0, -125.0, -5.0, -407.0, -129.0, -17.0, 0, 0, 0
L -360.0, -124.0, -8.0, -377.0, -125.0, -5.0, 0, 0, 0
L -336.0, -119.0, -8.0, -360.0, -124.0, -8.0, 0, 0, 0
L -307.0, -106.0, -8.0, -336.0, -119.0, -8.0, 0, 0, 0
L -297.0, -94.0, -9.0, -307.0, -106.0, -8.0, 0, 0, 0
L -294.0, -60.0, -4.0, -297.0, -94.0, -9.0, 0, 0, 0
L -315.0, -52.0, -23.0, -294.0, -60.0, -4.0, 0, 0, 0
L -317.0, -37.0, -23.0, -315.0, -52.0, -23.0, 0, 0, 0
L -298.0, -33.0, -10.0, -317.0, -37.0, -23.0, 0, 0, 0
L -299.0, 2.0, -3.0, -298.0, -33.0, -10.0, 0, 0, 0
L -302.0, 25.0, -9.0, -299.0, 2.0, -3.0, 0, 0, 0
L -314.0, 37.0, -8.0, -302.0, 25.0, -9.0, 0, 0, 0
L -337.0, 47.0, -9.0, -314.0, 37.0, -8.0, 0, 0, 0
L -362.0, 48.0, -9.0, -337.0, 47.0, -9.0, 0, 0, 0
L -388.0, 60.0, -3.0, -362.0, 48.0, -9.0, 0, 0, 0
L -407.0, 41.0, -10.0, -388.0, 60.0, -3.0, 0, 0, 0
L -413.0, 8.0, -18.0, -407.0, 41.0, -10.0, 0, 0, 0
L -417.0, -15.0, -14.0, -413.0, 8.0, -18.0, 0, 0, 0
L -426.0, -4.0, -8.0, -417.0, -15.0, -14.0, 0, 0, 0
L -447.0, 0.0, -9.0, -426.0, -4.0, -8.0, 0, 0, 0
L -469.0, -10.0, -9.0, -447.0, 0.0, -9.0, 0, 0, 0
L -484.0, -28.0, -9.0, -469.0, -10.0, -9.0, 0, 0, 0
L -478.0, -87.0, -8.0, -484.0, -28.0, -9.0, 0, 0, 0
L -461.0, -107.0, -9.0, -478.0, -87.0, -8.0, 0, 0, 0
L -446.0, -129.0, -8.0, -461.0, -107.0, -9.0, 0, 0, 0
L -430.0, -129.0, -16.0, -446.0, -129.0, -8.0, 0, 0, 0
L -429.0, -172.0, -25.0, -430.0, -129.0, -16.0, 0, 0, 0
L -445.0, -172.0, -15.0, -429.0, -172.0, -25.0, 0, 0, 0
L -443.0, -200.0, -19.0, -445.0, -172.0, -15.0, 0, 0, 0
L -430.0, -200.0, -25.0, -443.0, -200.0, -19.0, 0, 0, 0
L -430.0, -235.0, -26.0, -430.0, -200.0, -25.0, 0, 0, 0
L -434.0, -235.0, -26.0, -430.0, -235.0, -26.0, 0, 0, 0
L -434.0, -283.0, -36.0, -434.0, -235.0, -26.0, 0, 0, 0
L -426.0, -283.0, -36.0, -434.0, -283.0, -36.0, 0, 0, 0
L -426.0, -291.0, -37.0, -426.0, -283.0, -36.0, 0, 0, 0
L -428.0, -291.0, -37.0, -426.0, -291.0, -37.0, 0, 0, 0
L -428.0, -300.0, -37.0, -428.0, -291.0, -37.0, 0, 0, 0
L -463.0, -337.0, -37.0, -428.0, -300.0, -37.0, 0, 0, 0
L -518.0, -337.0, -37.0, -463.0, -337.0, -37.0, 0, 0, 0
L -518.0, -317.0, -21.0, -518.0, -337.0, -37.0, 0, 0, 0
L -560.0, -316.0, -20.0, -518.0, -317.0, -21.0, 0, 0, 0
L -560.0, -335.0, -37.0, -560.0, -316.0, -20.0, 0, 0, 0
L -602.0, -332.0, -37.0, -560.0, -335.0, -37.0, 0, 0, 0
L -602.0, -327.0, -37.0, -602.0, -332.0, -37.0, 0, 0, 0
L -695.0, -327.0, -26.0, -602.0, -327.0, -37.0, 0, 0, 0
L -695.0, -332.0, -26.0, -695.0, -327.0, -26.0, 0, 0, 0
L -729.0, -336.0, -23.0, -695.0, -332.0, -26.0, 0, 0, 0
L -732.0, -338.0, -23.0, -729.0, -336.0, -23.0, 0, 0, 0
L -745.0, -353.0, -15.0, -732.0, -338.0, -23.0, 0, 0, 0
L -729.0, -367.0, -22.0, -745.0, -353.0, -15.0, 0, 0, 0
L -729.0, -358.0, -26.0, -729.0, -367.0, -22.0, 0, 0, 0
L -695.0, -359.0, -26.0, -729.0, -358.0, -26.0, 0, 0, 0
L -695.0, -362.0, -26.0, -695.0, -359.0, -26.0, 0, 0, 0
L -602.0, -362.0, -37.0, -695.0, -362.0, -26.0, 0, 0, 0
L -602.0, -360.0, -37.0, -602.0, -362.0, -37.0, 0, 0, 0
L -560.0, -358.0, -37.0, -602.0, -360.0, -37.0, 0, 0, 0
L -560.0, -373.0, -28.0, -560.0, -358.0, -37.0, 0, 0, 0
L -518.0, -375.0, -26.0, -560.0, -373.0, -28.0, 0, 0, 0
L -518.0, -361.0, -36.0, -518.0, -375.0, -26.0, 0, 0, 0
L -452.0, -358.0, -37.0, -518.0, -361.0, -36.0, 0, 0, 0
L -428.0, -383.0, -37.0, -452.0, -358.0, -37.0, 0, 0, 0
L -428.0, -448.0, -36.0, -428.0, -383.0, -37.0, 0, 0, 0
L -448.0, -448.0, -20.0, -428.0, -448.0, -36.0, 0, 0, 0
L -442.0, -504.0, -21.0, -448.0, -448.0, -20.0, 0, 0, 0
L -429.0, -504.0, -27.0, -442.0, -504.0, -21.0, 0, 0, 0
L -431.0, -539.0, -27.0, -429.0, -504.0, -27.0, 0, 0, 0
L -434.0, -539.0, -27.0, -431.0, -539.0, -27.0, 0, 0, 0
L -434.0, -587.0, -37.0, -434.0, -539.0, -27.0, 0, 0, 0
L -430.0, -587.0, -37.0, -434.0, -587.0, -37.0, 0, 0, 0
L -429.0, -604.0, -38.0, -430.0, -587.0, -37.0, 0, 0, 0
L -462.0, -640.0, -38.0, -429.0, -604.0, -38.0, 0, 0, 0
L -519.0, -641.0, -38.0, -462.0, -640.0, -38.0, 0, 0, 0
L -519.0, -625.0, -30.0, -519.0, -641.0, -38.0, 0, 0, 0
L -533.0, -630.0, -28.0, -519.0, -625.0, -30.0, 0, 0, 0
L -537.0, -623.0, -23.0, -533.0, -630.0, -28.0, 0, 0, 0
L -547.0, -620.0, -22.0, -537.0, -623.0, -23.0, 0, 0, 0
L -548.0, -633.0, -34.0, -547.0, -620.0, -22.0, 0, 0, 0
L -574.0, -633.0, -34.0, -548.0, -633.0, -34.0, 0, 0, 0
L -574.0, -625.0, -27.0, -574.0, -633.0, -34.0, 0, 0, 0
L -608.0, -628.0, -36.0, -574.0, -625.0, -27.0, 0, 0, 0
L -610.0, -639.0, -39.0, -608.0, -628.0, -36.0, 0, 0, 0
L -636.0, -636.0, -40.0, -610.0, -639.0, -39.0, 0, 0, 0
L -636.0, -627.0, -35.0, -636.0, -636.0, -40.0, 0, 0, 0
L -728.0, -627.0, -74.0, -636.0, -627.0, -35.0, 0, 0, 0
L -730.0, -638.0, -80.0, -728.0, -627.0, -74.0, 0, 0, 0
L -756.0, -637.0, -82.0, -730.0, -638.0, -80.0, 0, 0, 0
L -756.0, -626.0, -76.0, -756.0, -637.0, -82.0, 0, 0, 0
L -824.0, -627.0, -90.0, -756.0, -626.0, -76.0, 0, 0, 0
L -825.0, -637.0, -95.0, -824.0, -627.0, -90.0, 0, 0, 0
L -851.0, -636.0, -96.0, -825.0, -637.0, -95.0, 0, 0, 0
L -851.0, -620.0, -81.0, -851.0, -636.0, -96.0, 0, 0, 0
L -870.0, -619.0, -82.0, -851.0, -620.0, -81.0, 0, 0, 0
L -880.0, -631.0, -96.0, -870.0, -619.0, -82.0, 0, 0, 0
L -893.0, -638.0, -99.0, -880.0, -631.0, -96.0, 0, 0, 0
L -936.0, -572.0, -99.0, -936.0, -636.0, -99.0, 0, 0, 0
L -959.0, -549.0, -99.0, -936.0, -572.0, -99.0, 0, 0, 0
L -981.0, -549.0, -99.0, -959.0, -549.0, -99.0, 0, 0, 0
L -985.0, -536.0, -89.0, -981.0, -549.0, -99.0, 0, 0, 0
L -1004.0, -536.0, -89.0, -985.0, -536.0, -89.0, 0, 0, 0
L -1008.0, -549.0, -99.0, -1004.0, -536.0, -89.0, 0, 0, 0
L -1035.0, -549.0, -99.0, -1008.0, -549.0, -99.0, 0, 0, 0
L -1052.0, -569.0, -99.0, -1035.0, -549.0, -99.0, 0, 0, 0
L -1053.0, -591.0, -99.0, -1052.0, -569.0, -99.0, 0, 0, 0
L -1082.0, -632.0, -99.0, -1053.0, -591.0, -99.0, 0, 0, 0
L -1082.0, -645.0, -99.0, -1082.0, -632.0, -99.0, 0, 0, 0
L -1097.0, -649.0, -89.0, -1082.0, -645.0, -99.0, 0, 0, 0
L -1097.0, -669.0, -89.0, -1097.0, -649.0, -89.0, 0, 0, 0
L -1082.0, -672.0, -99.0, -1097.0, -669.0, -89.0, 0, 0, 0
L -1082.0, -679.0, -99.0, -1082.0, -672.0, -99.0, 0, 0, 0
L -1053.0, -702.0, -99.0, -1082.0, -679.0, -99.0, 0, 0, 0
L -1044.0, -702.0, -99.0, -1053.0, -702.0, -99.0, 0, 0, 0
L -1043.0, -645.0, -99.0, -1044.0, -702.0, -99.0, 0, 0, 0
L -976.0, -644.0, -99.0, -1043.0, -645.0, -99.0, 0, 0, 0
L -974.0, -702.0, -99.0, -976.0, -644.0, -99.0, 0, 0, 0
L -965.0, -702.0, -99.0, -974.0, -702.0, -99.0, 0, 0, 0
L -936.0, -679.0, -99.0, -965.0, -702.0, -99.0, 0, 0, 0
L -936.0, -663.0, -99.0, -936.0, -679.0, -99.0, 0, 0, 0
L -894.0, -658.0, -99.0, -936.0, -663.0, -99.0, 0, 0, 0
L -885.0, -681.0, -82.0, -894.0, -658.0, -99.0, 0, 0, 0
L -798.0, -681.0, -87.0, -885.0, -681.0, -82.0, 0, 0, 0
L -797.0, -670.0, -92.0, -798.0, -681.0, -87.0, 0, 0, 0
L -772.0, -669.0, -86.0, -797.0, -670.0, -92.0, 0, 0, 0
L -771.0, -679.0, -79.0, -772.0, -669.0, -86.0, 0, 0, 0
L -749.0, -681.0, -70.0, -771.0, -679.0, -79.0, 0, 0, 0
L -738.0, -675.0, -74.0, -749.0, -681.0, -70.0, 0, 0, 0
L -732.0, -682.0, -67.0, -738.0, -675.0, -74.0, 0, 0, 0
L -708.0, -695.0, -56.0, -732.0, -682.0, -67.0, 0, 0, 0
L -689.0, -686.0, -48.0, -708.0, -695.0, -56.0, 0, 0, 0
L -684.0, -680.0, -48.0, -689.0, -686.0, -48.0, 0, 0, 0
L -683.0, -671.0, -57.0, -684.0, -680.0, -48.0, 0, 0, 0
L -657.0, -670.0, -49.0, -683.0, -671.0, -57.0, 0, 0, 0
L -657.0, -680.0, -40.0, -657.0, -670.0, -49.0, 0, 0, 0
L -642.0, -668.0, -42.0, -657.0, -680.0, -40.0, 0, 0, 0
L -618.0, -671.0, -37.0, -642.0, -668.0, -42.0, 0, 0, 0
L -618.0, -684.0, -30.0, -618.0, -671.0, -37.0, 0, 0, 0
L -599.0, -683.0, -27.0, -618.0, -684.0, -30.0, 0, 0, 0
L -599.0, -670.0, -35.0, -599.0, -683.0, -27.0, 0, 0, 0
L -572.0, -671.0, -28.0, -599.0, -670.0, -35.0, 0, 0, 0
L -558.0, -673.0, -32.0, -572.0, -671.0, -28.0, 0, 0, 0
L -542.0, -680.0, -22.0, -558.0, -673.0, -32.0, 0, 0, 0
L -539.0, -682.0, -21.0, -542.0, -680.0, -22.0, 0, 0, 0
L -529.0, -669.0, -34.0, -539.0, -682.0, -21.0, 0, 0, 0
L -519.0, -663.0, -37.0, -529.0, -669.0, -34.0, 0, 0, 0
L -453.0, -662.0, -38.0, -519.0, -663.0, -37.0, 0, 0, 0
L -429.0, -686.0, -38.0, -453.0, -662.0, -38.0, 0, 0, 0
L -429.0, -752.0, -37.0, -429.0, -686.0, -38.0, 0, 0, 0
L -451.0, -752.0, -20.0, -429.0, -752.0, -37.0, 0, 0, 0
L -448.0, -794.0, -23.0, -451.0, -752.0, -20.0, 0, 0, 0
L -432.0, -794.0, -37.0, -448.0, -794.0, -23.0, 0, 0, 0
L -433.0, -828.0, -38.0, -432.0, -794.0, -37.0, 0, 0, 0
L -437.0, -828.0, -38.0, -433.0, -828.0, -38.0, 0, 0, 0
L -437.0, -921.0, -48.0, -437.0, -828.0, -38.0, 0, 0, 0
L -432.0, -921.0, -48.0, -437.0, -921.0, -48.0, 0, 0, 0
L -430.0, -985.0, -48.0, -432.0, -921.0, -48.0, 0, 0, 0
L -454.0, -985.0, -26.0, -430.0, -985.0, -48.0, 0, 0, 0
L -454.0, -1004.0, -25.0, -454.0, -985.0, -26.0, 0, 0, 0
L -437.0, -1004.0, -45.0, -454.0, -1004.0, -25.0, 0, 0, 0
L -439.0, -1020.0, -45.0, -437.0, -1004.0, -45.0, 0, 0, 0
L -439.0, -1045.0, -45.0, -439.0, -1020.0, -45.0, 0, 0, 0
L -427.0, -1066.0, -45.0, -439.0, -1045.0, -45.0, 0, 0, 0
L -431.0, -1087.0, -45.0, -427.0, -1066.0, -45.0, 0, 0, 0
L -441.0, -1088.0, -42.0, -431.0, -1087.0, -45.0, 0, 0, 0
L -440.0, -1136.0, -36.0, -441.0, -1088.0, -42.0, 0, 0, 0
L -455.0, -1146.0, -42.0, -440.0, -1136.0, -36.0, 0, 0, 0
L -471.0, -1160.0, -41.0, -455.0, -1146.0, -42.0, 0, 0, 0
L -479.0, -1152.0, -42.0, -471.0, -1160.0, -41.0, 0, 0, 0
L -505.0, -1150.0, -43.0, -479.0, -1152.0, -42.0, 0, 0, 0
L -506.0, -1128.0, -30.0, -505.0, -1150.0, -43.0, 0, 0, 0
L -531.0, -1134.0, -29.0, -506.0, -1128.0, -30.0, 0, 0, 0
L -531.0, -1150.0, -42.0, -531.0, -1134.0, -29.0, 0, 0, 0
L -554.0, -1151.0, -43.0, -531.0, -1150.0, -42.0, 0, 0, 0
L -557.0, -1135.0, -29.0, -554.0, -1151.0, -43.0, 0, 0, 0
L -566.0, -1140.0, -35.0, -557.0, -1135.0, -29.0, 0, 0, 0
L -568.0, -1154.0, -44.0, -566.0, -1140.0, -35.0, 0, 0, 0
L -585.0, -1147.0, -41.0, -568.0, -1154.0, -44.0, 0, 0, 0
L -586.0, -1137.0, -31.0, -585.0, -1147.0, -41.0, 0, 0, 0
L -591.0, -1137.0, -31.0, -586.0, -1137.0, -31.0, 0, 0, 0
L -591.0, -1151.0, -44.0, -591.0, -1137.0, -31.0, 0, 0, 0
L -619.0, -1147.0, -44.0, -591.0, -1151.0, -44.0, 0, 0, 0
L -618.0, -1141.0, -38.0, -619.0, -1147.0, -44.0, 0, 0, 0
L -647.0, -1142.0, -40.0, -618.0, -1141.0, -38.0, 0, 0, 0
L -647.0, -1158.0, -48.0, -647.0, -1142.0, -40.0, 0, 0, 0
L -745.0, -1230.0, -117.0, -746.0, -1116.0, -81.0, 178, 102, 255
L -746.0, -1241.0, -116.0, -745.0, -1230.0, -117.0, 178, 102, 255
L -754.0, -1240.0, -116.0, -746.0, -1241.0, -116.0, 178, 102, 255
L -777.0, -1247.0, -116.0, -754.0, -1240.0, -116.0, 178, 102, 255
L -781.0, -1255.0, -116.0, -777.0, -1247.0, -116.0, 178, 102, 255
L -788.0, -1244.0, -116.0, -781.0, -1255.0, -116.0, 178, 102, 255
L -898.0, -1093.0, -120.0, -788.0, -1244.0, -116.0, 178, 102, 255
L -903.0, -1087.0, -120.0, -898.0, -1093.0, -120.0, 178, 102, 255
L -897.0, -1079.0, -120.0, -903.0, -1087.0, -120.0, 178, 102, 255
L -887.0, -1049.0, -120.0, -897.0, -1079.0, -120.0, 178, 102, 255
L -897.0, -1019.0, -120.0, -887.0, -1049.0, -120.0, 178, 102, 255
L -930.0, -1007.0, -120.0, -897.0, -1019.0, -120.0, 178, 102, 255
L -961.0, -1015.0, -120.0, -930.0, -1007.0, -120.0, 178, 102, 255
L -974.0, -1049.0, -120.0, -961.0, -1015.0, -120.0, 178, 102, 255
L -963.0, -1077.0, -120.0, -974.0, -1049.0, -120.0, 178, 102, 255
L -957.0, -1086.0, -120.0, -963.0, -1077.0, -120.0, 178, 102, 255
L -964.0, -1092.0, -123.0, -957.0, -1086.0, -120.0, 178, 102, 255
L -911.0, -1312.0, -98.0, -964.0, -1092.0, -123.0, 178, 102, 255
L -909.0, -1368.0, -92.0, -911.0, -1312.0, -98.0, 178, 102, 255
L -894.0, -1365.0, -101.0, -909.0, -1368.0, -92.0, 178, 102, 255
L -894.0, -1319.0, -98.0, -894.0, -1365.0, -101.0, 178, 102, 255
L -934.0, -1097.0, -115.0, -894.0, -1319.0, -98.0, 178, 102, 255
L -804.0, -1274.0, -117.0, -934.0, -1097.0, -115.0, 178, 102, 255
L -792.0, -1275.0, -116.0, -804.0, -1274.0, -117.0, 178, 102, 255
L -793.0, -1284.0, -116.0, -792.0, -1275.0, -116.0, 178, 102, 255
L -780.0, -1316.0, -116.0, -793.0, -1284.0, -116.0, 178, 102, 255
L -750.0, -1325.0, -116.0, -780.0, -1316.0, -116.0, 178, 102, 255
L -718.0, -1315.0, -116.0, -750.0, -1325.0, -116.0, 178, 102, 255
L -706.0, -1282.0, -116.0, -718.0, -1315.0, -116.0, 178, 102, 255
L -716.0, -1254.0, -116.0, -706.0, -1282.0, -116.0, 178, 102, 255
L -721.0, -1247.0, -116.0, -716.0, -1254.0, -116.0, 178, 102, 255
L -716.0, -1240.0, -117.0, -721.0, -1247.0, -116.0, 178, 102, 255
L -716.0, -1104.0, -78.0, -716.0, -1240.0, -117.0, 178, 102, 255
L -697.0, -1161.0, -44.0, -647.0, -1158.0, -48.0, 0, 0, 0
L -880.0, -1229.0, -26.0, -697.0, -1161.0, -44.0, 0, 0, 0
L -889.0, -1224.0, -29.0, -880.0, -1229.0, -26.0, 0, 0, 0
L -783.0, -1091.0, -77.0, -889.0, -1224.0, -29.0, 0, 0, 0
L -776.0, -1095.0, -77.0, -783.0, -1091.0, -77.0, 0, 0, 0
L -749.0, -1103.0, -77.0, -776.0, -1095.0, -77.0, 0, 0, 0
L -746.0, -1103.0, -77.0, -749.0, -1103.0, -77.0, 0, 0, 0
L -744.0, -1115.0, -81.0, -746.0, -1103.0, -77.0, 0, 0, 0
L -716.0, -1088.0, -77.0, -716.0, -1104.0, -79.0, 0, 0, 0
L -706.0, -1060.0, -77.0, -716.0, -1088.0, -77.0, 0, 0, 0
L -716.0, -1030.0, -77.0, -706.0, -1060.0, -77.0, 0, 0, 0
L -750.0, -1017.0, -77.0, -716.0, -1030.0, -77.0, 0, 0, 0
L -780.0, -1025.0, -77.0, -750.0, -1017.0, -77.0, 0, 0, 0
L -792.0, -1057.0, -77.0, -780.0, -1025.0, -77.0, 0, 0, 0
L -791.0, -1067.0, -77.0, -792.0, -1057.0, -77.0, 0, 0, 0
L -801.0, -1068.0, -75.0, -791.0, -1067.0, -77.0, 0, 0, 0
L -915.0, -1213.0, -28.0, -801.0, -1068.0, -75.0, 0, 0, 0
L -925.0, -1218.0, -31.0, -915.0, -1213.0, -28.0, 0, 0, 0
L -948.0, -1224.0, -31.0, -925.0, -1218.0, -31.0, 0, 0, 0
L -962.0, -1259.0, -31.0, -948.0, -1224.0, -31.0, 0, 0, 0
L -948.0, -1293.0, -31.0, -962.0, -1259.0, -31.0, 0, 0, 0
L -918.0, -1304.0, -31.0, -948.0, -1293.0, -31.0, 0, 0, 0
L -886.0, -1291.0, -31.0, -918.0, -1304.0, -31.0, 0, 0, 0
L -877.0, -1266.0, -31.0, -886.0, -1291.0, -31.0, 0, 0, 0
L -877.0, -1256.0, -31.0, -877.0, -1266.0, -31.0, 0, 0, 0
L -867.0, -1249.0, -30.0, -877.0, -1256.0, -31.0, 0, 0, 0
L -699.0, -1177.0, -43.0, -867.0, -1249.0, -30.0, 0, 0, 0
L -647.0, -1178.0, -48.0, -699.0, -1177.0, -43.0, 0, 0, 0
L -638.0, -1182.0, -40.0, -647.0, -1178.0, -48.0, 0, 0, 0
L -644.0, -1191.0, -42.0, -638.0, -1182.0, -40.0, 0, 0, 0
L -647.0, -1203.0, -26.0, -644.0, -1191.0, -42.0, 0, 0, 0
L -605.0, -1203.0, -25.0, -647.0, -1203.0, -26.0, 0, 0, 0
L -605.0, -1185.0, -45.0, -605.0, -1203.0, -25.0, 0, 0, 0
L -579.0, -1185.0, -43.0, -605.0, -1185.0, -45.0, 0, 0, 0
L -578.0, -1192.0, -38.0, -579.0, -1185.0, -43.0, 0, 0, 0
L -562.0, -1191.0, -40.0, -578.0, -1192.0, -38.0, 0, 0, 0
L -555.0, -1184.0, -44.0, -562.0, -1191.0, -40.0, 0, 0, 0
L -547.0, -1183.0, -44.0, -555.0, -1184.0, -44.0, 0, 0, 0
L -537.0, -1192.0, -39.0, -547.0, -1183.0, -44.0, 0, 0, 0
L -534.0, -1192.0, -38.0, -537.0, -1192.0, -39.0, 0, 0, 0
L -534.0, -1184.0, -44.0, -534.0, -1192.0, -38.0, 0, 0, 0
L -506.0, -1186.0, -43.0, -534.0, -1184.0, -44.0, 0, 0, 0
L -506.0, -1191.0, -41.0, -506.0, -1186.0, -43.0, 0, 0, 0
L -487.0, -1193.0, -38.0, -506.0, -1191.0, -41.0, 0, 0, 0
L -484.0, -1186.0, -43.0, -487.0, -1193.0, -38.0, 0, 0, 0
L -462.0, -1188.0, -43.0, -484.0, -1186.0, -43.0, 0, 0, 0
L -449.0, -1178.0, -44.0, -462.0, -1188.0, -43.0, 0, 0, 0
L -422.0, -1180.0, -31.0, -449.0, -1178.0, -44.0, 0, 0, 0
L -413.0, -1154.0, -44.0, -422.0, -1180.0, -31.0, 0, 0, 0
L -415.0, -1133.0, -46.0, -413.0, -1154.0, -44.0, 0, 0, 0
L -396.0, -1128.0, -39.0, -415.0, -1133.0, -46.0, 0, 0, 0
L -396.0, -1096.0, -40.0, -396.0, -1128.0, -39.0, 0, 0, 0
L -401.0, -1095.0, -44.0, -396.0, -1096.0, -40.0, 0, 0, 0
L -400.0, -1038.0, -45.0, -401.0, -1095.0, -44.0, 0, 0, 0
L -387.0, -1038.0, -31.0, -400.0, -1038.0, -45.0, 0, 0, 0
L -389.0, -1020.0, -33.0, -387.0, -1038.0, -31.0, 0, 0, 0
L -398.0, -1020.0, -45.0, -389.0, -1020.0, -33.0, 0, 0, 0
L -401.0, -1006.0, -39.0, -398.0, -1020.0, -45.0, 0, 0, 0
L -386.0, -1004.0, -30.0, -401.0, -1006.0, -39.0, 0, 0, 0
L -390.0, -985.0, -33.0, -386.0, -1004.0, -30.0, 0, 0, 0
L -408.0, -985.0, -48.0, -390.0, -985.0, -33.0, 0, 0, 0
L -405.0, -921.0, -48.0, -408.0, -985.0, -48.0, 0, 0, 0
L -402.0, -921.0, -48.0, -405.0, -921.0, -48.0, 0, 0, 0
L -402.0, -828.0, -38.0, -402.0, -921.0, -48.0, 0, 0, 0
L -406.0, -828.0, -38.0, -402.0, -828.0, -38.0, 0, 0, 0
L -405.0, -794.0, -36.0, -406.0, -828.0, -38.0, 0, 0, 0
L -385.0, -793.0, -19.0, -405.0, -794.0, -36.0, 0, 0, 0
L -391.0, -752.0, -27.0, -385.0, -793.0, -19.0, 0, 0, 0
L -407.0, -752.0, -37.0, -391.0, -752.0, -27.0, 0, 0, 0
L -404.0, -710.0, -38.0, -407.0, -752.0, -37.0, 0, 0, 0
L -360.0, -710.0, -35.0, -404.0, -710.0, -38.0, 0, 0, 0
L -360.0, -665.0, -38.0, -360.0, -710.0, -35.0, 0, 0, 0
L -353.0, -663.0, -37.0, -360.0, -665.0, -38.0, 0, 0, 0
L -353.0, -670.0, -36.0, -353.0, -663.0, -37.0, 0, 0, 0
L -306.0, -670.0, -27.0, -353.0, -670.0, -36.0, 0, 0, 0
L -306.0, -666.0, -27.0, -306.0, -670.0, -27.0, 0, 0, 0
L -274.0, -662.0, -27.0, -306.0, -666.0, -27.0, 0, 0, 0
L -274.0, -681.0, -12.0, -274.0, -662.0, -27.0, 0, 0, 0
L -228.0, -679.0, -16.0, -274.0, -681.0, -12.0, 0, 0, 0
L -226.0, -669.0, -23.0, -228.0, -679.0, -16.0, 0, 0, 0
L -201.0, -670.0, -22.0, -226.0, -669.0, -23.0, 0, 0, 0
L -200.0, -675.0, -17.0, -201.0, -670.0, -22.0, 0, 0, 0
L -173.0, -674.0, -22.0, -200.0, -675.0, -17.0, 0, 0, 0
L -170.0, -681.0, -16.0, -173.0, -674.0, -22.0, 0, 0, 0
L -155.0, -683.0, -26.0, -170.0, -681.0, -16.0, 0, 0, 0
L -156.0, -706.0, -21.0, -155.0, -683.0, -26.0, 0, 0, 0
L -170.0, -708.0, -9.0, -156.0, -706.0, -21.0, 0, 0, 0
L -171.0, -729.0, -13.0, -170.0, -708.0, -9.0, 0, 0, 0
L -157.0, -729.0, -21.0, -171.0, -729.0, -13.0, 0, 0, 0
L -158.0, -811.0, -23.0, -157.0, -729.0, -21.0, 0, 0, 0
L -171.0, -812.0, -8.0, -158.0, -811.0, -23.0, 0, 0, 0
L -170.0, -851.0, -9.0, -171.0, -812.0, -8.0, 0, 0, 0
L -161.0, -891.0, -23.0, -150.0, -891.0, -23.0, 0, 0, 0
L -167.0, -896.0, -23.0, -161.0, -891.0, -23.0, 0, 0, 0
L -167.0, -928.0, -23.0, -167.0, -896.0, -23.0, 0, 0, 0
L -161.0, -934.0, -23.0, -167.0, -928.0, -23.0, 0, 0, 0
L -112.0, -934.0, -23.0, -134.0, -934.0, -23.0, 0, 0, 0
L -106.0, -928.0, -23.0, -112.0, -934.0, -23.0, 0, 0, 0
L -106.0, -896.0, -23.0, -106.0, -928.0, -23.0, 0, 0, 0
L -112.0, -891.0, -23.0, -106.0, -896.0, -23.0, 0, 0, 0
L -123.0, -891.0, -23.0, -112.0, -891.0, -23.0, 0, 0, 0
L -126.0, -851.0, -26.0, -123.0, -891.0, -23.0, 0, 0, 0
L -111.0, -851.0, -18.0, -126.0, -851.0, -26.0, 0, 0, 0
L -108.0, -833.0, -11.0, -111.0, -851.0, -18.0, 0, 0, 0
L -103.0, -828.0, -3.0, -108.0, -833.0, -11.0, 0, 0, 0
L -118.0, -827.0, -23.0, -103.0, -828.0, -3.0, 0, 0, 0
L -119.0, -802.0, -23.0, -118.0, -827.0, -23.0, 0, 0, 0
L -110.0, -801.0, -16.0, -119.0, -802.0, -23.0, 0, 0, 0
L -113.0, -787.0, -16.0, -110.0, -801.0, -16.0, 0, 0, 0
L -119.0, -786.0, -22.0, -113.0, -787.0, -16.0, 0, 0, 0
L -118.0, -760.0, -21.0, -119.0, -786.0, -22.0, 0, 0, 0
L -113.0, -759.0, -16.0, -118.0, -760.0, -21.0, 0, 0, 0
L -115.0, -733.0, -20.0, -113.0, -759.0, -16.0, 0, 0, 0
L -120.0, -732.0, -22.0, -115.0, -733.0, -20.0, 0, 0, 0
L -117.0, -705.0, -21.0, -120.0, -732.0, -22.0, 0, 0, 0
L -113.0, -706.0, -16.0, -117.0, -705.0, -21.0, 0, 0, 0
L -114.0, -691.0, -16.0, -113.0, -706.0, -16.0, 0, 0, 0
L -119.0, -679.0, -26.0, -114.0, -691.0, -16.0, 0, 0, 0
L -111.0, -669.0, -20.0, -119.0, -679.0, -26.0, 0, 0, 0
L -98.0, -674.0, -18.0, -111.0, -669.0, -20.0, 0, 0, 0
L -74.0, -681.0, -10.0, -98.0, -674.0, -18.0, 0, 0, 0
L -63.0, -630.0, -23.0, -36.0, -631.0, -24.0, 0, 0, 0
L -63.0, -622.0, -17.0, -63.0, -630.0, -23.0, 0, 0, 0
L -98.0, -626.0, -19.0, -63.0, -622.0, -17.0, 0, 0, 0
L -114.0, -615.0, -21.0, -98.0, -626.0, -19.0, 0, 0, 0
L -114.0, -607.0, -16.0, -114.0, -615.0, -21.0, 0, 0, 0
L -125.0, -607.0, -19.0, -114.0, -607.0, -16.0, 0, 0, 0
L -125.0, -597.0, -18.0, -125.0, -607.0, -19.0, 0, 0, 0
L -113.0, -589.0, -16.0, -125.0, -597.0, -18.0, 0, 0, 0
L -115.0, -566.0, -19.0, -113.0, -589.0, -16.0, 0, 0, 0
L -119.0, -564.0, -21.0, -115.0, -566.0, -19.0, 0, 0, 0
L -118.0, -538.0, -21.0, -119.0, -564.0, -21.0, 0, 0, 0
L -114.0, -539.0, -16.0, -118.0, -538.0, -21.0, 0, 0, 0
L -114.0, -524.0, -17.0, -114.0, -539.0, -16.0, 0, 0, 0
L -121.0, -522.0, -22.0, -114.0, -524.0, -17.0, 0, 0, 0
L -119.0, -500.0, -22.0, -121.0, -522.0, -22.0, 0, 0, 0
L -106.0, -497.0, -7.0, -119.0, -500.0, -22.0, 0, 0, 0
L -103.0, -474.0, -3.0, -106.0, -497.0, -7.0, 0, 0, 0
L -112.0, -474.0, -7.0, -103.0, -474.0, -3.0, 0, 0, 0
L -103.0, -449.0, -3.0, -112.0, -474.0, -7.0, 0, 0, 0
L -127.0, -449.0, -26.0, -103.0, -449.0, -3.0, 0, 0, 0
L -123.0, -407.0, -26.0, -127.0, -449.0, -26.0, 0, 0, 0
L -78.0, -407.0, -26.0, -123.0, -407.0, -26.0, 0, 0, 0
L -78.0, -362.0, -26.0, -78.0, -407.0, -26.0, 0, 0, 0
L -36.0, -361.0, -11.0, -78.0, -362.0, -26.0, 0, 0, 0
L -36.0, -380.0, -9.0, -36.0, -361.0, -11.0, 0, 0, 0
L -13.0, -381.0, -7.0, -36.0, -380.0, -9.0, 0, 0, 0
L -11.0, -367.0, -23.0, -13.0, -381.0, -7.0, 0, 0, 0
L 12.0, -368.0, -22.0, -11.0, -367.0, -23.0, 0, 0, 0
L 12.0, -381.0, -7.0, 12.0, -368.0, -22.0, 0, 0, 0
L 44.0, -380.0, -9.0, 12.0, -381.0, -7.0, 0, 0, 0
L 45.0, -366.0, -21.0, 44.0, -380.0, -9.0, 0, 0, 0
L 72.0, -367.0, -20.0, 45.0, -366.0, -21.0, 0, 0, 0
L 72.0, -382.0, -12.0, 72.0, -367.0, -20.0, 0, 0, 0
L 100.0, -383.0, -7.0, 72.0, -382.0, -12.0, 0, 0, 0
L 101.0, -365.0, -21.0, 100.0, -383.0, -7.0, 0, 0, 0
L 127.0, -366.0, -12.0, 101.0, -365.0, -21.0, 0, 0, 0
L 127.0, -380.0, -9.0, 127.0, -366.0, -12.0, 0, 0, 0
L 131.0, -391.0, -5.0, 127.0, -380.0, -9.0, 0, 0, 0
L 130.0, -431.0, -4.0, 131.0, -391.0, -5.0, 0, 0, 0
L 156.0, -446.0, -25.0, 130.0, -431.0, -4.0, 0, 0, 0
L 183.0, -432.0, -23.0, 156.0, -446.0, -25.0, 0, 0, 0
L 185.0, -408.0, -22.0, 183.0, -432.0, -23.0, 0, 0, 0
L 189.0, -409.0, -17.0, 185.0, -408.0, -22.0, 0, 0, 0
L 187.0, -383.0, -22.0, 189.0, -409.0, -17.0, 0, 0, 0
L 195.0, -382.0, -13.0, 187.0, -383.0, -22.0, 0, 0, 0
L 196.0, -366.0, -22.0, 195.0, -382.0, -13.0, 0, 0, 0
L 222.0, -367.0, -20.0, 196.0, -366.0, -22.0, 0, 0, 0
L 222.0, -382.0, -4.0, 222.0, -367.0, -20.0, 0, 0, 0
L 243.0, -382.0, -12.0, 222.0, -382.0, -4.0, 0, 0, 0
L 243.0, -366.0, -21.0, 243.0, -382.0, -12.0, 0, 0, 0
L 270.0, -367.0, -20.0, 243.0, -366.0, -21.0, 0, 0, 0
L 270.0, -383.0, -7.0, 270.0, -367.0, -20.0, 0, 0, 0
L 299.0, -378.0, -10.0, 270.0, -383.0, -7.0, 0, 0, 0
L 299.0, -368.0, -20.0, 299.0, -378.0, -10.0, 0, 0, 0
L 324.0, -369.0, -22.0, 299.0, -368.0, -20.0, 0, 0, 0
L 327.0, -381.0, -8.0, 324.0, -369.0, -22.0, 0, 0, 0
L 338.0, -382.0, -3.0, 327.0, -381.0, -8.0, 0, 0, 0
L 350.0, -371.0, -20.0, 338.0, -382.0, -3.0, 0, 0, 0
L 370.0, -373.0, -14.0, 350.0, -371.0, -20.0, 0, 0, 0
L 369.0, -379.0, -5.0, 370.0, -373.0, -14.0, 0, 0, 0
L 423.0, -378.0, 6.0, 369.0, -379.0, -5.0, 0, 0, 0
L 423.0, -355.0, -16.0, 423.0, -378.0, 6.0, 0, 0, 0
L 465.0, -357.0, -16.0, 423.0, -355.0, -16.0, 0, 0, 0
L 465.0, -443.0, -16.0, 465.0, -357.0, -16.0, 0, 0, 0
L 513.0, -443.0, -16.0, 465.0, -443.0, -16.0, 0, 0, 0
L 513.0, -494.0, -16.0, 513.0, -443.0, -16.0, 0, 0, 0
L 588.0, -494.0, -16.0, 513.0, -494.0, -16.0, 0, 0, 0
L 588.0, -459.0, -16.0, 588.0, -494.0, -16.0, 0, 0, 0
L 627.0, -452.0, -16.0, 588.0, -459.0, -16.0, 0, 0, 0
L 626.0, -435.0, -6.0, 627.0, -452.0, -16.0, 0, 0, 0
L 588.0, -431.0, -16.0, 626.0, -435.0, -6.0, 0, 0, 0
L 588.0, -399.0, -16.0, 588.0, -431.0, -16.0, 0, 0, 0
L 547.0, -398.0, -16.0, 588.0, -399.0, -16.0, 0, 0, 0
L 546.0, -337.0, -16.0, 547.0, -398.0, -16.0, 0, 0, 0
L 511.0, -297.0, -16.0, 546.0, -337.0, -16.0, 0, 0, 0
L 465.0, -297.0, -16.0, 511.0, -297.0, -16.0, 0, 0, 0
L 469.0, -334.0, -9.0, 465.0, -297.0, -16.0, 0, 0, 0
L 423.0, -334.0, -16.0, 469.0, -334.0, -9.0, 0, 0, 0
L 413.0, -330.0, -16.0, 423.0, -334.0, -16.0, 0, 0, 0
L 409.0, -319.0, -10.0, 413.0, -330.0, -16.0, 0, 0, 0
L 393.0, -321.0, -14.0, 409.0, -319.0, -10.0, 0, 0, 0
L 374.0, -317.0, -6.0, 393.0, -321.0, -14.0, 0, 0, 0
L 342.0, -314.0, -8.0, 374.0, -317.0, -6.0, 0, 0, 0
L 343.0, -329.0, -23.0, 342.0, -314.0, -8.0, 0, 0, 0
L 316.0, -328.0, -22.0, 343.0, -329.0, -23.0, 0, 0, 0
L 314.0, -321.0, -16.0, 316.0, -328.0, -22.0, 0, 0, 0
L 301.0, -323.0, -15.0, 314.0, -321.0, -16.0, 0, 0, 0
L 299.0, -330.0, -22.0, 301.0, -323.0, -15.0, 0, 0, 0
L 273.0, -329.0, -21.0, 299.0, -330.0, -22.0, 0, 0, 0
L 273.0, -324.0, -17.0, 273.0, -329.0, -21.0, 0, 0, 0
L 245.0, -330.0, -22.0, 273.0, -324.0, -17.0, 0, 0, 0
L 221.0, -329.0, -22.0, 245.0, -330.0, -22.0, 0, 0, 0
L 220.0, -324.0, -16.0, 221.0, -329.0, -22.0, 0, 0, 0
L 197.0, -319.0, -9.0, 220.0, -324.0, -16.0, 0, 0, 0
L 197.0, -257.0, -4.0, 197.0, -319.0, -9.0, 0, 0, 0
L 178.0, -220.0, -25.0, 197.0, -257.0, -4.0, 0, 0, 0
L 174.0, -219.0, -27.0, 178.0, -220.0, -25.0, 0, 0, 0
L 177.0, -177.0, -27.0, 174.0, -219.0, -27.0, 0, 0, 0
L 221.0, -177.0, -24.0, 177.0, -177.0, -27.0, 0, 0, 0
L 218.0, -129.0, -27.0, 221.0, -177.0, -24.0, 0, 0, 0
L 228.0, -130.0, -26.0, 218.0, -129.0, -27.0, 0, 0, 0
L 228.0, -137.0, -26.0, 228.0, -130.0, -26.0, 0, 0, 0
L 275.0, -137.0, -12.0, 228.0, -137.0, -26.0, 0, 0, 0
L 274.0, -130.0, -9.0, 275.0, -137.0, -12.0, 0, 0, 0
L 307.0, -131.0, -10.0, 274.0, -130.0, -9.0, 0, 0, 0
L 307.0, -153.0, 2.0, 307.0, -131.0, -10.0, 0, 0, 0
L 328.0, -151.0, 0.0, 307.0, -153.0, 2.0, 0, 0, 0
L 393.0, -114.0, 1.0, 328.0, -151.0, 1.0, 0, 0, 0
L 421.0, -120.0, 2.0, 393.0, -114.0, 1.0, 0, 0, 0
L 422.0, -102.0, -5.0, 421.0, -120.0, 2.0, 0, 0, 0
L 448.0, -104.0, -10.0, 422.0, -102.0, -5.0, 0, 0, 0
L 448.0, -117.0, 0.0, 448.0, -104.0, -10.0, 0, 0, 0
L 475.0, -136.0, 3.0, 448.0, -117.0, 1.0, 0, 0, 0
L 502.0, -146.0, -6.0, 475.0, -136.0, 3.0, 0, 0, 0
L 531.0, -149.0, -12.0, 502.0, -146.0, -6.0, 0, 0, 0
L 531.0, -158.0, 0.0, 531.0, -149.0, -12.0, 0, 0, 0
L 562.0, -157.0, -1.0, 531.0, -158.0, 1.0, 0, 0, 0
L 562.0, -137.0, -17.0, 562.0, -157.0, -1.0, 0, 0, 0
L 604.0, -140.0, -17.0, 562.0, -137.0, -17.0, 0, 0, 0
L 604.0, -147.0, -17.0, 604.0, -140.0, -17.0, 0, 0, 0
L 633.0, -170.0, -17.0, 604.0, -147.0, -17.0, 0, 0, 0
L 643.0, -170.0, -17.0, 633.0, -170.0, -17.0, 0, 0, 0
L 643.0, -114.0, -17.0, 643.0, -170.0, -17.0, 0, 0, 0
L 712.0, -113.0, -17.0, 643.0, -114.0, -17.0, 0, 0, 0
L 712.0, -170.0, -17.0, 712.0, -113.0, -17.0, 0, 0, 0
L 722.0, -170.0, -17.0, 712.0, -170.0, -17.0, 0, 0, 0
L 751.0, -145.0, -17.0, 722.0, -170.0, -17.0, 0, 0, 0
L 751.0, -131.0, -17.0, 751.0, -145.0, -17.0, 0, 0, 0
L 793.0, -128.0, -17.0, 751.0, -131.0, -17.0, 0, 0, 0
L 798.0, -153.0, 4.0, 793.0, -128.0, -17.0, 0, 0, 0
L 839.0, -146.0, -6.0, 798.0, -153.0, 4.0, 0, 0, 0
L 841.0, -137.0, -13.0, 839.0, -146.0, -6.0, 0, 0, 0
L 868.0, -138.0, -12.0, 841.0, -137.0, -13.0, 0, 0, 0
L 867.0, -142.0, -7.0, 868.0, -138.0, -12.0, 0, 0, 0
L 889.0, -142.0, -7.0, 867.0, -142.0, -7.0, 0, 0, 0
L 895.0, -148.0, -3.0, 889.0, -142.0, -7.0, 0, 0, 0
L 909.0, -149.0, -12.0, 895.0, -148.0, -3.0, 0, 0, 0
L 910.0, -175.0, -10.0, 909.0, -149.0, -12.0, 0, 0, 0
L 902.0, -175.0, -6.0, 910.0, -175.0, -10.0, 0, 0, 0
L 898.0, -196.0, -5.0, 902.0, -175.0, -6.0, 0, 0, 0
L 909.0, -196.0, -9.0, 898.0, -196.0, -5.0, 0, 0, 0
L 907.0, -222.0, 6.0, 909.0, -196.0, -9.0, 0, 0, 0
L 894.0, -221.0, 6.0, 907.0, -222.0, 6.0, 0, 0, 0
L 896.0, -230.0, 1.0, 894.0, -221.0, 6.0, 0, 0, 0
L 909.0, -276.0, -12.0, 896.0, -230.0, 1.0, 0, 0, 0
L 895.0, -278.0, 6.0, 909.0, -276.0, -12.0, 0, 0, 0
L 895.0, -287.0, 3.0, 895.0, -278.0, 6.0, 0, 0, 0
L 949.0, -287.0, -12.0, 895.0, -287.0, 3.0, 0, 0, 0
L 948.0, -266.0, -12.0, 949.0, -287.0, -12.0, 0, 0, 0
L 957.0, -268.0, -6.0, 948.0, -266.0, -12.0, 0, 0, 0
L 951.0, -245.0, 6.0, 957.0, -268.0, -6.0, 0, 0, 0
L 951.0, -212.0, -10.0, 951.0, -245.0, 6.0, 0, 0, 0
L 952.0, -200.0, -9.0, 951.0, -212.0, -10.0, 0, 0, 0
L 948.0, -199.0, -11.0, 952.0, -200.0, -9.0, 0, 0, 0
L 948.0, -173.0, -11.0, 948.0, -199.0, -11.0, 0, 0, 0
L 957.0, -149.0, -7.0, 948.0, -173.0, -11.0, 0, 0, 0
L 962.0, -133.0, -12.0, 957.0, -149.0, -7.0, 0, 0, 0
L 981.0, -130.0, -12.0, 962.0, -133.0, -12.0, 0, 0, 0
L 982.0, -147.0, -1.0, 981.0, -130.0, -12.0, 0, 0, 0
L 1043.0, -149.0, 2.0, 982.0, -147.0, -1.0, 0, 0, 0
L 1044.0, -124.0, -7.0, 1043.0, -149.0, 2.0, 0, 0, 0
L 1085.0, -124.0, -7.0, 1044.0, -124.0, -7.0, 0, 0, 0
L 1090.0, -153.0, 6.0, 1085.0, -124.0, -7.0, 0, 0, 0
L 1093.0, -174.0, 0.0, 1090.0, -153.0, 6.0, 0, 0, 0
L 1107.0, -222.0, 5.0, 1093.0, -174.0, 1.0, 0, 0, 0
L 1124.0, -237.0, 0.0, 1107.0, -222.0, 5.0, 0, 0, 0
L 1190.0, -238.0, 1.0, 1124.0, -237.0, 1.0, 0, 0, 0
L 1217.0, -232.0, 0.0, 1190.0, -238.0, 1.0, 0, 0, 0
L 1238.0, -231.0, 0.0, 1217.0, -232.0, 1.0, 0, 0, 0
L 1252.0, -219.0, 0.0, 1238.0, -231.0, 1.0, 0, 0, 0
L 1265.0, -197.0, 3.0, 1252.0, -219.0, 1.0, 0, 0, 0
L 1265.0, -172.0, 0.0, 1265.0, -197.0, 3.0, 0, 0, 0
L 1276.0, -146.0, 0.0, 1265.0, -172.0, 1.0, 0, 0, 0
L 1259.0, -125.0, 0.0, 1276.0, -146.0, 1.0, 0, 0, 0
L 1221.0, -111.0, 0.0, 1259.0, -125.0, 0.0, 0, 0, 0
L 1216.0, -118.0, -12.0, 1221.0, -111.0, 0.0, 0, 0, 0
L 1216.0, -88.0, 0.0, 1216.0, -118.0, -12.0, 0, 0, 0
L 1206.0, -71.0, -7.0, 1216.0, -88.0, 1.0, 0, 0, 0
L 1180.0, -73.0, -13.0, 1206.0, -71.0, -7.0, 0, 0, 0
L 1155.0, -75.0, -9.0, 1180.0, -73.0, -13.0, 0, 0, 0
L 1151.0, -54.0, -1.0, 1155.0, -75.0, -9.0, 0, 0, 0
L 1133.0, -52.0, 0.0, 1151.0, -54.0, -1.0, 0, 0, 0
L 1091.0, -86.0, -1.0, 1133.0, -52.0, 1.0, 0, 0, 0
L 1087.0, -104.0, -7.0, 1091.0, -86.0, -1.0, 0, 0, 0
L 1047.0, -105.0, -7.0, 1087.0, -104.0, -7.0, 0, 0, 0
L 1044.0, -91.0, -9.0, 1047.0, -105.0, -7.0, 0, 0, 0
L 1031.0, -83.0, 0.0, 1044.0, -91.0, -9.0, 0, 0, 0
L 1003.0, -96.0, -12.0, 1031.0, -83.0, 1.0, 0, 0, 0
L 1004.0, -89.0, -6.0, 1003.0, -96.0, -12.0, 0, 0, 0
L 980.0, -91.0, -7.0, 1004.0, -89.0, -6.0, 0, 0, 0
L 958.0, -96.0, -15.0, 980.0, -91.0, -7.0, 0, 0, 0
L 945.0, -83.0, -15.0, 958.0, -96.0, -15.0, 0, 0, 0
L 952.0, -64.0, -5.0, 945.0, -83.0, -15.0, 0, 0, 0
L 951.0, -33.0, -10.0, 952.0, -64.0, -5.0, 0, 0, 0
L 948.0, -32.0, -11.0, 951.0, -33.0, -10.0, 0, 0, 0
L 949.0, -6.0, -11.0, 948.0, -32.0, -11.0, 0, 0, 0
L 953.0, -5.0, -6.0, 949.0, -6.0, -11.0, 0, 0, 0
L 953.0, 8.0, -6.0, 953.0, -5.0, -6.0, 0, 0, 0
L 947.0, 8.0, -11.0, 953.0, 8.0, -6.0, 0, 0, 0
L 948.0, 35.0, -12.0, 947.0, 8.0, -11.0, 0, 0, 0
L 959.0, 36.0, 1.0, 948.0, 35.0, -12.0, 0, 0, 0
L 960.0, 87.0, -12.0, 959.0, 36.0, 1.0, 0, 0, 0
L 971.0, 90.0, -6.0, 960.0, 87.0, -12.0, 0, 0, 0
L 978.0, 106.0, -5.0, 971.0, 90.0, -6.0, 0, 0, 0
L 993.0, 137.0, -6.0, 978.0, 106.0, -5.0, 0, 0, 0
L 986.0, 140.0, -11.0, 993.0, 137.0, -6.0, 0, 0, 0
L 986.0, 165.0, -11.0, 986.0, 140.0, -11.0, 0, 0, 0
L 992.0, 166.0, -8.0, 986.0, 165.0, -11.0, 0, 0, 0
L 989.0, 179.0, -6.0, 992.0, 166.0, -8.0, 0, 0, 0
L 962.0, 216.0, -8.0, 989.0, 179.0, -6.0, 0, 0, 0
L 949.0, 234.0, -4.0, 962.0, 216.0, -8.0, 0, 0, 0
L 955.0, 253.0, 7.0, 949.0, 234.0, -4.0, 0, 0, 0
L 956.0, 282.0, 5.0, 955.0, 253.0, 7.0, 0, 0, 0
L 943.0, 284.0, -12.0, 956.0, 282.0, 5.0, 0, 0, 0
L 942.0, 309.0, -9.0, 943.0, 284.0, -12.0, 0, 0, 0
L 955.0, 309.0, 3.0, 942.0, 309.0, -9.0, 0, 0, 0
L 951.0, 351.0, -3.0, 955.0, 309.0, 3.0, 0, 0, 0
L 942.0, 353.0, -10.0, 951.0, 351.0, -3.0, 0, 0, 0
L 942.0, 379.0, -9.0, 942.0, 353.0, -10.0, 0, 0, 0
L 956.0, 378.0, -1.0, 942.0, 379.0, -9.0, 0, 0, 0
L 953.0, 396.0, -7.0, 956.0, 378.0, -1.0, 0, 0, 0
L 978.0, 395.0, 1.0, 953.0, 396.0, -7.0, 0, 0, 0
L 979.0, 409.0, -10.0, 978.0, 395.0, 1.0, 0, 0, 0
L 1005.0, 408.0, -9.0, 979.0, 409.0, -10.0, 0, 0, 0
L 1005.0, 394.0, -3.0, 1005.0, 408.0, -9.0, 0, 0, 0
L 1032.0, 395.0, 1.0, 1005.0, 394.0, -3.0, 0, 0, 0
L 1032.0, 407.0, -9.0, 1032.0, 395.0, 1.0, 0, 0, 0
L 1059.0, 408.0, -9.0, 1032.0, 407.0, -9.0, 0, 0, 0
L 1059.0, 394.0, 2.0, 1059.0, 408.0, -9.0, 0, 0, 0
L 1093.0, 393.0, 4.0, 1059.0, 394.0, 2.0, 0, 0, 0
L 1092.0, 407.0, -9.0, 1093.0, 393.0, 4.0, 0, 0, 0
L 1121.0, 406.0, -11.0, 1092.0, 407.0, -9.0, 0, 0, 0
L 1120.0, 394.0, 2.0, 1121.0, 406.0, -11.0, 0, 0, 0
L 1136.0, 396.0, 0.0, 1120.0, 394.0, 2.0, 0, 0, 0
L 1131.0, 415.0, -6.0, 1136.0, 396.0, 1.0, 0, 0, 0
L 1175.0, 417.0, -5.0, 1131.0, 415.0, -6.0, 0, 0, 0
L 1270.0, 432.0, -6.0, 1248.0, 441.0, -11.0, 150, 150, 150
L 1271.0, 416.0, -11.0, 1270.0, 432.0, -6.0, 150, 150, 150
L 1265.0, 395.0, -11.0, 1271.0, 416.0, -11.0, 150, 150, 150
L 1272.0, 378.0, -11.0, 1265.0, 395.0, -11.0, 150, 150, 150
L 1281.0, 376.0, -11.0, 1272.0, 378.0, -11.0, 150, 150, 150
L 1301.0, 396.0, -8.0, 1281.0, 376.0, -11.0, 150, 150, 150
L 1308.0, 396.0, -11.0, 1301.0, 396.0, -8.0, 150, 150, 150
L 1309.0, 382.0, -11.0, 1308.0, 396.0, -11.0, 150, 150, 150
L 1313.0, 373.0, -11.0, 1309.0, 382.0, -11.0, 150, 150, 150
L 1332.0, 381.0, -7.0, 1313.0, 373.0, -11.0, 150, 150, 150
L 1324.0, 401.0, -11.0, 1332.0, 381.0, -7.0, 150, 150, 150
L 1321.0, 416.0, -3.0, 1324.0, 401.0, -11.0, 150, 150, 150
L 1298.0, 408.0, -11.0, 1321.0, 416.0, -3.0, 150, 150, 150
L 1291.0, 411.0, -11.0, 1298.0, 408.0, -11.0, 150, 150, 150
L 1299.0, 425.0, -11.0, 1291.0, 411.0, -11.0, 150, 150, 150
L 1320.0, 439.0, -11.0, 1299.0, 425.0, -11.0, 150, 150, 150
L 1308.0, 454.0, -11.0, 1320.0, 439.0, -11.0, 150, 150, 150
L 1300.0, 475.0, -9.0, 1308.0, 454.0, -11.0, 150, 150, 150
L 1263.0, 476.0, 2.0, 1300.0, 475.0, -9.0, 150, 150, 150
L 1250.0, 472.0, -11.0, 1263.0, 476.0, 2.0, 150, 150, 150
L 1241.0, 459.0, -11.0, 1250.0, 472.0, -11.0, 150, 150, 150
L 1248.0, 441.0, -11.0, 1241.0, 459.0, -11.0, 150, 150, 150
L 1177.0, 399.0, 4.0, 1175.0, 417.0, -5.0, 0, 0, 0
L 1204.0, 381.0, 1.0, 1177.0, 399.0, 4.0, 0, 0, 0
L 1269.0, 324.0, 2.0, 1204.0, 381.0, 1.0, 0, 0, 0
L 1281.0, 335.0, 2.0, 1269.0, 324.0, 2.0, 0, 0, 0
L 1296.0, 362.0, 1.0, 1281.0, 335.0, 2.0, 0, 0, 0
L 1351.0, 385.0, 1.0, 1296.0, 362.0, 1.0, 0, 0, 0
L 1353.0, 419.0, 3.0, 1351.0, 385.0, 1.0, 0, 0, 0
L 1372.0, 448.0, 7.0, 1353.0, 419.0, 3.0, 0, 0, 0
L 1350.0, 484.0, -5.0, 1372.0, 448.0, 7.0, 0, 0, 0
L 1367.0, 486.0, -5.0, 1350.0, 484.0, -5.0, 0, 0, 0
L 1367.0, 505.0, -5.0, 1367.0, 486.0, -5.0, 0, 0, 0
L 1350.0, 507.0, -5.0, 1367.0, 505.0, -5.0, 0, 0, 0
L 1334.0, 542.0, 2.0, 1350.0, 507.0, -5.0, 0, 0, 0
L 1309.0, 545.0, 7.0, 1334.0, 542.0, 2.0, 0, 0, 0
L 1291.0, 549.0, 2.0, 1309.0, 545.0, 7.0, 0, 0, 0
L 1207.0, 541.0, 1.0, 1291.0, 549.0, 2.0, 0, 0, 0
L 1191.0, 513.0, 1.0, 1207.0, 541.0, 1.0, 0, 0, 0
L 1184.0, 491.0, 2.0, 1191.0, 513.0, 1.0, 0, 0, 0
L 1183.0, 464.0, 2.0, 1184.0, 491.0, 2.0, 0, 0, 0
L 1178.0, 437.0, -6.0, 1183.0, 464.0, 2.0, 0, 0, 0
L 448.8, 257.4, 1.0, 473.0, 241.0, 1.0, 0, 0, 0
L 402.5, 64.2, 0.7, 396.0, 61.0, 0.0, 0, 0, 0
L 368.7, 62.6, 0.0, 361.0, 63.0, 0.0, 0, 0, 0
L -150.5, -851.0, -23.4, -170.0, -851.0, -9.0, 0, 0, 0
L -150.0, -891.0, -23.0, -150.5, -851.0, -23.4, 0, 0, 0
L -229.2, -943.0, -23.0, -229.2, -969.0, -23.0, 0, 0, 0
L -171.4, -1112.1, -23.0, -161.6, -1112.1, -23.0, 0, 0, 0
L -161.6, -1112.1, -23.0, -161.6, -1093.3, -23.0, 0, 0, 0
L -123.4, -978.6, -23.0, -127.2, -978.6, -23.0, 0, 0, 0
L -84.6, -1080.4, -23.0, -30.3, -1080.4, -23.0, 0, 0, 0
L -268.2, -988.4, -23.0, -254.5, -988.4, -23.0, 0, 0, 0
L -110.2, -1078.0, -23.0, -110.2, -1073.0, -23.0, 0, 0, 0
L -227.8, -1112.1, -23.0, -233.6, -1117.9, -23.0, 0, 0, 0
L -171.4, -1162.9, -23.0, -171.4, -1144.3, -23.0, 0, 0, 0
L -223.3, -969.0, -23.0, -223.3, -958.8, -23.0, 0, 0, 0
L -127.2, -1066.2, -23.0, -127.2, -1073.0, -23.0, 0, 0, 0
L -152.6, -958.8, -23.0, -152.6, -969.0, -23.0, 0, 0, 0
L -24.5, -1074.6, -23.0, -24.5, -1021.3, -23.0, 0, 0, 0
L -176.0, -1130.2, -23.0, -176.0, -1112.1, -23.0, 0, 0, 0
L -167.0, -1102.5, -23.0, -203.6, -1102.5, -23.0, 0, 0, 0
L -250.2, -870.0, -23.0, -251.2, -871.0, -23.0, 0, 0, 0
L -98.5, -973.2, -23.0, -99.2, -966.2, -23.0, 0, 0, 0
L -90.4, -1074.6, -23.0, -84.6, -1080.4, -23.0, 0, 0, 0
L -224.8, -1080.0, -23.0, -224.8, -1077.8, -23.0, 0, 0, 0
L -223.3, -930.9, -23.0, -223.2, -931.0, -23.0, 0, 0, 0
L -167.0, -1102.5, -23.0, -167.0, -1091.4, -23.0, 0, 0, 0
L -139.7, -931.0, -23.0, -134.0, -931.0, -23.0, 0, 0, 0
L -254.5, -994.3, -23.0, -254.5, -988.4, -23.0, 0, 0, 0
L -131.0, -1157.1, -23.0, -136.8, -1162.9, -23.0, 0, 0, 0
L -135.3, -950.2, -23.0, -135.3, -969.0, -23.0, 0, 0, 0
L -134.0, -931.0, -23.0, -134.0, -934.0, -23.0, 0, 0, 0
L -144.2, -1079.0, -23.0, -144.2, -1077.8, -23.0, 0, 0, 0
L -144.2, -1082.0, -23.0, -144.2, -1081.0, -23.0, 0, 0, 0
L -90.4, -1055.8, -23.0, -106.3, -1055.8, -23.0, 0, 0, 0
L -179.2, -933.0, -23.0, -174.2, -928.0, -23.0, 0, 0, 0
L -110.2, -1049.0, -23.0, -111.2, -1049.0, -23.0, 0, 0, 0
L -161.6, -1093.3, -23.0, -161.6, -1077.8, -23.0, 0, 0, 0
L -229.2, -943.0, -23.0, -242.8, -943.0, -23.0, 0, 0, 0
L -228.2, -933.0, -23.0, -228.2, -931.0, -23.0, 0, 0, 0
L -110.2, -1000.0, -23.0, -110.2, -1002.0, -23.0, 0, 0, 0
L -135.3, -950.2, -23.0, -123.8, -950.2, -23.0, 0, 0, 0
L -30.3, -1080.4, -23.0, -24.5, -1074.6, -23.0, 0, 0, 0
L -219.4, -1077.8, -23.0, -219.4, -1093.3, -23.0, 0, 0, 0
L -152.6, -955.8, -23.0, -152.6, -931.0, -23.0, 0, 0, 0
L -24.5, -971.6, -23.0, -24.5, -1016.7, -23.0, 0, 0, 0
L -144.2, -1093.0, -23.0, -144.2, -1084.0, -23.0, 0, 0, 0
L -174.2, -873.0, -23.0, -179.2, -868.0, -23.0, 0, 0, 0
L -106.3, -978.6, -23.0, -90.4, -978.6, -23.0, 0, 0, 0
L -61.7, -1021.3, -23.0, -61.7, -1016.7, -23.0, 0, 0, 0
L -248.2, -869.0, -23.0, -250.2, -870.0, -23.0, 0, 0, 0
L -219.4, -1077.8, -23.0, -224.8, -1077.8, -23.0, 0, 0, 0
L -112.2, -1073.0, -23.0, -127.2, -1073.0, -23.0, 0, 0, 0
L -268.2, -1079.2, -23.0, -268.2, -1015.3, -23.0, 0, 0, 0
L -90.4, -1066.2, -23.0, -127.2, -1066.2, -23.0, 0, 0, 0
L -110.2, -978.6, -23.0, -123.4, -978.6, -23.0, 0, 0, 0
L -202.2, -933.0, -23.0, -179.2, -933.0, -23.0, 0, 0, 0
L -268.2, -1009.2, -23.0, -268.2, -994.3, -23.0, 0, 0, 0
L -248.1, -948.0, -23.0, -248.2, -948.0, -23.0, 0, 0, 0
L -144.2, -1084.0, -23.0, -144.2, -1082.0, -23.0, 0, 0, 0
L -176.0, -1130.2, -23.0, -171.4, -1130.2, -23.0, 0, 0, 0
L -127.2, -978.6, -23.0, -127.2, -973.2, -23.0, 0, 0, 0
L -161.9, -969.0, -23.0, -152.6, -969.0, -23.0, 0, 0, 0
L -90.4, -988.9, -23.0, -90.4, -1016.7, -23.0, 0, 0, 0
L -131.0, -1117.9, -23.0, -131.0, -1157.1, -23.0, 0, 0, 0
L -90.4, -1021.3, -23.0, -90.4, -1055.8, -23.0, 0, 0, 0
L -203.6, -1077.8, -23.0, -209.1, -1077.8, -23.0, 0, 0, 0
L -152.6, -931.0, -23.0, -157.6, -931.0, -23.0, 0, 0, 0
L -202.2, -931.0, -23.0, -202.2, -933.0, -23.0, 0, 0, 0
L -24.5, -1016.7, -23.0, -47.3, -1016.7, -23.0, 0, 0, 0
L -254.5, -1015.3, -23.0, -254.5, -1009.2, -23.0, 0, 0, 0
L -142.2, -1093.0, -23.0, -122.2, -1092.0, -23.0, 0, 0, 0
L -111.2, -1080.0, -23.0, -110.2, -1078.0, -23.0, 0, 0, 0
L -151.3, -1077.8, -23.0, -144.2, -1077.8, -23.0, 0, 0, 0
L -110.2, -1073.0, -23.0, -112.2, -1073.0, -23.0, 0, 0, 0
L -90.4, -971.6, -23.0, -90.4, -973.2, -23.0, 0, 0, 0
L -90.4, -973.2, -23.0, -90.4, -978.6, -23.0, 0, 0, 0
L -99.2, -966.2, -23.0, -123.8, -950.2, -23.0, 0, 0, 0
L -122.2, -1092.0, -23.0, -111.2, -1080.0, -23.0, 0, 0, 0
L -176.0, -1162.9, -23.0, -176.0, -1144.3, -23.0, 0, 0, 0
L -171.4, -1144.3, -23.0, -176.0, -1144.3, -23.0, 0, 0, 0
L -248.2, -933.0, -23.0, -228.2, -933.0, -23.0, 0, 0, 0
L -151.3, -1093.3, -23.0, -151.3, -1077.8, -23.0, 0, 0, 0
L -219.4, -1112.0, -23.0, -227.8, -1112.1, -23.0, 0, 0, 0
L -151.3, -1112.1, -23.0, -151.3, -1093.3, -23.0, 0, 0, 0
L -223.3, -958.8, -23.0, -223.3, -931.0, -23.0, 0, 0, 0
L -233.6, -1117.9, -23.0, -233.6, -1157.1, -23.0, 0, 0, 0
L -203.6, -1102.5, -23.0, -203.6, -1077.8, -23.0, 0, 0, 0
L -176.0, -1112.1, -23.0, -209.0, -1112.1, -23.0, 0, 0, 0
L -106.3, -988.9, -23.0, -127.2, -988.9, -23.0, 0, 0, 0
L -244.9, -1102.5, -23.0, -268.2, -1079.2, -23.0, 0, 0, 0
L -61.7, -1016.7, -23.0, -90.4, -1016.7, -23.0, 0, 0, 0
L -227.8, -1162.9, -23.0, -176.0, -1162.9, -23.0, 0, 0, 0
L -144.2, -1081.0, -23.0, -144.2, -1079.0, -23.0, 0, 0, 0
L -161.6, -1077.8, -23.0, -167.0, -1077.8, -23.0, 0, 0, 0
L -61.7, -1021.3, -23.0, -90.4, -1021.3, -23.0, 0, 0, 0
L -228.2, -931.0, -23.0, -223.3, -931.0, -23.0, 0, 0, 0
L -110.2, -978.6, -23.0, -106.3, -978.6, -23.0, 0, 0, 0
L -209.1, -1077.8, -23.0, -209.0, -1112.1, -23.0, 0, 0, 0
L -24.5, -1021.3, -23.0, -47.3, -1021.3, -23.0, 0, 0, 0
L -223.3, -931.0, -23.0, -223.3, -930.9, -23.0, 0, 0, 0
L -254.5, -994.3, -23.0, -268.2, -994.3, -23.0, 0, 0, 0
L -139.7, -969.0, -23.0, -139.7, -958.8, -23.0, 0, 0, 0
L -110.2, -1002.0, -23.0, -110.2, -1049.0, -23.0, 0, 0, 0
L -248.2, -933.0, -23.0, -253.2, -927.0, -23.0, 0, 0, 0
L -268.2, -988.4, -23.0, -268.2, -967.0, -23.0, 0, 0, 0
L -136.9, -1112.1, -23.0, -131.0, -1117.9, -23.0, 0, 0, 0
L -106.3, -1055.8, -23.0, -127.2, -1055.8, -23.0, 0, 0, 0
L -167.0, -1080.5, -23.0, -167.0, -1077.8, -23.0, 0, 0, 0
L -268.2, -1015.3, -23.0, -254.5, -1015.3, -23.0, 0, 0, 0
L -84.6, -965.8, -23.0, -30.4, -965.8, -23.0, 0, 0, 0
L -242.8, -943.0, -23.0, -268.2, -967.0, -23.0, 0, 0, 0
L -224.8, -1102.5, -23.0, -224.8, -1080.0, -23.0, 0, 0, 0
L -251.2, -871.0, -23.0, -253.2, -873.0, -23.0, 0, 0, 0
L -254.5, -1009.2, -23.0, -267.4, -1009.2, -23.0, 0, 0, 0
L -151.3, -1112.1, -23.0, -136.9, -1112.1, -23.0, 0, 0, 0
L -127.2, -1051.0, -23.0, -127.2, -1055.8, -23.0, 0, 0, 0
L -171.4, -1130.2, -23.0, -171.4, -1112.1, -23.0, 0, 0, 0
L -219.4, -1093.3, -23.0, -219.4, -1112.0, -23.0, 0, 0, 0
L -167.0, -1091.4, -23.0, -167.0, -1080.5, -23.0, 0, 0, 0
L -223.3, -969.0, -23.0, -229.2, -969.0, -23.0, 0, 0, 0
L -47.3, -1021.3, -23.0, -47.3, -1016.7, -23.0, 0, 0, 0
L -98.5, -973.2, -23.0, -127.2, -973.2, -23.0, 0, 0, 0
L -90.4, -988.9, -23.0, -106.3, -988.9, -23.0, 0, 0, 0
L -136.8, -1162.9, -23.0, -171.4, -1162.9, -23.0, 0, 0, 0
L -223.3, -931.0, -23.0, -223.2, -931.0, -23.0, 0, 0, 0
L -127.2, -1000.0, -23.0, -127.2, -988.9, -23.0, 0, 0, 0
L -253.2, -873.0, -23.0, -253.2, -927.0, -23.0, 0, 0, 0
L -209.7, -931.0, -23.0, -209.7, -958.8, -23.0, 0, 0, 0
L -144.2, -1093.0, -23.0, -142.2, -1093.0, -23.0, 0, 0, 0
L -90.4, -1066.2, -23.0, -90.4, -1074.6, -23.0, 0, 0, 0
L -90.4, -971.6, -23.0, -84.6, -965.8, -23.0, 0, 0, 0
L -161.9, -969.0, -23.0, -209.7, -969.0, -23.0, 0, 0, 0
L -30.4, -965.8, -23.0, -24.5, -971.6, -23.0, 0, 0, 0
L -209.7, -931.0, -23.0, -202.2, -931.0, -23.0, 0, 0, 0
L -139.7, -958.8, -23.0, -139.7, -931.0, -23.0, 0, 0, 0
L -209.7, -958.8, -23.0, -209.7, -969.0, -23.0, 0, 0, 0
L -224.8, -1102.5, -23.0, -244.9, -1102.5, -23.0, 0, 0, 0
L -233.6, -1157.1, -23.0, -227.8, -1162.9, -23.0, 0, 0, 0
L -139.7, -969.0, -23.0, -135.3, -969.0, -23.0, 0, 0, 0
L -174.2, -928.0, -23.0, -174.2, -873.0, -23.0, 0, 0, 0
L -127.2, -1049.0, -23.0, -127.2, -1051.0, -23.0, 0, 0, 0
L -110.2, -1000.0, -23.0, -127.2, -1000.0, -23.0, 0, 0, 0
L -179.2, -868.0, -23.0, -248.2, -869.0, -23.0, 0, 0, 0
L -267.4, -1009.2, -23.0, -268.2, -1009.2, -23.0, 0, 0, 0
L -111.2, -1049.0, -23.0, -127.2, -1049.0, -23.0, 0, 0, 0
L -157.6, -934.0, -23.0, -161.0, -934.0, -23.0, 0, 0, 0
L -157.6, -931.0, -23.0, -157.6, -934.0, -23.0, 0, 0, 0
