P -638.0000, 1256.0000, -17.0000, 255, 0, 0, 3, to_South_Desert_of_Ro
P 805.0000, -743.0000, -73.0000, 128, 64, 0, 2, Hostage
P 513.0000, 119.0000, -12.0000, 0, 0, 0, 2, Fendr_the_Spiritcaller_(Boss)
P -617.0000, -52.0000, -13.0000, 0, 0, 0, 2, Noyon_Kteggen_(Boss)
P 229.1047, -344.1205, -5.9604, 127, 64, 0, 2, Steelslave_Strategist_(Hunter)
P 762.7474, -599.7208, -72.7479, 127, 64, 0, 2, Escaped_Harrower_(Hunter)
P 282.3918, 883.2205, -7.4980, 127, 64, 0, 2, Steelslave_Strategist_(Hunter)
P -530.8073, 464.3062, -7.4980, 127, 64, 0, 2, Captive_Coin_Sacrificer_(Hunter)
P -311.9179, 843.6580, -11.2474, 240, 240, 0, 2, TRAP
P -302.5572, -94.1957, -12.7480, 240, 240, 0, 2, TRAP
P 725.1819, -670.4148, -72.7479, 127, 64, 0, 2, Steelslave_Strategist_(Hunter)
P 702.0124, -710.5810, -72.7479, 0, 0, 0, 2, Noyon_Ztun_(Boss)
P -652.2889, -253.0153, -10.2943, 240, 240, 0, 2, TRAP
P -836.2893, 443.5457, -20.9980, 127, 64, 0, 2, Captive_Coin_Sacrificer_(Hunter)
P 21.6710, -714.1486, -9.1759, 240, 240, 0, 1, TRAP
