L 1000.0, 0.0, 0.0, 1000.0, -50.0, 0.0, 255, 0, 0
L -20.0, 50.0, 0.0, -50.0, 20.0, 0.0, 255, 0, 0
L 50.0, 20.0, 0.0, 20.0, 50.0, 0.0, 255, 0, 0
L 20.0, -50.0, 0.0, 50.0, -20.0, 0.0, 255, 0, 0
L -50.0, -20.0, 0.0, -20.0, -50.0, 0.0, 255, 0, 0
L -50.0, 20.0, 0.0, -50.0, -20.0, 0.0, 255, 0, 0
L 20.0, 50.0, 0.0, -20.0, 50.0, 0.0, 255, 0, 0
L 50.0, -20.0, 0.0, 50.0, 20.0, 0.0, 255, 0, 0
L -20.0, -50.0, 0.0, 20.0, -50.0, 0.0, 255, 0, 0
L 580.0, -20.0, 0.0, 540.0, -20.0, 0.0, 255, 0, 0
L 580.0, -90.0, 0.0, 580.0, -20.0, 0.0, 255, 0, 0
L 540.0, -90.0, 0.0, 580.0, -90.0, 0.0, 255, 0, 0
L 540.0, -20.0, 0.0, 540.0, -90.0, 0.0, 255, 0, 0
L 520.0, -20.0, 0.0, 480.0, -20.0, 0.0, 255, 0, 0
L 520.0, -90.0, 0.0, 520.0, -20.0, 0.0, 255, 0, 0
L 480.0, -90.0, 0.0, 520.0, -90.0, 0.0, 255, 0, 0
L 480.0, -20.0, 0.0, 480.0, -90.0, 0.0, 255, 0, 0
L 460.0, -90.0, 0.0, 450.0, -80.0, 0.0, 255, 0, 0
L 460.0, -20.0, 0.0, 460.0, -90.0, 0.0, 255, 0, 0
L 0.0, -250.0, 0.0, 0.0, 250.0, 0.0, 255, 0, 0
L -250.0, 0.0, 0.0, 1000.0, 0.0, 0.0, 255, 0, 0
L -120.0, -80.0, 0.0, -120.0, -60.0, 0.0, 255, 0, 0
L -120.0, -60.0, 0.0, -120.0, -40.0, 0.0, 255, 0, 0
L -100.0, -60.0, 0.0, -120.0, -60.0, 0.0, 255, 0, 0
L -120.0, -60.0, 0.0, -140.0, -60.0, 0.0, 255, 0, 0
L -90.0, -50.0, 0.0, -100.0, -30.0, 0.0, 255, 0, 0
L -60.0, -80.0, 0.0, -60.0, -60.0, 0.0, 255, 0, 0
L -60.0, -60.0, 0.0, -60.0, -40.0, 0.0, 255, 0, 0
L -40.0, -60.0, 0.0, -60.0, -60.0, 0.0, 255, 0, 0
L -60.0, -60.0, 0.0, -80.0, -60.0, 0.0, 255, 0, 0
L 100.0, 60.0, 0.0, 120.0, 60.0, 0.0, 255, 0, 0
L 120.0, 60.0, 0.0, 140.0, 60.0, 0.0, 255, 0, 0
L 90.0, 70.0, 0.0, 80.0, 90.0, 0.0, 255, 0, 0
L 40.0, 60.0, 0.0, 60.0, 60.0, 0.0, 255, 0, 0
L 60.0, 60.0, 0.0, 80.0, 60.0, 0.0, 255, 0, 0
L -100.0, 60.0, 0.0, -120.0, 60.0, 0.0, 255, 0, 0
L -120.0, 60.0, 0.0, -140.0, 60.0, 0.0, 255, 0, 0
L -90.0, 70.0, 0.0, -100.0, 90.0, 0.0, 255, 0, 0
L -60.0, 80.0, 0.0, -60.0, 60.0, 0.0, 255, 0, 0
L -60.0, 60.0, 0.0, -60.0, 40.0, 0.0, 255, 0, 0
L -40.0, 60.0, 0.0, -60.0, 60.0, 0.0, 255, 0, 0
L -60.0, 60.0, 0.0, -80.0, 60.0, 0.0, 255, 0, 0
L 100.0, -60.0, 0.0, 120.0, -60.0, 0.0, 255, 0, 0
L 120.0, -60.0, 0.0, 140.0, -60.0, 0.0, 255, 0, 0
L 90.0, -50.0, 0.0, 80.0, -30.0, 0.0, 255, 0, 0
L 60.0, -80.0, 0.0, 60.0, -60.0, 0.0, 255, 0, 0
L 60.0, -60.0, 0.0, 60.0, -40.0, 0.0, 255, 0, 0
L 40.0, -60.0, 0.0, 60.0, -60.0, 0.0, 255, 0, 0
L 60.0, -60.0, 0.0, 80.0, -60.0, 0.0, 255, 0, 0
L 599.0, -90.0, 0.0, 637.3, -90.0, 0.0, 255, 0, 0
L 599.0, -20.0, 0.0, 637.3, -20.0, 0.0, 255, 0, 0
L 599.0, -90.0, 0.0, 599.0, -20.0, 0.0, 255, 0, 0
L 637.3, -90.0, 0.0, 637.3, -20.0, 0.0, 255, 0, 0
L 1400, 1300, 0, 1400, 1360, 0, 0, 0, 0
L 1440, 1360, 0, 1400, 1360, 0, 0, 0, 0
L 1460, 1330, 0, 1490, 1330, 0, 0, 0, 0
L 1460, 1360, 0, 1490, 1360, 0, 0, 0, 0
L 1460, 1300, 0, 1460, 1360, 0, 0, 0, 0
L 1490, 1300, 0, 1460, 1300, 0, 0, 0, 0
L 1540, 1360, 0, 1510, 1360, 0, 0, 0, 0
L 1510, 1300, 0, 1540, 1300, 0, 0, 0, 0
L 1510, 1360, 0, 1510, 1300, 0, 0, 0, 0
L 1540, 1360, 0, 1540, 1330, 0, 0, 0, 0
L 1540, 1330, 0, 1520, 1330, 0, 0, 0, 0
L 1560, 1330, 0, 1590, 1330, 0, 0, 0, 0
L 1560, 1360, 0, 1590, 1360, 0, 0, 0, 0
L 1560, 1300, 0, 1560, 1360, 0, 0, 0, 0
L 1590, 1300, 0, 1560, 1300, 0, 0, 0, 0
L 1640, 1360, 0, 1640, 1300, 0, 0, 0, 0
L 1610, 1300, 0, 1640, 1360, 0, 0, 0, 0
L 1610, 1360, 0, 1610, 1300, 0, 0, 0, 0
L 1670, 1360, 0, 1670, 1300, 0, 0, 0, 0
L 1680, 1360, 0, 1660, 1360, 0, 0, 0, 0
L 1690, 1330, 0, 1680, 1360, 0, 0, 0, 0
L 1680, 1300, 0, 1690, 1330, 0, 0, 0, 0
L 1660, 1300, 0, 1680, 1300, 0, 0, 0, 0
L 1400, 1510, 0, 1460, 1510, 0, 0, 0, 0
L 1400, 1430, 0, 1460, 1430, 0, 0, 0, 0
L 1430, 1483, 0, 1430, 1457, 0, 205, 133, 63
L 1460, 1510, 0, 1520, 1510, 0, 0, 0, 0
L 1460, 1510, 0, 1460, 1483, 0, 205, 133, 63
L 1430, 1483, 0, 1490, 1483, 0, 205, 133, 63
L 1430, 1457, 0, 1460, 1457, 0, 205, 133, 63
L 1460, 1457, 0, 1490, 1457, 0, 205, 133, 63
L 1460, 1430, 0, 1520, 1430, 0, 0, 0, 0
L 1460, 1457, 0, 1460, 1430, 0, 205, 133, 63
L 1490, 1483, 0, 1490, 1457, 0, 205, 133, 63
L 1570, 1500, 0, 1570, 1440, 0, 0, 0, 0
L 1580, 1500, 0, 1560, 1500, 0, 0, 0, 0
L 1590, 1470, 0, 1580, 1500, 0, 0, 0, 0
L 1580, 1440, 0, 1590, 1470, 0, 0, 0, 0
L 1560, 1440, 0, 1580, 1440, 0, 0, 0, 0
L 1610, 1440, 0, 1640, 1440, 0, 0, 0, 0
L 1610, 1500, 0, 1640, 1500, 0, 0, 0, 0
L 1610, 1440, 0, 1610, 1500, 0, 0, 0, 0
L 1640, 1440, 0, 1640, 1500, 0, 0, 0, 0
L 1660, 1440, 0, 1690, 1440, 0, 0, 0, 0
L 1660, 1500, 0, 1690, 1500, 0, 0, 0, 0
L 1660, 1440, 0, 1660, 1500, 0, 0, 0, 0
L 1690, 1440, 0, 1690, 1500, 0, 0, 0, 0
L 1710, 1440, 0, 1710, 1470, 0, 0, 0, 0
L 1710, 1470, 0, 1710, 1500, 0, 0, 0, 0
L 1710, 1470, 0, 1730, 1470, 0, 0, 0, 0
L 1750, 1470, 0, 1750, 1440, 0, 0, 0, 0
L 1710, 1440, 0, 1750, 1440, 0, 0, 0, 0
L 1730, 1470, 0, 1750, 1470, 0, 0, 0, 0
L 1750, 1500, 0, 1730, 1470, 0, 0, 0, 0
L 1400, 1550, 0, 1400, 1580, 0, 255, 210, 0
L 1400, 1550, 0, 1420, 1550, 0, 255, 210, 0
L 1420, 1610, 0, 1400, 1610, 0, 255, 210, 0
L 1400, 1580, 0, 1400, 1610, 0, 255, 210, 0
L 1420, 1580, 0, 1400, 1580, 0, 255, 210, 0
L 1420, 1580, 0, 1440, 1565, 0, 255, 210, 0
L 1420, 1550, 0, 1440, 1565, 0, 255, 210, 0
L 1420, 1580, 0, 1440, 1595, 0, 255, 210, 0
L 1440, 1595, 0, 1420, 1610, 0, 255, 210, 0
L 1470, 1580, 0, 1490, 1580, 0, 255, 210, 0
L 1480, 1550, 0, 1500, 1610, 0, 255, 210, 0
L 1460, 1610, 0, 1480, 1550, 0, 255, 210, 0
L 1550, 1610, 0, 1550, 1550, 0, 255, 210, 0
L 1520, 1550, 0, 1550, 1610, 0, 255, 210, 0
L 1520, 1610, 0, 1520, 1550, 0, 255, 210, 0
L 1570, 1550, 0, 1570, 1580, 0, 255, 210, 0
L 1570, 1580, 0, 1570, 1610, 0, 255, 210, 0
L 1570, 1580, 0, 1610, 1610, 0, 255, 210, 0
L 1570, 1580, 0, 1610, 1550, 0, 255, 210, 0
L 1630, 1580, 0, 1660, 1580, 0, 255, 210, 0
L 1630, 1610, 0, 1660, 1610, 0, 255, 210, 0
L 1630, 1550, 0, 1630, 1610, 0, 255, 210, 0
L 1660, 1550, 0, 1630, 1550, 0, 255, 210, 0
L 1680, 1550, 0, 1680, 1580, 0, 255, 210, 0
L 1680, 1580, 0, 1680, 1610, 0, 255, 210, 0
L 1680, 1580, 0, 1700, 1580, 0, 255, 210, 0
L 1720, 1580, 0, 1720, 1550, 0, 255, 210, 0
L 1680, 1550, 0, 1720, 1550, 0, 255, 210, 0
L 1700, 1580, 0, 1720, 1580, 0, 255, 210, 0
L 1720, 1610, 0, 1700, 1580, 0, 255, 210, 0
L 1430, 1700, 0, 1400, 1700, 0, 255, 255, 255
L 1400, 1640, 0, 1430, 1640, 0, 255, 255, 255
L 1400, 1700, 0, 1400, 1640, 0, 255, 255, 255
L 1450, 1640, 0, 1480, 1640, 0, 255, 255, 255
L 1450, 1700, 0, 1480, 1700, 0, 255, 255, 255
L 1450, 1640, 0, 1450, 1700, 0, 255, 255, 255
L 1480, 1640, 0, 1480, 1700, 0, 255, 255, 255
L 1540, 1640, 0, 1540, 1700, 0, 255, 255, 255
L 1520, 1670, 0, 1540, 1640, 0, 255, 255, 255
L 1500, 1640, 0, 1520, 1670, 0, 255, 255, 255
L 1500, 1700, 0, 1500, 1640, 0, 255, 255, 255
L 1600, 1640, 0, 1600, 1700, 0, 255, 255, 255
L 1580, 1670, 0, 1600, 1640, 0, 255, 255, 255
L 1560, 1640, 0, 1580, 1670, 0, 255, 255, 255
L 1560, 1700, 0, 1560, 1640, 0, 255, 255, 255
L 1620, 1670, 0, 1650, 1670, 0, 255, 255, 255
L 1620, 1700, 0, 1650, 1700, 0, 255, 255, 255
L 1620, 1640, 0, 1620, 1700, 0, 255, 255, 255
L 1650, 1640, 0, 1620, 1640, 0, 255, 255, 255
L 1700, 1700, 0, 1700, 1640, 0, 255, 255, 255
L 1670, 1640, 0, 1700, 1700, 0, 255, 255, 255
L 1670, 1700, 0, 1670, 1640, 0, 255, 255, 255
L 1740, 1640, 0, 1740, 1700, 0, 255, 255, 255
L 1720, 1640, 0, 1760, 1640, 0, 255, 255, 255
L 1430, 1790, 0, 1400, 1790, 0, 0, 0, 0
L 1400, 1730, 0, 1430, 1730, 0, 0, 0, 0
L 1400, 1790, 0, 1400, 1730, 0, 0, 0, 0
L 1430, 1790, 0, 1430, 1760, 0, 0, 0, 0
L 1430, 1760, 0, 1410, 1760, 0, 0, 0, 0
L 1450, 1760, 0, 1480, 1760, 0, 0, 0, 0
L 1450, 1790, 0, 1480, 1790, 0, 0, 0, 0
L 1450, 1730, 0, 1450, 1790, 0, 0, 0, 0
L 1480, 1730, 0, 1450, 1730, 0, 0, 0, 0
L 1530, 1790, 0, 1530, 1730, 0, 0, 0, 0
L 1500, 1730, 0, 1530, 1790, 0, 0, 0, 0
L 1500, 1790, 0, 1500, 1730, 0, 0, 0, 0
L 1550, 1760, 0, 1580, 1760, 0, 0, 0, 0
L 1550, 1790, 0, 1580, 1790, 0, 0, 0, 0
L 1550, 1730, 0, 1550, 1790, 0, 0, 0, 0
L 1580, 1730, 0, 1550, 1730, 0, 0, 0, 0
L 1600, 1730, 0, 1600, 1760, 0, 0, 0, 0
L 1600, 1760, 0, 1600, 1790, 0, 0, 0, 0
L 1600, 1760, 0, 1620, 1760, 0, 0, 0, 0
L 1640, 1760, 0, 1640, 1730, 0, 0, 0, 0
L 1600, 1730, 0, 1640, 1730, 0, 0, 0, 0
L 1620, 1760, 0, 1640, 1760, 0, 0, 0, 0
L 1640, 1790, 0, 1620, 1760, 0, 0, 0, 0
L 1670, 1760, 0, 1690, 1760, 0, 0, 0, 0
L 1680, 1730, 0, 1700, 1790, 0, 0, 0, 0
L 1660, 1790, 0, 1680, 1730, 0, 0, 0, 0
L 1720, 1730, 0, 1720, 1790, 0, 0, 0, 0
L 1760, 1790, 0, 1720, 1790, 0, 0, 0, 0
L 1430, 1880, 0, 1400, 1880, 0, 0, 0, 255
L 1400, 1820, 0, 1430, 1820, 0, 0, 0, 255
L 1400, 1880, 0, 1400, 1820, 0, 0, 0, 255
L 1430, 1880, 0, 1430, 1850, 0, 0, 0, 255
L 1430, 1850, 0, 1410, 1850, 0, 0, 0, 255
L 1450, 1820, 0, 1450, 1850, 0, 0, 0, 255
L 1450, 1850, 0, 1450, 1880, 0, 0, 0, 255
L 1450, 1850, 0, 1470, 1850, 0, 0, 0, 255
L 1490, 1850, 0, 1490, 1820, 0, 0, 0, 255
L 1450, 1820, 0, 1490, 1820, 0, 0, 0, 255
L 1470, 1850, 0, 1490, 1850, 0, 0, 0, 255
L 1490, 1880, 0, 1470, 1850, 0, 0, 0, 255
L 1510, 1820, 0, 1540, 1820, 0, 0, 0, 255
L 1510, 1880, 0, 1540, 1880, 0, 0, 0, 255
L 1510, 1820, 0, 1510, 1880, 0, 0, 0, 255
L 1540, 1820, 0, 1540, 1880, 0, 0, 0, 255
L 1600, 1820, 0, 1600, 1880, 0, 0, 0, 255
L 1560, 1820, 0, 1560, 1880, 0, 0, 0, 255
L 1560, 1880, 0, 1600, 1880, 0, 0, 0, 255
L 1650, 1880, 0, 1650, 1820, 0, 0, 0, 255
L 1620, 1820, 0, 1650, 1880, 0, 0, 0, 255
L 1620, 1880, 0, 1620, 1820, 0, 0, 0, 255
L 1680, 1880, 0, 1680, 1820, 0, 0, 0, 255
L 1690, 1880, 0, 1670, 1880, 0, 0, 0, 255
L 1700, 1850, 0, 1690, 1880, 0, 0, 0, 255
L 1690, 1820, 0, 1700, 1850, 0, 0, 0, 255
L 1670, 1820, 0, 1690, 1820, 0, 0, 0, 255
L 1780, 1820, 0, 1780, 1850, 0, 0, 0, 255
L 1780, 1880, 0, 1820, 1880, 0, 0, 0, 255
L 1820, 1850, 0, 1780, 1850, 0, 0, 0, 255
L 1780, 1820, 0, 1820, 1820, 0, 0, 0, 255
L 1820, 1850, 0, 1820, 1880, 0, 0, 0, 255
L 1870, 1850, 0, 1840, 1850, 0, 0, 0, 255
L 1870, 1820, 0, 1870, 1850, 0, 0, 0, 255
L 1840, 1820, 0, 1870, 1820, 0, 0, 0, 255
L 1840, 1880, 0, 1840, 1820, 0, 0, 0, 255
L 1900, 1850, 0, 1920, 1850, 0, 0, 0, 255
L 1910, 1820, 0, 1930, 1880, 0, 0, 0, 255
L 1890, 1880, 0, 1910, 1820, 0, 0, 0, 255
L 1980, 1880, 0, 1990, 1820, 0, 0, 0, 255
L 1970, 1850, 0, 1980, 1880, 0, 0, 0, 255
L 1960, 1880, 0, 1970, 1850, 0, 0, 0, 255
L 1950, 1820, 0, 1960, 1880, 0, 0, 0, 255
L 2040, 1880, 0, 2040, 1820, 0, 0, 0, 255
L 2010, 1820, 0, 2040, 1880, 0, 0, 0, 255
L 2010, 1880, 0, 2010, 1820, 0, 0, 0, 255
L 1430, 1970, 0, 1400, 1970, 0, 128, 128, 128
L 1400, 1910, 0, 1430, 1910, 0, 128, 128, 128
L 1400, 1970, 0, 1400, 1910, 0, 128, 128, 128
L 1430, 1970, 0, 1430, 1940, 0, 128, 128, 128
L 1430, 1940, 0, 1410, 1940, 0, 128, 128, 128
L 1490, 1910, 0, 1490, 1970, 0, 128, 128, 128
L 1450, 1910, 0, 1450, 1970, 0, 128, 128, 128
L 1450, 1970, 0, 1490, 1970, 0, 128, 128, 128
L 1510, 1910, 0, 1510, 1970, 0, 128, 128, 128
L 1530, 1910, 0, 1530, 1970, 0, 128, 128, 128
L 1570, 1970, 0, 1530, 1970, 0, 128, 128, 128
L 1600, 1970, 0, 1600, 1910, 0, 128, 128, 128
L 1610, 1970, 0, 1590, 1970, 0, 128, 128, 128
L 1620, 1940, 0, 1610, 1970, 0, 128, 128, 128
L 1610, 1910, 0, 1620, 1940, 0, 128, 128, 128
L 1590, 1910, 0, 1610, 1910, 0, 128, 128, 128
L 1740, 1910, 0, 1740, 1970, 0, 128, 128, 128
L 1720, 1940, 0, 1740, 1910, 0, 128, 128, 128
L 1700, 1910, 0, 1720, 1940, 0, 128, 128, 128
L 1700, 1970, 0, 1700, 1910, 0, 128, 128, 128
L 1770, 1940, 0, 1790, 1940, 0, 128, 128, 128
L 1780, 1910, 0, 1800, 1970, 0, 128, 128, 128
L 1760, 1970, 0, 1780, 1910, 0, 128, 128, 128
L 1820, 1910, 0, 1820, 1940, 0, 128, 128, 128
L 1820, 1970, 0, 1860, 1970, 0, 128, 128, 128
L 1860, 1940, 0, 1820, 1940, 0, 128, 128, 128
L 1820, 1910, 0, 1860, 1910, 0, 128, 128, 128
L 1860, 1940, 0, 1860, 1970, 0, 128, 128, 128
L 1900, 1910, 0, 1900, 1970, 0, 128, 128, 128
L 1880, 1910, 0, 1920, 1910, 0, 128, 128, 128
L 1940, 1940, 0, 1970, 1940, 0, 128, 128, 128
L 1940, 1970, 0, 1970, 1970, 0, 128, 128, 128
L 1940, 1910, 0, 1940, 1970, 0, 128, 128, 128
L 1970, 1910, 0, 1940, 1910, 0, 128, 128, 128
L 1990, 1910, 0, 1990, 1940, 0, 128, 128, 128
L 1990, 1940, 0, 1990, 1970, 0, 128, 128, 128
L 1990, 1940, 0, 2010, 1940, 0, 128, 128, 128
L 2030, 1940, 0, 2030, 1910, 0, 128, 128, 128
L 1990, 1910, 0, 2030, 1910, 0, 128, 128, 128
L 2010, 1940, 0, 2030, 1940, 0, 128, 128, 128
L 2030, 1970, 0, 2010, 1940, 0, 128, 128, 128
L 1400, 2000, 0, 1400, 2030, 0, 127, 64, 0
L 1440, 2060, 0, 1440, 2030, 0, 127, 64, 0
L 1400, 2030, 0, 1400, 2060, 0, 127, 64, 0
L 1440, 2030, 0, 1440, 2000, 0, 127, 64, 0
L 1400, 2030, 0, 1440, 2030, 0, 127, 64, 0
L 1500, 2000, 0, 1500, 2060, 0, 127, 64, 0
L 1460, 2000, 0, 1460, 2060, 0, 127, 64, 0
L 1460, 2060, 0, 1500, 2060, 0, 127, 64, 0
L 1550, 2060, 0, 1550, 2000, 0, 127, 64, 0
L 1520, 2000, 0, 1550, 2060, 0, 127, 64, 0
L 1520, 2060, 0, 1520, 2000, 0, 127, 64, 0
L 1590, 2000, 0, 1590, 2060, 0, 127, 64, 0
L 1570, 2000, 0, 1610, 2000, 0, 127, 64, 0
L 1630, 2030, 0, 1660, 2030, 0, 127, 64, 0
L 1630, 2060, 0, 1660, 2060, 0, 127, 64, 0
L 1630, 2000, 0, 1630, 2060, 0, 127, 64, 0
L 1660, 2000, 0, 1630, 2000, 0, 127, 64, 0
L 1680, 2000, 0, 1680, 2030, 0, 127, 64, 0
L 1680, 2030, 0, 1680, 2060, 0, 127, 64, 0
L 1680, 2030, 0, 1700, 2030, 0, 127, 64, 0
L 1720, 2030, 0, 1720, 2000, 0, 127, 64, 0
L 1680, 2000, 0, 1720, 2000, 0, 127, 64, 0
L 1700, 2030, 0, 1720, 2030, 0, 127, 64, 0
L 1720, 2060, 0, 1700, 2030, 0, 127, 64, 0
L 1440, 2090, 0, 1440, 2150, 0, 0, 127, 0
L 1420, 2120, 0, 1440, 2090, 0, 0, 127, 0
L 1400, 2090, 0, 1420, 2120, 0, 0, 127, 0
L 1400, 2150, 0, 1400, 2090, 0, 0, 127, 0
L 1460, 2120, 0, 1490, 2120, 0, 0, 127, 0
L 1460, 2150, 0, 1490, 2150, 0, 0, 127, 0
L 1460, 2090, 0, 1460, 2150, 0, 0, 127, 0
L 1490, 2090, 0, 1460, 2090, 0, 0, 127, 0
L 1510, 2090, 0, 1510, 2120, 0, 0, 127, 0
L 1510, 2120, 0, 1510, 2150, 0, 0, 127, 0
L 1510, 2120, 0, 1530, 2120, 0, 0, 127, 0
L 1550, 2120, 0, 1550, 2090, 0, 0, 127, 0
L 1510, 2090, 0, 1550, 2090, 0, 0, 127, 0
L 1530, 2120, 0, 1550, 2120, 0, 0, 127, 0
L 1550, 2150, 0, 1530, 2120, 0, 0, 127, 0
L 1600, 2150, 0, 1570, 2150, 0, 0, 127, 0
L 1570, 2090, 0, 1600, 2090, 0, 0, 127, 0
L 1570, 2150, 0, 1570, 2090, 0, 0, 127, 0
L 1620, 2090, 0, 1620, 2120, 0, 0, 127, 0
L 1660, 2150, 0, 1660, 2120, 0, 0, 127, 0
L 1620, 2120, 0, 1620, 2150, 0, 0, 127, 0
L 1660, 2120, 0, 1660, 2090, 0, 0, 127, 0
L 1620, 2120, 0, 1660, 2120, 0, 0, 127, 0
L 1690, 2120, 0, 1710, 2120, 0, 0, 127, 0
L 1700, 2090, 0, 1720, 2150, 0, 0, 127, 0
L 1680, 2150, 0, 1700, 2090, 0, 0, 127, 0
L 1770, 2150, 0, 1770, 2090, 0, 0, 127, 0
L 1740, 2090, 0, 1770, 2150, 0, 0, 127, 0
L 1740, 2150, 0, 1740, 2090, 0, 0, 127, 0
L 1810, 2090, 0, 1810, 2150, 0, 0, 127, 0
L 1790, 2090, 0, 1830, 2090, 0, 0, 127, 0
L 1440, 2180, 0, 1440, 2240, 0, 0, 127, 127
L 1420, 2210, 0, 1440, 2180, 0, 0, 127, 127
L 1400, 2180, 0, 1420, 2210, 0, 0, 127, 127
L 1400, 2240, 0, 1400, 2180, 0, 0, 127, 127
L 1460, 2180, 0, 1460, 2240, 0, 0, 127, 127
L 1480, 2180, 0, 1480, 2210, 0, 0, 127, 127
L 1480, 2240, 0, 1520, 2240, 0, 0, 127, 127
L 1520, 2210, 0, 1480, 2210, 0, 0, 127, 127
L 1480, 2180, 0, 1520, 2180, 0, 0, 127, 127
L 1520, 2210, 0, 1520, 2240, 0, 0, 127, 127
L 1540, 2180, 0, 1540, 2210, 0, 0, 127, 127
L 1540, 2240, 0, 1580, 2240, 0, 0, 127, 127
L 1580, 2210, 0, 1540, 2210, 0, 0, 127, 127
L 1540, 2180, 0, 1580, 2180, 0, 0, 127, 127
L 1580, 2210, 0, 1580, 2240, 0, 0, 127, 127
L 1600, 2180, 0, 1600, 2240, 0, 0, 127, 127
L 1620, 2180, 0, 1650, 2180, 0, 0, 127, 127
L 1620, 2240, 0, 1650, 2240, 0, 0, 127, 127
L 1620, 2180, 0, 1620, 2240, 0, 0, 127, 127
L 1650, 2180, 0, 1650, 2240, 0, 0, 127, 127
L 1700, 2240, 0, 1700, 2180, 0, 0, 127, 127
L 1670, 2180, 0, 1700, 2240, 0, 0, 127, 127
L 1670, 2240, 0, 1670, 2180, 0, 0, 127, 127
L 1430, 2330, 0, 1430, 2270, 0, 127, 64, 0
L 1400, 2270, 0, 1430, 2330, 0, 127, 64, 0
L 1400, 2330, 0, 1400, 2270, 0, 127, 64, 0
L 1460, 2300, 0, 1480, 2300, 0, 127, 64, 0
L 1470, 2270, 0, 1490, 2330, 0, 127, 64, 0
L 1450, 2330, 0, 1470, 2270, 0, 127, 64, 0
L 1550, 2270, 0, 1550, 2330, 0, 127, 64, 0
L 1530, 2300, 0, 1550, 2270, 0, 127, 64, 0
L 1510, 2270, 0, 1530, 2300, 0, 127, 64, 0
L 1510, 2330, 0, 1510, 2270, 0, 127, 64, 0
L 1570, 2300, 0, 1600, 2300, 0, 127, 64, 0
L 1570, 2330, 0, 1600, 2330, 0, 127, 64, 0
L 1570, 2270, 0, 1570, 2330, 0, 127, 64, 0
L 1600, 2270, 0, 1570, 2270, 0, 127, 64, 0
L 1630, 2330, 0, 1630, 2270, 0, 127, 64, 0
L 1640, 2330, 0, 1620, 2330, 0, 127, 64, 0
L 1650, 2300, 0, 1640, 2330, 0, 127, 64, 0
L 1640, 2270, 0, 1650, 2300, 0, 127, 64, 0
L 1620, 2270, 0, 1640, 2270, 0, 127, 64, 0
L 1430, 2390, 0, 1400, 2390, 0, 0, 255, 0
L 1430, 2360, 0, 1430, 2390, 0, 0, 255, 0
L 1400, 2360, 0, 1430, 2360, 0, 0, 255, 0
L 1400, 2420, 0, 1400, 2360, 0, 0, 255, 0
L 1460, 2390, 0, 1480, 2390, 0, 0, 255, 0
L 1470, 2360, 0, 1490, 2420, 0, 0, 255, 0
L 1450, 2420, 0, 1470, 2360, 0, 0, 255, 0
L 1510, 2360, 0, 1510, 2390, 0, 0, 255, 0
L 1510, 2390, 0, 1510, 2420, 0, 0, 255, 0
L 1510, 2390, 0, 1530, 2390, 0, 0, 255, 0
L 1550, 2390, 0, 1550, 2360, 0, 0, 255, 0
L 1510, 2360, 0, 1550, 2360, 0, 0, 255, 0
L 1530, 2390, 0, 1550, 2390, 0, 0, 255, 0
L 1550, 2420, 0, 1530, 2390, 0, 0, 255, 0
L 1600, 2420, 0, 1570, 2420, 0, 0, 255, 0
L 1570, 2360, 0, 1600, 2360, 0, 0, 255, 0
L 1570, 2420, 0, 1570, 2360, 0, 0, 255, 0
L 1620, 2390, 0, 1650, 2390, 0, 0, 255, 0
L 1620, 2420, 0, 1650, 2420, 0, 0, 255, 0
L 1620, 2360, 0, 1620, 2420, 0, 0, 255, 0
L 1650, 2360, 0, 1620, 2360, 0, 0, 255, 0
L 1670, 2360, 0, 1670, 2420, 0, 0, 255, 0
L 1710, 2420, 0, 1670, 2420, 0, 0, 255, 0
L 1730, 2360, 0, 1730, 2390, 0, 0, 255, 0
L 1730, 2420, 0, 1770, 2420, 0, 0, 255, 0
L 1770, 2390, 0, 1730, 2390, 0, 0, 255, 0
L 1730, 2360, 0, 1770, 2360, 0, 0, 255, 0
L 1770, 2390, 0, 1770, 2420, 0, 0, 255, 0
L 1400, 2450, 0, 1400, 2480, 0, 0, 240, 240
L 1400, 2480, 0, 1400, 2510, 0, 0, 240, 240
L 1400, 2480, 0, 1420, 2480, 0, 0, 240, 240
L 1440, 2480, 0, 1440, 2450, 0, 0, 240, 240
L 1400, 2450, 0, 1440, 2450, 0, 0, 240, 240
L 1420, 2480, 0, 1440, 2480, 0, 0, 240, 240
L 1440, 2510, 0, 1420, 2480, 0, 0, 240, 240
L 1470, 2480, 0, 1490, 2480, 0, 0, 240, 240
L 1480, 2450, 0, 1500, 2510, 0, 0, 240, 240
L 1460, 2510, 0, 1480, 2450, 0, 0, 240, 240
L 1520, 2450, 0, 1520, 2510, 0, 0, 240, 240
L 1550, 2510, 0, 1550, 2450, 0, 0, 240, 240
L 1560, 2510, 0, 1540, 2510, 0, 0, 240, 240
L 1570, 2480, 0, 1560, 2510, 0, 0, 240, 240
L 1560, 2450, 0, 1570, 2480, 0, 0, 240, 240
L 1540, 2450, 0, 1560, 2450, 0, 0, 240, 240
L 1400, 2540, 0, 1400, 2570, 0, 0, 255, 0
L 1400, 2600, 0, 1440, 2600, 0, 0, 255, 0
L 1440, 2570, 0, 1400, 2570, 0, 0, 255, 0
L 1400, 2540, 0, 1440, 2540, 0, 0, 255, 0
L 1440, 2570, 0, 1440, 2600, 0, 0, 255, 0
L 1490, 2570, 0, 1460, 2570, 0, 0, 255, 0
L 1490, 2540, 0, 1490, 2570, 0, 0, 255, 0
L 1460, 2540, 0, 1490, 2540, 0, 0, 255, 0
L 1460, 2600, 0, 1460, 2540, 0, 0, 255, 0
L 1510, 2570, 0, 1540, 2570, 0, 0, 255, 0
L 1510, 2600, 0, 1540, 2600, 0, 0, 255, 0
L 1510, 2540, 0, 1510, 2600, 0, 0, 255, 0
L 1540, 2540, 0, 1510, 2540, 0, 0, 255, 0
L 1590, 2600, 0, 1560, 2600, 0, 0, 255, 0
L 1560, 2540, 0, 1590, 2540, 0, 0, 255, 0
L 1560, 2600, 0, 1560, 2540, 0, 0, 255, 0
L 1610, 2540, 0, 1610, 2600, 0, 0, 255, 0
L 1640, 2570, 0, 1660, 2570, 0, 0, 255, 0
L 1650, 2540, 0, 1670, 2600, 0, 0, 255, 0
L 1630, 2600, 0, 1650, 2540, 0, 0, 255, 0
L 1690, 2540, 0, 1690, 2600, 0, 0, 255, 0
L 1730, 2600, 0, 1690, 2600, 0, 0, 255, 0
L 1840, 2600, 0, 1810, 2600, 0, 0, 255, 0
L 1810, 2540, 0, 1840, 2540, 0, 0, 255, 0
L 1810, 2600, 0, 1810, 2540, 0, 0, 255, 0
L 1900, 2540, 0, 1900, 2600, 0, 0, 255, 0
L 1860, 2540, 0, 1860, 2600, 0, 0, 255, 0
L 1860, 2600, 0, 1900, 2600, 0, 0, 255, 0
L 1920, 2540, 0, 1920, 2570, 0, 0, 255, 0
L 1920, 2570, 0, 1920, 2600, 0, 0, 255, 0
L 1920, 2570, 0, 1940, 2570, 0, 0, 255, 0
L 1960, 2570, 0, 1960, 2540, 0, 0, 255, 0
L 1920, 2540, 0, 1960, 2540, 0, 0, 255, 0
L 1940, 2570, 0, 1960, 2570, 0, 0, 255, 0
L 1960, 2600, 0, 1940, 2570, 0, 0, 255, 0
L 1980, 2540, 0, 1980, 2570, 0, 0, 255, 0
L 1980, 2570, 0, 1980, 2600, 0, 0, 255, 0
L 1980, 2570, 0, 2000, 2570, 0, 0, 255, 0
L 2020, 2570, 0, 2020, 2540, 0, 0, 255, 0
L 1980, 2540, 0, 2020, 2540, 0, 0, 255, 0
L 2000, 2570, 0, 2020, 2570, 0, 0, 255, 0
L 2020, 2600, 0, 2000, 2570, 0, 0, 255, 0
L 2040, 2570, 0, 2070, 2570, 0, 0, 255, 0
L 2040, 2600, 0, 2070, 2600, 0, 0, 255, 0
L 2040, 2540, 0, 2040, 2600, 0, 0, 255, 0
L 2070, 2540, 0, 2040, 2540, 0, 0, 255, 0
L 2120, 2600, 0, 2120, 2540, 0, 0, 255, 0
L 2090, 2540, 0, 2120, 2600, 0, 0, 255, 0
L 2090, 2600, 0, 2090, 2540, 0, 0, 255, 0
L 2170, 2600, 0, 2140, 2600, 0, 0, 255, 0
L 2140, 2540, 0, 2170, 2540, 0, 0, 255, 0
L 2140, 2600, 0, 2140, 2540, 0, 0, 255, 0
L 2210, 2570, 0, 2210, 2600, 0, 0, 255, 0
L 2210, 2570, 0, 2230, 2540, 0, 0, 255, 0
L 2190, 2540, 0, 2210, 2570, 0, 0, 255, 0
L 1400, 2630, 0, 1400, 2660, 0, 255, 0, 0
L 1400, 2690, 0, 1440, 2690, 0, 255, 0, 0
L 1440, 2660, 0, 1400, 2660, 0, 255, 0, 0
L 1400, 2630, 0, 1440, 2630, 0, 255, 0, 0
L 1440, 2660, 0, 1440, 2690, 0, 255, 0, 0
L 1500, 2630, 0, 1500, 2690, 0, 255, 0, 0
L 1460, 2630, 0, 1460, 2690, 0, 255, 0, 0
L 1460, 2690, 0, 1500, 2690, 0, 255, 0, 0
L 1550, 2690, 0, 1520, 2690, 0, 255, 0, 0
L 1520, 2630, 0, 1550, 2630, 0, 255, 0, 0
L 1520, 2690, 0, 1520, 2630, 0, 255, 0, 0
L 1600, 2690, 0, 1570, 2690, 0, 255, 0, 0
L 1570, 2630, 0, 1600, 2630, 0, 255, 0, 0
L 1570, 2690, 0, 1570, 2630, 0, 255, 0, 0
L 1620, 2630, 0, 1650, 2630, 0, 255, 0, 0
L 1620, 2690, 0, 1650, 2690, 0, 255, 0, 0
L 1620, 2630, 0, 1620, 2690, 0, 255, 0, 0
L 1650, 2630, 0, 1650, 2690, 0, 255, 0, 0
L 1670, 2630, 0, 1670, 2660, 0, 255, 0, 0
L 1670, 2660, 0, 1670, 2690, 0, 255, 0, 0
L 1670, 2660, 0, 1690, 2660, 0, 255, 0, 0
L 1710, 2660, 0, 1710, 2630, 0, 255, 0, 0
L 1670, 2630, 0, 1710, 2630, 0, 255, 0, 0
L 1690, 2660, 0, 1710, 2660, 0, 255, 0, 0
L 1710, 2690, 0, 1690, 2660, 0, 255, 0, 0
L 1420, 2720, 0, 1420, 2780, 0, 255, 255, 0
L 1400, 2720, 0, 1440, 2720, 0, 255, 255, 0
L 1460, 2750, 0, 1490, 2750, 0, 255, 255, 0
L 1460, 2780, 0, 1490, 2780, 0, 255, 255, 0
L 1460, 2720, 0, 1460, 2780, 0, 255, 255, 0
L 1490, 2720, 0, 1460, 2720, 0, 255, 255, 0
L 1510, 2720, 0, 1510, 2780, 0, 255, 255, 0
L 1550, 2780, 0, 1510, 2780, 0, 255, 255, 0
L 1570, 2750, 0, 1600, 2750, 0, 255, 255, 0
L 1570, 2780, 0, 1600, 2780, 0, 255, 255, 0
L 1570, 2720, 0, 1570, 2780, 0, 255, 255, 0
L 1600, 2720, 0, 1570, 2720, 0, 255, 255, 0
L 1650, 2750, 0, 1620, 2750, 0, 255, 255, 0
L 1650, 2720, 0, 1650, 2750, 0, 255, 255, 0
L 1620, 2720, 0, 1650, 2720, 0, 255, 255, 0
L 1620, 2780, 0, 1620, 2720, 0, 255, 255, 0
L 1670, 2720, 0, 1700, 2720, 0, 255, 255, 0
L 1670, 2780, 0, 1700, 2780, 0, 255, 255, 0
L 1670, 2720, 0, 1670, 2780, 0, 255, 255, 0
L 1700, 2720, 0, 1700, 2780, 0, 255, 255, 0
L 1720, 2720, 0, 1720, 2750, 0, 255, 255, 0
L 1720, 2750, 0, 1720, 2780, 0, 255, 255, 0
L 1720, 2750, 0, 1740, 2750, 0, 255, 255, 0
L 1760, 2750, 0, 1760, 2720, 0, 255, 255, 0
L 1720, 2720, 0, 1760, 2720, 0, 255, 255, 0
L 1740, 2750, 0, 1760, 2750, 0, 255, 255, 0
L 1760, 2780, 0, 1740, 2750, 0, 255, 255, 0
L 1800, 2720, 0, 1800, 2780, 0, 255, 255, 0
L 1780, 2720, 0, 1820, 2720, 0, 255, 255, 0
L 1420, 2810, 0, 1420, 2870, 0, 128, 0, 128
L 1400, 2810, 0, 1440, 2810, 0, 128, 0, 128
L 1460, 2810, 0, 1460, 2840, 0, 128, 0, 128
L 1460, 2840, 0, 1460, 2870, 0, 128, 0, 128
L 1460, 2840, 0, 1480, 2840, 0, 128, 0, 128
L 1500, 2840, 0, 1500, 2810, 0, 128, 0, 128
L 1460, 2810, 0, 1500, 2810, 0, 128, 0, 128
L 1480, 2840, 0, 1500, 2840, 0, 128, 0, 128
L 1500, 2870, 0, 1480, 2840, 0, 128, 0, 128
L 1530, 2840, 0, 1550, 2840, 0, 128, 0, 128
L 1540, 2810, 0, 1560, 2870, 0, 128, 0, 128
L 1520, 2870, 0, 1540, 2810, 0, 128, 0, 128
L 1590, 2870, 0, 1590, 2810, 0, 128, 0, 128
L 1600, 2870, 0, 1580, 2870, 0, 128, 0, 128
L 1610, 2840, 0, 1600, 2870, 0, 128, 0, 128
L 1600, 2810, 0, 1610, 2840, 0, 128, 0, 128
L 1580, 2810, 0, 1600, 2810, 0, 128, 0, 128
L 1630, 2840, 0, 1660, 2840, 0, 128, 0, 128
L 1630, 2870, 0, 1660, 2870, 0, 128, 0, 128
L 1630, 2810, 0, 1630, 2870, 0, 128, 0, 128
L 1660, 2810, 0, 1630, 2810, 0, 128, 0, 128
L 1680, 2810, 0, 1680, 2840, 0, 128, 0, 128
L 1680, 2870, 0, 1720, 2870, 0, 128, 0, 128
L 1720, 2840, 0, 1680, 2840, 0, 128, 0, 128
L 1680, 2810, 0, 1720, 2810, 0, 128, 0, 128
L 1720, 2840, 0, 1720, 2870, 0, 128, 0, 128
L 1740, 2810, 0, 1740, 2840, 0, 128, 0, 128
L 1740, 2840, 0, 1740, 2870, 0, 128, 0, 128
L 1740, 2840, 0, 1780, 2870, 0, 128, 0, 128
L 1740, 2840, 0, 1780, 2810, 0, 128, 0, 128
L 1800, 2810, 0, 1800, 2870, 0, 128, 0, 128
L 1820, 2810, 0, 1820, 2870, 0, 128, 0, 128
L 1860, 2870, 0, 1820, 2870, 0, 128, 0, 128
L 1880, 2810, 0, 1880, 2870, 0, 128, 0, 128
L 1920, 2870, 0, 1880, 2870, 0, 128, 0, 128
L 2030, 2870, 0, 2000, 2870, 0, 128, 0, 128
L 2000, 2810, 0, 2030, 2810, 0, 128, 0, 128
L 2000, 2870, 0, 2000, 2810, 0, 128, 0, 128
L 2050, 2810, 0, 2080, 2810, 0, 128, 0, 128
L 2050, 2870, 0, 2080, 2870, 0, 128, 0, 128
L 2050, 2810, 0, 2050, 2870, 0, 128, 0, 128
L 2080, 2810, 0, 2080, 2870, 0, 128, 0, 128
L 2130, 2870, 0, 2130, 2810, 0, 128, 0, 128
L 2100, 2810, 0, 2130, 2870, 0, 128, 0, 128
L 2100, 2870, 0, 2100, 2810, 0, 128, 0, 128
L 2170, 2810, 0, 2170, 2870, 0, 128, 0, 128
L 2150, 2810, 0, 2190, 2810, 0, 128, 0, 128
L 2220, 2840, 0, 2240, 2840, 0, 128, 0, 128
L 2230, 2810, 0, 2250, 2870, 0, 128, 0, 128
L 2210, 2870, 0, 2230, 2810, 0, 128, 0, 128
L 2270, 2810, 0, 2270, 2870, 0, 128, 0, 128
L 2320, 2870, 0, 2320, 2810, 0, 128, 0, 128
L 2290, 2810, 0, 2320, 2870, 0, 128, 0, 128
L 2290, 2870, 0, 2290, 2810, 0, 128, 0, 128
L 2340, 2840, 0, 2370, 2840, 0, 128, 0, 128
L 2340, 2870, 0, 2370, 2870, 0, 128, 0, 128
L 2340, 2810, 0, 2340, 2870, 0, 128, 0, 128
L 2370, 2810, 0, 2340, 2810, 0, 128, 0, 128
L 2390, 2810, 0, 2390, 2840, 0, 128, 0, 128
L 2390, 2840, 0, 2390, 2870, 0, 128, 0, 128
L 2390, 2840, 0, 2410, 2840, 0, 128, 0, 128
L 2430, 2840, 0, 2430, 2810, 0, 128, 0, 128
L 2390, 2810, 0, 2430, 2810, 0, 128, 0, 128
L 2410, 2840, 0, 2430, 2840, 0, 128, 0, 128
L 2430, 2870, 0, 2410, 2840, 0, 128, 0, 128
L 1420, 2900, 0, 1420, 2960, 0, 255, 255, 0
L 1400, 2900, 0, 1440, 2900, 0, 255, 255, 0
L 1460, 2900, 0, 1460, 2930, 0, 255, 255, 0
L 1460, 2930, 0, 1460, 2960, 0, 255, 255, 0
L 1460, 2930, 0, 1480, 2930, 0, 255, 255, 0
L 1500, 2930, 0, 1500, 2900, 0, 255, 255, 0
L 1460, 2900, 0, 1500, 2900, 0, 255, 255, 0
L 1480, 2930, 0, 1500, 2930, 0, 255, 255, 0
L 1500, 2960, 0, 1480, 2930, 0, 255, 255, 0
L 1530, 2930, 0, 1550, 2930, 0, 255, 255, 0
L 1540, 2900, 0, 1560, 2960, 0, 255, 255, 0
L 1520, 2960, 0, 1540, 2900, 0, 255, 255, 0
L 1610, 2930, 0, 1580, 2930, 0, 255, 255, 0
L 1610, 2900, 0, 1610, 2930, 0, 255, 255, 0
L 1580, 2900, 0, 1610, 2900, 0, 255, 255, 0
L 1580, 2960, 0, 1580, 2900, 0, 255, 255, 0
L 1430, 2990, 0, 1400, 2990, 0, 255, 0, 0
L 1400, 3050, 0, 1430, 2990, 0, 255, 0, 0
L 1400, 3050, 0, 1430, 3050, 0, 255, 0, 0
L 1450, 2990, 0, 1480, 2990, 0, 255, 0, 0
L 1450, 3050, 0, 1480, 3050, 0, 255, 0, 0
L 1450, 2990, 0, 1450, 3050, 0, 255, 0, 0
L 1480, 2990, 0, 1480, 3050, 0, 255, 0, 0
L 1530, 3050, 0, 1530, 2990, 0, 255, 0, 0
L 1500, 2990, 0, 1530, 3050, 0, 255, 0, 0
L 1500, 3050, 0, 1500, 2990, 0, 255, 0, 0
L 1550, 3020, 0, 1580, 3020, 0, 255, 0, 0
L 1550, 3050, 0, 1580, 3050, 0, 255, 0, 0
L 1550, 2990, 0, 1550, 3050, 0, 255, 0, 0
L 1580, 2990, 0, 1550, 2990, 0, 255, 0, 0
P 400, 1300, 0, 0, 0, 0, 2, The_Barracks_of_War_(RUJJ)
P 400, 1500, 0, 0, 0, 0, 2, Original_Map:_Brewall_Rainsinger_(Cazic-Thule)
P 400, 1700, 0, 0, 0, 0, 2, http://www.eqmaps.info
P 400, 1900, 0, 0, 0, 0, 2, Return_of_the_Exiled_(www.roteguild.org)
P 400, 2100, 0, 127, 64, 0, 2, Ironfang_Slayer
P 400, 2300, 0, 127, 64, 0, 2, Maniacal_Slave
P 400, 2500, 0, 127, 64, 0, 2, Steelslave_Champion
