L 1000.0, 0.0, 0.0, 1000.0, -50.0, 0.0, 255, 0, 0
L -20.0, 50.0, 0.0, -50.0, 20.0, 0.0, 255, 0, 0
L 50.0, 20.0, 0.0, 20.0, 50.0, 0.0, 255, 0, 0
L 20.0, -50.0, 0.0, 50.0, -20.0, 0.0, 255, 0, 0
L -50.0, -20.0, 0.0, -20.0, -50.0, 0.0, 255, 0, 0
L -50.0, 20.0, 0.0, -50.0, -20.0, 0.0, 255, 0, 0
L 20.0, 50.0, 0.0, -20.0, 50.0, 0.0, 255, 0, 0
L 50.0, -20.0, 0.0, 50.0, 20.0, 0.0, 255, 0, 0
L -20.0, -50.0, 0.0, 20.0, -50.0, 0.0, 255, 0, 0
L 580.0, -20.0, 0.0, 540.0, -20.0, 0.0, 255, 0, 0
L 580.0, -90.0, 0.0, 580.0, -20.0, 0.0, 255, 0, 0
L 540.0, -90.0, 0.0, 580.0, -90.0, 0.0, 255, 0, 0
L 540.0, -20.0, 0.0, 540.0, -90.0, 0.0, 255, 0, 0
L 520.0, -20.0, 0.0, 480.0, -20.0, 0.0, 255, 0, 0
L 520.0, -90.0, 0.0, 520.0, -20.0, 0.0, 255, 0, 0
L 480.0, -90.0, 0.0, 520.0, -90.0, 0.0, 255, 0, 0
L 480.0, -20.0, 0.0, 480.0, -90.0, 0.0, 255, 0, 0
L 460.0, -90.0, 0.0, 450.0, -80.0, 0.0, 255, 0, 0
L 460.0, -20.0, 0.0, 460.0, -90.0, 0.0, 255, 0, 0
L 0.0, -250.0, 0.0, 0.0, 250.0, 0.0, 255, 0, 0
L -250.0, 0.0, 0.0, 1000.0, 0.0, 0.0, 255, 0, 0
L -120.0, -80.0, 0.0, -120.0, -60.0, 0.0, 255, 0, 0
L -120.0, -60.0, 0.0, -120.0, -40.0, 0.0, 255, 0, 0
L -100.0, -60.0, 0.0, -120.0, -60.0, 0.0, 255, 0, 0
L -120.0, -60.0, 0.0, -140.0, -60.0, 0.0, 255, 0, 0
L -90.0, -50.0, 0.0, -100.0, -30.0, 0.0, 255, 0, 0
L -60.0, -80.0, 0.0, -60.0, -60.0, 0.0, 255, 0, 0
L -60.0, -60.0, 0.0, -60.0, -40.0, 0.0, 255, 0, 0
L -40.0, -60.0, 0.0, -60.0, -60.0, 0.0, 255, 0, 0
L -60.0, -60.0, 0.0, -80.0, -60.0, 0.0, 255, 0, 0
L 100.0, 60.0, 0.0, 120.0, 60.0, 0.0, 255, 0, 0
L 120.0, 60.0, 0.0, 140.0, 60.0, 0.0, 255, 0, 0
L 90.0, 70.0, 0.0, 80.0, 90.0, 0.0, 255, 0, 0
L 40.0, 60.0, 0.0, 60.0, 60.0, 0.0, 255, 0, 0
L 60.0, 60.0, 0.0, 80.0, 60.0, 0.0, 255, 0, 0
L -100.0, 60.0, 0.0, -120.0, 60.0, 0.0, 255, 0, 0
L -120.0, 60.0, 0.0, -140.0, 60.0, 0.0, 255, 0, 0
L -90.0, 70.0, 0.0, -100.0, 90.0, 0.0, 255, 0, 0
L -60.0, 80.0, 0.0, -60.0, 60.0, 0.0, 255, 0, 0
L -60.0, 60.0, 0.0, -60.0, 40.0, 0.0, 255, 0, 0
L -40.0, 60.0, 0.0, -60.0, 60.0, 0.0, 255, 0, 0
L -60.0, 60.0, 0.0, -80.0, 60.0, 0.0, 255, 0, 0
L 100.0, -60.0, 0.0, 120.0, -60.0, 0.0, 255, 0, 0
L 120.0, -60.0, 0.0, 140.0, -60.0, 0.0, 255, 0, 0
L 90.0, -50.0, 0.0, 80.0, -30.0, 0.0, 255, 0, 0
L 60.0, -80.0, 0.0, 60.0, -60.0, 0.0, 255, 0, 0
L 60.0, -60.0, 0.0, 60.0, -40.0, 0.0, 255, 0, 0
L 40.0, -60.0, 0.0, 60.0, -60.0, 0.0, 255, 0, 0
L 60.0, -60.0, 0.0, 80.0, -60.0, 0.0, 255, 0, 0
L 599.0, -90.0, 0.0, 637.3, -90.0, 0.0, 255, 0, 0
L 599.0, -20.0, 0.0, 637.3, -20.0, 0.0, 255, 0, 0
L 599.0, -90.0, 0.0, 599.0, -20.0, 0.0, 255, 0, 0
L 637.3, -90.0, 0.0, 637.3, -20.0, 0.0, 255, 0, 0
L 1000, 1200, 0, 1000, 1260, 0, 0, 0, 0
L 1040, 1260, 0, 1000, 1260, 0, 0, 0, 0
L 1060, 1230, 0, 1090, 1230, 0, 0, 0, 0
L 1060, 1260, 0, 1090, 1260, 0, 0, 0, 0
L 1060, 1200, 0, 1060, 1260, 0, 0, 0, 0
L 1090, 1200, 0, 1060, 1200, 0, 0, 0, 0
L 1140, 1260, 0, 1110, 1260, 0, 0, 0, 0
L 1110, 1200, 0, 1140, 1200, 0, 0, 0, 0
L 1110, 1260, 0, 1110, 1200, 0, 0, 0, 0
L 1140, 1260, 0, 1140, 1230, 0, 0, 0, 0
L 1140, 1230, 0, 1120, 1230, 0, 0, 0, 0
L 1160, 1230, 0, 1190, 1230, 0, 0, 0, 0
L 1160, 1260, 0, 1190, 1260, 0, 0, 0, 0
L 1160, 1200, 0, 1160, 1260, 0, 0, 0, 0
L 1190, 1200, 0, 1160, 1200, 0, 0, 0, 0
L 1240, 1260, 0, 1240, 1200, 0, 0, 0, 0
L 1210, 1200, 0, 1240, 1260, 0, 0, 0, 0
L 1210, 1260, 0, 1210, 1200, 0, 0, 0, 0
L 1270, 1260, 0, 1270, 1200, 0, 0, 0, 0
L 1280, 1260, 0, 1260, 1260, 0, 0, 0, 0
L 1290, 1230, 0, 1280, 1260, 0, 0, 0, 0
L 1280, 1200, 0, 1290, 1230, 0, 0, 0, 0
L 1260, 1200, 0, 1280, 1200, 0, 0, 0, 0
L 1080, 1370, 0, 1120, 1330, 0, 255, 255, 0
L 1000, 1330, 0, 1040, 1290, 0, 255, 255, 0
L 1000, 1370, 0, 1080, 1290, 0, 255, 255, 0
L 1040, 1370, 0, 1120, 1290, 0, 255, 255, 0
L 1000, 1370, 0, 1000, 1290, 0, 0, 0, 0
L 1120, 1370, 0, 1000, 1370, 0, 0, 0, 0
L 1120, 1290, 0, 1120, 1370, 0, 0, 0, 0
L 1000, 1290, 0, 1120, 1290, 0, 0, 0, 0
L 1160, 1330, 0, 1190, 1330, 0, 0, 0, 0
L 1160, 1300, 0, 1160, 1360, 0, 0, 0, 0
L 1190, 1300, 0, 1160, 1300, 0, 0, 0, 0
L 1220, 1330, 0, 1240, 1330, 0, 0, 0, 0
L 1230, 1300, 0, 1250, 1360, 0, 0, 0, 0
L 1210, 1360, 0, 1230, 1300, 0, 0, 0, 0
L 1270, 1300, 0, 1270, 1330, 0, 0, 0, 0
L 1270, 1330, 0, 1270, 1360, 0, 0, 0, 0
L 1270, 1330, 0, 1310, 1360, 0, 0, 0, 0
L 1270, 1330, 0, 1310, 1300, 0, 0, 0, 0
L 1330, 1330, 0, 1360, 1330, 0, 0, 0, 0
L 1330, 1360, 0, 1360, 1360, 0, 0, 0, 0
L 1330, 1300, 0, 1330, 1360, 0, 0, 0, 0
L 1360, 1300, 0, 1330, 1300, 0, 0, 0, 0
L 1440, 1330, 0, 1470, 1330, 0, 0, 0, 0
L 1440, 1300, 0, 1440, 1360, 0, 0, 0, 0
L 1470, 1300, 0, 1440, 1300, 0, 0, 0, 0
L 1490, 1300, 0, 1490, 1360, 0, 0, 0, 0
L 1530, 1360, 0, 1490, 1360, 0, 0, 0, 0
L 1550, 1300, 0, 1580, 1300, 0, 0, 0, 0
L 1550, 1360, 0, 1580, 1360, 0, 0, 0, 0
L 1550, 1300, 0, 1550, 1360, 0, 0, 0, 0
L 1580, 1300, 0, 1580, 1360, 0, 0, 0, 0
L 1600, 1300, 0, 1630, 1300, 0, 0, 0, 0
L 1600, 1360, 0, 1630, 1360, 0, 0, 0, 0
L 1600, 1300, 0, 1600, 1360, 0, 0, 0, 0
L 1630, 1300, 0, 1630, 1360, 0, 0, 0, 0
L 1650, 1300, 0, 1650, 1330, 0, 0, 0, 0
L 1650, 1330, 0, 1650, 1360, 0, 0, 0, 0
L 1650, 1330, 0, 1670, 1330, 0, 0, 0, 0
L 1690, 1330, 0, 1690, 1300, 0, 0, 0, 0
L 1650, 1300, 0, 1690, 1300, 0, 0, 0, 0
L 1670, 1330, 0, 1690, 1330, 0, 0, 0, 0
L 1690, 1360, 0, 1670, 1330, 0, 0, 0, 0
L 1000, 1410, 0, 1060, 1410, 0, 0, 0, 0
L 1000, 1490, 0, 1060, 1490, 0, 0, 0, 0
L 1060, 1410, 0, 1090, 1410, 0, 0, 0, 0
L 1060, 1490, 0, 1090, 1490, 0, 0, 0, 0
L 1060, 1410, 0, 1060, 1490, 0, 255, 255, 0
L 1090, 1410, 0, 1120, 1410, 0, 0, 0, 0
L 1090, 1490, 0, 1120, 1490, 0, 0, 0, 0
L 1090, 1410, 0, 1090, 1490, 0, 255, 255, 0
L 1160, 1450, 0, 1190, 1450, 0, 0, 0, 0
L 1160, 1420, 0, 1160, 1480, 0, 0, 0, 0
L 1190, 1420, 0, 1160, 1420, 0, 0, 0, 0
L 1220, 1450, 0, 1240, 1450, 0, 0, 0, 0
L 1230, 1420, 0, 1250, 1480, 0, 0, 0, 0
L 1210, 1480, 0, 1230, 1420, 0, 0, 0, 0
L 1270, 1420, 0, 1270, 1450, 0, 0, 0, 0
L 1270, 1450, 0, 1270, 1480, 0, 0, 0, 0
L 1270, 1450, 0, 1310, 1480, 0, 0, 0, 0
L 1270, 1450, 0, 1310, 1420, 0, 0, 0, 0
L 1330, 1450, 0, 1360, 1450, 0, 0, 0, 0
L 1330, 1480, 0, 1360, 1480, 0, 0, 0, 0
L 1330, 1420, 0, 1330, 1480, 0, 0, 0, 0
L 1360, 1420, 0, 1330, 1420, 0, 0, 0, 0
L 1470, 1480, 0, 1480, 1420, 0, 0, 0, 0
L 1460, 1450, 0, 1470, 1480, 0, 0, 0, 0
L 1450, 1480, 0, 1460, 1450, 0, 0, 0, 0
L 1440, 1420, 0, 1450, 1480, 0, 0, 0, 0
L 1510, 1450, 0, 1530, 1450, 0, 0, 0, 0
L 1520, 1420, 0, 1540, 1480, 0, 0, 0, 0
L 1500, 1480, 0, 1520, 1420, 0, 0, 0, 0
L 1560, 1420, 0, 1560, 1480, 0, 0, 0, 0
L 1600, 1480, 0, 1560, 1480, 0, 0, 0, 0
L 1620, 1420, 0, 1620, 1480, 0, 0, 0, 0
L 1660, 1480, 0, 1620, 1480, 0, 0, 0, 0
L 1000, 1610, 0, 1060, 1610, 0, 0, 0, 0
L 1000, 1530, 0, 1060, 1530, 0, 0, 0, 0
L 1030, 1583, 0, 1030, 1557, 0, 205, 133, 63
L 1060, 1610, 0, 1120, 1610, 0, 0, 0, 0
L 1060, 1610, 0, 1060, 1583, 0, 205, 133, 63
L 1030, 1583, 0, 1090, 1583, 0, 205, 133, 63
L 1030, 1557, 0, 1060, 1557, 0, 205, 133, 63
L 1060, 1557, 0, 1090, 1557, 0, 205, 133, 63
L 1060, 1530, 0, 1120, 1530, 0, 0, 0, 0
L 1060, 1557, 0, 1060, 1530, 0, 205, 133, 63
L 1090, 1583, 0, 1090, 1557, 0, 205, 133, 63
L 1170, 1600, 0, 1170, 1540, 0, 0, 0, 0
L 1180, 1600, 0, 1160, 1600, 0, 0, 0, 0
L 1190, 1570, 0, 1180, 1600, 0, 0, 0, 0
L 1180, 1540, 0, 1190, 1570, 0, 0, 0, 0
L 1160, 1540, 0, 1180, 1540, 0, 0, 0, 0
L 1210, 1540, 0, 1240, 1540, 0, 0, 0, 0
L 1210, 1600, 0, 1240, 1600, 0, 0, 0, 0
L 1210, 1540, 0, 1210, 1600, 0, 0, 0, 0
L 1240, 1540, 0, 1240, 1600, 0, 0, 0, 0
L 1260, 1540, 0, 1290, 1540, 0, 0, 0, 0
L 1260, 1600, 0, 1290, 1600, 0, 0, 0, 0
L 1260, 1540, 0, 1260, 1600, 0, 0, 0, 0
L 1290, 1540, 0, 1290, 1600, 0, 0, 0, 0
L 1310, 1540, 0, 1310, 1570, 0, 0, 0, 0
L 1310, 1570, 0, 1310, 1600, 0, 0, 0, 0
L 1310, 1570, 0, 1330, 1570, 0, 0, 0, 0
L 1350, 1570, 0, 1350, 1540, 0, 0, 0, 0
L 1310, 1540, 0, 1350, 1540, 0, 0, 0, 0
L 1330, 1570, 0, 1350, 1570, 0, 0, 0, 0
L 1350, 1600, 0, 1330, 1570, 0, 0, 0, 0
L 1000, 1650, 0, 1000, 1680, 0, 255, 210, 0
L 1000, 1650, 0, 1020, 1650, 0, 255, 210, 0
L 1020, 1710, 0, 1000, 1710, 0, 255, 210, 0
L 1000, 1680, 0, 1000, 1710, 0, 255, 210, 0
L 1020, 1680, 0, 1000, 1680, 0, 255, 210, 0
L 1020, 1680, 0, 1040, 1665, 0, 255, 210, 0
L 1020, 1650, 0, 1040, 1665, 0, 255, 210, 0
L 1020, 1680, 0, 1040, 1695, 0, 255, 210, 0
L 1040, 1695, 0, 1020, 1710, 0, 255, 210, 0
L 1070, 1680, 0, 1090, 1680, 0, 255, 210, 0
L 1080, 1650, 0, 1100, 1710, 0, 255, 210, 0
L 1060, 1710, 0, 1080, 1650, 0, 255, 210, 0
L 1150, 1710, 0, 1150, 1650, 0, 255, 210, 0
L 1120, 1650, 0, 1150, 1710, 0, 255, 210, 0
L 1120, 1710, 0, 1120, 1650, 0, 255, 210, 0
L 1170, 1650, 0, 1170, 1680, 0, 255, 210, 0
L 1170, 1680, 0, 1170, 1710, 0, 255, 210, 0
L 1170, 1680, 0, 1210, 1710, 0, 255, 210, 0
L 1170, 1680, 0, 1210, 1650, 0, 255, 210, 0
L 1230, 1680, 0, 1260, 1680, 0, 255, 210, 0
L 1230, 1710, 0, 1260, 1710, 0, 255, 210, 0
L 1230, 1650, 0, 1230, 1710, 0, 255, 210, 0
L 1260, 1650, 0, 1230, 1650, 0, 255, 210, 0
L 1280, 1650, 0, 1280, 1680, 0, 255, 210, 0
L 1280, 1680, 0, 1280, 1710, 0, 255, 210, 0
L 1280, 1680, 0, 1300, 1680, 0, 255, 210, 0
L 1320, 1680, 0, 1320, 1650, 0, 255, 210, 0
L 1280, 1650, 0, 1320, 1650, 0, 255, 210, 0
L 1300, 1680, 0, 1320, 1680, 0, 255, 210, 0
L 1320, 1710, 0, 1300, 1680, 0, 255, 210, 0
L 1030, 1800, 0, 1000, 1800, 0, 255, 255, 255
L 1000, 1740, 0, 1030, 1740, 0, 255, 255, 255
L 1000, 1800, 0, 1000, 1740, 0, 255, 255, 255
L 1050, 1740, 0, 1080, 1740, 0, 255, 255, 255
L 1050, 1800, 0, 1080, 1800, 0, 255, 255, 255
L 1050, 1740, 0, 1050, 1800, 0, 255, 255, 255
L 1080, 1740, 0, 1080, 1800, 0, 255, 255, 255
L 1140, 1740, 0, 1140, 1800, 0, 255, 255, 255
L 1120, 1770, 0, 1140, 1740, 0, 255, 255, 255
L 1100, 1740, 0, 1120, 1770, 0, 255, 255, 255
L 1100, 1800, 0, 1100, 1740, 0, 255, 255, 255
L 1200, 1740, 0, 1200, 1800, 0, 255, 255, 255
L 1180, 1770, 0, 1200, 1740, 0, 255, 255, 255
L 1160, 1740, 0, 1180, 1770, 0, 255, 255, 255
L 1160, 1800, 0, 1160, 1740, 0, 255, 255, 255
L 1220, 1770, 0, 1250, 1770, 0, 255, 255, 255
L 1220, 1800, 0, 1250, 1800, 0, 255, 255, 255
L 1220, 1740, 0, 1220, 1800, 0, 255, 255, 255
L 1250, 1740, 0, 1220, 1740, 0, 255, 255, 255
L 1300, 1800, 0, 1300, 1740, 0, 255, 255, 255
L 1270, 1740, 0, 1300, 1800, 0, 255, 255, 255
L 1270, 1800, 0, 1270, 1740, 0, 255, 255, 255
L 1340, 1740, 0, 1340, 1800, 0, 255, 255, 255
L 1320, 1740, 0, 1360, 1740, 0, 255, 255, 255
L 1030, 1890, 0, 1000, 1890, 0, 0, 0, 0
L 1000, 1830, 0, 1030, 1830, 0, 0, 0, 0
L 1000, 1890, 0, 1000, 1830, 0, 0, 0, 0
L 1030, 1890, 0, 1030, 1860, 0, 0, 0, 0
L 1030, 1860, 0, 1010, 1860, 0, 0, 0, 0
L 1050, 1860, 0, 1080, 1860, 0, 0, 0, 0
L 1050, 1890, 0, 1080, 1890, 0, 0, 0, 0
L 1050, 1830, 0, 1050, 1890, 0, 0, 0, 0
L 1080, 1830, 0, 1050, 1830, 0, 0, 0, 0
L 1130, 1890, 0, 1130, 1830, 0, 0, 0, 0
L 1100, 1830, 0, 1130, 1890, 0, 0, 0, 0
L 1100, 1890, 0, 1100, 1830, 0, 0, 0, 0
L 1150, 1860, 0, 1180, 1860, 0, 0, 0, 0
L 1150, 1890, 0, 1180, 1890, 0, 0, 0, 0
L 1150, 1830, 0, 1150, 1890, 0, 0, 0, 0
L 1180, 1830, 0, 1150, 1830, 0, 0, 0, 0
L 1200, 1830, 0, 1200, 1860, 0, 0, 0, 0
L 1200, 1860, 0, 1200, 1890, 0, 0, 0, 0
L 1200, 1860, 0, 1220, 1860, 0, 0, 0, 0
L 1240, 1860, 0, 1240, 1830, 0, 0, 0, 0
L 1200, 1830, 0, 1240, 1830, 0, 0, 0, 0
L 1220, 1860, 0, 1240, 1860, 0, 0, 0, 0
L 1240, 1890, 0, 1220, 1860, 0, 0, 0, 0
L 1270, 1860, 0, 1290, 1860, 0, 0, 0, 0
L 1280, 1830, 0, 1300, 1890, 0, 0, 0, 0
L 1260, 1890, 0, 1280, 1830, 0, 0, 0, 0
L 1320, 1830, 0, 1320, 1890, 0, 0, 0, 0
L 1360, 1890, 0, 1320, 1890, 0, 0, 0, 0
L 1030, 1980, 0, 1000, 1980, 0, 0, 0, 255
L 1000, 1920, 0, 1030, 1920, 0, 0, 0, 255
L 1000, 1980, 0, 1000, 1920, 0, 0, 0, 255
L 1030, 1980, 0, 1030, 1950, 0, 0, 0, 255
L 1030, 1950, 0, 1010, 1950, 0, 0, 0, 255
L 1050, 1920, 0, 1050, 1950, 0, 0, 0, 255
L 1050, 1950, 0, 1050, 1980, 0, 0, 0, 255
L 1050, 1950, 0, 1070, 1950, 0, 0, 0, 255
L 1090, 1950, 0, 1090, 1920, 0, 0, 0, 255
L 1050, 1920, 0, 1090, 1920, 0, 0, 0, 255
L 1070, 1950, 0, 1090, 1950, 0, 0, 0, 255
L 1090, 1980, 0, 1070, 1950, 0, 0, 0, 255
L 1110, 1920, 0, 1140, 1920, 0, 0, 0, 255
L 1110, 1980, 0, 1140, 1980, 0, 0, 0, 255
L 1110, 1920, 0, 1110, 1980, 0, 0, 0, 255
L 1140, 1920, 0, 1140, 1980, 0, 0, 0, 255
L 1200, 1920, 0, 1200, 1980, 0, 0, 0, 255
L 1160, 1920, 0, 1160, 1980, 0, 0, 0, 255
L 1160, 1980, 0, 1200, 1980, 0, 0, 0, 255
L 1250, 1980, 0, 1250, 1920, 0, 0, 0, 255
L 1220, 1920, 0, 1250, 1980, 0, 0, 0, 255
L 1220, 1980, 0, 1220, 1920, 0, 0, 0, 255
L 1280, 1980, 0, 1280, 1920, 0, 0, 0, 255
L 1290, 1980, 0, 1270, 1980, 0, 0, 0, 255
L 1300, 1950, 0, 1290, 1980, 0, 0, 0, 255
L 1290, 1920, 0, 1300, 1950, 0, 0, 0, 255
L 1270, 1920, 0, 1290, 1920, 0, 0, 0, 255
L 1380, 1920, 0, 1380, 1950, 0, 0, 0, 255
L 1380, 1980, 0, 1420, 1980, 0, 0, 0, 255
L 1420, 1950, 0, 1380, 1950, 0, 0, 0, 255
L 1380, 1920, 0, 1420, 1920, 0, 0, 0, 255
L 1420, 1950, 0, 1420, 1980, 0, 0, 0, 255
L 1470, 1950, 0, 1440, 1950, 0, 0, 0, 255
L 1470, 1920, 0, 1470, 1950, 0, 0, 0, 255
L 1440, 1920, 0, 1470, 1920, 0, 0, 0, 255
L 1440, 1980, 0, 1440, 1920, 0, 0, 0, 255
L 1500, 1950, 0, 1520, 1950, 0, 0, 0, 255
L 1510, 1920, 0, 1530, 1980, 0, 0, 0, 255
L 1490, 1980, 0, 1510, 1920, 0, 0, 0, 255
L 1580, 1980, 0, 1590, 1920, 0, 0, 0, 255
L 1570, 1950, 0, 1580, 1980, 0, 0, 0, 255
L 1560, 1980, 0, 1570, 1950, 0, 0, 0, 255
L 1550, 1920, 0, 1560, 1980, 0, 0, 0, 255
L 1640, 1980, 0, 1640, 1920, 0, 0, 0, 255
L 1610, 1920, 0, 1640, 1980, 0, 0, 0, 255
L 1610, 1980, 0, 1610, 1920, 0, 0, 0, 255
L 1030, 2070, 0, 1000, 2070, 0, 128, 128, 128
L 1000, 2010, 0, 1030, 2010, 0, 128, 128, 128
L 1000, 2070, 0, 1000, 2010, 0, 128, 128, 128
L 1030, 2070, 0, 1030, 2040, 0, 128, 128, 128
L 1030, 2040, 0, 1010, 2040, 0, 128, 128, 128
L 1090, 2010, 0, 1090, 2070, 0, 128, 128, 128
L 1050, 2010, 0, 1050, 2070, 0, 128, 128, 128
L 1050, 2070, 0, 1090, 2070, 0, 128, 128, 128
L 1110, 2010, 0, 1110, 2070, 0, 128, 128, 128
L 1130, 2010, 0, 1130, 2070, 0, 128, 128, 128
L 1170, 2070, 0, 1130, 2070, 0, 128, 128, 128
L 1200, 2070, 0, 1200, 2010, 0, 128, 128, 128
L 1210, 2070, 0, 1190, 2070, 0, 128, 128, 128
L 1220, 2040, 0, 1210, 2070, 0, 128, 128, 128
L 1210, 2010, 0, 1220, 2040, 0, 128, 128, 128
L 1190, 2010, 0, 1210, 2010, 0, 128, 128, 128
L 1340, 2010, 0, 1340, 2070, 0, 128, 128, 128
L 1320, 2040, 0, 1340, 2010, 0, 128, 128, 128
L 1300, 2010, 0, 1320, 2040, 0, 128, 128, 128
L 1300, 2070, 0, 1300, 2010, 0, 128, 128, 128
L 1370, 2040, 0, 1390, 2040, 0, 128, 128, 128
L 1380, 2010, 0, 1400, 2070, 0, 128, 128, 128
L 1360, 2070, 0, 1380, 2010, 0, 128, 128, 128
L 1420, 2010, 0, 1420, 2040, 0, 128, 128, 128
L 1420, 2070, 0, 1460, 2070, 0, 128, 128, 128
L 1460, 2040, 0, 1420, 2040, 0, 128, 128, 128
L 1420, 2010, 0, 1460, 2010, 0, 128, 128, 128
L 1460, 2040, 0, 1460, 2070, 0, 128, 128, 128
L 1500, 2010, 0, 1500, 2070, 0, 128, 128, 128
L 1480, 2010, 0, 1520, 2010, 0, 128, 128, 128
L 1540, 2040, 0, 1570, 2040, 0, 128, 128, 128
L 1540, 2070, 0, 1570, 2070, 0, 128, 128, 128
L 1540, 2010, 0, 1540, 2070, 0, 128, 128, 128
L 1570, 2010, 0, 1540, 2010, 0, 128, 128, 128
L 1590, 2010, 0, 1590, 2040, 0, 128, 128, 128
L 1590, 2040, 0, 1590, 2070, 0, 128, 128, 128
L 1590, 2040, 0, 1610, 2040, 0, 128, 128, 128
L 1630, 2040, 0, 1630, 2010, 0, 128, 128, 128
L 1590, 2010, 0, 1630, 2010, 0, 128, 128, 128
L 1610, 2040, 0, 1630, 2040, 0, 128, 128, 128
L 1630, 2070, 0, 1610, 2040, 0, 128, 128, 128
L 1000, 2100, 0, 1000, 2130, 0, 127, 64, 0
L 1040, 2160, 0, 1040, 2130, 0, 127, 64, 0
L 1000, 2130, 0, 1000, 2160, 0, 127, 64, 0
L 1040, 2130, 0, 1040, 2100, 0, 127, 64, 0
L 1000, 2130, 0, 1040, 2130, 0, 127, 64, 0
L 1100, 2100, 0, 1100, 2160, 0, 127, 64, 0
L 1060, 2100, 0, 1060, 2160, 0, 127, 64, 0
L 1060, 2160, 0, 1100, 2160, 0, 127, 64, 0
L 1150, 2160, 0, 1150, 2100, 0, 127, 64, 0
L 1120, 2100, 0, 1150, 2160, 0, 127, 64, 0
L 1120, 2160, 0, 1120, 2100, 0, 127, 64, 0
L 1190, 2100, 0, 1190, 2160, 0, 127, 64, 0
L 1170, 2100, 0, 1210, 2100, 0, 127, 64, 0
L 1230, 2130, 0, 1260, 2130, 0, 127, 64, 0
L 1230, 2160, 0, 1260, 2160, 0, 127, 64, 0
L 1230, 2100, 0, 1230, 2160, 0, 127, 64, 0
L 1260, 2100, 0, 1230, 2100, 0, 127, 64, 0
L 1280, 2100, 0, 1280, 2130, 0, 127, 64, 0
L 1280, 2130, 0, 1280, 2160, 0, 127, 64, 0
L 1280, 2130, 0, 1300, 2130, 0, 127, 64, 0
L 1320, 2130, 0, 1320, 2100, 0, 127, 64, 0
L 1280, 2100, 0, 1320, 2100, 0, 127, 64, 0
L 1300, 2130, 0, 1320, 2130, 0, 127, 64, 0
L 1320, 2160, 0, 1300, 2130, 0, 127, 64, 0
L 1040, 2190, 0, 1040, 2250, 0, 0, 127, 0
L 1020, 2220, 0, 1040, 2190, 0, 0, 127, 0
L 1000, 2190, 0, 1020, 2220, 0, 0, 127, 0
L 1000, 2250, 0, 1000, 2190, 0, 0, 127, 0
L 1060, 2220, 0, 1090, 2220, 0, 0, 127, 0
L 1060, 2250, 0, 1090, 2250, 0, 0, 127, 0
L 1060, 2190, 0, 1060, 2250, 0, 0, 127, 0
L 1090, 2190, 0, 1060, 2190, 0, 0, 127, 0
L 1110, 2190, 0, 1110, 2220, 0, 0, 127, 0
L 1110, 2220, 0, 1110, 2250, 0, 0, 127, 0
L 1110, 2220, 0, 1130, 2220, 0, 0, 127, 0
L 1150, 2220, 0, 1150, 2190, 0, 0, 127, 0
L 1110, 2190, 0, 1150, 2190, 0, 0, 127, 0
L 1130, 2220, 0, 1150, 2220, 0, 0, 127, 0
L 1150, 2250, 0, 1130, 2220, 0, 0, 127, 0
L 1200, 2250, 0, 1170, 2250, 0, 0, 127, 0
L 1170, 2190, 0, 1200, 2190, 0, 0, 127, 0
L 1170, 2250, 0, 1170, 2190, 0, 0, 127, 0
L 1220, 2190, 0, 1220, 2220, 0, 0, 127, 0
L 1260, 2250, 0, 1260, 2220, 0, 0, 127, 0
L 1220, 2220, 0, 1220, 2250, 0, 0, 127, 0
L 1260, 2220, 0, 1260, 2190, 0, 0, 127, 0
L 1220, 2220, 0, 1260, 2220, 0, 0, 127, 0
L 1290, 2220, 0, 1310, 2220, 0, 0, 127, 0
L 1300, 2190, 0, 1320, 2250, 0, 0, 127, 0
L 1280, 2250, 0, 1300, 2190, 0, 0, 127, 0
L 1370, 2250, 0, 1370, 2190, 0, 0, 127, 0
L 1340, 2190, 0, 1370, 2250, 0, 0, 127, 0
L 1340, 2250, 0, 1340, 2190, 0, 0, 127, 0
L 1410, 2190, 0, 1410, 2250, 0, 0, 127, 0
L 1390, 2190, 0, 1430, 2190, 0, 0, 127, 0
L 1040, 2280, 0, 1040, 2340, 0, 0, 127, 127
L 1020, 2310, 0, 1040, 2280, 0, 0, 127, 127
L 1000, 2280, 0, 1020, 2310, 0, 0, 127, 127
L 1000, 2340, 0, 1000, 2280, 0, 0, 127, 127
L 1060, 2280, 0, 1060, 2340, 0, 0, 127, 127
L 1080, 2280, 0, 1080, 2310, 0, 0, 127, 127
L 1080, 2340, 0, 1120, 2340, 0, 0, 127, 127
L 1120, 2310, 0, 1080, 2310, 0, 0, 127, 127
L 1080, 2280, 0, 1120, 2280, 0, 0, 127, 127
L 1120, 2310, 0, 1120, 2340, 0, 0, 127, 127
L 1140, 2280, 0, 1140, 2310, 0, 0, 127, 127
L 1140, 2340, 0, 1180, 2340, 0, 0, 127, 127
L 1180, 2310, 0, 1140, 2310, 0, 0, 127, 127
L 1140, 2280, 0, 1180, 2280, 0, 0, 127, 127
L 1180, 2310, 0, 1180, 2340, 0, 0, 127, 127
L 1200, 2280, 0, 1200, 2340, 0, 0, 127, 127
L 1220, 2280, 0, 1250, 2280, 0, 0, 127, 127
L 1220, 2340, 0, 1250, 2340, 0, 0, 127, 127
L 1220, 2280, 0, 1220, 2340, 0, 0, 127, 127
L 1250, 2280, 0, 1250, 2340, 0, 0, 127, 127
L 1300, 2340, 0, 1300, 2280, 0, 0, 127, 127
L 1270, 2280, 0, 1300, 2340, 0, 0, 127, 127
L 1270, 2340, 0, 1270, 2280, 0, 0, 127, 127
L 1030, 2430, 0, 1030, 2370, 0, 127, 64, 0
L 1000, 2370, 0, 1030, 2430, 0, 127, 64, 0
L 1000, 2430, 0, 1000, 2370, 0, 127, 64, 0
L 1060, 2400, 0, 1080, 2400, 0, 127, 64, 0
L 1070, 2370, 0, 1090, 2430, 0, 127, 64, 0
L 1050, 2430, 0, 1070, 2370, 0, 127, 64, 0
L 1150, 2370, 0, 1150, 2430, 0, 127, 64, 0
L 1130, 2400, 0, 1150, 2370, 0, 127, 64, 0
L 1110, 2370, 0, 1130, 2400, 0, 127, 64, 0
L 1110, 2430, 0, 1110, 2370, 0, 127, 64, 0
L 1170, 2400, 0, 1200, 2400, 0, 127, 64, 0
L 1170, 2430, 0, 1200, 2430, 0, 127, 64, 0
L 1170, 2370, 0, 1170, 2430, 0, 127, 64, 0
L 1200, 2370, 0, 1170, 2370, 0, 127, 64, 0
L 1230, 2430, 0, 1230, 2370, 0, 127, 64, 0
L 1240, 2430, 0, 1220, 2430, 0, 127, 64, 0
L 1250, 2400, 0, 1240, 2430, 0, 127, 64, 0
L 1240, 2370, 0, 1250, 2400, 0, 127, 64, 0
L 1220, 2370, 0, 1240, 2370, 0, 127, 64, 0
L 1030, 2490, 0, 1000, 2490, 0, 0, 255, 0
L 1030, 2460, 0, 1030, 2490, 0, 0, 255, 0
L 1000, 2460, 0, 1030, 2460, 0, 0, 255, 0
L 1000, 2520, 0, 1000, 2460, 0, 0, 255, 0
L 1060, 2490, 0, 1080, 2490, 0, 0, 255, 0
L 1070, 2460, 0, 1090, 2520, 0, 0, 255, 0
L 1050, 2520, 0, 1070, 2460, 0, 0, 255, 0
L 1110, 2460, 0, 1110, 2490, 0, 0, 255, 0
L 1110, 2490, 0, 1110, 2520, 0, 0, 255, 0
L 1110, 2490, 0, 1130, 2490, 0, 0, 255, 0
L 1150, 2490, 0, 1150, 2460, 0, 0, 255, 0
L 1110, 2460, 0, 1150, 2460, 0, 0, 255, 0
L 1130, 2490, 0, 1150, 2490, 0, 0, 255, 0
L 1150, 2520, 0, 1130, 2490, 0, 0, 255, 0
L 1200, 2520, 0, 1170, 2520, 0, 0, 255, 0
L 1170, 2460, 0, 1200, 2460, 0, 0, 255, 0
L 1170, 2520, 0, 1170, 2460, 0, 0, 255, 0
L 1220, 2490, 0, 1250, 2490, 0, 0, 255, 0
L 1220, 2520, 0, 1250, 2520, 0, 0, 255, 0
L 1220, 2460, 0, 1220, 2520, 0, 0, 255, 0
L 1250, 2460, 0, 1220, 2460, 0, 0, 255, 0
L 1270, 2460, 0, 1270, 2520, 0, 0, 255, 0
L 1310, 2520, 0, 1270, 2520, 0, 0, 255, 0
L 1330, 2460, 0, 1330, 2490, 0, 0, 255, 0
L 1330, 2520, 0, 1370, 2520, 0, 0, 255, 0
L 1370, 2490, 0, 1330, 2490, 0, 0, 255, 0
L 1330, 2460, 0, 1370, 2460, 0, 0, 255, 0
L 1370, 2490, 0, 1370, 2520, 0, 0, 255, 0
L 1000, 2550, 0, 1000, 2580, 0, 0, 240, 240
L 1000, 2580, 0, 1000, 2610, 0, 0, 240, 240
L 1000, 2580, 0, 1020, 2580, 0, 0, 240, 240
L 1040, 2580, 0, 1040, 2550, 0, 0, 240, 240
L 1000, 2550, 0, 1040, 2550, 0, 0, 240, 240
L 1020, 2580, 0, 1040, 2580, 0, 0, 240, 240
L 1040, 2610, 0, 1020, 2580, 0, 0, 240, 240
L 1070, 2580, 0, 1090, 2580, 0, 0, 240, 240
L 1080, 2550, 0, 1100, 2610, 0, 0, 240, 240
L 1060, 2610, 0, 1080, 2550, 0, 0, 240, 240
L 1120, 2550, 0, 1120, 2610, 0, 0, 240, 240
L 1150, 2610, 0, 1150, 2550, 0, 0, 240, 240
L 1160, 2610, 0, 1140, 2610, 0, 0, 240, 240
L 1170, 2580, 0, 1160, 2610, 0, 0, 240, 240
L 1160, 2550, 0, 1170, 2580, 0, 0, 240, 240
L 1140, 2550, 0, 1160, 2550, 0, 0, 240, 240
L 1000, 2640, 0, 1000, 2670, 0, 0, 255, 0
L 1000, 2700, 0, 1040, 2700, 0, 0, 255, 0
L 1040, 2670, 0, 1000, 2670, 0, 0, 255, 0
L 1000, 2640, 0, 1040, 2640, 0, 0, 255, 0
L 1040, 2670, 0, 1040, 2700, 0, 0, 255, 0
L 1090, 2670, 0, 1060, 2670, 0, 0, 255, 0
L 1090, 2640, 0, 1090, 2670, 0, 0, 255, 0
L 1060, 2640, 0, 1090, 2640, 0, 0, 255, 0
L 1060, 2700, 0, 1060, 2640, 0, 0, 255, 0
L 1110, 2670, 0, 1140, 2670, 0, 0, 255, 0
L 1110, 2700, 0, 1140, 2700, 0, 0, 255, 0
L 1110, 2640, 0, 1110, 2700, 0, 0, 255, 0
L 1140, 2640, 0, 1110, 2640, 0, 0, 255, 0
L 1190, 2700, 0, 1160, 2700, 0, 0, 255, 0
L 1160, 2640, 0, 1190, 2640, 0, 0, 255, 0
L 1160, 2700, 0, 1160, 2640, 0, 0, 255, 0
L 1210, 2640, 0, 1210, 2700, 0, 0, 255, 0
L 1240, 2670, 0, 1260, 2670, 0, 0, 255, 0
L 1250, 2640, 0, 1270, 2700, 0, 0, 255, 0
L 1230, 2700, 0, 1250, 2640, 0, 0, 255, 0
L 1290, 2640, 0, 1290, 2700, 0, 0, 255, 0
L 1330, 2700, 0, 1290, 2700, 0, 0, 255, 0
L 1440, 2700, 0, 1410, 2700, 0, 0, 255, 0
L 1410, 2640, 0, 1440, 2640, 0, 0, 255, 0
L 1410, 2700, 0, 1410, 2640, 0, 0, 255, 0
L 1500, 2640, 0, 1500, 2700, 0, 0, 255, 0
L 1460, 2640, 0, 1460, 2700, 0, 0, 255, 0
L 1460, 2700, 0, 1500, 2700, 0, 0, 255, 0
L 1520, 2640, 0, 1520, 2670, 0, 0, 255, 0
L 1520, 2670, 0, 1520, 2700, 0, 0, 255, 0
L 1520, 2670, 0, 1540, 2670, 0, 0, 255, 0
L 1560, 2670, 0, 1560, 2640, 0, 0, 255, 0
L 1520, 2640, 0, 1560, 2640, 0, 0, 255, 0
L 1540, 2670, 0, 1560, 2670, 0, 0, 255, 0
L 1560, 2700, 0, 1540, 2670, 0, 0, 255, 0
L 1580, 2640, 0, 1580, 2670, 0, 0, 255, 0
L 1580, 2670, 0, 1580, 2700, 0, 0, 255, 0
L 1580, 2670, 0, 1600, 2670, 0, 0, 255, 0
L 1620, 2670, 0, 1620, 2640, 0, 0, 255, 0
L 1580, 2640, 0, 1620, 2640, 0, 0, 255, 0
L 1600, 2670, 0, 1620, 2670, 0, 0, 255, 0
L 1620, 2700, 0, 1600, 2670, 0, 0, 255, 0
L 1640, 2670, 0, 1670, 2670, 0, 0, 255, 0
L 1640, 2700, 0, 1670, 2700, 0, 0, 255, 0
L 1640, 2640, 0, 1640, 2700, 0, 0, 255, 0
L 1670, 2640, 0, 1640, 2640, 0, 0, 255, 0
L 1720, 2700, 0, 1720, 2640, 0, 0, 255, 0
L 1690, 2640, 0, 1720, 2700, 0, 0, 255, 0
L 1690, 2700, 0, 1690, 2640, 0, 0, 255, 0
L 1770, 2700, 0, 1740, 2700, 0, 0, 255, 0
L 1740, 2640, 0, 1770, 2640, 0, 0, 255, 0
L 1740, 2700, 0, 1740, 2640, 0, 0, 255, 0
L 1810, 2670, 0, 1810, 2700, 0, 0, 255, 0
L 1810, 2670, 0, 1830, 2640, 0, 0, 255, 0
L 1790, 2640, 0, 1810, 2670, 0, 0, 255, 0
L 1000, 2730, 0, 1000, 2760, 0, 255, 0, 0
L 1000, 2790, 0, 1040, 2790, 0, 255, 0, 0
L 1040, 2760, 0, 1000, 2760, 0, 255, 0, 0
L 1000, 2730, 0, 1040, 2730, 0, 255, 0, 0
L 1040, 2760, 0, 1040, 2790, 0, 255, 0, 0
L 1100, 2730, 0, 1100, 2790, 0, 255, 0, 0
L 1060, 2730, 0, 1060, 2790, 0, 255, 0, 0
L 1060, 2790, 0, 1100, 2790, 0, 255, 0, 0
L 1150, 2790, 0, 1120, 2790, 0, 255, 0, 0
L 1120, 2730, 0, 1150, 2730, 0, 255, 0, 0
L 1120, 2790, 0, 1120, 2730, 0, 255, 0, 0
L 1200, 2790, 0, 1170, 2790, 0, 255, 0, 0
L 1170, 2730, 0, 1200, 2730, 0, 255, 0, 0
L 1170, 2790, 0, 1170, 2730, 0, 255, 0, 0
L 1220, 2730, 0, 1250, 2730, 0, 255, 0, 0
L 1220, 2790, 0, 1250, 2790, 0, 255, 0, 0
L 1220, 2730, 0, 1220, 2790, 0, 255, 0, 0
L 1250, 2730, 0, 1250, 2790, 0, 255, 0, 0
L 1270, 2730, 0, 1270, 2760, 0, 255, 0, 0
L 1270, 2760, 0, 1270, 2790, 0, 255, 0, 0
L 1270, 2760, 0, 1290, 2760, 0, 255, 0, 0
L 1310, 2760, 0, 1310, 2730, 0, 255, 0, 0
L 1270, 2730, 0, 1310, 2730, 0, 255, 0, 0
L 1290, 2760, 0, 1310, 2760, 0, 255, 0, 0
L 1310, 2790, 0, 1290, 2760, 0, 255, 0, 0
L 1020, 2820, 0, 1020, 2880, 0, 255, 255, 0
L 1000, 2820, 0, 1040, 2820, 0, 255, 255, 0
L 1060, 2850, 0, 1090, 2850, 0, 255, 255, 0
L 1060, 2880, 0, 1090, 2880, 0, 255, 255, 0
L 1060, 2820, 0, 1060, 2880, 0, 255, 255, 0
L 1090, 2820, 0, 1060, 2820, 0, 255, 255, 0
L 1110, 2820, 0, 1110, 2880, 0, 255, 255, 0
L 1150, 2880, 0, 1110, 2880, 0, 255, 255, 0
L 1170, 2850, 0, 1200, 2850, 0, 255, 255, 0
L 1170, 2880, 0, 1200, 2880, 0, 255, 255, 0
L 1170, 2820, 0, 1170, 2880, 0, 255, 255, 0
L 1200, 2820, 0, 1170, 2820, 0, 255, 255, 0
L 1250, 2850, 0, 1220, 2850, 0, 255, 255, 0
L 1250, 2820, 0, 1250, 2850, 0, 255, 255, 0
L 1220, 2820, 0, 1250, 2820, 0, 255, 255, 0
L 1220, 2880, 0, 1220, 2820, 0, 255, 255, 0
L 1270, 2820, 0, 1300, 2820, 0, 255, 255, 0
L 1270, 2880, 0, 1300, 2880, 0, 255, 255, 0
L 1270, 2820, 0, 1270, 2880, 0, 255, 255, 0
L 1300, 2820, 0, 1300, 2880, 0, 255, 255, 0
L 1320, 2820, 0, 1320, 2850, 0, 255, 255, 0
L 1320, 2850, 0, 1320, 2880, 0, 255, 255, 0
L 1320, 2850, 0, 1340, 2850, 0, 255, 255, 0
L 1360, 2850, 0, 1360, 2820, 0, 255, 255, 0
L 1320, 2820, 0, 1360, 2820, 0, 255, 255, 0
L 1340, 2850, 0, 1360, 2850, 0, 255, 255, 0
L 1360, 2880, 0, 1340, 2850, 0, 255, 255, 0
L 1400, 2820, 0, 1400, 2880, 0, 255, 255, 0
L 1380, 2820, 0, 1420, 2820, 0, 255, 255, 0
L 1020, 2910, 0, 1020, 2970, 0, 128, 0, 128
L 1000, 2910, 0, 1040, 2910, 0, 128, 0, 128
L 1060, 2910, 0, 1060, 2940, 0, 128, 0, 128
L 1060, 2940, 0, 1060, 2970, 0, 128, 0, 128
L 1060, 2940, 0, 1080, 2940, 0, 128, 0, 128
L 1100, 2940, 0, 1100, 2910, 0, 128, 0, 128
L 1060, 2910, 0, 1100, 2910, 0, 128, 0, 128
L 1080, 2940, 0, 1100, 2940, 0, 128, 0, 128
L 1100, 2970, 0, 1080, 2940, 0, 128, 0, 128
L 1130, 2940, 0, 1150, 2940, 0, 128, 0, 128
L 1140, 2910, 0, 1160, 2970, 0, 128, 0, 128
L 1120, 2970, 0, 1140, 2910, 0, 128, 0, 128
L 1190, 2970, 0, 1190, 2910, 0, 128, 0, 128
L 1200, 2970, 0, 1180, 2970, 0, 128, 0, 128
L 1210, 2940, 0, 1200, 2970, 0, 128, 0, 128
L 1200, 2910, 0, 1210, 2940, 0, 128, 0, 128
L 1180, 2910, 0, 1200, 2910, 0, 128, 0, 128
L 1230, 2940, 0, 1260, 2940, 0, 128, 0, 128
L 1230, 2970, 0, 1260, 2970, 0, 128, 0, 128
L 1230, 2910, 0, 1230, 2970, 0, 128, 0, 128
L 1260, 2910, 0, 1230, 2910, 0, 128, 0, 128
L 1280, 2910, 0, 1280, 2940, 0, 128, 0, 128
L 1280, 2970, 0, 1320, 2970, 0, 128, 0, 128
L 1320, 2940, 0, 1280, 2940, 0, 128, 0, 128
L 1280, 2910, 0, 1320, 2910, 0, 128, 0, 128
L 1320, 2940, 0, 1320, 2970, 0, 128, 0, 128
L 1340, 2910, 0, 1340, 2940, 0, 128, 0, 128
L 1340, 2940, 0, 1340, 2970, 0, 128, 0, 128
L 1340, 2940, 0, 1380, 2970, 0, 128, 0, 128
L 1340, 2940, 0, 1380, 2910, 0, 128, 0, 128
L 1400, 2910, 0, 1400, 2970, 0, 128, 0, 128
L 1420, 2910, 0, 1420, 2970, 0, 128, 0, 128
L 1460, 2970, 0, 1420, 2970, 0, 128, 0, 128
L 1480, 2910, 0, 1480, 2970, 0, 128, 0, 128
L 1520, 2970, 0, 1480, 2970, 0, 128, 0, 128
L 1630, 2970, 0, 1600, 2970, 0, 128, 0, 128
L 1600, 2910, 0, 1630, 2910, 0, 128, 0, 128
L 1600, 2970, 0, 1600, 2910, 0, 128, 0, 128
L 1650, 2910, 0, 1680, 2910, 0, 128, 0, 128
L 1650, 2970, 0, 1680, 2970, 0, 128, 0, 128
L 1650, 2910, 0, 1650, 2970, 0, 128, 0, 128
L 1680, 2910, 0, 1680, 2970, 0, 128, 0, 128
L 1730, 2970, 0, 1730, 2910, 0, 128, 0, 128
L 1700, 2910, 0, 1730, 2970, 0, 128, 0, 128
L 1700, 2970, 0, 1700, 2910, 0, 128, 0, 128
L 1770, 2910, 0, 1770, 2970, 0, 128, 0, 128
L 1750, 2910, 0, 1790, 2910, 0, 128, 0, 128
L 1820, 2940, 0, 1840, 2940, 0, 128, 0, 128
L 1830, 2910, 0, 1850, 2970, 0, 128, 0, 128
L 1810, 2970, 0, 1830, 2910, 0, 128, 0, 128
L 1870, 2910, 0, 1870, 2970, 0, 128, 0, 128
L 1920, 2970, 0, 1920, 2910, 0, 128, 0, 128
L 1890, 2910, 0, 1920, 2970, 0, 128, 0, 128
L 1890, 2970, 0, 1890, 2910, 0, 128, 0, 128
L 1940, 2940, 0, 1970, 2940, 0, 128, 0, 128
L 1940, 2970, 0, 1970, 2970, 0, 128, 0, 128
L 1940, 2910, 0, 1940, 2970, 0, 128, 0, 128
L 1970, 2910, 0, 1940, 2910, 0, 128, 0, 128
L 1990, 2910, 0, 1990, 2940, 0, 128, 0, 128
L 1990, 2940, 0, 1990, 2970, 0, 128, 0, 128
L 1990, 2940, 0, 2010, 2940, 0, 128, 0, 128
L 2030, 2940, 0, 2030, 2910, 0, 128, 0, 128
L 1990, 2910, 0, 2030, 2910, 0, 128, 0, 128
L 2010, 2940, 0, 2030, 2940, 0, 128, 0, 128
L 2030, 2970, 0, 2010, 2940, 0, 128, 0, 128
L 1020, 3000, 0, 1020, 3060, 0, 255, 255, 0
L 1000, 3000, 0, 1040, 3000, 0, 255, 255, 0
L 1060, 3000, 0, 1060, 3030, 0, 255, 255, 0
L 1060, 3030, 0, 1060, 3060, 0, 255, 255, 0
L 1060, 3030, 0, 1080, 3030, 0, 255, 255, 0
L 1100, 3030, 0, 1100, 3000, 0, 255, 255, 0
L 1060, 3000, 0, 1100, 3000, 0, 255, 255, 0
L 1080, 3030, 0, 1100, 3030, 0, 255, 255, 0
L 1100, 3060, 0, 1080, 3030, 0, 255, 255, 0
L 1130, 3030, 0, 1150, 3030, 0, 255, 255, 0
L 1140, 3000, 0, 1160, 3060, 0, 255, 255, 0
L 1120, 3060, 0, 1140, 3000, 0, 255, 255, 0
L 1210, 3030, 0, 1180, 3030, 0, 255, 255, 0
L 1210, 3000, 0, 1210, 3030, 0, 255, 255, 0
L 1180, 3000, 0, 1210, 3000, 0, 255, 255, 0
L 1180, 3060, 0, 1180, 3000, 0, 255, 255, 0
L 1030, 3090, 0, 1000, 3090, 0, 255, 0, 0
L 1000, 3150, 0, 1030, 3090, 0, 255, 0, 0
L 1000, 3150, 0, 1030, 3150, 0, 255, 0, 0
L 1050, 3090, 0, 1080, 3090, 0, 255, 0, 0
L 1050, 3150, 0, 1080, 3150, 0, 255, 0, 0
L 1050, 3090, 0, 1050, 3150, 0, 255, 0, 0
L 1080, 3090, 0, 1080, 3150, 0, 255, 0, 0
L 1130, 3150, 0, 1130, 3090, 0, 255, 0, 0
L 1100, 3090, 0, 1130, 3150, 0, 255, 0, 0
L 1100, 3150, 0, 1100, 3090, 0, 255, 0, 0
L 1150, 3120, 0, 1180, 3120, 0, 255, 0, 0
L 1150, 3150, 0, 1180, 3150, 0, 255, 0, 0
L 1150, 3090, 0, 1150, 3150, 0, 255, 0, 0
L 1180, 3090, 0, 1150, 3090, 0, 255, 0, 0
P 0, 1200, 0, 0, 0, 0, 2, Original_Map:_Caudyr
P 0, 1400, 0, 0, 0, 0, 2, Revised_Map:_Brewall_Rainsiger_(Cazic-Thule)
P 0, 1600, 0, 0, 0, 0, 2, http://www.eqmaps.info
P 0, 1800, 0, 0, 0, 0, 2, Return_of_the_Exiled_(www.roteguild.org)
P 0, 2000, 0, 127, 64, 0, 2, Agralta_PH=_thelara_alsa_ril_of_Alra
P 0, 2200, 0, 127, 64, 0, 2, Alsara_the_Ansel_Ereth_PH=_a_departed_thelasa
P 0, 2400, 0, 127, 64, 0, 2, Bonemeal_PH=_a_denuded_ser_thel
P 0, 2600, 0, 127, 64, 0, 2, Champion_of_the_Triumvirate_PH=_a_protector_of_alsa_thel
P 0, 2800, 0, 127, 64, 0, 2, Clampgrit_PH=_a_starving_raptor
P 0, 3000, 0, 127, 64, 0, 2, Eldanum_of_the_Ser_Alsa_PH=_an_ereth_of_law
P 0, 3200, 0, 127, 64, 0, 2, Excrucidator_PH=_brutalizer_of_alsa_thelara
P 0, 3400, 0, 127, 64, 0, 2, Gleaming_Tricor_PH=_a_sublime_tricrystal
P 0, 3600, 0, 127, 64, 0, 2, Paleodontis_PH=_a_fortified_tideshell
P 0, 3800, 0, 127, 64, 0, 2, Primoridial_Steel_PH=_a_zephyr_of_steel
P 0, 4000, 0, 127, 64, 0, 2, Spernal_PH=_a_wind_liege
P 0, 4200, 0, 127, 64, 0, 2, Tegleth_PH=_a_blade_mentor_of_alsa_thelara
P 0, 4400, 0, 127, 64, 0, 2, Tendros_PH=_a_dense_mound
P 0, 4600, 0, 127, 64, 0, 2, The_Dark_PH=_an_aspect_of_darkness
P 0, 4800, 0, 127, 64, 0, 2, The_Exalted_Ser_Alsa_Thel_PH=_any_telmiran_type_mob
