P -529.2924, 1679.0120, -216.4305, 240, 0, 0, 3, to_Shadeweaver`s_Tangle
P -85.0000, 1135.0000, 0.0000, 255, 0, 0, 2, Succor
P 164.7756, 212.6226, -191.9989, 128, 0, 128, 2, Oven
P 496.2589, -212.2809, -191.9989, 128, 0, 128, 2, Pottery_Wheel
P 177.6794, 186.9331, -191.9989, 128, 0, 128, 2, Brew_Barrel
P -37.0107, -375.3347, -192.0063, 128, 0, 128, 2, Oven
P -2.2539, 483.2739, -191.9989, 128, 0, 128, 2, Oven
P 201.2139, -276.9939, -191.9859, 128, 0, 128, 2, Forge
P 480.9169, -212.1739, -191.9989, 128, 0, 128, 2, Pottery_Wheel
P -24.7697, -376.0155, -189.0629, 128, 0, 128, 2, Oven
P -411.1505, -405.3385, -193.4989, 128, 0, 128, 2, Forge
P 231.5014, 198.9352, -191.9978, 128, 0, 128, 2, Brew_Barrel
P 205.6900, 185.9347, -191.9978, 128, 0, 128, 2, Brew_Barrel
P 433.8329, -245.3379, -191.9989, 128, 0, 128, 2, Kiln
P -439.6971, 140.9010, -167.9989, 128, 0, 128, 2, Oven
P -400.1009, -405.1639, -193.4989, 128, 0, 128, 2, Forge
P 205.7717, -179.1053, -191.9978, 128, 0, 128, 2, Shar_Vahl_Forge
P 373.7506, -287.2996, -169.4989, 128, 0, 128, 2, Loom
P 306.3087, 488.2564, -193.4989, 128, 0, 128, 2, Pottery_Wheel
P 537.2586, 141.8537, -263.8150, 240, 240, 240, 2, Warrior_Guild
P 287.2951, -196.3367, -251.9978, 240, 240, 240, 2, Rogue_Guild
P -439.3650, -167.3445, -167.2478, 240, 240, 240, 2, Dining_Room
P 581.4497, -147.1641, -239.9978, 240, 240, 240, 2, Jail_Cells
P -451.4119, 120.0799, -165.4239, 255, 255, 255, 2, Baking_Merchants
P 369.6169, 307.8029, -191.9989, 255, 255, 255, 2, Alchemy_Merchants
P 191.6194, -1208.3256, -192.2539, 240, 240, 240, 2, Blocked_Door
P -113.0000, 497.0000, -193.4587, 0, 128, 0, 2, Chialle_(General)
P -119.0000, 352.0000, -193.4327, 0, 128, 0, 2, Dharr_Nadim_(Fishing)
P -134.0000, -258.0000, -262.4989, 0, 128, 0, 2, Scribe_Kaleej_(Beastlord_Spells)
P -148.0000, -82.0000, -262.4989, 0, 128, 0, 2, Scribe_Cholsa_(Shaman_Spells)
P 161.0000, -217.0000, -191.9989, 0, 128, 0, 2, Apprentice_Kafy_(Smithing)
P 161.0000, -227.0000, -191.9989, 0, 128, 0, 2, Apprentice_Garr_(Smithing)
P 174.0000, -200.0000, -191.9989, 0, 128, 0, 2, Master_Barkhem_(Smithing)
P -214.0000, 348.0000, -193.4535, 0, 128, 0, 2, Lajika_(Armor)
P -215.0000, -424.0000, -191.9989, 0, 128, 0, 2, Cook_Umek_(Baking)
P 478.0000, -270.0000, -191.9989, 0, 128, 0, 2, Larken_(Pottery)
P 478.0000, -285.0000, -191.9989, 0, 128, 0, 2, Nocia_(Smithing)
P 48.0000, 475.0000, -191.9989, 0, 128, 0, 2, Nejat_(Merchant)
P -408.0000, 401.0000, -193.4989, 0, 128, 0, 2, Rytan_(Fletching)
P -457.0000, 385.0000, -193.4576, 0, 128, 0, 2, Hokar_(Fletching)
P -216.0000, -454.0000, -191.9989, 0, 128, 0, 2, Jolod_Amulek_(General)
P 238.0000, 446.0000, -191.9989, 0, 128, 0, 2, Barkeep_Rawlf_(General)
P -239.0000, 348.0000, -193.4989, 0, 128, 0, 2, Kafal_(Armor)
P -49.9446, 182.1428, -191.9989, 0, 128, 0, 2, Qua_(Weapons)
P 495.0000, -255.0000, -191.9989, 0, 128, 0, 2, Jangle_(General)
P -505.8390, 351.3440, -193.4978, 0, 128, 0, 2, Mugdah_(Poison)
P 501.0000, 167.0000, -263.9989, 0, 128, 0, 2, Armorer_Nimij_(Weapons)
P 508.0000, -255.0000, -191.9989, 0, 128, 0, 2, Gherik_Alarhun_(Pottery)
P 278.0000, -485.0000, -191.9989, 0, 128, 0, 2, Melek_Haluur_(General)
P 28.0000, 475.0000, -191.9989, 0, 128, 0, 2, Jheral_(Merchant)
P 308.0000, 474.0000, -193.4989, 0, 128, 0, 2, Chogar_(Pottery)
P -318.2479, 344.9789, -186.1399, 0, 128, 0, 2, Gawra_(General)
P 32.0000, -230.0000, -191.6499, 0, 128, 0, 2, Fahaar_(Merchant)
P 32.0000, 233.0000, -191.9495, 0, 128, 0, 2, Katja_(Jewelcrafting)
P -37.0000, 497.0000, -193.4587, 0, 128, 0, 2, Kojik_(General)
P 371.0000, -216.0000, -191.9989, 0, 128, 0, 2, Uhlma_Mareesh_(Jewelcrafting)
P 371.0000, -305.0000, -191.9989, 0, 128, 0, 2, Jhimis_Khadwi_(Jewelcrafting)
P 375.0000, -307.0000, -167.3119, 0, 128, 0, 2, Jala_(Tailor)
P -385.0000, -409.0000, -193.4989, 0, 128, 0, 2, Supply_Sergeant_Ker`far_(Smithing)
P 4.0000, -246.0000, -191.8936, 0, 240, 0, 2, Merchant_Ayyad_(Raid_Merchant)
P 55.0000, -433.0000, -191.9989, 0, 128, 0, 2, Mahj_Hujara_(General)
P 55.0000, -495.0000, -193.1827, 0, 128, 0, 2, Golath_(General)
P -556.0000, 35.0000, -107.9989, 0, 128, 0, 2, Scribe_Imasan_(Bard_Songs)
P -558.0000, -29.0000, -107.9989, 0, 128, 0, 2, Scribe_Qualia_(Bard_Songs)
P -598.0000, 2.0000, -107.9989, 0, 128, 0, 2, Scribe_Tolniq_(Bard_Songs)
P -66.0000, -46.0000, -262.4989, 0, 128, 0, 2, Kanaad_(Alchemy)
P -69.0000, -126.0000, -191.9989, 0, 128, 0, 2, Almasa_(Tailor)
P -69.0000, -142.0000, -191.9989, 0, 128, 0, 2, Sharar_(Merchant)
P -71.0000, 119.0000, -191.9989, 0, 128, 0, 2, Hajika_(Baking)
P 79.0000, 474.0000, -193.1955, 0, 128, 0, 2, Kogar_(Weapons)
P -80.3129, -91.8657, -263.9988, 0, 128, 0, 2, Ritra_Icyclaw_(Berserker_Tomes)
P -119.0000, -444.0000, -192.7489, 0, 127, 0, 2, Supply_Master_Guresh_(Baking)
P -138.6699, 379.6059, -192.7489, 0, 0, 0, 2, Registar_Bindarah
P -48.0000, 83.0000, -191.9989, 0, 0, 0, 2, Tariid
P 457.6844, 295.9242, -191.9978, 0, 0, 0, 2, Tax_Collector_Khugra
P -488.0000, -52.0000, -167.9989, 0, 0, 0, 2, Ghula_(Soulbinder)
P -102.0000, -24.0000, -263.9989, 128, 128, 128, 2, Elder_Spiritist_Grawleh_(GM_Shaman)
P 255.0000, -192.0000, -250.4989, 128, 128, 128, 2, Master_Taruun_Rakutah_(GM_Rogue)
P -532.0000, -17.0000, -107.9989, 128, 128, 128, 2, Elder_Hymnist_Hortitosh_(GM_Bard)
P -50.3788, -65.4960, -262.4988, 128, 128, 128, 2, Vrasha_Piennsa_(GM_Berserker)
P 486.0000, 144.0000, -263.9989, 128, 128, 128, 2, High_Armsman_Trukhanah_(GM_Warrior)
P -48.0000, -275.0000, -262.4989, 128, 128, 128, 2, Animist_Poren_(GM_Beastlord)
P -136.0000, -44.0000, -262.4989, 128, 128, 128, 2, Fehril_(GM_Shaman)
P -216.0000, 379.0000, -144.7489, 128, 128, 128, 2, Elder_Scout_Kyth_Lar_(GM_Rogue)
P 502.8971, 238.5709, -191.9978, 255, 210, 0, 2, Banker_Kjarl_(Banker)
P -172.8921, 489.8982, -167.9978, 0, 0, 0, 2, Nytal_Lior
P -269.4472, 386.3149, -193.4978, 0, 127, 0, 2, Marduk_(General)
P -468.7415, 336.4892, -192.7478, 0, 0, 0, 2, Captain_Julim
P 39.7591, 396.7544, -167.9251, 0, 0, 0, 2, Tarrun_Sian
P -176.6212, 490.5557, -145.4978, 0, 0, 0, 2, Elder_Taruun_Ternq
P -198.8039, 390.9513, -191.9978, 0, 127, 0, 2, Jihli_Mahej_(General)
P -221.8973, 389.5305, -191.9978, 0, 127, 0, 2, Erat_Almar_(General)
P -235.4633, 388.6960, -191.9978, 0, 127, 0, 2, Ahahd_Tolm_(General)
P 284.8799, 461.1996, -167.9978, 0, 0, 0, 2, Khala_Dun_Welaar
P 293.0687, 478.5796, -167.9978, 0, 0, 0, 2, Khala_Dun_Quatan
P 230.3258, 456.0535, -192.4305, 0, 0, 0, 2, Emil_Widgetton
P 585.6578, 153.2646, -192.4305, 0, 240, 0, 2, Laanas_Sejiir_(Parcels)
P 492.1921, 293.0999, -191.9978, 0, 240, 0, 2, Khala_Dun_Kerak_(Parcels)
P 497.4286, 34.9963, -180.7622, 0, 0, 0, 2, Veteran_Azamin
P 650.1508, -6.7167, -180.7622, 0, 0, 0, 2, General_Keraj
P 669.3692, -0.0975, -180.7622, 0, 0, 0, 2, High_Spiritist_Jimuul
P 648.1094, 7.9659, -180.7622, 0, 0, 0, 2, Pathmaster_Kharin
P 266.3210, -268.9234, -169.4978, 0, 0, 0, 2, Khati_Sha_Jaarin
P 282.5350, -492.2573, -167.9978, 0, 0, 0, 2, Mignah_Cahru
P 261.3053, -484.2522, -167.9978, 0, 0, 0, 2, Khati_Sha_Marook
P 334.5426, -453.4898, -187.4978, 0, 0, 0, 2, Jharin_Taani
P -141.6666, -411.2144, -193.4565, 0, 127, 0, 2, Kyala_(General)
P -106.4148, -338.2595, -193.4978, 0, 127, 0, 2, Lyjak_(Tailoring)
P -198.7477, -419.2534, -167.9978, 0, 0, 0, 2, Ahjiq_Mumir
P -193.0570, -456.2923, -167.8925, 0, 0, 0, 2, Khala_Dun_Rorya
P -303.2386, -450.4218, -192.7478, 0, 0, 0, 2, Scout_Faarni
P -319.4668, -462.2769, -192.7478, 0, 0, 0, 2, Scout_Lijo
P -327.2219, -448.7239, -192.7478, 0, 0, 0, 2, Fharra_Cawfeet
P -376.9572, -463.6551, -192.7478, 0, 0, 0, 2, Scout_Irumo
P -337.1180, -350.9689, -192.7478, 0, 0, 0, 2, Delival
P -439.7858, -354.7471, -191.9978, 0, 0, 0, 2, Khala_Dun_Faalym
P 144.6161, -4.9878, -185.9978, 0, 0, 0, 2, Spiritist_Garig
P -91.1116, 131.4639, -191.8719, 0, 0, 0, 2, Hymnist_Gawfed
P -183.4057, 210.0739, -191.8605, 0, 0, 0, 2, Warder_Keeper_Jyk
P -124.8285, 260.2588, -189.6627, 0, 0, 0, 2, Kaam_Rahiir
P -103.4974, -122.7077, -190.8885, 0, 0, 0, 2, Rahamin_Kerrath
P -55.0705, -225.9754, -191.9978, 0, 0, 0, 2, Historian_Jiira
P -171.1401, -246.9717, -191.8151, 0, 0, 0, 2, Amat_Iuziq
P -570.4744, -5.0306, -164.9978, 0, 0, 0, 2, King_Raja_Kerrath
P -422.8839, 133.7729, -167.9978, 0, 0, 0, 2, Shroyer
P -448.1054, 167.4731, -167.9978, 0, 127, 0, 2, Cook_Yalkiin_(Baking)
P -445.1366, 149.1635, -167.9978, 0, 127, 0, 2, Cook_Mylis_(Baking)
P -508.8274, 128.8985, -106.3152, 0, 0, 0, 2, Elder_Veteran_Muhrak
P -467.0699, 165.1945, -106.4978, 0, 0, 0, 2, Elder_Animist_Muada
P 547.7382, -191.5581, -239.9978, 0, 0, 0, 2, Gendalic
P -503.3194, 23.3995, -103.4978, 0, 0, 0, 2, Jharin_Apprentice_Ymina
P -504.1683, -12.3285, -103.4978, 0, 0, 0, 2, Jharin_Kiliik
P -384.4251, 225.8393, -84.3405, 0, 0, 0, 2, Nayantara_Tarana
P -457.3471, 35.1182, -101.1863, 0, 0, 0, 2, Seer_Jafik
P -443.9869, -40.0750, -103.9039, 0, 0, 0, 2, Spiritcaller_Gaarus
P -514.8379, -141.0210, -106.4978, 0, 0, 0, 2, Paruh_Milin
P -526.8086, -134.4287, -106.4978, 0, 0, 0, 2, Yhlia_Gazeehr
P -493.1369, -142.0817, -106.4978, 0, 0, 0, 2, Carih_Namij
P -482.0651, -130.0183, -106.4978, 0, 0, 0, 2, Jihli_Namij
P -501.8211, -116.9050, -101.8455, 0, 0, 0, 2, Maera_Kerrath
P -486.5909, 16.5402, -167.9978, 0, 0, 0, 2, Khala_Dun_Fareed
P -580.4561, 32.7550, -164.9978, 0, 0, 0, 2, Liorra_Sha_Kerrath
P -580.1160, -35.5554, -164.9978, 0, 0, 0, 2, Soroush_Koroun
P -509.7830, -31.5004, -167.9978, 0, 240, 0, 2, Minna_Helo_(Tribute)
P -590.8535, -169.7960, -178.4978, 0, 0, 0, 2, Kalila_Talih
P -122.3534, -128.9558, -251.9978, 0, 0, 0, 2, Danala_Valith
P -132.2559, -144.5539, -251.9978, 0, 127, 0, 2, a_spell_research_merchant_(Research)
P -77.8924, -129.5311, -251.9978, 0, 127, 0, 2, Scribe_Gefna_(Beastlord_Spells)
P -74.0813, -139.5178, -251.9978, 0, 127, 0, 2, Scribe_Grawl_(Shaman_Spells)
P -74.0811, -150.2864, -251.9978, 0, 127, 0, 2, Scribe_Dav_(Shaman_Spells)
P -74.0813, -160.4530, -251.9978, 0, 127, 0, 2, Scribe_Shiara_(Shaman_Spells)
P -110.6433, -211.6955, -251.9978, 0, 127, 0, 2, Scribe_Mojir_(Shaman_Spells)
P -121.2525, -213.9205, -251.9978, 0, 127, 0, 2, Scribe_Lar_(Shaman_Spells)
P -132.7030, -213.9184, -251.9978, 0, 127, 0, 2, Scribe_Natji_(Shaman_Spells)
P -87.7476, -307.0163, -263.9977, 127, 127, 127, 2, Elder_Animist_Sahdi_(GM_Beastlord)
P -107.4260, -321.2828, -263.9977, 0, 0, 0, 2, Elder_Animist_Dumul
P -126.0648, -290.7556, -262.4977, 0, 0, 0, 2, Khati_Sha_Mylia
P -63.0964, -79.1570, -262.4977, 0, 0, 0, 2, Pashir_Vollemon
P -116.8626, -89.3487, -263.9977, 0, 0, 0, 2, Jaima_Seyel
P 340.8796, -189.1469, -250.4978, 0, 127, 127, 2, Poison_Master_Ajik_(Poison_Tasks)
P 325.3115, -225.0629, -251.9978, 0, 0, 0, 2, Elam_Arruk
P 277.5212, -158.8785, -251.9978, 0, 0, 0, 2, Poekie_Raraesh
P 641.8346, -35.4075, -216.7622, 0, 0, 0, 2, Alchemist_Kotahl
P 648.7675, 36.4646, -216.7622, 0, 0, 0, 2, Arms_Researcher_Saulgan
P 631.0507, 35.8168, -216.7622, 0, 127, 127, 2, Weapons_Master_Wygans_(Quests)
P 535.5482, 104.9126, -262.4977, 0, 0, 0, 2, Waspons_Master_Rahoul
P 676.8313, 106.5681, -191.9978, 0, 0, 0, 2, Animist_Mahron_Sood
P 399.9207, 267.6223, -191.9978, 0, 127, 0, 2, Val_(Alchemy)
P 395.7242, 254.6383, -191.9978, 0, 127, 0, 2, Mydi_Darjik_(Alchemy)
P 384.0714, 255.0664, -191.9978, 0, 127, 0, 2, Daima_Darjik_(Alchemy)
P 359.4305, 254.1664, -191.9978, 0, 127, 0, 2, Feroz_(Alchemy)
P 351.7055, 252.0283, -191.9978, 0, 127, 0, 2, Jaleh_(Alchemy)
P 352.7577, 263.4643, -191.9978, 0, 127, 0, 2, Nari_Darjik_(Alchemy)
P 365.5904, 263.6198, -191.9978, 0, 127, 0, 2, Spiritist_Ragnar_(Alchemy)
P 377.0972, 264.1263, -191.9978, 0, 127, 0, 2, Alchemist_Hikal_(General)
P 204.6985, 265.7996, -191.9978, 0, 0, 0, 2, Amgah_Siman
P 194.1646, 244.8330, -191.9978, 0, 127, 0, 2, Jakhal_(General)
P 216.5980, 239.7003, -191.9978, 0, 127, 0, 2, Kahala_(General)
P 171.3173, 201.5228, -191.9978, 0, 127, 0, 2, Brewer_Mikkis_(Brewing)
P 228.2116, 210.3829, -191.9978, 0, 127, 0, 2, Brewmaster_Hizier_(Brewing)
P 166.9739, 278.6673, -191.9978, 0, 127, 0, 2, Laoise_Warrite_(Mercenary_Liaison)
P 180.1754, 274.1986, -191.9978, 0, 127, 0, 2, Marcas_Warrite_(Mercenary_Liaison)
P 92.0454, 15.9110, -185.9978, 0, 0, 0, 2, Spiritist__Siason
P 94.6956, -11.3978, -185.9978, 0, 0, 0, 2, Spiritist_Omosh
P 188.6739, -248.4283, -193.4978, 0, 0, 0, 2, Kagazz
P 209.6321, -281.9595, -169.4978, 0, 0, 0, 2, Friaz_Ompir
P 207.4166, -192.1676, -169.4978, 0, 0, 0, 2, Armsman_Khaigesh
P 326.8946, -312.9209, -191.9978, 0, 127, 0, 2, Arrin_Murij_(Satchels)
P 308.3271, -312.9185, -191.9978, 0, 127, 0, 2, Brokh_(Baking)
P 280.5844, -312.4160, -191.9978, 0, 127, 0, 2, Salla_(Brewing)
P 256.8322, -312.1547, -191.9978, 0, 127, 0, 2, Gamouz_(Baking)
P 374.1775, -237.1380, -169.4978, 0, 127, 0, 2, Sele_(Tailoring)
P 351.6663, -305.3002, -169.4978, 0, 0, 0, 2, Kery_Miann
P 288.5330, -460.9139, -191.9978, 0, 0, 0, 2, Khala_Dun_Maluki
P 305.5333, -486.9687, -191.9978, 0, 0, 0, 2, Khala_Dun_Jhiniam
P 236.9928, -452.5944, -167.9978, 0, 127, 0, 2, Gemcrafter_Solus_(Melee_Augs)
P 27.3105, -380.8909, -191.9444, 0, 0, 0, 2, Khala_Dun_Alferi
P 19.5870, -349.1266, -191.9978, 0, 127, 0, 2, Jharia_Talmil_(General)
P 40.3348, -345.6998, -191.9978, 0, 127, 0, 2, Ulman_Talmil_(General)
P -139.9893, -454.5281, -193.4978, 0, 127, 0, 2, Pardak_(Armor)
P -233.5719, -424.3335, -191.9978, 0, 0, 0, 2, Dar_Khura_Aylin
P -247.7405, -456.2364, -191.9978, 0, 0, 0, 2, Khala_Dun_Gurish
P -276.9132, -435.2322, -187.4978, 0, 0, 0, 2, Lorekeeper_Ayriik
P -280.4476, -457.4141, -187.4978, 0, 0, 0, 2, Jharin_Hajka
P -52.0600, 253.5163, -191.9978, 0, 0, 0, 2, Dronqam_Runghi
P 322.5292, 470.4640, -193.4978, 0, 0, 0, 2, Hana_Sulm
P 210.3502, 456.0175, -193.4978, 0, 127, 127, 2, Khala_Dun_Erelk_(Task_Master)
P 197.6572, 457.2656, -193.4978, 0, 127, 127, 2, Animist_Simol_(Task_Master)
P 248.7348, 457.6781, -192.4305, 0, 0, 0, 2, Aljuum_Mohim
P 78.8870, 420.5543, -193.4978, 0, 0, 0, 2, Taruun_Guard_Imil
P 36.8315, 406.6803, -191.9978, 128, 0, 128, 2, Oven
P 53.5010, 405.7139, -191.9978, 0, 127, 0, 2, Mess_Cook_Azur_(General)
P 13.8353, 406.4380, -191.9978, 0, 127, 0, 2, Mess_Cook_Pyjik_(General)
P -14.6666, 421.9957, -193.4978, 0, 127, 127, 2, Taruun_Galorg_(Task_Master)
P -69.9726, 407.9107, -193.4978, 0, 0, 0, 2, Harbin_Gernawl
P -208.5911, 419.1302, -191.9283, 0, 0, 0, 2, Sergeant_Abaar
P -230.7366, 418.8342, -191.9978, 0, 0, 0, 2, Taruun_Jaur
P -213.1934, 471.1536, -191.9120, 0, 0, 0, 2, Taruun_Arek
P -240.8791, 483.8342, -191.9978, 0, 0, 0, 2, Taruun_Olmek
P -368.1555, 357.9282, -191.9363, 0, 0, 0, 2, Animist_Gazin
P -356.1423, 383.6298, -191.9978, 0, 0, 0, 2, Scout_Andur
P -357.7648, 337.2788, -187.4978, 0, 0, 0, 2, Jharin_Niejan
P -390.9092, 387.2926, -191.9978, 0, 127, 0, 2, Barkeep_Babagyn_(General)
P -376.6166, 413.1088, -167.9978, 0, 0, 0, 2, Dar_Khura_Jeruk
P -393.2085, 414.0789, -167.9978, 0, 0, 0, 2, Khati_Sha_Guraat
P -384.8562, 382.2773, -167.9978, 0, 0, 0, 2, Dar_Khura_Hylaar
P -503.2462, 363.2218, -193.4978, 0, 127, 0, 2, Eoin_(Poison)
P -504.6969, 334.3251, -193.4978, 0, 127, 0, 2, Blathnat_(Poison)
P 0.1749, 427.7209, -167.9978, 0, 0, 0, 2, Animist_Imotmeh
P -15.7477, 371.9207, -169.4978, 0, 0, 0, 2, Taruun_Arok
P 3.6693, -446.4764, -167.9978, 0, 0, 0, 2, Barracks_Guard_Myrik
P -254.7914, -377.5883, -193.4316, 0, 127, 0, 2, Garl_(Armor)
P -346.2038, -353.9574, -169.4978, 0, 0, 0, 2, Honor_Guard_Siiv
P -393.6493, -357.9857, -145.4978, 0, 0, 0, 2, Honor_Guard_Ishouz
P -237.3195, -473.5240, -145.4978, 0, 0, 0, 2, Noril_Galoon
P -816.8396, -94.2526, -190.1817, 0, 0, 0, 2, Taruun_Guardian_Maliij
P -778.2241, -62.9152, -192.7612, 0, 0, 0, 2, Instructor_Mussin
P -660.6907, -39.8263, -192.7622, 0, 0, 0, 2, Sergeant_Kjesh
P -743.1547, 32.9119, -192.7622, 0, 0, 0, 2, Firewatch_Shahari
P -787.0442, 55.4076, -193.4302, 0, 0, 0, 2, Instructor_Boriq
P -733.5895, -64.9897, -192.7622, 0, 0, 0, 2, Firewatch_Kargan
P -868.9727, -13.7402, -358.4759, 127, 64, 0, 2, Tailfang_(Hunter,Roam)
P 14.9593, 1128.6845, -222.5565, 0, 0, 0, 2, Taruun_Jhilia
P 675.4229, -152.2671, -235.3439, 0, 0, 0, 2, Guard_Jabbar
P -136.1953, 1120.1331, -191.2400, 0, 127, 127, 2, Khala_Dun_Bokh_(Quests)
P -838.5481, 464.5826, -357.4296, 127, 64, 0, 2, Wiggle_(Hunter,Roam)
P -19.8422, 420.2580, -192.7390, 0, 240, 240, 2, Sergeant_Hujiid_(Raids,Missions)
P 302.0839, -450.2128, -145.5122, 0, 127, 127, 2, Pathmaster_Shainai_(Quests)
P 101.8501, 456.1932, -194.2622, 0, 0, 0, 2, Colwell_Emtray_(Oresco_Hunters)
P 796.1195, 793.3222, -295.9730, 0, 0, 0, 2, Pit_Guard_Abdar
P -434.1836, -379.2047, -143.6354, 0, 0, 0, 2, General_Arulk
P -433.0344, 586.0144, -189.4975, 0, 0, 0, 2, Tarrun_Rolom
P -663.6193, 6.3602, -192.7622, 0, 0, 0, 2, Captain_Aranji
P 584.1724, -135.4392, -239.1149, 0, 0, 0, 2, Guard_Arjin
P 546.3592, -121.2510, -239.0169, 0, 0, 0, 2, Loda_Kai
P 347.3418, 211.5243, -168.6898, 0, 127, 0, 2, Dar_Khura_Ahmh_(Shaman_Spells)
P 394.8209, 223.1087, -168.6871, 0, 127, 127, 2, Dar_Khura_Hamat_(Quests)
P -1089.3747, -213.4086, -362.4059, 0, 0, 240, 1, GS:_Grimling_Horde_Report
P 681.1049, -378.5320, -367.0536, 127, 64, 0, 2, Crimsonclaw_(Hunter)
P -597.0528, -359.9294, -355.2528, 127, 64, 0, 2, Gheg_Gorespit_(Hunter)
P 645.7683, 375.3518, -356.6814, 127, 64, 0, 2, Toraji,_Korath`s_Warder_(Hunter)
P -733.3742, -737.2378, -353.9792, 127, 64, 0, 2, Gheg_Gorespit_(Hunter)
P 721.7667, 540.0980, -362.3611, 127, 64, 0, 2, Toraji,_Korath`s_Warder_(Hunter,Roam)
P -1535.5712, -200.6673, -375.5920, 127, 64, 0, 2, Geerot_Stabgut_(Hunter)
P 1091.5749, -676.3284, -364.6913, 127, 64, 0, 2, Crimsonclaw_(Hunter)
P 1199.7775, -182.8359, -361.6111, 127, 64, 0, 2, Kurati_the_Feral_(Hunter)
P -561.7501, -570.3269, -330.3198, 240, 240, 240, 1, .
P 798.8946, -170.0997, -368.1636, 240, 240, 240, 1, .
P -169.7604, 620.9398, -359.4027, 240, 240, 240, 1, .
