L 1000.0, 0.0, 0.0, 1000.0, -50.0, 0.0, 255, 0, 0
L -20.0, 50.0, 0.0, -50.0, 20.0, 0.0, 255, 0, 0
L 50.0, 20.0, 0.0, 20.0, 50.0, 0.0, 255, 0, 0
L 20.0, -50.0, 0.0, 50.0, -20.0, 0.0, 255, 0, 0
L -50.0, -20.0, 0.0, -20.0, -50.0, 0.0, 255, 0, 0
L -50.0, 20.0, 0.0, -50.0, -20.0, 0.0, 255, 0, 0
L 20.0, 50.0, 0.0, -20.0, 50.0, 0.0, 255, 0, 0
L 50.0, -20.0, 0.0, 50.0, 20.0, 0.0, 255, 0, 0
L -20.0, -50.0, 0.0, 20.0, -50.0, 0.0, 255, 0, 0
L 580.0, -20.0, 0.0, 540.0, -20.0, 0.0, 255, 0, 0
L 580.0, -90.0, 0.0, 580.0, -20.0, 0.0, 255, 0, 0
L 540.0, -90.0, 0.0, 580.0, -90.0, 0.0, 255, 0, 0
L 540.0, -20.0, 0.0, 540.0, -90.0, 0.0, 255, 0, 0
L 520.0, -20.0, 0.0, 480.0, -20.0, 0.0, 255, 0, 0
L 520.0, -90.0, 0.0, 520.0, -20.0, 0.0, 255, 0, 0
L 480.0, -90.0, 0.0, 520.0, -90.0, 0.0, 255, 0, 0
L 480.0, -20.0, 0.0, 480.0, -90.0, 0.0, 255, 0, 0
L 460.0, -90.0, 0.0, 450.0, -80.0, 0.0, 255, 0, 0
L 460.0, -20.0, 0.0, 460.0, -90.0, 0.0, 255, 0, 0
L 0.0, -250.0, 0.0, 0.0, 250.0, 0.0, 255, 0, 0
L -250.0, 0.0, 0.0, 1000.0, 0.0, 0.0, 255, 0, 0
L -120.0, -80.0, 0.0, -120.0, -60.0, 0.0, 255, 0, 0
L -120.0, -60.0, 0.0, -120.0, -40.0, 0.0, 255, 0, 0
L -100.0, -60.0, 0.0, -120.0, -60.0, 0.0, 255, 0, 0
L -120.0, -60.0, 0.0, -140.0, -60.0, 0.0, 255, 0, 0
L -90.0, -50.0, 0.0, -100.0, -30.0, 0.0, 255, 0, 0
L -60.0, -80.0, 0.0, -60.0, -60.0, 0.0, 255, 0, 0
L -60.0, -60.0, 0.0, -60.0, -40.0, 0.0, 255, 0, 0
L -40.0, -60.0, 0.0, -60.0, -60.0, 0.0, 255, 0, 0
L -60.0, -60.0, 0.0, -80.0, -60.0, 0.0, 255, 0, 0
L 100.0, 60.0, 0.0, 120.0, 60.0, 0.0, 255, 0, 0
L 120.0, 60.0, 0.0, 140.0, 60.0, 0.0, 255, 0, 0
L 90.0, 70.0, 0.0, 80.0, 90.0, 0.0, 255, 0, 0
L 40.0, 60.0, 0.0, 60.0, 60.0, 0.0, 255, 0, 0
L 60.0, 60.0, 0.0, 80.0, 60.0, 0.0, 255, 0, 0
L -100.0, 60.0, 0.0, -120.0, 60.0, 0.0, 255, 0, 0
L -120.0, 60.0, 0.0, -140.0, 60.0, 0.0, 255, 0, 0
L -90.0, 70.0, 0.0, -100.0, 90.0, 0.0, 255, 0, 0
L -60.0, 80.0, 0.0, -60.0, 60.0, 0.0, 255, 0, 0
L -60.0, 60.0, 0.0, -60.0, 40.0, 0.0, 255, 0, 0
L -40.0, 60.0, 0.0, -60.0, 60.0, 0.0, 255, 0, 0
L -60.0, 60.0, 0.0, -80.0, 60.0, 0.0, 255, 0, 0
L 100.0, -60.0, 0.0, 120.0, -60.0, 0.0, 255, 0, 0
L 120.0, -60.0, 0.0, 140.0, -60.0, 0.0, 255, 0, 0
L 90.0, -50.0, 0.0, 80.0, -30.0, 0.0, 255, 0, 0
L 60.0, -80.0, 0.0, 60.0, -60.0, 0.0, 255, 0, 0
L 60.0, -60.0, 0.0, 60.0, -40.0, 0.0, 255, 0, 0
L 40.0, -60.0, 0.0, 60.0, -60.0, 0.0, 255, 0, 0
L 60.0, -60.0, 0.0, 80.0, -60.0, 0.0, 255, 0, 0
L 599.0, -90.0, 0.0, 637.3, -90.0, 0.0, 255, 0, 0
L 599.0, -20.0, 0.0, 637.3, -20.0, 0.0, 255, 0, 0
L 599.0, -90.0, 0.0, 599.0, -20.0, 0.0, 255, 0, 0
L 637.3, -90.0, 0.0, 637.3, -20.0, 0.0, 255, 0, 0
L 300, 400, 0, 300, 460, 0, 0, 0, 0
L 340, 460, 0, 300, 460, 0, 0, 0, 0
L 360, 430, 0, 390, 430, 0, 0, 0, 0
L 360, 460, 0, 390, 460, 0, 0, 0, 0
L 360, 400, 0, 360, 460, 0, 0, 0, 0
L 390, 400, 0, 360, 400, 0, 0, 0, 0
L 440, 460, 0, 410, 460, 0, 0, 0, 0
L 410, 400, 0, 440, 400, 0, 0, 0, 0
L 410, 460, 0, 410, 400, 0, 0, 0, 0
L 440, 460, 0, 440, 430, 0, 0, 0, 0
L 440, 430, 0, 420, 430, 0, 0, 0, 0
L 460, 430, 0, 490, 430, 0, 0, 0, 0
L 460, 460, 0, 490, 460, 0, 0, 0, 0
L 460, 400, 0, 460, 460, 0, 0, 0, 0
L 490, 400, 0, 460, 400, 0, 0, 0, 0
L 540, 460, 0, 540, 400, 0, 0, 0, 0
L 510, 400, 0, 540, 460, 0, 0, 0, 0
L 510, 460, 0, 510, 400, 0, 0, 0, 0
L 570, 460, 0, 570, 400, 0, 0, 0, 0
L 580, 460, 0, 560, 460, 0, 0, 0, 0
L 590, 430, 0, 580, 460, 0, 0, 0, 0
L 580, 400, 0, 590, 430, 0, 0, 0, 0
L 560, 400, 0, 580, 400, 0, 0, 0, 0
L 300, 570, 0, 360, 570, 0, 0, 0, 0
L 300, 490, 0, 360, 490, 0, 0, 0, 0
L 330, 543, 0, 330, 517, 0, 205, 133, 63
L 360, 570, 0, 420, 570, 0, 0, 0, 0
L 360, 570, 0, 360, 543, 0, 205, 133, 63
L 330, 543, 0, 390, 543, 0, 205, 133, 63
L 330, 517, 0, 360, 517, 0, 205, 133, 63
L 360, 517, 0, 390, 517, 0, 205, 133, 63
L 360, 490, 0, 420, 490, 0, 0, 0, 0
L 360, 517, 0, 360, 490, 0, 205, 133, 63
L 390, 543, 0, 390, 517, 0, 205, 133, 63
L 470, 560, 0, 470, 500, 0, 0, 0, 0
L 480, 560, 0, 460, 560, 0, 0, 0, 0
L 490, 530, 0, 480, 560, 0, 0, 0, 0
L 480, 500, 0, 490, 530, 0, 0, 0, 0
L 460, 500, 0, 480, 500, 0, 0, 0, 0
L 510, 500, 0, 540, 500, 0, 0, 0, 0
L 510, 560, 0, 540, 560, 0, 0, 0, 0
L 510, 500, 0, 510, 560, 0, 0, 0, 0
L 540, 500, 0, 540, 560, 0, 0, 0, 0
L 560, 500, 0, 590, 500, 0, 0, 0, 0
L 560, 560, 0, 590, 560, 0, 0, 0, 0
L 560, 500, 0, 560, 560, 0, 0, 0, 0
L 590, 500, 0, 590, 560, 0, 0, 0, 0
L 610, 500, 0, 610, 530, 0, 0, 0, 0
L 610, 530, 0, 610, 560, 0, 0, 0, 0
L 610, 530, 0, 630, 530, 0, 0, 0, 0
L 650, 530, 0, 650, 500, 0, 0, 0, 0
L 610, 500, 0, 650, 500, 0, 0, 0, 0
L 630, 530, 0, 650, 530, 0, 0, 0, 0
L 650, 560, 0, 630, 530, 0, 0, 0, 0
L 300, 610, 0, 300, 640, 0, 255, 210, 0
L 300, 610, 0, 320, 610, 0, 255, 210, 0
L 320, 670, 0, 300, 670, 0, 255, 210, 0
L 300, 640, 0, 300, 670, 0, 255, 210, 0
L 320, 640, 0, 300, 640, 0, 255, 210, 0
L 320, 640, 0, 340, 625, 0, 255, 210, 0
L 320, 610, 0, 340, 625, 0, 255, 210, 0
L 320, 640, 0, 340, 655, 0, 255, 210, 0
L 340, 655, 0, 320, 670, 0, 255, 210, 0
L 370, 640, 0, 390, 640, 0, 255, 210, 0
L 380, 610, 0, 400, 670, 0, 255, 210, 0
L 360, 670, 0, 380, 610, 0, 255, 210, 0
L 450, 670, 0, 450, 610, 0, 255, 210, 0
L 420, 610, 0, 450, 670, 0, 255, 210, 0
L 420, 670, 0, 420, 610, 0, 255, 210, 0
L 470, 610, 0, 470, 640, 0, 255, 210, 0
L 470, 640, 0, 470, 670, 0, 255, 210, 0
L 470, 640, 0, 510, 670, 0, 255, 210, 0
L 470, 640, 0, 510, 610, 0, 255, 210, 0
L 530, 640, 0, 560, 640, 0, 255, 210, 0
L 530, 670, 0, 560, 670, 0, 255, 210, 0
L 530, 610, 0, 530, 670, 0, 255, 210, 0
L 560, 610, 0, 530, 610, 0, 255, 210, 0
L 580, 610, 0, 580, 640, 0, 255, 210, 0
L 580, 640, 0, 580, 670, 0, 255, 210, 0
L 580, 640, 0, 600, 640, 0, 255, 210, 0
L 620, 640, 0, 620, 610, 0, 255, 210, 0
L 580, 610, 0, 620, 610, 0, 255, 210, 0
L 600, 640, 0, 620, 640, 0, 255, 210, 0
L 620, 670, 0, 600, 640, 0, 255, 210, 0
L 330, 760, 0, 300, 760, 0, 255, 255, 255
L 300, 700, 0, 330, 700, 0, 255, 255, 255
L 300, 760, 0, 300, 700, 0, 255, 255, 255
L 350, 700, 0, 380, 700, 0, 255, 255, 255
L 350, 760, 0, 380, 760, 0, 255, 255, 255
L 350, 700, 0, 350, 760, 0, 255, 255, 255
L 380, 700, 0, 380, 760, 0, 255, 255, 255
L 440, 700, 0, 440, 760, 0, 255, 255, 255
L 420, 730, 0, 440, 700, 0, 255, 255, 255
L 400, 700, 0, 420, 730, 0, 255, 255, 255
L 400, 760, 0, 400, 700, 0, 255, 255, 255
L 500, 700, 0, 500, 760, 0, 255, 255, 255
L 480, 730, 0, 500, 700, 0, 255, 255, 255
L 460, 700, 0, 480, 730, 0, 255, 255, 255
L 460, 760, 0, 460, 700, 0, 255, 255, 255
L 520, 730, 0, 550, 730, 0, 255, 255, 255
L 520, 760, 0, 550, 760, 0, 255, 255, 255
L 520, 700, 0, 520, 760, 0, 255, 255, 255
L 550, 700, 0, 520, 700, 0, 255, 255, 255
L 600, 760, 0, 600, 700, 0, 255, 255, 255
L 570, 700, 0, 600, 760, 0, 255, 255, 255
L 570, 760, 0, 570, 700, 0, 255, 255, 255
L 640, 700, 0, 640, 760, 0, 255, 255, 255
L 620, 700, 0, 660, 700, 0, 255, 255, 255
L 330, 850, 0, 300, 850, 0, 0, 0, 0
L 300, 790, 0, 330, 790, 0, 0, 0, 0
L 300, 850, 0, 300, 790, 0, 0, 0, 0
L 330, 850, 0, 330, 820, 0, 0, 0, 0
L 330, 820, 0, 310, 820, 0, 0, 0, 0
L 350, 820, 0, 380, 820, 0, 0, 0, 0
L 350, 850, 0, 380, 850, 0, 0, 0, 0
L 350, 790, 0, 350, 850, 0, 0, 0, 0
L 380, 790, 0, 350, 790, 0, 0, 0, 0
L 430, 850, 0, 430, 790, 0, 0, 0, 0
L 400, 790, 0, 430, 850, 0, 0, 0, 0
L 400, 850, 0, 400, 790, 0, 0, 0, 0
L 450, 820, 0, 480, 820, 0, 0, 0, 0
L 450, 850, 0, 480, 850, 0, 0, 0, 0
L 450, 790, 0, 450, 850, 0, 0, 0, 0
L 480, 790, 0, 450, 790, 0, 0, 0, 0
L 500, 790, 0, 500, 820, 0, 0, 0, 0
L 500, 820, 0, 500, 850, 0, 0, 0, 0
L 500, 820, 0, 520, 820, 0, 0, 0, 0
L 540, 820, 0, 540, 790, 0, 0, 0, 0
L 500, 790, 0, 540, 790, 0, 0, 0, 0
L 520, 820, 0, 540, 820, 0, 0, 0, 0
L 540, 850, 0, 520, 820, 0, 0, 0, 0
L 570, 820, 0, 590, 820, 0, 0, 0, 0
L 580, 790, 0, 600, 850, 0, 0, 0, 0
L 560, 850, 0, 580, 790, 0, 0, 0, 0
L 620, 790, 0, 620, 850, 0, 0, 0, 0
L 660, 850, 0, 620, 850, 0, 0, 0, 0
L 330, 940, 0, 300, 940, 0, 0, 0, 255
L 300, 880, 0, 330, 880, 0, 0, 0, 255
L 300, 940, 0, 300, 880, 0, 0, 0, 255
L 330, 940, 0, 330, 910, 0, 0, 0, 255
L 330, 910, 0, 310, 910, 0, 0, 0, 255
L 350, 880, 0, 350, 910, 0, 0, 0, 255
L 350, 910, 0, 350, 940, 0, 0, 0, 255
L 350, 910, 0, 370, 910, 0, 0, 0, 255
L 390, 910, 0, 390, 880, 0, 0, 0, 255
L 350, 880, 0, 390, 880, 0, 0, 0, 255
L 370, 910, 0, 390, 910, 0, 0, 0, 255
L 390, 940, 0, 370, 910, 0, 0, 0, 255
L 410, 880, 0, 440, 880, 0, 0, 0, 255
L 410, 940, 0, 440, 940, 0, 0, 0, 255
L 410, 880, 0, 410, 940, 0, 0, 0, 255
L 440, 880, 0, 440, 940, 0, 0, 0, 255
L 500, 880, 0, 500, 940, 0, 0, 0, 255
L 460, 880, 0, 460, 940, 0, 0, 0, 255
L 460, 940, 0, 500, 940, 0, 0, 0, 255
L 550, 940, 0, 550, 880, 0, 0, 0, 255
L 520, 880, 0, 550, 940, 0, 0, 0, 255
L 520, 940, 0, 520, 880, 0, 0, 0, 255
L 580, 940, 0, 580, 880, 0, 0, 0, 255
L 590, 940, 0, 570, 940, 0, 0, 0, 255
L 600, 910, 0, 590, 940, 0, 0, 0, 255
L 590, 880, 0, 600, 910, 0, 0, 0, 255
L 570, 880, 0, 590, 880, 0, 0, 0, 255
L 680, 880, 0, 680, 910, 0, 0, 0, 255
L 680, 940, 0, 720, 940, 0, 0, 0, 255
L 720, 910, 0, 680, 910, 0, 0, 0, 255
L 680, 880, 0, 720, 880, 0, 0, 0, 255
L 720, 910, 0, 720, 940, 0, 0, 0, 255
L 770, 910, 0, 740, 910, 0, 0, 0, 255
L 770, 880, 0, 770, 910, 0, 0, 0, 255
L 740, 880, 0, 770, 880, 0, 0, 0, 255
L 740, 940, 0, 740, 880, 0, 0, 0, 255
L 800, 910, 0, 820, 910, 0, 0, 0, 255
L 810, 880, 0, 830, 940, 0, 0, 0, 255
L 790, 940, 0, 810, 880, 0, 0, 0, 255
L 880, 940, 0, 890, 880, 0, 0, 0, 255
L 870, 910, 0, 880, 940, 0, 0, 0, 255
L 860, 940, 0, 870, 910, 0, 0, 0, 255
L 850, 880, 0, 860, 940, 0, 0, 0, 255
L 940, 940, 0, 940, 880, 0, 0, 0, 255
L 910, 880, 0, 940, 940, 0, 0, 0, 255
L 910, 940, 0, 910, 880, 0, 0, 0, 255
L 330, 1030, 0, 300, 1030, 0, 128, 128, 128
L 300, 970, 0, 330, 970, 0, 128, 128, 128
L 300, 1030, 0, 300, 970, 0, 128, 128, 128
L 330, 1030, 0, 330, 1000, 0, 128, 128, 128
L 330, 1000, 0, 310, 1000, 0, 128, 128, 128
L 390, 970, 0, 390, 1030, 0, 128, 128, 128
L 350, 970, 0, 350, 1030, 0, 128, 128, 128
L 350, 1030, 0, 390, 1030, 0, 128, 128, 128
L 410, 970, 0, 410, 1030, 0, 128, 128, 128
L 430, 970, 0, 430, 1030, 0, 128, 128, 128
L 470, 1030, 0, 430, 1030, 0, 128, 128, 128
L 500, 1030, 0, 500, 970, 0, 128, 128, 128
L 510, 1030, 0, 490, 1030, 0, 128, 128, 128
L 520, 1000, 0, 510, 1030, 0, 128, 128, 128
L 510, 970, 0, 520, 1000, 0, 128, 128, 128
L 490, 970, 0, 510, 970, 0, 128, 128, 128
L 640, 970, 0, 640, 1030, 0, 128, 128, 128
L 620, 1000, 0, 640, 970, 0, 128, 128, 128
L 600, 970, 0, 620, 1000, 0, 128, 128, 128
L 600, 1030, 0, 600, 970, 0, 128, 128, 128
L 670, 1000, 0, 690, 1000, 0, 128, 128, 128
L 680, 970, 0, 700, 1030, 0, 128, 128, 128
L 660, 1030, 0, 680, 970, 0, 128, 128, 128
L 720, 970, 0, 720, 1000, 0, 128, 128, 128
L 720, 1030, 0, 760, 1030, 0, 128, 128, 128
L 760, 1000, 0, 720, 1000, 0, 128, 128, 128
L 720, 970, 0, 760, 970, 0, 128, 128, 128
L 760, 1000, 0, 760, 1030, 0, 128, 128, 128
L 800, 970, 0, 800, 1030, 0, 128, 128, 128
L 780, 970, 0, 820, 970, 0, 128, 128, 128
L 840, 1000, 0, 870, 1000, 0, 128, 128, 128
L 840, 1030, 0, 870, 1030, 0, 128, 128, 128
L 840, 970, 0, 840, 1030, 0, 128, 128, 128
L 870, 970, 0, 840, 970, 0, 128, 128, 128
L 890, 970, 0, 890, 1000, 0, 128, 128, 128
L 890, 1000, 0, 890, 1030, 0, 128, 128, 128
L 890, 1000, 0, 910, 1000, 0, 128, 128, 128
L 930, 1000, 0, 930, 970, 0, 128, 128, 128
L 890, 970, 0, 930, 970, 0, 128, 128, 128
L 910, 1000, 0, 930, 1000, 0, 128, 128, 128
L 930, 1030, 0, 910, 1000, 0, 128, 128, 128
L 300, 1060, 0, 300, 1090, 0, 127, 64, 0
L 340, 1120, 0, 340, 1090, 0, 127, 64, 0
L 300, 1090, 0, 300, 1120, 0, 127, 64, 0
L 340, 1090, 0, 340, 1060, 0, 127, 64, 0
L 300, 1090, 0, 340, 1090, 0, 127, 64, 0
L 400, 1060, 0, 400, 1120, 0, 127, 64, 0
L 360, 1060, 0, 360, 1120, 0, 127, 64, 0
L 360, 1120, 0, 400, 1120, 0, 127, 64, 0
L 450, 1120, 0, 450, 1060, 0, 127, 64, 0
L 420, 1060, 0, 450, 1120, 0, 127, 64, 0
L 420, 1120, 0, 420, 1060, 0, 127, 64, 0
L 490, 1060, 0, 490, 1120, 0, 127, 64, 0
L 470, 1060, 0, 510, 1060, 0, 127, 64, 0
L 530, 1090, 0, 560, 1090, 0, 127, 64, 0
L 530, 1120, 0, 560, 1120, 0, 127, 64, 0
L 530, 1060, 0, 530, 1120, 0, 127, 64, 0
L 560, 1060, 0, 530, 1060, 0, 127, 64, 0
L 580, 1060, 0, 580, 1090, 0, 127, 64, 0
L 580, 1090, 0, 580, 1120, 0, 127, 64, 0
L 580, 1090, 0, 600, 1090, 0, 127, 64, 0
L 620, 1090, 0, 620, 1060, 0, 127, 64, 0
L 580, 1060, 0, 620, 1060, 0, 127, 64, 0
L 600, 1090, 0, 620, 1090, 0, 127, 64, 0
L 620, 1120, 0, 600, 1090, 0, 127, 64, 0
L 340, 1150, 0, 340, 1210, 0, 0, 127, 0
L 320, 1180, 0, 340, 1150, 0, 0, 127, 0
L 300, 1150, 0, 320, 1180, 0, 0, 127, 0
L 300, 1210, 0, 300, 1150, 0, 0, 127, 0
L 360, 1180, 0, 390, 1180, 0, 0, 127, 0
L 360, 1210, 0, 390, 1210, 0, 0, 127, 0
L 360, 1150, 0, 360, 1210, 0, 0, 127, 0
L 390, 1150, 0, 360, 1150, 0, 0, 127, 0
L 410, 1150, 0, 410, 1180, 0, 0, 127, 0
L 410, 1180, 0, 410, 1210, 0, 0, 127, 0
L 410, 1180, 0, 430, 1180, 0, 0, 127, 0
L 450, 1180, 0, 450, 1150, 0, 0, 127, 0
L 410, 1150, 0, 450, 1150, 0, 0, 127, 0
L 430, 1180, 0, 450, 1180, 0, 0, 127, 0
L 450, 1210, 0, 430, 1180, 0, 0, 127, 0
L 500, 1210, 0, 470, 1210, 0, 0, 127, 0
L 470, 1150, 0, 500, 1150, 0, 0, 127, 0
L 470, 1210, 0, 470, 1150, 0, 0, 127, 0
L 520, 1150, 0, 520, 1180, 0, 0, 127, 0
L 560, 1210, 0, 560, 1180, 0, 0, 127, 0
L 520, 1180, 0, 520, 1210, 0, 0, 127, 0
L 560, 1180, 0, 560, 1150, 0, 0, 127, 0
L 520, 1180, 0, 560, 1180, 0, 0, 127, 0
L 590, 1180, 0, 610, 1180, 0, 0, 127, 0
L 600, 1150, 0, 620, 1210, 0, 0, 127, 0
L 580, 1210, 0, 600, 1150, 0, 0, 127, 0
L 670, 1210, 0, 670, 1150, 0, 0, 127, 0
L 640, 1150, 0, 670, 1210, 0, 0, 127, 0
L 640, 1210, 0, 640, 1150, 0, 0, 127, 0
L 710, 1150, 0, 710, 1210, 0, 0, 127, 0
L 690, 1150, 0, 730, 1150, 0, 0, 127, 0
L 340, 1240, 0, 340, 1300, 0, 0, 127, 127
L 320, 1270, 0, 340, 1240, 0, 0, 127, 127
L 300, 1240, 0, 320, 1270, 0, 0, 127, 127
L 300, 1300, 0, 300, 1240, 0, 0, 127, 127
L 360, 1240, 0, 360, 1300, 0, 0, 127, 127
L 380, 1240, 0, 380, 1270, 0, 0, 127, 127
L 380, 1300, 0, 420, 1300, 0, 0, 127, 127
L 420, 1270, 0, 380, 1270, 0, 0, 127, 127
L 380, 1240, 0, 420, 1240, 0, 0, 127, 127
L 420, 1270, 0, 420, 1300, 0, 0, 127, 127
L 440, 1240, 0, 440, 1270, 0, 0, 127, 127
L 440, 1300, 0, 480, 1300, 0, 0, 127, 127
L 480, 1270, 0, 440, 1270, 0, 0, 127, 127
L 440, 1240, 0, 480, 1240, 0, 0, 127, 127
L 480, 1270, 0, 480, 1300, 0, 0, 127, 127
L 500, 1240, 0, 500, 1300, 0, 0, 127, 127
L 520, 1240, 0, 550, 1240, 0, 0, 127, 127
L 520, 1300, 0, 550, 1300, 0, 0, 127, 127
L 520, 1240, 0, 520, 1300, 0, 0, 127, 127
L 550, 1240, 0, 550, 1300, 0, 0, 127, 127
L 600, 1300, 0, 600, 1240, 0, 0, 127, 127
L 570, 1240, 0, 600, 1300, 0, 0, 127, 127
L 570, 1300, 0, 570, 1240, 0, 0, 127, 127
L 330, 1390, 0, 330, 1330, 0, 127, 64, 0
L 300, 1330, 0, 330, 1390, 0, 127, 64, 0
L 300, 1390, 0, 300, 1330, 0, 127, 64, 0
L 360, 1360, 0, 380, 1360, 0, 127, 64, 0
L 370, 1330, 0, 390, 1390, 0, 127, 64, 0
L 350, 1390, 0, 370, 1330, 0, 127, 64, 0
L 450, 1330, 0, 450, 1390, 0, 127, 64, 0
L 430, 1360, 0, 450, 1330, 0, 127, 64, 0
L 410, 1330, 0, 430, 1360, 0, 127, 64, 0
L 410, 1390, 0, 410, 1330, 0, 127, 64, 0
L 470, 1360, 0, 500, 1360, 0, 127, 64, 0
L 470, 1390, 0, 500, 1390, 0, 127, 64, 0
L 470, 1330, 0, 470, 1390, 0, 127, 64, 0
L 500, 1330, 0, 470, 1330, 0, 127, 64, 0
L 530, 1390, 0, 530, 1330, 0, 127, 64, 0
L 540, 1390, 0, 520, 1390, 0, 127, 64, 0
L 550, 1360, 0, 540, 1390, 0, 127, 64, 0
L 540, 1330, 0, 550, 1360, 0, 127, 64, 0
L 520, 1330, 0, 540, 1330, 0, 127, 64, 0
L 330, 1450, 0, 300, 1450, 0, 0, 255, 0
L 330, 1420, 0, 330, 1450, 0, 0, 255, 0
L 300, 1420, 0, 330, 1420, 0, 0, 255, 0
L 300, 1480, 0, 300, 1420, 0, 0, 255, 0
L 360, 1450, 0, 380, 1450, 0, 0, 255, 0
L 370, 1420, 0, 390, 1480, 0, 0, 255, 0
L 350, 1480, 0, 370, 1420, 0, 0, 255, 0
L 410, 1420, 0, 410, 1450, 0, 0, 255, 0
L 410, 1450, 0, 410, 1480, 0, 0, 255, 0
L 410, 1450, 0, 430, 1450, 0, 0, 255, 0
L 450, 1450, 0, 450, 1420, 0, 0, 255, 0
L 410, 1420, 0, 450, 1420, 0, 0, 255, 0
L 430, 1450, 0, 450, 1450, 0, 0, 255, 0
L 450, 1480, 0, 430, 1450, 0, 0, 255, 0
L 500, 1480, 0, 470, 1480, 0, 0, 255, 0
L 470, 1420, 0, 500, 1420, 0, 0, 255, 0
L 470, 1480, 0, 470, 1420, 0, 0, 255, 0
L 520, 1450, 0, 550, 1450, 0, 0, 255, 0
L 520, 1480, 0, 550, 1480, 0, 0, 255, 0
L 520, 1420, 0, 520, 1480, 0, 0, 255, 0
L 550, 1420, 0, 520, 1420, 0, 0, 255, 0
L 570, 1420, 0, 570, 1480, 0, 0, 255, 0
L 610, 1480, 0, 570, 1480, 0, 0, 255, 0
L 630, 1420, 0, 630, 1450, 0, 0, 255, 0
L 630, 1480, 0, 670, 1480, 0, 0, 255, 0
L 670, 1450, 0, 630, 1450, 0, 0, 255, 0
L 630, 1420, 0, 670, 1420, 0, 0, 255, 0
L 670, 1450, 0, 670, 1480, 0, 0, 255, 0
L 300, 1510, 0, 300, 1540, 0, 0, 240, 240
L 300, 1540, 0, 300, 1570, 0, 0, 240, 240
L 300, 1540, 0, 320, 1540, 0, 0, 240, 240
L 340, 1540, 0, 340, 1510, 0, 0, 240, 240
L 300, 1510, 0, 340, 1510, 0, 0, 240, 240
L 320, 1540, 0, 340, 1540, 0, 0, 240, 240
L 340, 1570, 0, 320, 1540, 0, 0, 240, 240
L 370, 1540, 0, 390, 1540, 0, 0, 240, 240
L 380, 1510, 0, 400, 1570, 0, 0, 240, 240
L 360, 1570, 0, 380, 1510, 0, 0, 240, 240
L 420, 1510, 0, 420, 1570, 0, 0, 240, 240
L 450, 1570, 0, 450, 1510, 0, 0, 240, 240
L 460, 1570, 0, 440, 1570, 0, 0, 240, 240
L 470, 1540, 0, 460, 1570, 0, 0, 240, 240
L 460, 1510, 0, 470, 1540, 0, 0, 240, 240
L 440, 1510, 0, 460, 1510, 0, 0, 240, 240
L 300, 1600, 0, 300, 1630, 0, 0, 255, 0
L 300, 1660, 0, 340, 1660, 0, 0, 255, 0
L 340, 1630, 0, 300, 1630, 0, 0, 255, 0
L 300, 1600, 0, 340, 1600, 0, 0, 255, 0
L 340, 1630, 0, 340, 1660, 0, 0, 255, 0
L 390, 1630, 0, 360, 1630, 0, 0, 255, 0
L 390, 1600, 0, 390, 1630, 0, 0, 255, 0
L 360, 1600, 0, 390, 1600, 0, 0, 255, 0
L 360, 1660, 0, 360, 1600, 0, 0, 255, 0
L 410, 1630, 0, 440, 1630, 0, 0, 255, 0
L 410, 1660, 0, 440, 1660, 0, 0, 255, 0
L 410, 1600, 0, 410, 1660, 0, 0, 255, 0
L 440, 1600, 0, 410, 1600, 0, 0, 255, 0
L 490, 1660, 0, 460, 1660, 0, 0, 255, 0
L 460, 1600, 0, 490, 1600, 0, 0, 255, 0
L 460, 1660, 0, 460, 1600, 0, 0, 255, 0
L 510, 1600, 0, 510, 1660, 0, 0, 255, 0
L 540, 1630, 0, 560, 1630, 0, 0, 255, 0
L 550, 1600, 0, 570, 1660, 0, 0, 255, 0
L 530, 1660, 0, 550, 1600, 0, 0, 255, 0
L 590, 1600, 0, 590, 1660, 0, 0, 255, 0
L 630, 1660, 0, 590, 1660, 0, 0, 255, 0
L 740, 1660, 0, 710, 1660, 0, 0, 255, 0
L 710, 1600, 0, 740, 1600, 0, 0, 255, 0
L 710, 1660, 0, 710, 1600, 0, 0, 255, 0
L 800, 1600, 0, 800, 1660, 0, 0, 255, 0
L 760, 1600, 0, 760, 1660, 0, 0, 255, 0
L 760, 1660, 0, 800, 1660, 0, 0, 255, 0
L 820, 1600, 0, 820, 1630, 0, 0, 255, 0
L 820, 1630, 0, 820, 1660, 0, 0, 255, 0
L 820, 1630, 0, 840, 1630, 0, 0, 255, 0
L 860, 1630, 0, 860, 1600, 0, 0, 255, 0
L 820, 1600, 0, 860, 1600, 0, 0, 255, 0
L 840, 1630, 0, 860, 1630, 0, 0, 255, 0
L 860, 1660, 0, 840, 1630, 0, 0, 255, 0
L 880, 1600, 0, 880, 1630, 0, 0, 255, 0
L 880, 1630, 0, 880, 1660, 0, 0, 255, 0
L 880, 1630, 0, 900, 1630, 0, 0, 255, 0
L 920, 1630, 0, 920, 1600, 0, 0, 255, 0
L 880, 1600, 0, 920, 1600, 0, 0, 255, 0
L 900, 1630, 0, 920, 1630, 0, 0, 255, 0
L 920, 1660, 0, 900, 1630, 0, 0, 255, 0
L 940, 1630, 0, 970, 1630, 0, 0, 255, 0
L 940, 1660, 0, 970, 1660, 0, 0, 255, 0
L 940, 1600, 0, 940, 1660, 0, 0, 255, 0
L 970, 1600, 0, 940, 1600, 0, 0, 255, 0
L 1020, 1660, 0, 1020, 1600, 0, 0, 255, 0
L 990, 1600, 0, 1020, 1660, 0, 0, 255, 0
L 990, 1660, 0, 990, 1600, 0, 0, 255, 0
L 1070, 1660, 0, 1040, 1660, 0, 0, 255, 0
L 1040, 1600, 0, 1070, 1600, 0, 0, 255, 0
L 1040, 1660, 0, 1040, 1600, 0, 0, 255, 0
L 1110, 1630, 0, 1110, 1660, 0, 0, 255, 0
L 1110, 1630, 0, 1130, 1600, 0, 0, 255, 0
L 1090, 1600, 0, 1110, 1630, 0, 0, 255, 0
L 300, 1690, 0, 300, 1720, 0, 255, 0, 0
L 300, 1750, 0, 340, 1750, 0, 255, 0, 0
L 340, 1720, 0, 300, 1720, 0, 255, 0, 0
L 300, 1690, 0, 340, 1690, 0, 255, 0, 0
L 340, 1720, 0, 340, 1750, 0, 255, 0, 0
L 400, 1690, 0, 400, 1750, 0, 255, 0, 0
L 360, 1690, 0, 360, 1750, 0, 255, 0, 0
L 360, 1750, 0, 400, 1750, 0, 255, 0, 0
L 450, 1750, 0, 420, 1750, 0, 255, 0, 0
L 420, 1690, 0, 450, 1690, 0, 255, 0, 0
L 420, 1750, 0, 420, 1690, 0, 255, 0, 0
L 500, 1750, 0, 470, 1750, 0, 255, 0, 0
L 470, 1690, 0, 500, 1690, 0, 255, 0, 0
L 470, 1750, 0, 470, 1690, 0, 255, 0, 0
L 520, 1690, 0, 550, 1690, 0, 255, 0, 0
L 520, 1750, 0, 550, 1750, 0, 255, 0, 0
L 520, 1690, 0, 520, 1750, 0, 255, 0, 0
L 550, 1690, 0, 550, 1750, 0, 255, 0, 0
L 570, 1690, 0, 570, 1720, 0, 255, 0, 0
L 570, 1720, 0, 570, 1750, 0, 255, 0, 0
L 570, 1720, 0, 590, 1720, 0, 255, 0, 0
L 610, 1720, 0, 610, 1690, 0, 255, 0, 0
L 570, 1690, 0, 610, 1690, 0, 255, 0, 0
L 590, 1720, 0, 610, 1720, 0, 255, 0, 0
L 610, 1750, 0, 590, 1720, 0, 255, 0, 0
L 320, 1780, 0, 320, 1840, 0, 255, 255, 0
L 300, 1780, 0, 340, 1780, 0, 255, 255, 0
L 360, 1810, 0, 390, 1810, 0, 255, 255, 0
L 360, 1840, 0, 390, 1840, 0, 255, 255, 0
L 360, 1780, 0, 360, 1840, 0, 255, 255, 0
L 390, 1780, 0, 360, 1780, 0, 255, 255, 0
L 410, 1780, 0, 410, 1840, 0, 255, 255, 0
L 450, 1840, 0, 410, 1840, 0, 255, 255, 0
L 470, 1810, 0, 500, 1810, 0, 255, 255, 0
L 470, 1840, 0, 500, 1840, 0, 255, 255, 0
L 470, 1780, 0, 470, 1840, 0, 255, 255, 0
L 500, 1780, 0, 470, 1780, 0, 255, 255, 0
L 550, 1810, 0, 520, 1810, 0, 255, 255, 0
L 550, 1780, 0, 550, 1810, 0, 255, 255, 0
L 520, 1780, 0, 550, 1780, 0, 255, 255, 0
L 520, 1840, 0, 520, 1780, 0, 255, 255, 0
L 570, 1780, 0, 600, 1780, 0, 255, 255, 0
L 570, 1840, 0, 600, 1840, 0, 255, 255, 0
L 570, 1780, 0, 570, 1840, 0, 255, 255, 0
L 600, 1780, 0, 600, 1840, 0, 255, 255, 0
L 620, 1780, 0, 620, 1810, 0, 255, 255, 0
L 620, 1810, 0, 620, 1840, 0, 255, 255, 0
L 620, 1810, 0, 640, 1810, 0, 255, 255, 0
L 660, 1810, 0, 660, 1780, 0, 255, 255, 0
L 620, 1780, 0, 660, 1780, 0, 255, 255, 0
L 640, 1810, 0, 660, 1810, 0, 255, 255, 0
L 660, 1840, 0, 640, 1810, 0, 255, 255, 0
L 700, 1780, 0, 700, 1840, 0, 255, 255, 0
L 680, 1780, 0, 720, 1780, 0, 255, 255, 0
L 320, 1870, 0, 320, 1930, 0, 128, 0, 128
L 300, 1870, 0, 340, 1870, 0, 128, 0, 128
L 360, 1870, 0, 360, 1900, 0, 128, 0, 128
L 360, 1900, 0, 360, 1930, 0, 128, 0, 128
L 360, 1900, 0, 380, 1900, 0, 128, 0, 128
L 400, 1900, 0, 400, 1870, 0, 128, 0, 128
L 360, 1870, 0, 400, 1870, 0, 128, 0, 128
L 380, 1900, 0, 400, 1900, 0, 128, 0, 128
L 400, 1930, 0, 380, 1900, 0, 128, 0, 128
L 430, 1900, 0, 450, 1900, 0, 128, 0, 128
L 440, 1870, 0, 460, 1930, 0, 128, 0, 128
L 420, 1930, 0, 440, 1870, 0, 128, 0, 128
L 490, 1930, 0, 490, 1870, 0, 128, 0, 128
L 500, 1930, 0, 480, 1930, 0, 128, 0, 128
L 510, 1900, 0, 500, 1930, 0, 128, 0, 128
L 500, 1870, 0, 510, 1900, 0, 128, 0, 128
L 480, 1870, 0, 500, 1870, 0, 128, 0, 128
L 530, 1900, 0, 560, 1900, 0, 128, 0, 128
L 530, 1930, 0, 560, 1930, 0, 128, 0, 128
L 530, 1870, 0, 530, 1930, 0, 128, 0, 128
L 560, 1870, 0, 530, 1870, 0, 128, 0, 128
L 580, 1870, 0, 580, 1900, 0, 128, 0, 128
L 580, 1930, 0, 620, 1930, 0, 128, 0, 128
L 620, 1900, 0, 580, 1900, 0, 128, 0, 128
L 580, 1870, 0, 620, 1870, 0, 128, 0, 128
L 620, 1900, 0, 620, 1930, 0, 128, 0, 128
L 640, 1870, 0, 640, 1900, 0, 128, 0, 128
L 640, 1900, 0, 640, 1930, 0, 128, 0, 128
L 640, 1900, 0, 680, 1930, 0, 128, 0, 128
L 640, 1900, 0, 680, 1870, 0, 128, 0, 128
L 700, 1870, 0, 700, 1930, 0, 128, 0, 128
L 720, 1870, 0, 720, 1930, 0, 128, 0, 128
L 760, 1930, 0, 720, 1930, 0, 128, 0, 128
L 780, 1870, 0, 780, 1930, 0, 128, 0, 128
L 820, 1930, 0, 780, 1930, 0, 128, 0, 128
L 930, 1930, 0, 900, 1930, 0, 128, 0, 128
L 900, 1870, 0, 930, 1870, 0, 128, 0, 128
L 900, 1930, 0, 900, 1870, 0, 128, 0, 128
L 950, 1870, 0, 980, 1870, 0, 128, 0, 128
L 950, 1930, 0, 980, 1930, 0, 128, 0, 128
L 950, 1870, 0, 950, 1930, 0, 128, 0, 128
L 980, 1870, 0, 980, 1930, 0, 128, 0, 128
L 1030, 1930, 0, 1030, 1870, 0, 128, 0, 128
L 1000, 1870, 0, 1030, 1930, 0, 128, 0, 128
L 1000, 1930, 0, 1000, 1870, 0, 128, 0, 128
L 1070, 1870, 0, 1070, 1930, 0, 128, 0, 128
L 1050, 1870, 0, 1090, 1870, 0, 128, 0, 128
L 1120, 1900, 0, 1140, 1900, 0, 128, 0, 128
L 1130, 1870, 0, 1150, 1930, 0, 128, 0, 128
L 1110, 1930, 0, 1130, 1870, 0, 128, 0, 128
L 1170, 1870, 0, 1170, 1930, 0, 128, 0, 128
L 1220, 1930, 0, 1220, 1870, 0, 128, 0, 128
L 1190, 1870, 0, 1220, 1930, 0, 128, 0, 128
L 1190, 1930, 0, 1190, 1870, 0, 128, 0, 128
L 1240, 1900, 0, 1270, 1900, 0, 128, 0, 128
L 1240, 1930, 0, 1270, 1930, 0, 128, 0, 128
L 1240, 1870, 0, 1240, 1930, 0, 128, 0, 128
L 1270, 1870, 0, 1240, 1870, 0, 128, 0, 128
L 1290, 1870, 0, 1290, 1900, 0, 128, 0, 128
L 1290, 1900, 0, 1290, 1930, 0, 128, 0, 128
L 1290, 1900, 0, 1310, 1900, 0, 128, 0, 128
L 1330, 1900, 0, 1330, 1870, 0, 128, 0, 128
L 1290, 1870, 0, 1330, 1870, 0, 128, 0, 128
L 1310, 1900, 0, 1330, 1900, 0, 128, 0, 128
L 1330, 1930, 0, 1310, 1900, 0, 128, 0, 128
L 320, 1960, 0, 320, 2020, 0, 255, 255, 0
L 300, 1960, 0, 340, 1960, 0, 255, 255, 0
L 360, 1960, 0, 360, 1990, 0, 255, 255, 0
L 360, 1990, 0, 360, 2020, 0, 255, 255, 0
L 360, 1990, 0, 380, 1990, 0, 255, 255, 0
L 400, 1990, 0, 400, 1960, 0, 255, 255, 0
L 360, 1960, 0, 400, 1960, 0, 255, 255, 0
L 380, 1990, 0, 400, 1990, 0, 255, 255, 0
L 400, 2020, 0, 380, 1990, 0, 255, 255, 0
L 430, 1990, 0, 450, 1990, 0, 255, 255, 0
L 440, 1960, 0, 460, 2020, 0, 255, 255, 0
L 420, 2020, 0, 440, 1960, 0, 255, 255, 0
L 510, 1990, 0, 480, 1990, 0, 255, 255, 0
L 510, 1960, 0, 510, 1990, 0, 255, 255, 0
L 480, 1960, 0, 510, 1960, 0, 255, 255, 0
L 480, 2020, 0, 480, 1960, 0, 255, 255, 0
L 330, 2050, 0, 300, 2050, 0, 255, 0, 0
L 300, 2110, 0, 330, 2050, 0, 255, 0, 0
L 300, 2110, 0, 330, 2110, 0, 255, 0, 0
L 350, 2050, 0, 380, 2050, 0, 255, 0, 0
L 350, 2110, 0, 380, 2110, 0, 255, 0, 0
L 350, 2050, 0, 350, 2110, 0, 255, 0, 0
L 380, 2050, 0, 380, 2110, 0, 255, 0, 0
L 430, 2110, 0, 430, 2050, 0, 255, 0, 0
L 400, 2050, 0, 430, 2110, 0, 255, 0, 0
L 400, 2110, 0, 400, 2050, 0, 255, 0, 0
L 450, 2080, 0, 480, 2080, 0, 255, 0, 0
L 450, 2110, 0, 480, 2110, 0, 255, 0, 0
L 450, 2050, 0, 450, 2110, 0, 255, 0, 0
L 480, 2050, 0, 450, 2050, 0, 255, 0, 0
P -700, 400, 0, 0, 0, 0, 2, Revised_Map:_Brewall_Rainsiger_(Cazic-Thule)
P -700, 600, 0, 0, 0, 0, 2, http://www.eqmaps.info
P -700, 800, 0, 0, 0, 0, 2, Return_of_the_Exiled_(www.roteguild.org)
P -700, 1000, 0, 127, 64, 0, 2, A_Cliknar_Invader
P -700, 1200, 0, 127, 64, 0, 2, A_Guard
P -700, 1400, 0, 127, 64, 0, 2, A_Raging_Gygin
P -700, 1600, 0, 127, 64, 0, 2, A_Resonating_Crystalkin
P -700, 1800, 0, 127, 64, 0, 2, A_Rogue_Builder
P -700, 2000, 0, 127, 64, 0, 2, A_Shop_Sweeper_(Treelinna,_Lady_of_Pain)
P -700, 2200, 0, 127, 64, 0, 2, A_Wary_Guard_(Sirana,_the_Knife_Mistress)
P -700, 2400, 0, 127, 64, 0, 2, An_Abraded_Genari
P -700, 2600, 0, 127, 64, 0, 2, An_Energetic_Guardian
P -700, 2800, 0, 127, 64, 0, 2, An_Overgrown_Crystalkin
P -700, 3000, 0, 127, 64, 0, 2, An_Oversized_Burynai
P -700, 3200, 0, 127, 64, 0, 2, Bekthar,_Kobold_Mob_Leader
P -700, 3400, 0, 127, 64, 0, 2, Granth,_The_Mad_Scientist
P -700, 3600, 0, 127, 64, 0, 2, Harbinger_of_the_Undying_One
P -700, 3800, 0, 127, 64, 0, 2, Tani_The_Fire_Alchemist
