L 25.0, 114.1, 42.5, 72.3, 116.9, 42.7, 0, 0, 0
L 72.3, 116.9, 42.7, 132.1, 114.7, 42.6, 0, 0, 0
L 268.9, 80.5, 40.3, 236.0, 69.0, 32.5, 204, 0, 204
L 236.0, 69.0, 32.5, 226.6, 65.7, 30.0, 204, 0, 204
L 226.6, 65.7, 30.0, 204.3, 60.4, 27.8, 204, 0, 204
L 204.6, 99.9, 27.8, 227.2, 94.2, 29.8, 204, 0, 204
L 227.2, 94.2, 29.8, 247.0, 87.7, 35.9, 204, 0, 204
L 247.0, 87.7, 35.9, 268.9, 80.5, 40.1, 204, 0, 204
L 169.8, 52.5, 42.6, 132.2, 47.6, 42.0, 0, 0, 0
L 132.2, 47.6, 42.0, 108.9, 47.0, 42.0, 0, 0, 0
L 108.9, 47.0, 42.0, 71.9, 45.5, 42.0, 0, 0, 0
L 71.9, 45.5, 42.0, 56.6, 45.9, 42.0, 0, 0, 0
L 56.6, 45.9, 42.0, 25.0, 47.6, 42.0, 0, 0, 0
L 25.0, 47.6, 42.0, 25.0, 52.3, 42.0, 0, 0, 0
L 25.0, 63.7, 42.0, 25.0, 65.0, 42.0, 0, 0, 0
L 25.0, 65.0, 42.0, 23.8, 65.0, 42.0, 0, 0, 0
L 22.6, 65.0, 42.0, 22.6, 53.7, 42.0, 0, 0, 0
L 22.6, 53.7, 42.0, 17.3, 53.7, 42.0, 0, 0, 0
L 17.3, 53.7, 42.0, -8.4, 56.1, 42.0, 0, 0, 0
L -8.4, 56.1, 42.0, -8.4, 78.2, 42.0, 0, 0, 0
L -8.4, 78.2, 42.0, 4.0, 78.3, 42.0, 0, 0, 0
L 4.0, 81.2, 42.0, -10.4, 81.2, 42.2, 0, 0, 0
L 4.0, 78.3, 42.0, 4.0, 81.2, 42.0, 0, 0, 0
L -10.4, 81.2, 42.1, -10.4, 56.2, 42.0, 0, 0, 0
L -10.4, 56.2, 42.0, -28.0, 56.2, 42.0, 0, 0, 0
L -28.0, 56.2, 42.0, -28.0, 104.8, 42.0, 0, 0, 0
L -28.0, 104.8, 42.0, -13.7, 104.8, 42.0, 0, 0, 0
L -13.7, 104.8, 42.0, 22.6, 107.3, 42.0, 0, 0, 0
L 22.6, 107.3, 42.0, 22.6, 96.1, 42.0, 0, 0, 0
L 22.6, 86.2, 42.0, 17.0, 86.2, 42.0, 0, 0, 0
L 17.0, 86.2, 42.0, 14.8, 84.0, 42.0, 0, 0, 0
L 14.8, 84.0, 42.0, 14.3, 81.2, 42.0, 0, 0, 0
L 14.3, 81.2, 42.0, 10.6, 81.2, 42.0, 0, 0, 0
L 10.6, 81.2, 42.0, 10.6, 78.3, 42.0, 0, 0, 0
L 10.6, 78.3, 42.0, 14.4, 78.3, 42.0, 0, 0, 0
L 14.4, 78.3, 42.0, 14.8, 77.0, 42.0, 0, 0, 0
L 17.0, 74.8, 42.0, 22.6, 74.8, 42.0, 0, 0, 0
L 22.6, 74.8, 42.0, 22.6, 72.3, 42.0, 0, 0, 0
L 22.6, 72.3, 42.0, 23.8, 72.3, 42.0, 0, 0, 0
L 25.0, 72.3, 42.0, 25.0, 88.7, 42.0, 0, 0, 0
L 25.0, 108.7, 42.0, 25.0, 114.1, 42.5, 0, 0, 0
L 25.0, 88.7, 42.0, 23.8, 88.7, 42.0, 0, 0, 0
L 25.0, 97.3, 42.0, 25.0, 96.1, 42.0, 0, 0, 0
L 25.0, 96.1, 42.0, 23.8, 96.1, 42.0, 0, 0, 0
L 188.5, 53.6, 27.8, 175.4, 50.4, 27.4, 204, 0, 204
L 175.4, 50.4, 27.4, 175.4, 69.8, 27.4, 204, 0, 204
L 175.4, 69.8, 27.4, 173.0, 69.7, 27.3, 204, 0, 204
L 173.0, 69.7, 27.3, 173.0, 50.0, 27.3, 204, 0, 204
L 173.0, 50.0, 27.3, 147.2, 44.6, 26.4, 204, 0, 204
L 147.2, 44.6, 26.4, 147.2, 49.2, 26.4, 204, 0, 204
L 147.2, 49.2, 26.3, 144.8, 49.2, 26.3, 204, 0, 204
L 144.8, 49.2, 26.3, 144.9, 43.5, 26.3, 204, 0, 204
L 144.9, 43.5, 26.3, 130.4, 40.6, 25.8, 204, 0, 204
L 130.4, 40.6, 25.8, 87.7, 37.8, 25.8, 204, 0, 204
L 87.7, 37.8, 25.8, 87.6, 77.1, 25.8, 204, 0, 204
L 87.6, 77.1, 25.8, 84.4, 77.1, 25.8, 204, 0, 204
L 84.4, 77.1, 25.8, 84.4, 37.6, 25.8, 204, 0, 204
L 84.4, 37.6, 25.8, 72.6, 37.0, 25.8, 204, 0, 204
L 72.6, 37.0, 25.8, 24.2, 39.8, 25.8, 204, 0, 204
L 24.2, 39.8, 25.8, 0.4, 45.4, 25.8, 204, 0, 204
L 0.4, 45.4, 25.8, 0.5, 58.7, 25.8, 204, 0, 204
L 0.5, 58.7, 25.8, 7.5, 58.7, 25.8, 204, 0, 204
L 7.5, 58.7, 25.8, 7.5, 64.4, 25.8, 204, 0, 204
L 7.5, 64.4, 25.8, -2.4, 64.4, 25.8, 204, 0, 204
L -2.4, 64.4, 25.8, -2.7, 46.1, 25.8, 204, 0, 204
L -2.7, 46.1, 25.8, -27.3, 51.8, 25.8, 204, 0, 204
L -27.3, 51.8, 25.8, -27.3, 109.2, 25.8, 204, 0, 204
L -27.3, 109.2, 25.8, -2.5, 115.0, 25.8, 204, 0, 204
L -2.5, 115.0, 25.8, -2.5, 96.4, 25.8, 204, 0, 204
L -2.5, 96.4, 25.8, 7.5, 96.4, 25.8, 204, 0, 204
L 7.5, 96.4, 25.8, 7.5, 102.1, 25.8, 204, 0, 204
L 7.5, 102.1, 25.8, 0.5, 102.1, 25.8, 204, 0, 204
L 0.5, 102.1, 25.8, 0.4, 115.7, 25.8, 204, 0, 204
L 0.4, 115.7, 25.8, 24.1, 121.2, 25.8, 204, 0, 204
L 24.1, 121.2, 25.8, 72.6, 124.1, 25.8, 204, 0, 204
L 72.6, 124.1, 25.8, 84.5, 123.3, 25.8, 204, 0, 204
L 84.5, 123.3, 25.8, 84.4, 83.8, 25.8, 204, 0, 204
L 84.4, 83.8, 25.8, 87.6, 83.9, 25.8, 204, 0, 204
L 87.6, 83.9, 25.8, 87.7, 122.9, 25.8, 204, 0, 204
L 87.7, 122.9, 25.8, 131.3, 120.4, 25.8, 204, 0, 204
L 131.3, 120.4, 25.8, 144.9, 117.4, 26.3, 204, 0, 204
L 144.9, 117.4, 26.3, 144.7, 56.8, 26.3, 204, 0, 204
L 144.7, 56.8, 26.3, 147.2, 56.8, 26.3, 204, 0, 204
L 147.2, 56.8, 26.4, 147.2, 78.7, 26.4, 204, 0, 204
L 147.2, 78.7, 26.4, 173.0, 78.9, 27.3, 204, 0, 204
L 173.0, 78.9, 27.3, 173.0, 76.1, 27.3, 204, 0, 204
L 173.0, 76.1, 27.3, 175.3, 76.1, 27.4, 204, 0, 204
L 175.3, 76.1, 27.4, 175.3, 81.2, 27.4, 204, 0, 204
L 175.3, 81.2, 27.4, 147.2, 81.2, 26.6, 204, 0, 204
L 147.2, 81.2, 26.4, 147.2, 116.7, 26.4, 204, 0, 204
L 147.2, 116.7, 26.4, 174.0, 111.5, 25.8, 204, 0, 204
L 174.0, 111.5, 25.8, 175.9, 110.9, 27.4, 204, 0, 204
L 175.9, 110.9, 27.4, 188.1, 107.8, 27.8, 204, 0, 204
L 25.0, 58.7, 25.8, 25.0, 102.1, 25.8, 204, 0, 204
L 25.0, 102.1, 25.8, 16.0, 102.1, 25.8, 204, 0, 204
L 16.0, 102.1, 25.8, 16.0, 96.4, 25.8, 204, 0, 204
L 16.0, 96.4, 25.8, 22.0, 96.4, 25.8, 204, 0, 204
L 22.0, 96.4, 25.8, 22.0, 64.4, 25.8, 204, 0, 204
L 22.0, 64.4, 25.8, 16.0, 64.4, 25.8, 204, 0, 204
L 16.0, 64.4, 25.8, 16.0, 58.7, 25.8, 204, 0, 204
L 16.0, 58.7, 25.8, 25.0, 58.7, 25.8, 204, 0, 204
L 142.2, 49.3, 11.4, 120.8, 46.7, 11.0, 178, 102, 255
L 120.8, 46.7, 11.0, 95.9, 45.7, 10.8, 178, 102, 255
L 95.9, 45.7, 10.8, 71.8, 44.6, 10.6, 178, 102, 255
L 116.7, 114.4, 11.0, 95.2, 115.5, 10.8, 178, 102, 255
L 95.2, 115.5, 10.8, 64.0, 115.6, 10.6, 178, 102, 255
L 278.5, -4.4, 41.1, 234.1, -2.3, 30.8, 204, 0, 204
L 60.4, 113.6, -4.9, 60.4, 94.7, -4.9, 102, 0, 204
L 50.5, 113.1, -4.9, 60.4, 113.6, -4.9, 102, 0, 204
L 126.4, 111.1, -4.9, 135.4, 109.7, -4.9, 102, 0, 204
L 99.1, 112.7, -4.9, 102.2, 112.2, -4.9, 102, 0, 204
L 102.2, 112.2, -4.9, 126.4, 111.1, -4.9, 102, 0, 204
L 223.3, 70.3, -4.9, 203.6, 68.1, -4.9, 102, 0, 204
L 184.2, 99.2, -4.9, 164.4, 105.0, -4.9, 102, 0, 204
L 209.5, 95.9, -4.9, 223.4, 90.8, -4.9, 102, 0, 204
L 86.7, 48.3, -4.9, 85.6, 66.5, -4.9, 102, 0, 204
L 85.6, 66.5, -4.9, 61.6, 66.8, -4.9, 102, 0, 204
L 203.6, 68.1, -4.9, 189.5, 60.7, -4.9, 102, 0, 204
L 189.5, 60.7, -4.9, 156.8, 57.0, -4.9, 102, 0, 204
L 223.4, 90.8, -4.9, 223.3, 70.3, -4.9, 102, 0, 204
L 202.6, 95.4, -4.9, 209.5, 95.9, -4.9, 102, 0, 204
L 61.6, 66.8, -4.9, 49.4, 68.3, -4.9, 102, 0, 204
L 49.4, 68.3, -4.9, 47.6, 48.1, -4.9, 102, 0, 204
L 9.7, 54.8, -4.9, 9.7, 75.1, -4.9, 102, 0, 204
L 85.4, 94.8, -4.9, 86.7, 112.2, -4.9, 102, 0, 204
L 60.4, 94.7, -4.9, 85.4, 94.8, -4.9, 102, 0, 204
L 46.4, 112.9, -4.9, 50.5, 113.1, -4.9, 102, 0, 204
L 9.7, 106.2, -4.9, 46.4, 112.9, -4.9, 102, 0, 204
L 154.1, 106.7, -4.9, 164.4, 105.0, -4.9, 102, 0, 204
L 86.7, 112.2, -4.9, 99.1, 112.7, -4.9, 102, 0, 204
L 6.2, 85.7, -4.9, 9.7, 85.8, -4.9, 102, 0, 204
L 9.7, 85.8, -4.9, 9.7, 106.2, -4.9, 102, 0, 204
L 135.4, 109.7, -4.9, 154.1, 106.7, -4.9, 102, 0, 204
L 202.6, 95.4, -4.9, 184.2, 99.2, -4.9, 102, 0, 204
L 92.7, 47.9, -4.9, 86.7, 48.3, -4.9, 102, 0, 204
L 123.2, 49.7, -4.9, 106.6, 48.8, -4.9, 102, 0, 204
L 156.8, 57.0, -4.9, 129.9, 51.3, -4.9, 102, 0, 204
L 129.9, 51.3, -4.9, 123.2, 49.7, -4.9, 102, 0, 204
L 106.6, 48.8, -4.9, 92.7, 47.9, -4.9, 102, 0, 204
L 47.6, 48.1, -4.9, 9.7, 54.8, -4.9, 102, 0, 204
L 188.1, 107.8, 27.8, 188.5, 84.3, 27.8, 204, 0, 204
L 188.5, 84.3, 27.8, 190.7, 84.3, 27.8, 204, 0, 204
L 193.0, 76.7, 27.8, 190.7, 76.7, 27.8, 204, 0, 204
L 193.0, 84.3, 27.8, 193.0, 88.9, 27.8, 204, 0, 204
L 188.5, 81.8, 27.8, 188.5, 79.2, 27.8, 205, 133, 63
L 190.7, 84.3, 27.8, 193.0, 84.3, 27.8, 204, 0, 204
L 190.7, 84.3, 27.8, 190.7, 81.8, 27.8, 205, 133, 63
L 188.5, 81.8, 27.8, 190.7, 81.8, 27.8, 205, 133, 63
L 188.5, 79.2, 27.8, 190.7, 79.2, 27.8, 205, 133, 63
L 190.7, 79.2, 27.8, 193.0, 79.2, 27.8, 205, 133, 63
L 190.7, 76.7, 27.8, 188.5, 76.7, 27.8, 204, 0, 204
L 190.7, 79.2, 27.8, 190.7, 76.7, 27.8, 205, 133, 63
L 193.0, 81.8, 27.8, 193.0, 79.2, 27.8, 205, 133, 63
L 22.5, 47.5, 10.6, -7.4, 54.3, 10.6, 178, 102, 255
L 25.0, 115.1, 10.6, 25.0, 100.5, 10.6, 178, 102, 255
L 64.0, 115.6, 10.6, 25.0, 115.1, 10.6, 178, 102, 255
L 71.8, 44.6, 10.6, 25.0, 46.7, 10.6, 178, 102, 255
L 25.0, 46.7, 10.6, 25.0, 77.0, 10.6, 178, 102, 255
L 22.4, 83.7, 10.6, 25.0, 83.7, 10.6, 178, 102, 255
L 25.0, 83.7, 10.6, 25.0, 97.7, 10.6, 178, 102, 255
L 22.4, 114.5, 10.6, 22.4, 83.7, 10.6, 178, 102, 255
L 25.0, 77.0, 10.6, 22.4, 77.0, 10.6, 178, 102, 255
L 22.4, 77.0, 10.6, 22.5, 47.5, 10.6, 178, 102, 255
L -7.4, 106.6, 10.6, 22.4, 114.5, 10.6, 178, 102, 255
L 7.5, 65.2, 10.6, 7.5, 94.0, 10.6, 178, 102, 255
L 25.0, 100.5, 10.6, 101.0, 100.9, 10.6, 178, 102, 255
L 101.0, 97.0, 10.6, 25.0, 97.7, 10.6, 178, 102, 255
L 101.0, 97.0, 10.6, 101.0, 100.9, 10.6, 178, 102, 255
L 174.0, 111.4, 26.4, 173.9, 109.2, 24.6, 178, 102, 255
L 173.9, 93.8, 12.1, 160.8, 93.8, 12.1, 150, 150, 150
L 160.6, 111.4, 26.4, 160.6, 109.2, 24.6, 178, 102, 255
L 174.0, 111.4, 26.4, 160.6, 111.4, 26.4, 150, 150, 150
L 173.9, 102.6, 19.2, 173.9, 100.4, 17.4, 178, 102, 255
L 160.7, 102.6, 19.2, 160.7, 100.4, 17.4, 178, 102, 255
L 173.9, 102.6, 19.2, 160.7, 102.6, 19.2, 150, 150, 150
L 173.9, 107.0, 22.8, 173.9, 104.8, 21.0, 178, 102, 255
L 160.7, 106.9, 22.7, 160.7, 104.8, 21.0, 178, 102, 255
L 173.9, 107.0, 22.8, 160.7, 106.9, 22.7, 150, 150, 150
L 173.9, 109.2, 24.6, 173.9, 107.0, 22.8, 178, 102, 255
L 160.6, 109.2, 24.6, 160.7, 106.9, 22.7, 178, 102, 255
L 173.9, 109.2, 24.6, 160.6, 109.2, 24.6, 150, 150, 150
L 173.9, 104.8, 21.0, 173.9, 102.6, 19.2, 178, 102, 255
L 160.7, 104.8, 21.0, 160.7, 102.6, 19.2, 178, 102, 255
L 173.9, 104.8, 21.0, 160.7, 104.8, 21.0, 150, 150, 150
L 173.9, 98.2, 15.6, 173.9, 96.0, 13.9, 178, 102, 255
L 160.7, 98.2, 15.7, 160.7, 96.0, 13.9, 178, 102, 255
L 173.9, 98.2, 15.6, 160.7, 98.2, 15.7, 150, 150, 150
L 173.9, 100.4, 17.4, 173.9, 98.2, 15.6, 178, 102, 255
L 160.7, 100.4, 17.4, 160.7, 98.2, 15.7, 178, 102, 255
L 173.9, 100.4, 17.4, 160.7, 100.4, 17.4, 150, 150, 150
L 173.9, 96.0, 13.9, 173.9, 93.8, 12.1, 178, 102, 255
L 160.7, 96.0, 13.9, 160.8, 93.8, 12.1, 178, 102, 255
L 173.9, 96.0, 13.9, 160.7, 96.0, 13.9, 150, 150, 150
L -0.5, 96.5, 70.1, -0.4, 96.5, 70.1, 102, 255, 102
L -0.4, 99.9, 70.1, -36.5, 99.9, 70.1, 102, 255, 102
L -36.5, 62.1, 70.1, -36.5, 99.9, 70.1, 102, 255, 102
L -36.5, 62.1, 70.1, -0.4, 62.1, 70.1, 102, 255, 102
L -0.4, 87.9, 70.1, 2.8, 87.9, 66.5, 102, 255, 102
L 12.5, 96.5, 55.8, 9.3, 96.5, 59.4, 102, 255, 102
L -0.4, 99.9, 70.1, -0.4, 96.5, 70.1, 102, 255, 102
L -0.4, 87.9, 70.1, -0.5, 96.5, 70.1, 150, 150, 150
L -0.4, 65.5, 70.1, -0.4, 62.1, 70.1, 102, 255, 102
L 12.5, 65.5, 55.8, 9.3, 65.5, 59.4, 102, 255, 102
L -0.4, 65.5, 70.1, -0.5, 74.1, 70.1, 150, 150, 150
L -0.5, 74.1, 70.1, 2.8, 74.1, 66.5, 102, 255, 102
L -0.4, 87.9, 70.1, -0.5, 74.1, 70.1, 150, 150, 150
L 0.9, 76.2, 55.8, 1.0, 74.4, 55.8, 0, 204, 0
L 1.0, 98.0, 55.8, 1.0, 102.0, 55.8, 0, 204, 0
L 1.0, 102.0, 55.8, -34.2, 102.0, 55.8, 0, 204, 0
L -1.8, 99.3, 55.8, -30.2, 99.4, 55.8, 0, 204, 0
L -30.2, 99.4, 55.8, -29.9, 62.2, 55.8, 0, 204, 0
L -1.8, 76.2, 55.8, -0.4, 76.2, 55.8, 0, 204, 0
L -29.9, 62.2, 55.8, -1.8, 61.6, 55.8, 0, 204, 0
L 1.0, 84.8, 55.8, -0.4, 84.8, 55.8, 0, 204, 0
L -1.8, 76.2, 55.8, -1.8, 61.6, 55.8, 0, 204, 0
L 1.0, 84.8, 55.8, 1.0, 86.6, 55.8, 0, 204, 0
L 12.5, 96.5, 55.8, 12.5, 87.9, 55.8, 150, 150, 150
L 12.5, 65.5, 55.8, 12.5, 74.1, 55.8, 150, 150, 150
L 6.0, 65.5, 62.9, 2.8, 65.5, 66.5, 102, 255, 102
L 6.0, 74.1, 62.9, 9.3, 74.1, 59.4, 102, 255, 102
L 6.0, 65.5, 62.9, 6.0, 74.1, 62.9, 150, 150, 150
L 2.8, 65.5, 66.5, -0.4, 65.5, 70.1, 102, 255, 102
L 2.8, 74.1, 66.5, 6.0, 74.1, 62.9, 102, 255, 102
L 2.8, 65.5, 66.5, 2.8, 74.1, 66.5, 150, 150, 150
L 9.3, 65.5, 59.4, 6.0, 65.5, 62.9, 102, 255, 102
L 9.3, 74.1, 59.4, 12.5, 74.1, 55.8, 102, 255, 102
L 9.3, 65.5, 59.4, 9.3, 74.1, 59.4, 150, 150, 150
L 6.0, 87.9, 62.9, 9.3, 87.9, 59.4, 102, 255, 102
L 6.0, 96.5, 62.9, 2.8, 96.5, 66.5, 102, 255, 102
L 6.0, 87.9, 62.9, 6.0, 96.5, 62.9, 150, 150, 150
L 2.8, 87.9, 66.5, 6.0, 87.9, 62.9, 102, 255, 102
L 2.8, 96.5, 66.5, -0.4, 96.5, 70.1, 102, 255, 102
L 2.8, 87.9, 66.5, 2.8, 96.5, 66.5, 150, 150, 150
L 9.3, 87.9, 59.4, 12.5, 87.9, 55.8, 102, 255, 102
L 9.3, 96.5, 59.4, 6.0, 96.5, 62.9, 102, 255, 102
L 9.3, 87.9, 59.4, 9.3, 96.5, 59.4, 150, 150, 150
L 12.5, 87.9, 55.8, 12.5, 86.6, 55.8, 0, 204, 0
L 1.0, 86.6, 55.8, 12.5, 86.6, 55.8, 0, 204, 0
L 12.5, 96.5, 55.8, 12.5, 98.0, 55.8, 0, 204, 0
L 1.0, 98.0, 55.8, 12.5, 98.0, 55.8, 0, 204, 0
L 12.5, 74.1, 55.8, 12.5, 74.4, 55.8, 0, 204, 0
L 1.0, 74.4, 55.8, 12.5, 74.4, 55.8, 0, 204, 0
L 12.5, 64.1, 55.8, 12.5, 65.5, 55.8, 0, 204, 0
L 1.0, 64.1, 55.8, 12.5, 64.1, 55.8, 0, 204, 0
L 1.0, 60.1, 55.8, 1.0, 64.1, 55.8, 0, 204, 0
L 1.0, 60.1, 55.8, -34.2, 60.1, 55.8, 0, 204, 0
L -34.2, 102.0, 55.8, -34.2, 60.1, 55.8, 0, 204, 0
L 22.6, 69.9, 42.0, 22.6, 67.4, 42.0, 205, 133, 63
L 23.8, 72.3, 42.0, 25.0, 72.3, 42.0, 0, 0, 0
L 23.8, 72.3, 42.0, 23.8, 69.9, 42.0, 205, 133, 63
L 22.6, 69.9, 42.0, 23.8, 69.9, 42.0, 205, 133, 63
L 22.6, 67.4, 42.0, 23.8, 67.4, 42.0, 205, 133, 63
L 23.8, 67.4, 42.0, 25.0, 67.4, 42.0, 205, 133, 63
L 23.8, 65.0, 42.0, 22.6, 65.0, 42.0, 0, 0, 0
L 23.8, 67.4, 42.0, 23.8, 65.0, 42.0, 205, 133, 63
L 25.0, 69.9, 42.0, 25.0, 67.4, 42.0, 205, 133, 63
L 23.8, 96.1, 42.0, 22.6, 96.1, 42.0, 0, 0, 0
L 23.8, 96.1, 42.0, 23.8, 93.6, 42.0, 205, 133, 63
L 22.6, 93.6, 42.0, 23.8, 93.6, 42.0, 205, 133, 63
L 22.6, 91.2, 42.0, 23.8, 91.2, 42.0, 205, 133, 63
L 23.8, 91.2, 42.0, 25.0, 91.2, 42.0, 205, 133, 63
L 23.8, 88.7, 42.0, 22.6, 88.7, 42.0, 0, 0, 0
L 23.8, 91.2, 42.0, 23.8, 88.7, 42.0, 205, 133, 63
L 25.0, 93.6, 42.0, 25.0, 91.2, 42.0, 205, 133, 63
L -1.8, 82.0, 55.8, -1.8, 79.1, 55.8, 205, 133, 63
L -0.4, 84.8, 55.8, -0.4, 82.0, 55.8, 205, 133, 63
L -1.8, 82.0, 55.8, -0.4, 82.0, 55.8, 205, 133, 63
L -1.8, 79.1, 55.8, -0.4, 79.1, 55.8, 205, 133, 63
L -0.4, 79.1, 55.8, 0.9, 79.1, 55.8, 205, 133, 63
L -0.4, 76.2, 55.8, 0.9, 76.2, 55.8, 0, 204, 0
L -0.4, 79.1, 55.8, -0.4, 76.2, 55.8, 205, 133, 63
L 0.9, 82.0, 55.8, 0.9, 79.1, 55.8, 205, 133, 63
L -0.4, 84.8, 55.8, -1.8, 84.8, 55.8, 0, 204, 0
L -1.8, 99.3, 55.8, -1.8, 84.8, 55.8, 0, 204, 0
L 132.1, 114.7, 42.6, 191.5, 105.0, 42.6, 0, 0, 0
L 191.5, 56.1, 42.6, 169.8, 52.5, 42.6, 0, 0, 0
L 188.5, 76.7, 27.8, 188.5, 53.6, 27.8, 204, 0, 204
L 204.3, 60.4, 27.8, 193.0, 58.0, 27.8, 204, 0, 204
L 193.0, 58.0, 27.8, 193.0, 60.8, 27.8, 204, 0, 204
L 193.0, 100.2, 27.8, 193.0, 102.9, 27.8, 204, 0, 204
L 193.0, 102.9, 27.8, 204.6, 99.9, 27.8, 204, 0, 204
L 193.0, 88.9, 27.8, 202.7, 88.9, 27.8, 204, 0, 204
L 202.7, 88.9, 27.8, 202.7, 100.2, 27.8, 150, 150, 150
L 193.0, 100.2, 27.8, 202.7, 100.2, 27.8, 204, 0, 204
L 167.9, 78.9, 12.1, 167.9, 81.2, 12.1, 178, 102, 255
L 173.9, 81.2, 12.1, 173.9, 79.0, 12.1, 178, 102, 255
L 159.2, 51.3, 12.1, 142.2, 49.3, 11.4, 178, 102, 255
L 189.6, 103.9, 12.1, 199.8, 100.4, 12.1, 178, 102, 255
L 161.5, 51.8, 12.1, 161.5, 78.9, 12.1, 178, 102, 255
L 205.5, 62.6, 12.1, 188.4, 56.9, 12.1, 178, 102, 255
L 188.4, 56.9, 12.1, 173.8, 53.9, 12.1, 178, 102, 255
L 199.8, 100.4, 12.1, 205.4, 98.6, 12.1, 178, 102, 255
L 173.8, 53.9, 12.1, 161.5, 51.8, 12.1, 178, 102, 255
L 205.4, 98.6, 12.1, 205.5, 62.6, 12.1, 178, 102, 255
L 182.6, 104.5, 12.1, 189.6, 103.9, 12.1, 178, 102, 255
L 159.2, 81.2, 12.1, 159.2, 51.3, 12.1, 178, 102, 255
L 175.6, 105.3, 12.1, 180.3, 104.9, 12.1, 178, 102, 255
L 182.6, 79.0, 12.1, 182.6, 104.5, 12.1, 178, 102, 255
L 173.9, 79.0, 12.1, 182.6, 79.0, 12.1, 178, 102, 255
L 180.3, 104.9, 12.1, 180.3, 81.2, 12.1, 178, 102, 255
L 161.5, 78.9, 12.1, 167.9, 78.9, 12.1, 178, 102, 255
L 167.9, 81.2, 12.1, 159.2, 81.2, 12.1, 178, 102, 255
L 180.3, 81.2, 12.1, 173.9, 81.2, 12.1, 178, 102, 255
L 143.4, 60.5, 12.1, 143.4, 110.3, 12.1, 178, 102, 255
L 143.4, 110.3, 12.1, 116.7, 114.4, 11.0, 178, 102, 255
L 146.3, 111.3, 12.1, 146.3, 60.5, 12.1, 178, 102, 255
L 146.3, 60.5, 12.1, 143.4, 60.5, 12.1, 178, 102, 255
L 158.3, 110.1, 12.1, 146.3, 111.3, 12.1, 178, 102, 255
L 173.9, 93.8, 12.1, 173.9, 105.3, 12.1, 178, 102, 255
L 175.6, 105.3, 12.1, 173.9, 105.3, 12.1, 178, 102, 255
L 160.8, 93.8, 12.1, 160.8, 110.1, 12.1, 178, 102, 255
L 158.3, 110.1, 12.1, 160.8, 110.1, 12.1, 178, 102, 255
L 193.0, 100.2, 42.6, 193.0, 88.9, 42.6, 150, 150, 150
L 202.7, 88.9, 27.8, 200.3, 88.9, 31.5, 204, 0, 204
L 202.7, 100.2, 27.8, 200.3, 100.2, 31.5, 204, 0, 204
L 193.0, 88.9, 42.6, 191.5, 88.9, 42.6, 150, 150, 150
L 193.0, 100.2, 42.6, 191.5, 100.2, 42.6, 0, 0, 0
L 191.5, 100.2, 42.6, 191.5, 105.0, 42.6, 150, 150, 150
L 197.8, 100.2, 35.2, 195.4, 100.2, 38.9, 204, 0, 204
L 197.8, 88.9, 35.2, 195.4, 88.9, 38.9, 204, 0, 204
L 197.8, 100.2, 35.2, 197.8, 88.9, 35.2, 150, 150, 150
L 195.4, 100.2, 38.9, 193.0, 100.2, 42.6, 204, 0, 204
L 195.4, 88.9, 38.9, 193.0, 88.9, 42.6, 204, 0, 204
L 195.4, 100.2, 38.9, 195.4, 88.9, 38.9, 150, 150, 150
L 200.3, 100.2, 31.5, 197.8, 100.2, 35.2, 204, 0, 204
L 200.3, 88.9, 31.5, 197.8, 88.9, 35.2, 204, 0, 204
L 200.3, 100.2, 31.5, 200.3, 88.9, 31.5, 150, 150, 150
L 193.0, 60.8, 42.6, 193.0, 72.2, 42.6, 150, 150, 150
L 193.0, 60.8, 27.8, 202.7, 60.8, 27.8, 204, 0, 204
L 202.7, 60.8, 27.8, 200.3, 60.8, 31.5, 204, 0, 204
L 200.3, 60.8, 31.5, 200.3, 72.2, 31.5, 150, 150, 150
L 193.0, 72.2, 42.6, 191.5, 72.2, 42.6, 150, 150, 150
L 200.3, 72.2, 31.5, 197.9, 72.2, 35.2, 204, 0, 204
L 193.0, 76.7, 27.8, 193.0, 72.2, 27.8, 204, 0, 204
L 197.9, 72.2, 35.2, 195.4, 72.2, 38.9, 204, 0, 204
L 195.4, 72.2, 38.9, 193.0, 72.2, 42.6, 204, 0, 204
L 197.8, 60.8, 35.2, 197.9, 72.2, 35.2, 150, 150, 150
L 193.0, 72.2, 27.8, 202.7, 72.2, 27.8, 204, 0, 204
L 202.7, 72.2, 27.8, 200.3, 72.2, 31.5, 204, 0, 204
L 197.8, 60.8, 35.2, 195.4, 60.8, 38.9, 204, 0, 204
L 195.4, 60.8, 38.9, 195.4, 72.2, 38.9, 150, 150, 150
L 200.3, 60.8, 31.5, 197.8, 60.8, 35.2, 204, 0, 204
L 202.7, 72.2, 27.8, 202.7, 60.8, 27.8, 150, 150, 150
L 193.0, 60.8, 42.6, 191.5, 60.8, 42.6, 150, 150, 150
L 195.4, 60.8, 38.9, 193.0, 60.8, 42.6, 204, 0, 204
L 191.5, 56.1, 42.6, 191.5, 60.8, 42.6, 150, 150, 150
L 191.5, 72.2, 42.6, 191.5, 88.9, 42.6, 150, 150, 150
L 29.9, 108.7, 49.4, 27.4, 108.7, 53.1, 0, 204, 0
L 27.4, 108.7, 53.1, 25.0, 108.7, 56.8, 0, 204, 0
L 29.9, 97.3, 49.4, 29.9, 108.7, 49.4, 150, 150, 150
L 32.3, 97.3, 45.7, 32.3, 108.7, 45.7, 150, 150, 150
L 29.9, 97.3, 49.4, 27.4, 97.3, 53.1, 0, 204, 0
L 34.7, 97.3, 42.0, 32.3, 97.3, 45.7, 0, 204, 0
L 32.3, 108.7, 45.7, 29.9, 108.7, 49.4, 0, 204, 0
L 27.4, 97.3, 53.1, 27.4, 108.7, 53.1, 150, 150, 150
L 34.7, 108.7, 42.0, 32.3, 108.7, 45.7, 0, 204, 0
L 32.3, 97.3, 45.7, 29.9, 97.3, 49.4, 0, 204, 0
L 25.0, 97.3, 56.8, 25.0, 108.7, 56.8, 150, 150, 150
L 34.7, 108.7, 42.0, 34.7, 97.3, 42.0, 150, 150, 150
L 27.4, 97.3, 53.1, 25.0, 97.3, 56.8, 0, 204, 0
L 34.7, 63.7, 42.0, 32.3, 63.7, 45.7, 0, 204, 0
L 25.0, 52.3, 56.8, 25.0, 63.7, 56.8, 150, 150, 150
L 34.7, 63.7, 42.0, 34.7, 52.3, 42.0, 150, 150, 150
L 32.3, 52.3, 45.7, 29.9, 52.3, 49.4, 0, 204, 0
L 27.4, 52.3, 53.1, 25.0, 52.3, 56.8, 0, 204, 0
L 34.7, 52.3, 42.0, 32.3, 52.3, 45.7, 0, 204, 0
L 32.3, 63.7, 45.7, 29.9, 63.7, 49.4, 0, 204, 0
L 29.9, 52.3, 49.4, 27.4, 52.3, 53.1, 0, 204, 0
L 27.4, 52.3, 53.1, 27.4, 63.7, 53.1, 150, 150, 150
L 25.0, 63.7, 42.0, 34.7, 63.7, 42.0, 0, 0, 0
L 27.4, 63.7, 53.1, 25.0, 63.7, 56.8, 0, 204, 0
L 29.9, 52.3, 49.4, 29.9, 63.7, 49.4, 150, 150, 150
L 29.9, 63.7, 49.4, 27.4, 63.7, 53.1, 0, 204, 0
L 32.3, 52.3, 45.7, 32.3, 63.7, 45.7, 150, 150, 150
L 34.7, 52.3, 42.0, 25.0, 52.3, 42.0, 0, 0, 0
L 25.0, 97.3, 42.0, 34.7, 97.3, 42.0, 0, 0, 0
L 25.0, 97.3, 56.8, 25.0, 63.7, 56.8, 150, 150, 150
L 34.7, 108.7, 42.0, 25.0, 108.7, 42.0, 0, 0, 0
L 25.0, 52.3, 56.8, 25.0, 48.0, 56.8, 0, 204, 0
L 25.0, 113.1, 56.8, 25.0, 108.7, 56.8, 0, 204, 0
L 25.0, 113.1, 56.8, -32.9, 113.1, 56.8, 0, 204, 0
L 25.0, 48.0, 56.8, -32.9, 48.0, 56.8, 0, 204, 0
L -34.2, 102.0, 55.8, -32.9, 113.1, 56.8, 0, 204, 0
L -34.2, 60.1, 55.8, -32.9, 48.0, 56.8, 0, 204, 0
L 59.0, -92.4, 51.1, 55.4, -92.6, 51.1, 127, 64, 0
L 9.7, 75.1, -4.9, 6.2, 75.1, -4.9, 102, 0, 204
L -7.4, 106.6, 10.6, -9.9, 103.2, 10.6, 178, 102, 255
L 4.2, 76.4, 10.6, -0.3, 76.4, 10.6, 178, 102, 255
L 7.5, 65.2, 10.6, 11.4, 65.2, 10.6, 178, 102, 255
L 11.4, 62.5, 10.6, 11.4, 65.2, 10.6, 178, 102, 255
L 11.4, 62.5, 10.6, 4.2, 62.5, 10.6, 178, 102, 255
L 4.2, 76.4, 10.6, 4.2, 62.5, 10.6, 178, 102, 255
L 7.5, 94.0, 10.6, 11.4, 94.0, 10.6, 178, 102, 255
L 11.4, 94.0, 10.6, 11.4, 96.8, 10.6, 178, 102, 255
L 4.2, 84.5, 10.6, 4.2, 96.8, 10.6, 178, 102, 255
L 4.2, 96.8, 10.6, 11.4, 96.8, 10.6, 178, 102, 255
L -0.3, 76.4, 10.6, -0.3, 84.5, 10.6, 178, 102, 255
L 4.2, 84.5, 10.6, -0.3, 84.5, 10.6, 178, 102, 255
L -0.3, 84.5, 10.6, -0.3, 102.1, 10.6, 178, 102, 255
L -0.3, 102.1, 10.6, -9.9, 102.1, 10.6, 150, 150, 150
L -9.9, 102.1, 10.6, -9.9, 103.2, 10.6, 178, 102, 255
L -9.9, 92.2, -4.9, -0.3, 92.2, -4.9, 150, 150, 150
L -9.9, 102.1, 10.6, -9.9, 100.9, 8.6, 102, 0, 204
L -0.3, 102.1, 10.6, -0.3, 100.9, 8.6, 102, 0, 204
L -0.3, 97.2, 2.8, -0.3, 95.9, 0.9, 102, 0, 204
L -9.9, 97.2, 2.8, -9.9, 95.9, 0.9, 102, 0, 204
L -0.3, 97.2, 2.8, -9.9, 97.2, 2.8, 150, 150, 150
L -0.3, 99.7, 6.7, -0.3, 98.4, 4.8, 102, 0, 204
L -9.9, 99.7, 6.7, -9.9, 98.4, 4.8, 102, 0, 204
L -0.3, 99.7, 6.7, -9.9, 99.7, 6.7, 150, 150, 150
L -0.3, 94.7, -1.1, -0.3, 93.5, -3.0, 102, 0, 204
L -9.9, 94.7, -1.1, -9.9, 93.5, -3.0, 102, 0, 204
L -0.3, 94.7, -1.1, -9.9, 94.7, -1.1, 150, 150, 150
L -0.3, 93.5, -3.0, -0.3, 92.2, -4.9, 102, 0, 204
L -9.9, 93.5, -3.0, -9.9, 92.2, -4.9, 102, 0, 204
L -0.3, 93.5, -3.0, -9.9, 93.5, -3.0, 150, 150, 150
L -0.3, 95.9, 0.9, -0.3, 94.7, -1.1, 102, 0, 204
L -9.9, 95.9, 0.9, -9.9, 94.7, -1.1, 102, 0, 204
L -0.3, 95.9, 0.9, -9.9, 95.9, 0.9, 150, 150, 150
L -0.3, 98.4, 4.8, -0.3, 97.2, 2.8, 102, 0, 204
L -9.9, 98.4, 4.8, -9.9, 97.2, 2.8, 102, 0, 204
L -0.3, 98.4, 4.8, -9.9, 98.4, 4.8, 150, 150, 150
L -0.3, 100.9, 8.6, -0.3, 99.7, 6.7, 102, 0, 204
L -9.9, 100.9, 8.6, -9.9, 99.7, 6.7, 102, 0, 204
L -0.3, 100.9, 8.6, -9.9, 100.9, 8.6, 150, 150, 150
L -9.9, 83.7, -4.9, -9.9, 92.2, -4.9, 102, 0, 204
L -9.9, 77.4, -4.9, -9.9, 68.7, -4.9, 102, 0, 204
L -9.9, 77.4, -4.9, -9.9, 83.7, -4.9, 102, 0, 204
L -0.3, 61.2, 6.7, -9.9, 61.2, 6.7, 150, 150, 150
L -9.9, 65.0, 0.9, -9.9, 66.2, -1.1, 102, 0, 204
L -0.3, 66.2, -1.1, -9.9, 66.2, -1.1, 150, 150, 150
L -0.3, 65.0, 0.9, -0.3, 66.2, -1.1, 102, 0, 204
L -0.3, 65.0, 0.9, -9.9, 65.0, 0.9, 150, 150, 150
L -0.3, 63.7, 2.8, -0.3, 65.0, 0.9, 102, 0, 204
L -0.3, 62.5, 4.8, -9.9, 62.5, 4.8, 150, 150, 150
L -0.3, 63.7, 2.8, -9.9, 63.7, 2.8, 150, 150, 150
L -9.9, 63.7, 2.8, -9.9, 65.0, 0.9, 102, 0, 204
L -0.3, 61.2, 6.7, -0.3, 62.5, 4.8, 102, 0, 204
L -9.9, 61.2, 6.7, -9.9, 62.5, 4.8, 102, 0, 204
L -0.3, 62.5, 4.8, -0.3, 63.7, 2.8, 102, 0, 204
L -9.9, 67.4, -3.0, -9.9, 68.7, -4.9, 102, 0, 204
L -9.9, 58.8, 10.6, -9.9, 60.0, 8.6, 102, 0, 204
L -0.3, 66.2, -1.1, -0.3, 67.4, -3.0, 102, 0, 204
L -9.9, 58.8, 10.6, -9.9, 57.7, 10.6, 178, 102, 255
L -0.3, 67.4, -3.0, -0.3, 68.7, -4.9, 102, 0, 204
L -0.3, 67.4, -3.0, -9.9, 67.4, -3.0, 150, 150, 150
L -9.9, 60.0, 8.6, -9.9, 61.2, 6.7, 102, 0, 204
L -0.3, 60.0, 8.6, -0.3, 61.2, 6.7, 102, 0, 204
L -0.3, 60.0, 8.6, -9.9, 60.0, 8.6, 150, 150, 150
L -0.3, 58.8, 10.6, -0.3, 60.0, 8.6, 102, 0, 204
L -0.3, 58.8, 10.6, -9.9, 58.8, 10.6, 150, 150, 150
L -7.4, 54.3, 10.6, -9.9, 57.7, 10.6, 178, 102, 255
L -0.3, 76.4, 10.6, -0.3, 58.8, 10.6, 178, 102, 255
L -9.9, 62.5, 4.8, -9.9, 63.7, 2.8, 102, 0, 204
L -9.9, 66.2, -1.1, -9.9, 67.4, -3.0, 102, 0, 204
L -9.9, 68.7, -4.9, -0.3, 68.7, -4.9, 150, 150, 150
L 6.2, 92.2, -4.9, 6.2, 85.7, -4.9, 102, 0, 204
L -0.3, 92.2, -4.9, 6.2, 92.2, -4.9, 102, 0, 204
L 6.2, 68.7, -4.9, 6.2, 75.1, -4.9, 102, 0, 204
L -0.3, 68.7, -4.9, 6.2, 68.7, -4.9, 102, 0, 204
L 182.4, -12.2, 16.6, 182.9, -14.2, 14.9, 178, 102, 255
L 206.1, -32.6, 43.6, 205.1, -28.7, 43.6, 150, 150, 150
L 44.5, -84.4, 26.8, 38.7, -85.9, 26.8, 204, 0, 204
L 38.7, -85.9, 26.8, 40.2, -91.5, 26.8, 204, 0, 204
L 39.2, -58.1, 43.0, 39.8, -60.5, 43.0, 205, 133, 63
L 178.9, 0.7, 27.4, 166.1, -2.9, 27.4, 150, 150, 150
L 30.3, -55.1, 26.8, 36.1, -53.6, 26.8, 204, 0, 204
L 10.3, -80.2, -3.9, 12.5, -88.6, -3.9, 102, 0, 204
L 39.8, -60.5, 43.0, 38.8, -60.8, 43.0, 0, 0, 0
L 40.2, -91.5, 26.8, 48.8, -89.1, 26.8, 204, 0, 204
L 37.5, -47.2, 26.8, 28.8, -49.6, 26.8, 204, 0, 204
L 39.7, -55.5, 43.0, 40.4, -57.8, 43.0, 205, 133, 63
L 45.3, -38.3, 43.0, 42.9, -38.9, 46.7, 0, 204, 0
L 45.8, -49.9, 46.7, 42.9, -38.9, 46.7, 150, 150, 150
L 205.5, -15.5, 39.9, 203.1, -16.1, 43.6, 204, 0, 204
L 207.3, -3.3, 32.5, 204.8, -3.9, 36.2, 204, 0, 204
L 6.1, -64.7, -2.0, 6.4, -65.9, -3.9, 102, 0, 204
L 15.4, -62.2, -2.0, 6.1, -64.7, -2.0, 150, 150, 150
L 15.4, -62.2, -2.0, 15.7, -63.3, -3.9, 102, 0, 204
L 6.4, -65.9, -3.9, 15.7, -63.3, -3.9, 150, 150, 150
L 12.4, -56.9, 56.8, -15.0, -64.2, 56.8, 0, 204, 0
L 4.7, -59.9, 5.8, 5.2, -61.1, 3.8, 102, 0, 204
L 45.3, -38.3, 43.0, 48.2, -49.3, 43.0, 150, 150, 150
L 199.5, -2.6, 28.8, 211.5, -2.5, 28.8, 204, 0, 204
L 180.4, -61.2, 13.1, 164.5, -67.6, 12.4, 178, 102, 255
L 203.1, -16.1, 28.8, 212.5, -13.6, 28.8, 204, 0, 204
L 202.5, -4.5, 39.9, 200.1, -5.1, 43.6, 204, 0, 204
L 202.0, -29.1, 28.8, 208.1, -51.3, 28.8, 204, 0, 204
L 29.8, -77.2, -3.9, 26.4, -78.2, -3.9, 102, 0, 204
L 207.5, -32.3, 43.6, 206.1, -32.6, 43.6, 0, 0, 0
L 202.5, -4.5, 39.9, 205.5, -15.5, 39.9, 150, 150, 150
L 22.1, -69.6, 11.6, 18.9, -57.7, 11.6, 178, 102, 255
L 38.8, -51.8, 57.8, 35.9, -40.8, 57.8, 150, 150, 150
L 222.2, -38.3, 13.1, 207.1, -48.2, 13.1, 178, 102, 255
L 196.0, -2.5, 13.1, 206.8, -3.2, 13.1, 178, 102, 255
L 14.5, -58.5, 3.8, 5.2, -61.1, 3.8, 150, 150, 150
L 200.1, -5.1, 43.6, 198.8, -5.6, 43.6, 0, 0, 0
L 182.5, -60.1, 13.1, 175.4, -34.0, 13.1, 178, 102, 255
L 42.9, -38.9, 46.7, 40.6, -39.5, 50.4, 0, 204, 0
L 206.3, -27.9, 28.8, 207.5, -32.3, 28.8, 204, 0, 204
L 14.8, -59.8, 1.9, 5.5, -62.2, 1.9, 150, 150, 150
L 5.2, -61.1, 3.8, 5.5, -62.2, 1.9, 102, 0, 204
L 14.5, -58.5, 3.8, 14.8, -59.8, 1.9, 102, 0, 204
L 209.8, -31.7, 39.9, 207.5, -32.3, 43.6, 204, 0, 204
L 45.8, -49.9, 46.7, 43.5, -50.5, 50.4, 0, 204, 0
L 137.7, -7.1, 43.6, 196.1, -1.1, 43.6, 0, 0, 0
L 214.5, -30.4, 32.5, 212.2, -31.0, 36.2, 204, 0, 204
L 210.3, -48.1, 43.6, 209.0, -48.7, 43.6, 0, 0, 0
L 219.9, -40.7, 28.8, 217.5, -41.3, 32.5, 204, 0, 204
L 217.5, -41.3, 32.5, 214.5, -30.4, 32.5, 150, 150, 150
L 212.2, -31.0, 36.2, 209.8, -31.7, 39.9, 204, 0, 204
L 14.1, -57.4, 5.8, 14.5, -58.5, 3.8, 102, 0, 204
L 14.1, -57.4, 5.8, 4.7, -59.9, 5.8, 150, 150, 150
L 28.8, -49.6, 26.8, 30.3, -55.1, 26.8, 204, 0, 204
L 36.1, -53.6, 26.8, 44.5, -84.4, 26.8, 204, 0, 204
L 16.7, -67.6, 71.1, 20.3, -80.9, 71.1, 150, 150, 150
L 16.7, -67.6, 71.1, 14.4, -59.2, 71.1, 150, 150, 150
L 13.5, -56.0, 71.1, 14.4, -59.2, 71.1, 102, 255, 102
L 13.5, -56.0, 71.1, -21.3, -65.4, 71.1, 102, 255, 102
L -11.4, -101.8, 71.1, -21.3, -65.4, 71.1, 102, 255, 102
L -11.4, -101.8, 71.1, 23.4, -92.5, 71.1, 102, 255, 102
L 22.5, -89.2, 71.1, 23.4, -92.5, 71.1, 102, 255, 102
L 22.5, -89.2, 71.1, 20.3, -80.9, 71.1, 150, 150, 150
L 41.1, -51.2, 54.1, 38.2, -40.2, 54.1, 150, 150, 150
L 41.1, -51.2, 54.1, 38.8, -51.8, 57.8, 0, 204, 0
L 211.2, -46.0, 28.8, 210.5, -43.3, 28.8, 204, 0, 204
L 200.1, -5.1, 28.8, 199.5, -2.6, 28.8, 204, 0, 204
L 43.5, -50.5, 50.4, 41.1, -51.2, 54.1, 0, 204, 0
L 206.8, -3.2, 13.1, 212.6, -3.5, 13.1, 178, 102, 255
L 204.8, -3.9, 36.2, 202.5, -4.5, 39.9, 204, 0, 204
L 210.5, -43.3, 28.8, 219.9, -40.7, 28.8, 204, 0, 204
L 48.2, -49.3, 43.0, 45.8, -49.9, 46.7, 0, 204, 0
L 166.7, -4.9, 25.6, 167.3, -7.2, 23.7, 178, 102, 255
L 149.3, -1.2, 27.3, 165.0, -59.7, 27.3, 204, 0, 204
L 179.5, -1.5, 25.6, 166.7, -4.9, 25.6, 150, 150, 150
L 179.5, -1.5, 25.6, 180.0, -3.6, 23.8, 178, 102, 255
L 180.0, -3.6, 23.8, 167.3, -7.2, 23.7, 150, 150, 150
L 15.3, -100.7, 43.0, -1.6, -105.4, 43.0, 0, 0, 0
L 10.3, -80.2, -3.9, 8.6, -74.1, -3.9, 102, 0, 204
L 22.1, -69.6, 11.6, 17.8, -70.8, 11.6, 178, 102, 255
L 24.2, -77.5, 11.6, 19.9, -78.6, 11.6, 178, 102, 255
L 181.2, -7.8, 20.2, 181.8, -10.0, 18.4, 178, 102, 255
L 117.1, -81.9, -3.9, 111.1, -83.1, -3.9, 102, 0, 204
L 92.6, -10.8, 26.8, 135.4, -1.8, 26.8, 204, 0, 204
L 178.9, 0.7, 27.4, 179.5, -1.5, 25.6, 178, 102, 255
L 166.1, -2.9, 27.4, 166.7, -4.9, 25.6, 178, 102, 255
L 181.8, -10.0, 18.4, 169.0, -13.5, 18.4, 150, 150, 150
L 168.5, -11.3, 20.2, 169.0, -13.5, 18.4, 178, 102, 255
L 181.2, -7.8, 20.2, 168.5, -11.3, 20.2, 150, 150, 150
L 99.7, -49.4, 26.8, 102.7, -48.4, 26.8, 204, 0, 204
L 176.6, -56.3, -3.9, 152.0, -68.9, -3.9, 102, 0, 204
L 34.8, -88.9, 11.6, 34.0, -86.4, 11.6, 178, 102, 255
L 39.4, -63.2, 43.0, 34.0, -64.6, 43.0, 0, 0, 0
L -0.5, -54.7, 43.0, 33.9, -42.8, 43.0, 0, 0, 0
L 30.3, -87.4, 11.6, 34.0, -86.4, 11.6, 178, 102, 255
L 37.4, -56.1, 43.0, 38.1, -58.4, 43.0, 205, 133, 63
L 22.8, -59.6, 11.6, 26.5, -58.6, 11.6, 178, 102, 255
L 39.2, -58.1, 43.0, 40.4, -57.8, 43.0, 205, 133, 63
L 166.5, -4.0, 13.1, 152.3, -6.7, 13.1, 178, 102, 255
L 149.7, -8.5, 13.1, 122.9, -11.4, 12.0, 178, 102, 255
L -19.6, -62.8, 56.8, -21.2, -51.8, 57.8, 0, 204, 0
L 102.7, -48.4, 26.8, 92.6, -10.8, 26.8, 204, 0, 204
L -14.4, -58.4, 43.0, -0.5, -54.7, 43.0, 0, 0, 0
L 89.4, -11.2, 26.8, 99.7, -49.4, 26.8, 204, 0, 204
L 46.0, -78.3, 43.0, 46.6, -80.8, 43.0, 205, 133, 63
L -1.6, -105.4, 43.0, -14.4, -58.4, 43.0, 0, 0, 0
L 205.0, -23.0, 28.8, 205.7, -25.4, 28.8, 205, 133, 63
L 217.2, -5.0, -3.9, 232.0, -6.4, -3.9, 102, 0, 204
L 187.3, -30.7, 13.1, 195.7, -28.3, 13.1, 178, 102, 255
L -14.8, -54.0, 26.8, 7.6, -41.9, 26.8, 204, 0, 204
L 52.8, -94.6, 54.1, 49.9, -83.7, 54.1, 150, 150, 150
L 22.2, -57.3, 26.8, 20.7, -51.8, 26.8, 204, 0, 204
L 35.1, -85.8, 56.8, 31.9, -86.7, 60.4, 102, 255, 102
L 180.6, -5.8, 22.0, 181.2, -7.8, 20.2, 178, 102, 255
L 12.6, -59.9, 26.8, 22.2, -57.3, 26.8, 204, 0, 204
L 41.6, -72.1, 11.6, 49.4, -100.6, 11.6, 178, 102, 255
L 52.8, -94.6, 54.1, 50.5, -95.3, 57.8, 0, 204, 0
L 44.1, -71.4, 11.6, 41.6, -72.1, 11.6, 178, 102, 255
L 47.6, -84.3, 43.0, 47.3, -83.1, 43.0, 0, 0, 0
L 20.7, -57.6, 63.9, 17.6, -58.4, 67.5, 102, 255, 102
L 82.7, -93.2, 43.0, 51.8, -99.9, 43.0, 0, 0, 0
L 55.4, -31.3, -3.9, 59.3, -30.0, -3.9, 102, 0, 204
L 13.6, -92.1, 1.9, 13.2, -91.0, -0.1, 102, 0, 204
L 22.5, -88.5, -0.1, 13.2, -91.0, -0.1, 150, 150, 150
L 22.9, -89.7, 1.9, 22.5, -88.5, -0.1, 102, 0, 204
L 22.9, -89.7, 1.9, 13.6, -92.1, 1.9, 150, 150, 150
L 21.7, -47.2, -3.9, 55.4, -31.3, -3.9, 102, 0, 204
L 164.5, -67.6, 12.4, 144.5, -75.7, 12.0, 178, 102, 255
L 23.2, -90.9, 3.8, 13.9, -93.4, 3.8, 150, 150, 150
L 47.6, -84.3, 43.0, 57.0, -81.7, 43.0, 0, 0, 0
L 23.8, -93.2, 7.7, 14.5, -95.8, 7.7, 150, 150, 150
L 51.8, -99.9, 43.0, 50.5, -95.3, 43.0, 0, 0, 0
L 182.1, -4.8, 13.1, 186.7, -3.9, 13.1, 178, 102, 255
L 212.6, -3.5, 13.1, 222.2, -38.3, 13.1, 178, 102, 255
L 23.5, -92.1, 5.8, 23.2, -90.9, 3.8, 102, 0, 204
L 42.5, -65.1, 11.6, 38.7, -51.5, 11.6, 178, 102, 255
L 31.8, -36.0, 11.6, 39.9, -65.7, 11.6, 178, 102, 255
L 55.3, -94.0, 50.4, 52.8, -94.6, 54.1, 0, 204, 0
L 47.3, -83.1, 43.0, 46.1, -83.4, 43.0, 0, 0, 0
L 169.0, -13.5, 18.4, 169.5, -15.5, 16.7, 178, 102, 255
L 23.2, -90.9, 3.8, 22.9, -89.7, 1.9, 102, 0, 204
L 23.5, -92.1, 5.8, 14.2, -94.6, 5.8, 150, 150, 150
L 94.5, -21.4, -3.9, 106.4, -17.7, -3.9, 102, 0, 204
L 7.6, -41.9, 26.8, 12.6, -59.9, 26.8, 204, 0, 204
L 0.2, -109.4, 26.8, -14.8, -54.0, 26.8, 204, 0, 204
L 60.0, -92.7, 43.0, 57.6, -93.3, 46.7, 0, 204, 0
L 71.7, -24.0, 11.6, 34.1, -34.7, 11.6, 178, 102, 255
L 160.9, -9.1, -3.9, 171.3, -8.0, -3.9, 102, 0, 204
L 12.4, -56.9, 56.8, 16.2, -70.8, 56.8, 0, 204, 0
L 27.0, -55.8, 56.8, 23.8, -56.7, 60.4, 102, 255, 102
L 35.2, -96.8, -3.9, 29.8, -77.2, -3.9, 102, 0, 204
L 73.6, -45.1, -3.9, 97.8, -38.5, -3.9, 102, 0, 204
L 97.8, -38.5, -3.9, 94.5, -21.4, -3.9, 102, 0, 204
L 13.9, -93.4, 3.8, 13.6, -92.1, 1.9, 102, 0, 204
L 167.3, -7.2, 23.7, 167.9, -9.1, 22.0, 178, 102, 255
L 212.5, -13.6, 28.8, 209.6, -2.6, 28.8, 150, 150, 150
L 23.8, -93.2, 7.7, 23.5, -92.1, 5.8, 102, 0, 204
L 14.5, -95.8, 7.7, 14.2, -94.6, 5.8, 102, 0, 204
L 54.6, -82.3, 46.7, 52.3, -83.0, 50.4, 0, 204, 0
L 180.0, -3.6, 23.8, 180.6, -5.8, 22.0, 178, 102, 255
L 23.0, -65.9, 63.9, 20.7, -57.6, 63.9, 150, 150, 150
L 82.1, -71.7, -3.9, 70.0, -73.5, -3.9, 102, 0, 204
L 24.3, -90.2, 56.8, 35.4, -87.2, 56.8, 0, 204, 0
L 24.1, -94.5, 9.6, 14.8, -97.0, 9.6, 150, 150, 150
L -19.6, -62.8, 56.8, -8.6, -103.3, 56.8, 0, 204, 0
L 35.1, -85.8, 56.8, 32.8, -77.5, 56.8, 150, 150, 150
L 5.5, -62.2, 1.9, 5.8, -63.5, -0.1, 102, 0, 204
L 14.8, -59.8, 1.9, 15.1, -61.0, -0.1, 102, 0, 204
L 15.1, -61.0, -0.1, 5.8, -63.5, -0.1, 150, 150, 150
L 21.9, -86.1, -3.9, 28.1, -84.4, -3.9, 102, 0, 204
L 18.4, -68.4, 56.8, 29.5, -65.4, 56.8, 0, 204, 0
L 21.6, -80.2, 56.8, 32.7, -77.2, 56.8, 0, 204, 0
L 21.1, -78.5, 56.8, 21.6, -80.2, 56.8, 0, 204, 0
L 14.2, -94.6, 5.8, 13.9, -93.4, 3.8, 102, 0, 204
L 5.1, -51.3, 11.6, 3.5, -55.3, 11.6, 178, 102, 255
L 24.1, -94.5, 9.6, 23.8, -93.2, 7.7, 102, 0, 204
L 24.4, -95.7, 11.6, 24.1, -94.5, 9.6, 102, 0, 204
L 24.4, -95.7, 11.6, 15.1, -98.2, 11.6, 150, 150, 150
L 15.1, -98.2, 11.6, 14.8, -97.0, 9.6, 102, 0, 204
L 19.8, -78.8, 56.8, 21.1, -78.5, 56.8, 0, 204, 0
L 35.4, -87.2, 56.8, 35.1, -85.8, 56.8, 0, 204, 0
L 18.4, -79.3, 56.8, 19.8, -78.8, 56.8, 0, 204, 0
L 28.1, -84.4, -3.9, 26.4, -78.2, -3.9, 102, 0, 204
L 22.5, -88.5, -0.1, 22.2, -87.3, -2.0, 102, 0, 204
L 13.2, -91.0, -0.1, 12.8, -89.8, -2.0, 102, 0, 204
L 22.2, -87.3, -2.0, 12.8, -89.8, -2.0, 150, 150, 150
L 15.5, -57.4, 56.8, 26.6, -54.4, 56.8, 0, 204, 0
L 18.4, -79.3, 56.8, 22.3, -93.3, 56.8, 0, 204, 0
L -5.0, -100.0, 56.8, 22.3, -93.3, 56.8, 0, 204, 0
L 14.4, -53.6, 56.8, -19.6, -62.8, 56.8, 0, 204, 0
L 25.4, -94.1, 56.8, -8.6, -103.3, 56.8, 0, 204, 0
L 40.6, -39.5, 50.4, 38.2, -40.2, 54.1, 0, 204, 0
L 32.8, -77.5, 56.8, 32.7, -77.2, 56.8, 0, 204, 0
L -15.0, -64.2, 56.8, -5.0, -100.0, 56.8, 0, 204, 0
L 14.8, -97.0, 9.6, 14.5, -95.8, 7.7, 102, 0, 204
L 221.6, -40.7, 28.8, 211.2, -46.0, 28.8, 204, 0, 204
L 18.8, -70.2, 56.8, 17.5, -70.5, 56.8, 0, 204, 0
L 207.8, -14.9, 36.2, 205.5, -15.5, 39.9, 204, 0, 204
L 22.2, -87.3, -2.0, 21.9, -86.1, -3.9, 102, 0, 204
L 15.7, -63.3, -3.9, 22.0, -61.7, -3.9, 102, 0, 204
L 18.7, -101.8, 11.6, 15.4, -99.2, 11.6, 178, 102, 255
L 207.1, -48.2, 13.1, 193.8, -54.9, 13.1, 178, 102, 255
L 43.5, -50.5, 50.4, 40.6, -39.5, 50.4, 150, 150, 150
L 12.5, -88.6, -3.9, 21.9, -86.1, -3.9, 150, 150, 150
L 204.8, -3.9, 36.2, 207.8, -14.9, 36.2, 150, 150, 150
L 12.8, -89.8, -2.0, 12.5, -88.6, -3.9, 102, 0, 204
L 19.9, -78.6, 11.6, 24.4, -95.7, 11.6, 178, 102, 255
L 15.1, -98.2, 11.6, 15.4, -99.2, 11.6, 178, 102, 255
L 17.5, -70.5, 56.8, 16.2, -70.8, 56.8, 0, 204, 0
L 18.8, -70.2, 56.8, 18.4, -68.4, 56.8, 0, 204, 0
L 29.2, -64.2, 56.8, 29.5, -65.4, 56.8, 0, 204, 0
L 27.0, -55.8, 56.8, 29.2, -64.2, 56.8, 150, 150, 150
L 27.0, -55.8, 56.8, 26.6, -54.4, 56.8, 0, 204, 0
L 15.5, -57.4, 56.8, 14.4, -53.6, 56.8, 0, 204, 0
L 25.4, -94.1, 56.8, 24.3, -90.2, 56.8, 0, 204, 0
L 38.2, -40.2, 54.1, 35.9, -40.8, 57.8, 0, 204, 0
L 22.0, -61.7, -3.9, 23.6, -67.9, -3.9, 102, 0, 204
L 193.8, -54.9, 13.1, 182.5, -60.1, 13.1, 178, 102, 255
L 57.0, -81.7, 43.0, 54.6, -82.3, 46.7, 0, 204, 0
L 195.7, -28.3, 13.1, 189.1, -3.7, 13.1, 178, 102, 255
L 28.8, -87.5, 63.9, 25.7, -88.3, 67.5, 102, 255, 102
L 203.5, -26.0, 28.8, 204.1, -28.5, 28.8, 205, 133, 63
L 57.6, -93.3, 46.7, 55.3, -94.0, 50.4, 0, 204, 0
L 207.3, -44.3, -3.9, 176.6, -56.3, -3.9, 102, 0, 204
L 210.8, -7.3, -3.9, 217.2, -5.0, -3.9, 102, 0, 204
L 29.7, -78.3, 60.4, 32.8, -77.5, 56.8, 102, 255, 102
L 202.2, -21.1, 28.8, 202.9, -23.6, 28.8, 205, 133, 63
L 232.0, -6.4, -3.9, 237.3, -26.1, -3.9, 102, 0, 204
L 105.4, -65.7, -3.9, 82.1, -71.7, -3.9, 102, 0, 204
L 38.8, -51.8, 43.0, 48.2, -49.3, 43.0, 0, 0, 0
L 203.5, -26.0, 28.8, 205.7, -25.4, 28.8, 205, 133, 63
L 57.0, -81.7, 43.0, 60.0, -92.7, 43.0, 150, 150, 150
L 8.6, -74.1, -3.9, 6.4, -65.9, -3.9, 102, 0, 204
L 31.9, -86.7, 60.4, 29.7, -78.3, 60.4, 150, 150, 150
L 189.1, -3.7, 13.1, 196.0, -2.5, 13.1, 178, 102, 255
L 111.1, -83.1, -3.9, 105.4, -65.7, -3.9, 102, 0, 204
L 25.7, -88.3, 67.5, 22.5, -89.2, 71.1, 102, 255, 102
L 23.4, -80.0, 67.5, 26.6, -79.1, 63.9, 102, 255, 102
L 49.4, -100.6, 11.6, 18.7, -101.8, 11.6, 178, 102, 255
L 38.0, -48.8, 11.6, 111.3, -28.5, 11.6, 178, 102, 255
L 23.0, -65.9, 63.9, 26.1, -65.0, 60.4, 102, 255, 102
L 30.3, -87.4, 11.6, 22.8, -59.6, 11.6, 178, 102, 255
L 200.7, -24.2, 28.8, 201.4, -26.6, 28.8, 205, 133, 63
L 201.4, -26.6, 28.8, 203.5, -26.0, 28.8, 205, 133, 63
L 204.1, -28.5, 28.8, 202.0, -29.1, 28.8, 204, 0, 204
L 172.6, -32.3, 13.1, 180.4, -61.2, 13.1, 178, 102, 255
L 25.7, -88.3, 67.5, 23.4, -80.0, 67.5, 150, 150, 150
L 34.8, -88.9, 11.6, 27.8, -90.9, 11.6, 178, 102, 255
L 112.3, -32.3, 11.6, 111.3, -28.5, 11.6, 178, 102, 255
L 24.2, -77.5, 11.6, 27.8, -90.9, 11.6, 178, 102, 255
L 34.1, -34.7, 11.6, 38.0, -48.8, 11.6, 178, 102, 255
L 200.7, -24.2, 28.8, 202.9, -23.6, 28.8, 205, 133, 63
L 31.9, -86.7, 60.4, 28.8, -87.5, 63.9, 102, 255, 102
L 50.5, -95.3, 57.8, 47.6, -84.3, 57.8, 150, 150, 150
L 218.8, -33.5, -3.9, 207.3, -44.3, -3.9, 102, 0, 204
L 28.8, -87.5, 63.9, 26.6, -79.1, 63.9, 150, 150, 150
L 70.0, -73.5, -3.9, 73.5, -93.4, -3.9, 102, 0, 204
L 112.3, -32.3, 11.6, 38.7, -51.5, 11.6, 178, 102, 255
L 26.6, -79.1, 63.9, 29.7, -78.3, 60.4, 102, 255, 102
L 152.3, -6.7, 13.1, 165.5, -55.7, 13.1, 178, 102, 255
L 38.0, -53.3, 43.0, 38.6, -55.8, 43.0, 205, 133, 63
L 45.5, -81.0, 43.0, 46.6, -80.8, 43.0, 205, 133, 63
L 50.5, -95.3, 57.8, 51.7, -99.5, 57.8, 0, 204, 0
L 165.5, -55.7, 13.1, 162.7, -56.5, 13.1, 178, 102, 255
L 19.9, -78.6, 11.6, 17.8, -70.8, 11.6, 178, 102, 255
L 37.4, -56.1, 43.0, 38.6, -55.8, 43.0, 205, 133, 63
L 183.5, -16.4, 13.1, 180.5, -5.3, 13.1, 178, 102, 255
L 44.2, -76.2, 43.0, 44.8, -78.6, 43.0, 205, 133, 63
L 41.0, -60.2, 43.0, 39.8, -60.5, 43.0, 0, 0, 0
L 208.1, -51.3, 28.8, 196.2, -57.8, 28.4, 204, 0, 204
L 194.1, -58.9, 28.3, 170.6, -70.8, 27.4, 204, 0, 204
L 34.4, -35.6, 43.5, 79.3, -20.6, 43.7, 0, 0, 0
L 155.4, -79.1, 26.8, 114.8, -92.9, 26.8, 204, 0, 204
L 169.5, -15.5, 16.7, 170.1, -17.7, 14.9, 178, 102, 255
L 100.6, -97.6, 26.8, 53.1, -107.6, 26.8, 204, 0, 204
L 241.6, -29.7, 31.0, 221.6, -40.7, 28.8, 204, 0, 204
L 106.4, -17.7, -3.9, 109.5, -17.3, -3.9, 102, 0, 204
L 165.0, -59.7, 27.3, 167.3, -59.0, 27.3, 204, 0, 204
L 35.9, -40.8, 43.0, 34.4, -35.6, 43.5, 0, 0, 0
L 215.2, -41.9, 36.2, 212.8, -42.7, 39.9, 204, 0, 204
L 39.1, -53.0, 43.0, 36.8, -53.6, 43.0, 0, 0, 0
L 212.8, -42.7, 39.9, 210.5, -43.3, 43.6, 204, 0, 204
L 25.2, -95.5, 26.8, 32.0, -93.6, 26.8, 204, 0, 204
L 53.1, -107.6, 26.8, 28.6, -108.5, 26.8, 204, 0, 204
L 167.0, -67.0, 27.3, 168.5, -72.5, 27.3, 204, 0, 204
L 191.1, -39.2, 28.4, 188.9, -39.8, 28.3, 204, 0, 204
L 168.5, -72.5, 27.3, 155.4, -79.1, 26.8, 204, 0, 204
L 28.6, -108.5, 26.8, 25.2, -95.5, 26.8, 204, 0, 204
L 29.9, -74.0, 43.0, 33.5, -73.0, 43.0, 0, 0, 0
L 216.9, -29.7, 28.8, 219.9, -40.7, 28.8, 150, 150, 150
L 132.9, -78.5, 43.0, 97.6, -89.6, 43.0, 0, 0, 0
L 207.5, -32.3, 28.8, 216.9, -29.7, 28.8, 204, 0, 204
L 217.5, -41.3, 32.5, 215.2, -41.9, 36.2, 204, 0, 204
L 29.2, -71.2, 43.0, 29.9, -74.0, 43.0, 0, 0, 0
L 215.2, -41.9, 36.2, 212.2, -31.0, 36.2, 150, 150, 150
L 38.8, -51.8, 43.0, 39.1, -53.0, 43.0, 0, 0, 0
L 79.3, -20.6, 43.7, 137.7, -7.1, 43.6, 0, 0, 0
L 32.7, -70.1, 43.0, 29.2, -71.2, 43.0, 0, 0, 0
L 52.0, -100.7, 11.6, 44.1, -71.4, 11.6, 178, 102, 255
L 210.5, -43.3, 43.6, 209.1, -43.6, 43.6, 0, 0, 0
L 188.9, -39.8, 28.3, 194.1, -58.9, 28.3, 204, 0, 204
L 48.8, -89.1, 26.8, 37.5, -47.2, 26.8, 204, 0, 204
L 39.9, -65.7, 11.6, 42.5, -65.1, 11.6, 178, 102, 255
L 180.9, 0.7, 28.4, 193.5, 0.9, 28.8, 204, 0, 204
L 216.9, -29.7, 28.8, 214.5, -30.4, 32.5, 204, 0, 204
L 212.8, -42.7, 39.9, 209.8, -31.7, 39.9, 150, 150, 150
L 178.9, 0.7, 26.8, 180.9, 0.7, 28.4, 204, 0, 204
L 68.7, -26.9, -3.9, 73.6, -45.1, -3.9, 102, 0, 204
L 211.5, -2.5, 28.8, 234.1, -2.3, 30.8, 204, 0, 204
L 196.2, -57.8, 28.4, 191.1, -39.2, 28.4, 204, 0, 204
L 43.7, -79.0, 43.0, 44.3, -81.4, 43.0, 205, 133, 63
L 20.9, -90.7, 26.8, 25.5, -108.5, 26.8, 204, 0, 204
L 249.9, -24.1, 33.5, 241.6, -29.7, 31.0, 204, 0, 204
L 101.5, -55.8, 26.8, 111.7, -94.0, 26.8, 204, 0, 204
L 111.7, -94.0, 26.8, 100.6, -97.6, 26.8, 204, 0, 204
L 104.5, -55.0, 26.8, 101.5, -55.8, 26.8, 204, 0, 204
L 32.0, -93.6, 26.8, 30.6, -88.1, 26.8, 204, 0, 204
L 210.2, -14.3, 32.5, 207.8, -14.9, 36.2, 204, 0, 204
L 114.8, -92.9, 26.8, 104.5, -55.0, 26.8, 204, 0, 204
L 155.3, -71.9, 43.0, 132.9, -78.5, 43.0, 0, 0, 0
L 161.6, -37.9, 27.4, 186.5, -31.0, 28.3, 204, 0, 204
L 169.4, -66.3, 27.3, 167.0, -67.0, 27.3, 204, 0, 204
L 30.6, -88.1, 26.8, 20.9, -90.7, 26.8, 204, 0, 204
L 25.5, -108.5, 26.8, 0.2, -109.4, 26.8, 204, 0, 204
L 170.6, -70.8, 27.4, 169.4, -66.3, 27.4, 204, 0, 204
L 167.3, -59.0, 27.4, 161.6, -37.9, 27.4, 204, 0, 204
L 207.3, -3.3, 32.5, 210.2, -14.3, 32.5, 150, 150, 150
L 151.7, -1.2, 27.4, 178.9, 0.7, 26.8, 204, 0, 204
L 17.7, -76.4, 56.8, 19.0, -76.1, 56.8, 205, 133, 63
L 13.8, -56.2, 7.7, 14.1, -57.4, 5.8, 102, 0, 204
L 4.4, -58.7, 7.7, 4.7, -59.9, 5.8, 102, 0, 204
L 13.8, -56.2, 7.7, 4.4, -58.7, 7.7, 150, 150, 150
L 13.4, -55.0, 9.6, 13.8, -56.2, 7.7, 102, 0, 204
L 38.1, -58.4, 43.0, 39.2, -58.1, 43.0, 205, 133, 63
L 181.0, -30.1, 13.1, 172.6, -32.3, 13.1, 178, 102, 255
L 45.5, -81.0, 43.0, 46.1, -83.4, 43.0, 205, 133, 63
L 34.7, -36.6, 57.8, -21.2, -51.8, 57.8, 0, 204, 0
L 182.9, -14.2, 14.9, 183.5, -16.4, 13.1, 178, 102, 255
L 175.4, -34.0, 13.1, 181.6, -32.3, 13.1, 178, 102, 255
L 170.1, -17.7, 14.9, 170.7, -19.8, 13.1, 178, 102, 255
L 182.9, -14.2, 14.9, 170.1, -17.7, 14.9, 150, 150, 150
L 183.5, -16.4, 13.1, 170.7, -19.8, 13.1, 150, 150, 150
L 142.1, -11.0, -3.9, 160.9, -9.1, -3.9, 102, 0, 204
L 209.6, -2.6, 28.8, 207.3, -3.3, 32.5, 204, 0, 204
L 5.1, -51.3, 11.6, 31.8, -36.0, 11.6, 178, 102, 255
L 186.7, -28.5, 13.1, 187.3, -30.7, 13.1, 178, 102, 255
L 170.7, -19.8, 13.1, 166.5, -4.0, 13.1, 178, 102, 255
L 13.4, -55.0, 9.6, 4.1, -57.5, 9.6, 150, 150, 150
L 16.9, -73.7, 56.8, 18.3, -73.3, 56.8, 205, 133, 63
L 34.7, -36.6, 57.8, 35.9, -40.8, 57.8, 0, 204, 0
L 97.8, -90.5, 11.6, 52.0, -100.7, 11.6, 178, 102, 255
L 193.5, 0.9, 28.8, 200.0, -21.7, 28.8, 204, 0, 204
L -8.6, -103.3, 56.8, -4.2, -114.6, 57.8, 0, 204, 0
L 181.8, -10.0, 18.4, 182.4, -12.2, 16.6, 178, 102, 255
L 182.4, -12.2, 16.6, 169.5, -15.5, 16.7, 150, 150, 150
L 181.6, -32.3, 13.1, 181.0, -30.1, 13.1, 178, 102, 255
L 26.5, -58.6, 11.6, 25.8, -55.9, 11.6, 178, 102, 255
L 15.1, -61.0, -0.1, 15.4, -62.2, -2.0, 102, 0, 204
L 5.8, -63.5, -0.1, 6.1, -64.7, -2.0, 102, 0, 204
L 206.3, -27.9, 28.8, 204.1, -28.5, 28.8, 204, 0, 204
L 20.3, -80.9, 71.1, 23.4, -80.0, 67.5, 102, 255, 102
L 51.7, -99.5, 57.8, -4.2, -114.6, 57.8, 0, 204, 0
L 186.7, -3.9, 13.1, 193.0, -26.9, 13.1, 178, 102, 255
L 162.7, -56.5, 13.1, 149.7, -8.5, 13.1, 178, 102, 255
L 45.3, -38.3, 43.0, 35.9, -40.8, 43.0, 0, 0, 0
L 23.6, -67.9, -3.9, 27.1, -66.9, -3.9, 102, 0, 204
L 203.1, -16.1, 43.6, 201.8, -16.5, 43.6, 0, 0, 0
L 4.1, -57.5, 9.6, 4.4, -58.7, 7.7, 102, 0, 204
L 43.7, -79.0, 43.0, 44.8, -78.6, 43.0, 205, 133, 63
L 27.1, -66.9, -3.9, 21.7, -47.2, -3.9, 102, 0, 204
L 17.5, -70.5, 56.8, 18.3, -73.3, 56.8, 205, 133, 63
L 130.2, -77.4, -3.9, 117.1, -81.9, -3.9, 102, 0, 204
L 182.1, -4.8, 13.1, 180.5, -5.3, 13.1, 178, 102, 255
L 193.0, -26.9, 13.1, 186.7, -28.5, 13.1, 178, 102, 255
L 212.5, -13.6, 28.8, 210.2, -14.3, 32.5, 204, 0, 204
L 44.3, -81.4, 43.0, 45.5, -81.0, 43.0, 205, 133, 63
L 44.2, -76.2, 43.0, 45.2, -76.0, 43.0, 0, 0, 0
L 16.9, -73.7, 56.8, 17.7, -76.4, 56.8, 205, 133, 63
L 38.8, -51.8, 57.8, 47.6, -84.3, 57.8, 150, 150, 150
L 46.1, -83.4, 43.0, 44.9, -83.7, 43.0, 0, 0, 0
L 152.0, -68.9, -3.9, 146.0, -72.1, -3.9, 102, 0, 204
L 11.6, -79.0, 43.0, 23.5, -75.7, 43.0, 0, 0, 0
L 59.3, -30.0, -3.9, 68.7, -26.9, -3.9, 102, 0, 204
L 19.8, -66.7, 67.5, 17.6, -58.4, 67.5, 150, 150, 150
L 26.1, -65.0, 60.4, 29.2, -64.2, 56.8, 102, 255, 102
L 57.6, -93.3, 46.7, 54.6, -82.3, 46.7, 150, 150, 150
L 44.9, -83.7, 43.0, 47.9, -94.6, 43.0, 0, 0, 0
L 13.1, -53.8, 11.6, 13.4, -55.0, 9.6, 102, 0, 204
L 3.8, -56.3, 11.6, 4.1, -57.5, 9.6, 102, 0, 204
L 13.1, -53.8, 11.6, 3.8, -56.3, 11.6, 150, 150, 150
L 17.6, -58.4, 67.5, 14.4, -59.2, 71.1, 102, 255, 102
L 23.8, -56.7, 60.4, 20.7, -57.6, 63.9, 102, 255, 102
L 77.7, -13.6, 26.8, 89.4, -11.2, 26.8, 204, 0, 204
L 22.8, -72.8, 43.0, 8.9, -76.6, 43.2, 0, 0, 0
L 18.9, -57.7, 11.6, 25.8, -55.9, 11.6, 178, 102, 255
L 3.8, -56.3, 11.6, 3.5, -55.3, 11.6, 178, 102, 255
L 200.0, -21.7, 28.8, 202.2, -21.1, 28.8, 204, 0, 204
L 26.1, -65.0, 60.4, 23.8, -56.7, 60.4, 150, 150, 150
L 19.6, -72.9, 56.8, 20.3, -75.8, 56.8, 205, 133, 63
L 167.9, -9.1, 22.0, 168.5, -11.3, 20.2, 178, 102, 255
L 180.6, -5.8, 22.0, 167.9, -9.1, 22.0, 150, 150, 150
L 20.7, -51.8, 26.8, 13.9, -53.7, 26.8, 204, 0, 204
L 13.9, -53.7, 26.8, 10.2, -40.5, 26.8, 204, 0, 204
L 17.8, -70.8, 11.6, 13.1, -53.8, 11.6, 178, 102, 255
L 17.3, -100.3, 43.0, 11.6, -79.0, 43.0, 0, 0, 0
L 10.2, -40.5, 26.8, 31.7, -29.1, 26.8, 204, 0, 204
L 19.8, -66.7, 67.5, 23.0, -65.9, 63.9, 102, 255, 102
L 55.3, -94.0, 50.4, 52.3, -83.0, 50.4, 150, 150, 150
L 8.9, -76.6, 43.1, 15.3, -100.7, 43.0, 0, 0, 0
L 101.8, -16.0, 11.8, 71.7, -24.0, 11.6, 178, 102, 255
L 204.3, -20.5, 28.8, 203.1, -16.1, 28.8, 204, 0, 204
L 200.1, -5.1, 28.8, 209.6, -2.6, 28.8, 204, 0, 204
L 60.0, -92.7, 43.0, 50.5, -95.3, 43.0, 0, 0, 0
L 23.5, -75.7, 43.0, 22.8, -72.8, 43.0, 0, 0, 0
L 144.5, -75.7, 12.0, 120.8, -83.2, 11.8, 178, 102, 255
L 192.0, -8.4, -3.9, 171.3, -8.0, -3.9, 102, 0, 204
L 73.5, -93.4, -3.9, 35.2, -96.8, -3.9, 102, 0, 204
L 19.0, -76.1, 56.8, 20.3, -75.8, 56.8, 205, 133, 63
L 237.3, -26.1, -3.9, 218.8, -33.5, -3.9, 102, 0, 204
L 133.1, -12.1, -3.9, 142.1, -11.0, -3.9, 102, 0, 204
L 16.7, -67.6, 71.1, 19.8, -66.7, 67.5, 102, 255, 102
L 19.0, -76.1, 56.8, 19.8, -78.8, 56.8, 205, 133, 63
L 122.9, -11.4, 12.0, 101.8, -16.0, 11.8, 178, 102, 255
L 120.8, -83.2, 11.8, 97.8, -90.5, 11.6, 178, 102, 255
L 42.8, -95.9, 43.0, 17.3, -100.3, 43.0, 0, 0, 0
L 47.9, -94.6, 43.0, 42.8, -95.9, 43.0, 0, 0, 0
L 49.9, -83.7, 54.1, 47.6, -84.3, 57.8, 0, 204, 0
L 31.7, -29.1, 26.8, 77.7, -13.6, 26.8, 204, 0, 204
L 52.3, -83.0, 50.4, 49.9, -83.7, 54.1, 0, 204, 0
L 32.4, -67.4, 43.0, 32.7, -70.1, 43.0, 0, 0, 0
L 210.8, -7.3, -3.9, 192.0, -8.4, -3.9, 102, 0, 204
L 33.9, -42.8, 43.0, 36.8, -53.6, 43.0, 0, 0, 0
L 135.4, -1.8, 26.8, 149.3, -1.2, 27.3, 204, 0, 204
L 146.0, -72.1, -3.9, 130.2, -77.4, -3.9, 102, 0, 204
L 38.8, -60.8, 43.0, 39.4, -63.2, 43.0, 0, 0, 0
L 34.0, -64.6, 43.0, 32.4, -67.4, 43.0, 0, 0, 0
L 186.5, -31.0, 28.3, 187.2, -33.7, 28.3, 204, 0, 204
L 42.4, -74.2, 43.0, 43.0, -76.6, 43.0, 0, 0, 0
L 34.2, -74.1, 43.0, 37.0, -75.6, 43.0, 0, 0, 0
L 109.5, -17.3, -3.9, 133.1, -12.1, -3.9, 102, 0, 204
L 189.5, -33.1, 28.4, 188.2, -28.2, 28.4, 204, 0, 204
L 33.5, -73.0, 43.0, 34.2, -74.1, 43.0, 0, 0, 0
L 187.2, -33.7, 28.3, 189.5, -33.1, 28.4, 204, 0, 204
L 188.2, -28.2, 28.4, 161.0, -35.5, 27.6, 204, 0, 204
L 37.0, -75.6, 43.0, 42.4, -74.2, 43.0, 0, 0, 0
L 43.0, -76.6, 43.0, 44.2, -76.2, 43.0, 0, 0, 0
L 161.0, -35.5, 27.4, 151.7, -1.2, 27.4, 204, 0, 204
L 202.9, -23.6, 28.8, 205.0, -23.0, 28.8, 205, 133, 63
L 38.6, -55.8, 43.0, 39.7, -55.5, 43.0, 205, 133, 63
L 18.3, -73.3, 56.8, 19.6, -72.9, 56.8, 205, 133, 63
L 44.8, -78.6, 43.0, 46.0, -78.3, 43.0, 205, 133, 63
L 190.3, -57.2, 43.6, 155.3, -71.9, 43.0, 0, 0, 0
L 97.6, -89.6, 43.0, 82.7, -93.2, 43.0, 0, 0, 0
L 41.0, -60.2, 43.0, 45.2, -76.0, 43.0, 0, 0, 0
L 190.7, 81.8, 27.8, 193.0, 81.8, 27.8, 205, 133, 63
L 23.8, 69.9, 42.0, 25.0, 69.9, 42.0, 205, 133, 63
L 23.8, 93.6, 42.0, 25.0, 93.6, 42.0, 205, 133, 63
L -0.4, 82.0, 55.8, 0.9, 82.0, 55.8, 205, 133, 63
L 202.2, -21.1, 28.8, 204.3, -20.5, 28.8, 204, 0, 204
L 278.3, -215.8, 25.1, 276.4, -216.5, 25.0, 0, 0, 255
L 276.4, -216.5, 25.0, 189.7, -247.9, 22.9, 0, 0, 255
L 189.7, -247.9, 22.9, 187.8, -247.9, 22.8, 0, 0, 255
L 187.8, -247.9, 22.8, 95.8, -247.8, 20.0, 0, 0, 255
L 95.8, -247.8, 20.0, 93.9, -247.2, 19.9, 0, 0, 255
L 93.9, -247.2, 19.9, 7.7, -215.7, 17.6, 0, 0, 255
L 7.7, -215.7, 17.6, 6.2, -214.5, 17.6, 0, 0, 255
L 6.2, -214.5, 17.6, -16.8, -195.2, 16.8, 0, 0, 255
L -16.8, -195.2, 16.8, -64.4, -155.2, 15.7, 0, 0, 255
L -64.4, -155.2, 15.7, -65.3, -153.6, 15.7, 0, 0, 255
L -65.3, -153.6, 15.7, -80.3, -127.7, 15.0, 0, 0, 255
L -80.3, -127.7, 15.0, -111.3, -73.9, 13.8, 0, 0, 255
L -111.3, -73.9, 13.8, -111.7, -72.0, 13.8, 0, 0, 255
L -111.7, -72.0, 13.8, -112.2, -69.2, 13.7, 0, 0, 255
L -112.2, -69.2, 13.7, -112.5, -67.3, 13.6, 0, 0, 255
L -112.5, -67.3, 13.6, -113.0, -64.5, 13.5, 0, 0, 255
L -113.0, -64.5, 13.5, -113.3, -62.7, 13.5, 0, 0, 255
L -113.3, -62.7, 13.5, -113.8, -59.9, 13.4, 0, 0, 255
L -113.8, -59.9, 13.4, -114.1, -58.0, 13.3, 0, 0, 255
L -114.1, -58.0, 13.3, -114.6, -55.2, 13.2, 0, 0, 255
L -114.6, -55.2, 13.2, -115.0, -53.4, 13.2, 0, 0, 255
L -115.0, -53.4, 13.2, -115.5, -50.6, 13.1, 0, 0, 255
L -115.5, -50.6, 13.1, -115.8, -48.7, 13.1, 0, 0, 255
L -115.8, -48.7, 13.1, -116.3, -46.1, 13.0, 0, 0, 255
L -116.3, -46.1, 13.0, -116.6, -44.2, 13.0, 0, 0, 255
L -116.6, -44.2, 13.0, -117.1, -41.4, 12.9, 0, 0, 255
L -117.1, -41.4, 12.9, -117.4, -39.6, 12.9, 0, 0, 255
L -117.4, -39.6, 12.9, -117.9, -36.9, 12.8, 0, 0, 255
L -117.9, -36.9, 12.8, -118.2, -35.0, 12.8, 0, 0, 255
L -118.2, -35.0, 12.8, -118.7, -32.4, 12.7, 0, 0, 255
L -118.7, -32.4, 12.7, -119.0, -30.5, 12.7, 0, 0, 255
L -119.0, -30.5, 12.7, -119.5, -27.8, 12.6, 0, 0, 255
L -119.5, -27.8, 12.6, -119.8, -25.9, 12.6, 0, 0, 255
L -119.8, -25.9, 12.6, -120.3, -23.1, 12.5, 0, 0, 255
L -120.3, -23.1, 12.5, -120.6, -21.3, 12.5, 0, 0, 255
L -120.6, -21.3, 12.5, -121.1, -18.6, 12.4, 0, 0, 255
L -121.1, -18.6, 12.4, -121.4, -16.7, 12.4, 0, 0, 255
L -121.4, -16.7, 12.4, -121.9, -13.9, 12.3, 0, 0, 255
L -121.9, -13.9, 12.3, -122.3, -12.0, 12.3, 0, 0, 255
L -122.3, -12.0, 12.3, -122.7, -9.3, 12.2, 0, 0, 255
L -122.7, -9.3, 12.2, -123.1, -7.4, 12.2, 0, 0, 255
L -123.1, -7.4, 12.2, -123.5, -4.7, 12.2, 0, 0, 255
L -123.5, -4.7, 12.2, -123.9, -2.9, 12.1, 0, 0, 255
L -123.9, -2.9, 12.1, -124.4, -0.1, 12.1, 0, 0, 255
L -124.4, -0.1, 12.1, -124.7, 1.8, 12.0, 0, 0, 255
L -124.7, 1.8, 12.0, -125.2, 4.6, 12.0, 0, 0, 255
L -125.2, 4.6, 12.0, -125.5, 6.4, 11.9, 0, 0, 255
L -125.5, 6.4, 11.9, -126.0, 9.2, 11.9, 0, 0, 255
L -126.0, 9.2, 11.9, -126.3, 11.1, 11.8, 0, 0, 255
L -126.3, 11.1, 11.8, -126.8, 13.7, 11.8, 0, 0, 255
L -126.8, 13.7, 11.8, -127.1, 15.6, 11.7, 0, 0, 255
L -127.1, 15.6, 11.7, -127.6, 18.4, 11.7, 0, 0, 255
L -127.6, 18.4, 11.7, -127.4, 20.3, 11.7, 0, 0, 255
L -127.4, 20.3, 11.7, -126.9, 23.2, 11.7, 0, 0, 255
L -126.9, 23.2, 11.7, -126.5, 25.0, 11.7, 0, 0, 255
L -126.5, 25.0, 11.7, -126.0, 27.8, 11.7, 0, 0, 255
L -126.0, 27.8, 11.7, -125.7, 29.8, 11.7, 0, 0, 255
L -125.7, 29.8, 11.7, -125.2, 32.6, 11.7, 0, 0, 255
L -125.2, 32.6, 11.7, -124.9, 34.5, 11.7, 0, 0, 255
L -124.9, 34.5, 11.7, -124.4, 37.3, 11.7, 0, 0, 255
L -124.4, 37.3, 11.7, -124.1, 39.1, 11.7, 0, 0, 255
L -124.1, 39.1, 11.7, -123.6, 41.9, 11.7, 0, 0, 255
L -123.6, 41.9, 11.7, -123.2, 43.8, 11.7, 0, 0, 255
L -123.2, 43.8, 11.7, -122.8, 46.4, 11.7, 0, 0, 255
L -122.8, 46.4, 11.7, -122.4, 48.4, 11.7, 0, 0, 255
L -122.4, 48.4, 11.7, -121.9, 51.1, 11.7, 0, 0, 255
L -121.9, 51.1, 11.7, -121.6, 53.0, 11.7, 0, 0, 255
L -121.6, 53.0, 11.7, -121.1, 55.6, 11.7, 0, 0, 255
L -121.1, 55.6, 11.7, -120.8, 57.5, 11.7, 0, 0, 255
L -120.8, 57.5, 11.7, -120.3, 60.2, 11.7, 0, 0, 255
L -120.3, 60.2, 11.7, -120.0, 62.0, 11.7, 0, 0, 255
L -120.0, 62.0, 11.7, -119.5, 64.8, 11.7, 0, 0, 255
L -119.5, 64.8, 11.7, -119.2, 66.7, 11.7, 0, 0, 255
L -119.2, 66.7, 11.7, -118.7, 69.4, 11.7, 0, 0, 255
L -118.7, 69.4, 11.7, -118.4, 71.3, 11.7, 0, 0, 255
L -118.4, 71.3, 11.7, -117.9, 74.0, 11.7, 0, 0, 255
L -117.9, 74.0, 11.7, -117.6, 75.9, 11.7, 0, 0, 255
L -117.6, 75.9, 11.7, -117.1, 78.7, 11.7, 0, 0, 255
L -117.1, 78.7, 11.7, -116.7, 80.6, 11.7, 0, 0, 255
L -116.7, 80.6, 11.7, -116.3, 83.2, 11.7, 0, 0, 255
L -116.3, 83.2, 11.7, -115.9, 85.1, 11.7, 0, 0, 255
L -115.9, 85.1, 11.7, -115.5, 87.9, 11.7, 0, 0, 255
L -115.5, 87.9, 11.7, -115.1, 89.8, 11.7, 0, 0, 255
L -115.1, 89.8, 11.7, -114.6, 92.6, 11.7, 0, 0, 255
L -114.6, 92.6, 11.7, -114.3, 94.5, 11.7, 0, 0, 255
L -114.3, 94.5, 11.7, -113.8, 97.3, 11.7, 0, 0, 255
L -113.8, 97.3, 11.7, -113.5, 99.0, 11.7, 0, 0, 255
L -113.5, 99.0, 11.7, -113.0, 101.8, 11.7, 0, 0, 255
L -113.0, 101.8, 11.7, -112.7, 103.8, 11.7, 0, 0, 255
L -112.7, 103.8, 11.7, -112.2, 106.4, 11.7, 0, 0, 255
L -112.2, 106.4, 11.7, -111.8, 108.3, 11.7, 0, 0, 255
L -111.8, 108.3, 11.7, -111.4, 111.1, 11.7, 0, 0, 255
L -111.4, 111.1, 11.7, -110.4, 112.8, 11.7, 0, 0, 255
L -110.4, 112.8, 11.7, -109.5, 114.5, 11.7, 0, 0, 255
L -109.5, 114.5, 11.7, -64.3, 192.6, 11.7, 0, 0, 255
L -64.3, 192.6, 11.7, -62.9, 193.8, 11.7, 0, 0, 255
L -62.9, 193.8, 11.7, -47.7, 206.6, 11.7, 0, 0, 255
L -47.7, 206.6, 11.7, 7.7, 253.1, 11.7, 0, 0, 255
L 7.7, 253.1, 11.7, 9.6, 253.8, 11.7, 0, 0, 255
L 9.6, 253.8, 11.7, 96.2, 285.2, 11.7, 0, 0, 255
L 96.2, 285.2, 11.7, 98.1, 285.2, 11.7, 0, 0, 255
L 98.1, 285.2, 11.7, 190.3, 285.1, 11.7, 0, 0, 255
L 190.3, 285.1, 11.7, 192.1, 284.5, 11.7, 0, 0, 255
L 192.1, 284.5, 11.7, 278.5, 253.0, 11.7, 0, 0, 255
L 278.5, 253.0, 11.7, 280.0, 251.7, 11.7, 0, 0, 255
L 280.0, 251.7, 11.7, 350.4, 192.6, 11.7, 0, 0, 255
L 350.4, 192.6, 11.7, 351.4, 190.8, 11.7, 0, 0, 255
L 351.4, 190.8, 11.7, 397.3, 111.3, 11.7, 0, 0, 255
L 397.3, 111.3, 11.7, 397.7, 109.4, 11.7, 0, 0, 255
L 397.7, 109.4, 11.7, 398.2, 106.6, 11.7, 0, 0, 255
L 398.2, 106.6, 11.7, 398.5, 104.7, 11.7, 0, 0, 255
L 398.5, 104.7, 11.7, 399.0, 102.0, 11.7, 0, 0, 255
L 399.0, 102.0, 11.7, 399.3, 100.2, 11.7, 0, 0, 255
L 399.3, 100.2, 11.7, 399.8, 97.5, 11.7, 0, 0, 255
L 399.8, 97.5, 11.7, 400.2, 95.5, 11.7, 0, 0, 255
L 400.2, 95.5, 11.7, 400.6, 92.8, 11.7, 0, 0, 255
L 400.6, 92.8, 11.7, 401.0, 90.9, 11.7, 0, 0, 255
L 401.0, 90.9, 11.7, 401.4, 88.2, 11.7, 0, 0, 255
L 401.4, 88.2, 11.7, 401.8, 86.3, 11.7, 0, 0, 255
L 401.8, 86.3, 11.7, 402.3, 83.5, 11.7, 0, 0, 255
L 402.3, 83.5, 11.7, 402.6, 81.7, 11.7, 0, 0, 255
L 402.6, 81.7, 11.7, 403.1, 78.9, 11.7, 0, 0, 255
L 403.1, 78.9, 11.7, 403.4, 77.1, 11.7, 0, 0, 255
L 403.4, 77.1, 11.7, 403.9, 74.3, 11.7, 0, 0, 255
L 403.9, 74.3, 11.7, 404.2, 72.5, 11.7, 0, 0, 255
L 404.2, 72.5, 11.7, 404.7, 69.7, 11.7, 0, 0, 255
L 404.7, 69.7, 11.7, 405.0, 67.8, 11.7, 0, 0, 255
L 405.0, 67.8, 11.7, 405.5, 65.0, 11.7, 0, 0, 255
L 405.5, 65.0, 11.7, 405.9, 63.1, 11.7, 0, 0, 255
L 405.9, 63.1, 11.7, 406.4, 60.3, 11.7, 0, 0, 255
L 406.4, 60.3, 11.7, 406.7, 58.4, 11.7, 0, 0, 255
L 406.7, 58.4, 11.7, 407.2, 55.7, 11.7, 0, 0, 255
L 407.2, 55.7, 11.7, 407.5, 53.8, 11.7, 0, 0, 255
L 407.5, 53.8, 11.7, 408.0, 51.1, 11.7, 0, 0, 255
L 408.0, 51.1, 11.7, 408.3, 49.2, 11.7, 0, 0, 255
L 408.3, 49.2, 11.7, 408.8, 46.4, 11.7, 0, 0, 255
L 408.8, 46.4, 11.7, 409.1, 44.6, 11.7, 0, 0, 255
L 409.1, 44.6, 11.7, 409.6, 41.8, 11.7, 0, 0, 255
L 409.6, 41.8, 11.7, 410.0, 39.9, 11.7, 0, 0, 255
L 410.0, 39.9, 11.7, 410.4, 37.3, 11.7, 0, 0, 255
L 410.4, 37.3, 11.7, 410.8, 35.3, 11.7, 0, 0, 255
L 410.8, 35.3, 11.7, 411.3, 32.5, 11.7, 0, 0, 255
L 411.3, 32.5, 11.7, 411.6, 30.6, 11.7, 0, 0, 255
L 411.6, 30.6, 11.7, 412.1, 27.8, 11.7, 0, 0, 255
L 412.1, 27.8, 11.7, 412.4, 26.0, 11.7, 0, 0, 255
L 412.4, 26.0, 11.7, 412.9, 23.1, 11.7, 0, 0, 255
L 412.9, 23.1, 11.7, 413.3, 21.2, 11.7, 0, 0, 255
L 413.3, 21.2, 11.7, 412.8, 13.3, 11.7, 0, 0, 255
L 412.8, 13.3, 11.7, 412.4, 11.3, 11.7, 0, 0, 255
L 412.4, 11.3, 11.7, 411.9, 8.5, 11.7, 0, 0, 255
L 411.9, 8.5, 11.7, 411.6, 6.6, 11.7, 0, 0, 255
L 411.6, 6.6, 11.7, 411.1, 3.8, 11.7, 0, 0, 255
L 411.1, 3.8, 11.7, 410.8, 1.9, 11.7, 0, 0, 255
L 410.8, 1.9, 11.7, 410.3, -0.8, 11.7, 0, 0, 255
L 410.3, -0.8, 11.7, 409.9, -2.7, 11.7, 0, 0, 255
L 409.9, -2.7, 11.7, 409.5, -5.5, 11.7, 0, 0, 255
L 409.5, -5.5, 11.7, 409.1, -7.3, 11.7, 0, 0, 255
L 409.1, -7.3, 11.7, 408.6, -10.1, 11.7, 0, 0, 255
L 408.6, -10.1, 11.7, 408.3, -12.0, 11.7, 0, 0, 255
L 408.3, -12.0, 11.7, 407.8, -14.8, 11.7, 0, 0, 255
L 407.8, -14.8, 11.7, 407.5, -16.7, 11.7, 0, 0, 255
L 407.5, -16.7, 11.7, 407.0, -19.3, 11.7, 0, 0, 255
L 407.0, -19.3, 11.7, 406.7, -21.3, 11.7, 0, 0, 255
L 406.7, -21.3, 11.7, 406.2, -24.0, 11.7, 0, 0, 255
L 406.2, -24.0, 11.7, 405.9, -25.9, 11.7, 0, 0, 255
L 405.9, -25.9, 11.7, 405.4, -28.6, 11.7, 0, 0, 255
L 405.4, -28.6, 11.7, 405.0, -30.6, 11.7, 0, 0, 255
L 405.0, -30.6, 11.7, 404.5, -33.3, 11.7, 0, 0, 255
L 404.5, -33.3, 11.7, 404.2, -35.1, 11.7, 0, 0, 255
L 404.2, -35.1, 11.7, 403.7, -38.0, 11.7, 0, 0, 255
L 403.7, -38.0, 11.7, 403.4, -39.8, 11.7, 0, 0, 255
L 403.4, -39.8, 11.7, 402.9, -42.5, 11.7, 0, 0, 255
L 402.9, -42.5, 11.7, 402.6, -44.5, 11.7, 0, 0, 255
L 402.6, -44.5, 11.7, 402.1, -47.2, 11.7, 0, 0, 255
L 402.1, -47.2, 11.7, 401.8, -49.0, 11.7, 0, 0, 255
L 401.8, -49.0, 11.7, 401.3, -51.8, 11.7, 0, 0, 255
L 401.3, -51.8, 11.7, 401.0, -53.6, 11.7, 0, 0, 255
L 401.0, -53.6, 11.7, 400.5, -56.4, 11.7, 0, 0, 255
L 400.5, -56.4, 11.7, 400.1, -58.3, 11.7, 0, 0, 255
L 400.1, -58.3, 11.7, 399.7, -61.0, 11.7, 0, 0, 255
L 399.7, -61.0, 11.7, 399.3, -62.8, 11.7, 0, 0, 255
L 399.3, -62.8, 11.7, 398.9, -65.5, 11.7, 0, 0, 255
L 398.9, -65.5, 11.7, 398.5, -67.4, 11.7, 0, 0, 255
L 398.5, -67.4, 11.7, 398.1, -70.1, 11.7, 0, 0, 255
L 398.1, -70.1, 11.7, 397.7, -72.0, 11.7, 0, 0, 255
L 397.7, -72.0, 11.7, 397.3, -74.1, 11.7, 0, 0, 255
L 397.3, -74.1, 11.7, 396.3, -75.8, 11.7, 0, 0, 255
L 396.3, -75.8, 11.7, 381.4, -101.7, 11.7, 0, 0, 255
L 381.4, -101.7, 11.7, 350.4, -155.2, 11.7, 0, 0, 255
L 350.4, -155.2, 11.7, 278.3, -215.8, 25.1, 0, 0, 255
L 45.3, -76.0, 43.0, 41.0, -60.2, 43.0, 0, 0, 0
L 14.8, 77.0, 42.0, 17.0, 74.8, 42.0, 0, 0, 0
L 22.6, 88.7, 42.0, 22.6, 86.2, 42.0, 0, 0, 0
L 22.6, 93.6, 42.0, 22.6, 91.2, 42.0, 205, 133, 63
L 278.5, -4.4, 41.1, 249.9, -24.1, 33.5, 204, 0, 204
L 241.6, -29.7, 43.6, 221.6, -40.7, 43.6, 0, 0, 0
L 211.5, -2.5, 43.6, 234.1, -2.3, 43.6, 0, 0, 0
L 197.6, -1.0, 43.6, 211.5, -2.5, 43.6, 0, 0, 0
L 249.9, -24.1, 43.6, 241.6, -29.7, 43.6, 0, 0, 0
L 278.5, -4.4, 43.6, 234.1, -2.3, 43.6, 0, 0, 0
L 210.3, -48.1, 43.6, 221.6, -40.7, 43.6, 0, 0, 0
L 206.1, -32.6, 43.6, 204.7, -33.0, 43.6, 0, 0, 0
L 209.1, -43.6, 43.6, 207.7, -44.0, 43.6, 0, 0, 0
L 201.8, -16.5, 43.6, 200.4, -17.0, 43.6, 0, 0, 0
L 209.0, -48.7, 43.6, 190.3, -57.2, 43.6, 0, 0, 0
L 207.7, -44.0, 43.6, 209.0, -48.7, 43.6, 0, 0, 0
L 196.1, -1.1, 43.6, 197.6, -1.0, 43.6, 0, 0, 0
L 197.4, -6.0, 43.6, 196.1, -1.1, 43.6, 0, 0, 0
L 209.7, -40.5, 43.6, 208.2, -35.0, 43.6, 205, 133, 63
L 207.0, -41.3, 43.6, 205.5, -35.8, 43.6, 205, 133, 63
L 209.1, -43.6, 43.6, 208.4, -40.9, 43.6, 205, 133, 63
L 209.7, -40.5, 43.6, 208.4, -40.9, 43.6, 205, 133, 63
L 208.4, -40.9, 43.6, 207.0, -41.3, 43.6, 205, 133, 63
L 208.2, -35.0, 43.6, 206.9, -35.4, 43.6, 205, 133, 63
L 206.9, -35.4, 43.6, 206.1, -32.6, 43.6, 205, 133, 63
L 206.9, -35.4, 43.6, 205.5, -35.8, 43.6, 205, 133, 63
L 200.9, -7.9, 43.6, 202.4, -13.4, 43.6, 205, 133, 63
L 198.1, -8.6, 43.6, 199.6, -14.1, 43.6, 205, 133, 63
L 198.8, -5.6, 43.6, 197.4, -6.0, 43.6, 0, 0, 0
L 201.8, -16.5, 43.6, 201.0, -13.7, 43.6, 205, 133, 63
L 200.9, -7.9, 43.6, 199.5, -8.3, 43.6, 205, 133, 63
L 199.5, -8.3, 43.6, 198.8, -5.6, 43.6, 205, 133, 63
L 199.5, -8.3, 43.6, 198.1, -8.6, 43.6, 205, 133, 63
L 202.4, -13.4, 43.6, 201.0, -13.7, 43.6, 205, 133, 63
L 201.0, -13.7, 43.6, 199.6, -14.1, 43.6, 205, 133, 63
L 189.2, -24.1, 43.6, 191.4, -32.4, 43.6, 150, 150, 150
L 192.3, -23.2, 47.2, 195.4, -22.4, 50.7, 0, 204, 0
L 195.4, -22.4, 50.7, 198.6, -21.6, 54.3, 0, 204, 0
L 194.5, -31.6, 47.2, 191.4, -32.4, 43.6, 0, 204, 0
L 203.9, -29.0, 57.9, 200.8, -29.9, 54.3, 0, 204, 0
L 189.2, -24.1, 43.6, 192.3, -23.2, 47.2, 0, 204, 0
L 200.8, -29.9, 54.3, 197.7, -30.8, 50.7, 0, 204, 0
L 201.7, -20.7, 57.9, 203.9, -29.0, 57.9, 150, 150, 150
L 197.7, -30.8, 50.7, 194.5, -31.6, 47.2, 0, 204, 0
L 198.6, -21.6, 54.3, 201.7, -20.7, 57.9, 0, 204, 0
L 198.6, -21.6, 54.3, 200.8, -29.9, 54.3, 150, 150, 150
L 195.4, -22.4, 50.7, 197.7, -30.8, 50.7, 150, 150, 150
L 192.3, -23.2, 47.2, 194.5, -31.6, 47.2, 150, 150, 150
L 205.1, -28.7, 43.6, 202.8, -20.4, 43.6, 150, 150, 150
L 191.4, -32.4, 43.6, 205.1, -28.7, 43.6, 0, 0, 0
L 202.8, -20.4, 43.6, 201.8, -16.5, 43.6, 150, 150, 150
L 189.2, -24.1, 43.6, 202.8, -20.4, 43.6, 0, 0, 0
L 278.5, -4.4, 57.9, 249.9, -24.1, 57.9, 0, 204, 0
L 278.5, -4.4, 43.6, 249.9, -24.1, 43.6, 0, 0, 0
L 197.6, -1.0, 57.9, 211.5, -2.5, 57.9, 0, 204, 0
L 278.5, -4.4, 57.9, 234.1, -2.3, 57.9, 0, 204, 0
L 249.9, -24.1, 57.9, 241.6, -29.7, 57.9, 0, 204, 0
L 241.6, -29.7, 57.9, 221.6, -40.7, 57.9, 0, 204, 0
L 211.5, -2.5, 57.9, 234.1, -2.3, 57.9, 0, 204, 0
L 210.3, -48.1, 57.9, 221.6, -40.7, 57.9, 0, 204, 0
L 197.6, -1.0, 57.9, 201.7, -20.7, 57.9, 0, 204, 0
L 203.9, -29.0, 57.9, 210.3, -48.1, 57.9, 0, 204, 0
L 116.8, 46.2, 50.4, 121.9, 47.2, 50.4, 127, 64, 0
L 121.9, 47.2, 50.4, 133.2, -14.2, 50.4, 127, 64, 0
L 133.2, -14.2, 50.4, 128.6, -15.1, 50.4, 127, 64, 0
L 128.6, -15.1, 50.4, 116.8, 46.2, 50.4, 127, 64, 0
L 31.0, 56.2, 50.4, 42.4, -42.9, 50.4, 139, 69, 19
L 49.9, -41.8, 50.4, 38.1, 57.0, 50.4, 139, 69, 19
L 42.4, -42.9, 50.4, 49.9, -41.8, 50.4, 139, 69, 19
L 38.1, 57.0, 50.4, 31.0, 56.2, 50.4, 139, 69, 19
L 204.7, -0.1, 61.8, 190.1, 59.9, 49.1, 127, 64, 0
L 190.1, 59.9, 49.1, 185.5, 58.9, 49.2, 127, 64, 0
L 185.5, 58.9, 49.2, 200.3, -0.9, 61.9, 127, 64, 0
L 200.3, -0.9, 61.9, 204.6, -0.3, 61.8, 127, 64, 0
