P 4.5280, 130.0270, 1.5100, 255, 0, 0, 3, Zone_In
P -52.9910, -31.5770, 215.4970, 240, 0, 0, 2, to_Relic,_the_Artifact_City
P 0.3940, 993.0840, -11.6190, 255, 255, 0, 2, TRAP:_Fake_Floor
P 0.6350, -0.5580, 247.8270, 240, 240, 0, 2, Portal_to_Daosheen`s_Study
P 461.6260, -88.3420, 25.2090, 0, 0, 127, 2, Green
P 346.1170, 28.4460, 25.2090, 0, 0, 127, 1, Red
P 467.5000, 144.7220, 25.2090, 0, 0, 127, 2, Blue
P 570.8650, 20.8430, 25.2090, 0, 0, 127, 2, Yellow
P 910.8246, 126.0435, -0.6878, 240, 240, 0, 2, Portal_to_Main_Room
P 55.5242, -30.8034, 118.2375, 240, 240, 0, 2, Portal_to_Librarian
P -544.0367, 51.5061, 0.2376, 240, 240, 0, 2, Portal_to_Main_Room
P 0.2527, 62.5047, 167.2375, 240, 240, 0, 2, Portal_to_Platform_Room
P -0.1790, 657.6519, -0.7624, 240, 240, 240, 2, Skylance_Oubilette
P -76.1723, -0.6794, -0.7624, 240, 240, 0, 2, to_Skylance_Oubliette
P -25.7920, -5.8950, -0.5030, 0, 0, 0, 2, Firefeather
P -28.7360, 1.3240, -0.5030, 0, 0, 0, 2, Arkahn
P 901.3719, 11.9860, -143.9980, 0, 0, 0, 2, Student_Joban
P 907.8920, -27.5590, 96.0020, 0, 0, 0, 2, Head_Librarian_Magus