P 780.6609, 237.2757, 0.0010,  255, 0, 0,  3,  to_The_Wakening_Land
P 327.2253, -561.8674, 54.8902,  255, 0, 0,  3,  to_Cobalt_Scar_(Shrine_Key)
P -1236.0000, -1223.0000, 0.0000,  255, 255, 0,  2,  Teleport_in
P -641.0000, 86.0000, 0.0000,  255, 255, 0,  2,  Teleport_in
P 690.7771, -548.9969, 39.9697,  255, 255, 0,  2,  to_Upper_Skyshrine
P -857.0000, -772.0000, 0.0000,  255, 255, 0,  2,  to_Quest_Hall
P 112.0000, -3017.0000, 0.0000,  255, 255, 0,  2,  Follow_red_line_to_get_through_maze
P 413.0085, -182.4134, 10.0010,  128, 0, 128,  2,  Oven
P 488.6103, -320.7453, 39.9697,  128, 0, 128,  2,  Kiln
P 763.1123, -320.6796, 39.9697,  128, 0, 128,  2,  Forge
P 484.9456, -386.1409, 39.9697,  128, 0, 128,  2,  Loom
P 281.0000, -302.0000, 10.0010,  255, 210, 0,  2,  Treval_(Banker)
P 474.0000, -161.0000, 10.0010,  0, 128, 0,  2,  Norador_(Baking)
P 474.0000, -142.0000, 10.0010,  0, 128, 0,  2,  Kollof_(Baking)
P 606.0000, -304.0000, 39.9697,  0, 128, 0,  2,  Borrin_(Fletching)
P 776.0000, -305.0000, 39.9697,  0, 128, 0,  2,  Trekolz_(Spells)
P 751.0000, -290.0000, 39.9697,  0, 128, 0,  2,  Seacly_(Spells)
P 774.0000, -381.0000, 39.9697,  0, 128, 0,  2,  Hytloc_(Spells)
P 740.0000, -369.0000, 39.9697,  0, 128, 0,  2,  Zildainez_(Spells)
P 755.0000, -353.0000, 39.9697,  0, 128, 0,  2,  Salginor_(Spells)
P 640.0000, -369.0000, 39.9697,  0, 128, 0,  2,  Chop_(Jewelcrafting)
P 474.0000, -370.0000, 39.9697,  0, 128, 0,  2,  Stitch_(Tailor)
P 654.0000, -492.0000, 10.0010,  0, 128, 0,  2,  Droz_(Bar)
P 624.0000, -515.0000, 10.0010,  0, 128, 0,  2,  Gront_(Bar)
P 708.4279, -515.4675, 10.0010,  128, 0, 128,  2,  Brew_Barrel
P 735.0000, -496.0000, 10.0010,  0, 128, 0,  2,  Draven_(Bar)
P 708.0000, -469.0000, 10.0010,  0, 128, 0,  2,  Dablen_(Bar)
P 730.0000, 210.0000, 1.5286,  240, 0, 0,  2,  Succor
