P -515.6301, 23.8894, -0.4307, 0, 127, 127, 2, Kalla_Mordant_(Quests)
P -690.8738, -745.9655, 339.5691, 0, 127, 127, 2, Black_Scar_(Quest)
P -324.2943, -31.0132, -0.4307, 0, 127, 127, 2, Julia_Shadestone_(Quests)
P -764.5765, -665.8784, 214.6901, 240, 240, 240, 2, Library_1
P -289.9762, -745.3882, 194.6727, 240, 240, 240, 2, Library_2
P -135.7245, -742.4430, 194.6985, 240, 240, 240, 2, Black_Scar_Bookshelf
P -263.1324, -134.7442, -0.4307, 240, 0, 0, 3, to_Cobalt_Scar
P -469.4839, -409.5697, 193.5691, 240, 240, 0, 2, TRAP:_Fake_Floor
P -1366.8539, -2337.8418, -157.7395, 240, 127, 0, 2, Jortreva_(Raid)
P -1407.7588, -2346.9290, -158.9364, 240, 240, 240, 2, South_East
P -1473.1453, -2984.8618, -158.9201, 240, 127, 0, 2, Grendish
P -1456.1205, -3046.9441, -158.9176, 240, 240, 240, 2, North_East
P -2503.7034, -2933.5540, -158.8914, 240, 127, 0, 2, Susarrak
P -2565.5605, -2976.4316, -158.8886, 240, 240, 240, 2, North_West
P -2457.6021, -2345.1982, -158.8726, 240, 127, 0, 2, Charayan_(Raid)
P -2575.1440, -2370.3394, -158.8688, 240, 240, 240, 2, South_West
P -1952.8407, -1503.7046, -37.9171, 0, 127, 127, 2, Manuel_Gaoler_(Quests)
P -2161.5088, -2650.4915, -181.2436, 127, 64, 0, 2, Lord_Koi`Doken_(Hunter)
P -2242.4666, -2645.4075, -184.3516, 240, 240, 240, 2, Western_Waterfall
P -1713.3770, -2652.8252, -176.2276, 240, 240, 240, 2, Eastern_Waterfall
P -1197.9712, -1484.8433, 89.2444, 240, 240, 240, 2, Ice_Pyramid
P -1503.8118, -2474.7056, -154.4308, 127, 64, 0, 2, Dagarn_the_Destroyer_(Hunter)
P -1022.0800, -1498.7240, 2.4914, 127, 64, 0, 2, a_blessed_racnar_(Hunter)
P -756.2914, -344.4259, 47.4200, 240, 240, 240, 2, Beyond_the_Threshold_Bookshelf
P -906.3113, -337.9677, 44.7537, 127, 64, 0, 2, Professor_Atkru_(Hunter)
P -972.2943, -252.5956, 44.7524, 127, 64, 0, 2, Professor_Atkru_(Hunter)
P -759.5853, -210.9224, 45.4973, 127, 64, 0, 2, Professor_Atkru_(Hunter)
P -365.8322, -708.0903, 194.7453, 127, 64, 0, 2, Professor_Atkru_(Hunter)
P -940.8083, -754.5856, 215.1057, 127, 64, 0, 2, Professor_Atkru_(Hunter)
P -716.3828, -736.5237, 213.5692, 127, 64, 0, 2, Professor_Atkru_(Hunter)
P -793.4022, -429.4646, 319.5691, 127, 64, 0, 2, Shoen_the_Fanatic_(Hunter)
P -1895.4629, -1828.3666, -58.8758, 127, 64, 0, 2, Ziglark_Whisperwing_(Hunter,Roam)
P -2121.3389, -1739.9790, -29.6726, 127, 64, 0, 2, Templeton_the_Clear_(Hunter)
