L 1000.0, 0.0, 0.0, 1000.0, -50.0, 0.0, 255, 0, 0
L -20.0, 50.0, 0.0, -50.0, 20.0, 0.0, 255, 0, 0
L 50.0, 20.0, 0.0, 20.0, 50.0, 0.0, 255, 0, 0
L 20.0, -50.0, 0.0, 50.0, -20.0, 0.0, 255, 0, 0
L -50.0, -20.0, 0.0, -20.0, -50.0, 0.0, 255, 0, 0
L -50.0, 20.0, 0.0, -50.0, -20.0, 0.0, 255, 0, 0
L 20.0, 50.0, 0.0, -20.0, 50.0, 0.0, 255, 0, 0
L 50.0, -20.0, 0.0, 50.0, 20.0, 0.0, 255, 0, 0
L -20.0, -50.0, 0.0, 20.0, -50.0, 0.0, 255, 0, 0
L 580.0, -20.0, 0.0, 540.0, -20.0, 0.0, 255, 0, 0
L 580.0, -90.0, 0.0, 580.0, -20.0, 0.0, 255, 0, 0
L 540.0, -90.0, 0.0, 580.0, -90.0, 0.0, 255, 0, 0
L 540.0, -20.0, 0.0, 540.0, -90.0, 0.0, 255, 0, 0
L 520.0, -20.0, 0.0, 480.0, -20.0, 0.0, 255, 0, 0
L 520.0, -90.0, 0.0, 520.0, -20.0, 0.0, 255, 0, 0
L 480.0, -90.0, 0.0, 520.0, -90.0, 0.0, 255, 0, 0
L 480.0, -20.0, 0.0, 480.0, -90.0, 0.0, 255, 0, 0
L 460.0, -90.0, 0.0, 450.0, -80.0, 0.0, 255, 0, 0
L 460.0, -20.0, 0.0, 460.0, -90.0, 0.0, 255, 0, 0
L 0.0, -250.0, 0.0, 0.0, 250.0, 0.0, 255, 0, 0
L -250.0, 0.0, 0.0, 1000.0, 0.0, 0.0, 255, 0, 0
L -120.0, -80.0, 0.0, -120.0, -60.0, 0.0, 255, 0, 0
L -120.0, -60.0, 0.0, -120.0, -40.0, 0.0, 255, 0, 0
L -100.0, -60.0, 0.0, -120.0, -60.0, 0.0, 255, 0, 0
L -120.0, -60.0, 0.0, -140.0, -60.0, 0.0, 255, 0, 0
L -90.0, -50.0, 0.0, -100.0, -30.0, 0.0, 255, 0, 0
L -60.0, -80.0, 0.0, -60.0, -60.0, 0.0, 255, 0, 0
L -60.0, -60.0, 0.0, -60.0, -40.0, 0.0, 255, 0, 0
L -40.0, -60.0, 0.0, -60.0, -60.0, 0.0, 255, 0, 0
L -60.0, -60.0, 0.0, -80.0, -60.0, 0.0, 255, 0, 0
L 100.0, 60.0, 0.0, 120.0, 60.0, 0.0, 255, 0, 0
L 120.0, 60.0, 0.0, 140.0, 60.0, 0.0, 255, 0, 0
L 90.0, 70.0, 0.0, 80.0, 90.0, 0.0, 255, 0, 0
L 40.0, 60.0, 0.0, 60.0, 60.0, 0.0, 255, 0, 0
L 60.0, 60.0, 0.0, 80.0, 60.0, 0.0, 255, 0, 0
L -100.0, 60.0, 0.0, -120.0, 60.0, 0.0, 255, 0, 0
L -120.0, 60.0, 0.0, -140.0, 60.0, 0.0, 255, 0, 0
L -90.0, 70.0, 0.0, -100.0, 90.0, 0.0, 255, 0, 0
L -60.0, 80.0, 0.0, -60.0, 60.0, 0.0, 255, 0, 0
L -60.0, 60.0, 0.0, -60.0, 40.0, 0.0, 255, 0, 0
L -40.0, 60.0, 0.0, -60.0, 60.0, 0.0, 255, 0, 0
L -60.0, 60.0, 0.0, -80.0, 60.0, 0.0, 255, 0, 0
L 100.0, -60.0, 0.0, 120.0, -60.0, 0.0, 255, 0, 0
L 120.0, -60.0, 0.0, 140.0, -60.0, 0.0, 255, 0, 0
L 90.0, -50.0, 0.0, 80.0, -30.0, 0.0, 255, 0, 0
L 60.0, -80.0, 0.0, 60.0, -60.0, 0.0, 255, 0, 0
L 60.0, -60.0, 0.0, 60.0, -40.0, 0.0, 255, 0, 0
L 40.0, -60.0, 0.0, 60.0, -60.0, 0.0, 255, 0, 0
L 60.0, -60.0, 0.0, 80.0, -60.0, 0.0, 255, 0, 0
L 599.0, -90.0, 0.0, 637.3, -90.0, 0.0, 255, 0, 0
L 599.0, -20.0, 0.0, 637.3, -20.0, 0.0, 255, 0, 0
L 599.0, -90.0, 0.0, 599.0, -20.0, 0.0, 255, 0, 0
L 637.3, -90.0, 0.0, 637.3, -20.0, 0.0, 255, 0, 0
L 1200, 3300, 0, 1200, 3360, 0, 0, 0, 0
L 1240, 3360, 0, 1200, 3360, 0, 0, 0, 0
L 1260, 3330, 0, 1290, 3330, 0, 0, 0, 0
L 1260, 3360, 0, 1290, 3360, 0, 0, 0, 0
L 1260, 3300, 0, 1260, 3360, 0, 0, 0, 0
L 1290, 3300, 0, 1260, 3300, 0, 0, 0, 0
L 1340, 3360, 0, 1310, 3360, 0, 0, 0, 0
L 1310, 3300, 0, 1340, 3300, 0, 0, 0, 0
L 1310, 3360, 0, 1310, 3300, 0, 0, 0, 0
L 1340, 3360, 0, 1340, 3330, 0, 0, 0, 0
L 1340, 3330, 0, 1320, 3330, 0, 0, 0, 0
L 1360, 3330, 0, 1390, 3330, 0, 0, 0, 0
L 1360, 3360, 0, 1390, 3360, 0, 0, 0, 0
L 1360, 3300, 0, 1360, 3360, 0, 0, 0, 0
L 1390, 3300, 0, 1360, 3300, 0, 0, 0, 0
L 1440, 3360, 0, 1440, 3300, 0, 0, 0, 0
L 1410, 3300, 0, 1440, 3360, 0, 0, 0, 0
L 1410, 3360, 0, 1410, 3300, 0, 0, 0, 0
L 1470, 3360, 0, 1470, 3300, 0, 0, 0, 0
L 1480, 3360, 0, 1460, 3360, 0, 0, 0, 0
L 1490, 3330, 0, 1480, 3360, 0, 0, 0, 0
L 1480, 3300, 0, 1490, 3330, 0, 0, 0, 0
L 1460, 3300, 0, 1480, 3300, 0, 0, 0, 0
L 1200, 3470, 0, 1260, 3470, 0, 0, 0, 0
L 1200, 3390, 0, 1260, 3390, 0, 0, 0, 0
L 1230, 3443, 0, 1230, 3417, 0, 205, 133, 63
L 1260, 3470, 0, 1320, 3470, 0, 0, 0, 0
L 1260, 3470, 0, 1260, 3443, 0, 205, 133, 63
L 1230, 3443, 0, 1290, 3443, 0, 205, 133, 63
L 1230, 3417, 0, 1260, 3417, 0, 205, 133, 63
L 1260, 3417, 0, 1290, 3417, 0, 205, 133, 63
L 1260, 3390, 0, 1320, 3390, 0, 0, 0, 0
L 1260, 3417, 0, 1260, 3390, 0, 205, 133, 63
L 1290, 3443, 0, 1290, 3417, 0, 205, 133, 63
L 1370, 3460, 0, 1370, 3400, 0, 0, 0, 0
L 1380, 3460, 0, 1360, 3460, 0, 0, 0, 0
L 1390, 3430, 0, 1380, 3460, 0, 0, 0, 0
L 1380, 3400, 0, 1390, 3430, 0, 0, 0, 0
L 1360, 3400, 0, 1380, 3400, 0, 0, 0, 0
L 1410, 3400, 0, 1440, 3400, 0, 0, 0, 0
L 1410, 3460, 0, 1440, 3460, 0, 0, 0, 0
L 1410, 3400, 0, 1410, 3460, 0, 0, 0, 0
L 1440, 3400, 0, 1440, 3460, 0, 0, 0, 0
L 1460, 3400, 0, 1490, 3400, 0, 0, 0, 0
L 1460, 3460, 0, 1490, 3460, 0, 0, 0, 0
L 1460, 3400, 0, 1460, 3460, 0, 0, 0, 0
L 1490, 3400, 0, 1490, 3460, 0, 0, 0, 0
L 1510, 3400, 0, 1510, 3430, 0, 0, 0, 0
L 1510, 3430, 0, 1510, 3460, 0, 0, 0, 0
L 1510, 3430, 0, 1530, 3430, 0, 0, 0, 0
L 1550, 3430, 0, 1550, 3400, 0, 0, 0, 0
L 1510, 3400, 0, 1550, 3400, 0, 0, 0, 0
L 1530, 3430, 0, 1550, 3430, 0, 0, 0, 0
L 1550, 3460, 0, 1530, 3430, 0, 0, 0, 0
L 1200, 3590, 0, 1290, 3590, 0, 0, 0, 0
L 1200, 3510, 0, 1290, 3510, 0, 0, 0, 0
L 1290, 3510, 0, 1320, 3510, 0, 0, 0, 0
L 1290, 3590, 0, 1320, 3590, 0, 0, 0, 0
L 1290, 3510, 0, 1290, 3550, 0, 255, 255, 0
L 1230, 3530, 0, 1230, 3570, 0, 255, 255, 0
L 1290, 3550, 0, 1290, 3590, 0, 255, 255, 0
L 1290, 3550, 0, 1230, 3530, 0, 255, 255, 0
L 1290, 3550, 0, 1230, 3570, 0, 255, 255, 0
L 1360, 3520, 0, 1390, 3520, 0, 0, 0, 0
L 1360, 3580, 0, 1390, 3580, 0, 0, 0, 0
L 1360, 3520, 0, 1360, 3580, 0, 0, 0, 0
L 1390, 3520, 0, 1390, 3580, 0, 0, 0, 0
L 1440, 3580, 0, 1440, 3520, 0, 0, 0, 0
L 1410, 3520, 0, 1440, 3580, 0, 0, 0, 0
L 1410, 3580, 0, 1410, 3520, 0, 0, 0, 0
L 1460, 3550, 0, 1490, 3550, 0, 0, 0, 0
L 1460, 3580, 0, 1490, 3580, 0, 0, 0, 0
L 1460, 3520, 0, 1460, 3580, 0, 0, 0, 0
L 1490, 3520, 0, 1460, 3520, 0, 0, 0, 0
L 1600, 3580, 0, 1610, 3520, 0, 0, 0, 0
L 1590, 3550, 0, 1600, 3580, 0, 0, 0, 0
L 1580, 3580, 0, 1590, 3550, 0, 0, 0, 0
L 1570, 3520, 0, 1580, 3580, 0, 0, 0, 0
L 1640, 3550, 0, 1660, 3550, 0, 0, 0, 0
L 1650, 3520, 0, 1670, 3580, 0, 0, 0, 0
L 1630, 3580, 0, 1650, 3520, 0, 0, 0, 0
L 1710, 3550, 0, 1710, 3580, 0, 0, 0, 0
L 1710, 3550, 0, 1730, 3520, 0, 0, 0, 0
L 1690, 3520, 0, 1710, 3550, 0, 0, 0, 0
L 1200, 3630, 0, 1200, 3660, 0, 255, 210, 0
L 1200, 3630, 0, 1220, 3630, 0, 255, 210, 0
L 1220, 3690, 0, 1200, 3690, 0, 255, 210, 0
L 1200, 3660, 0, 1200, 3690, 0, 255, 210, 0
L 1220, 3660, 0, 1200, 3660, 0, 255, 210, 0
L 1220, 3660, 0, 1240, 3645, 0, 255, 210, 0
L 1220, 3630, 0, 1240, 3645, 0, 255, 210, 0
L 1220, 3660, 0, 1240, 3675, 0, 255, 210, 0
L 1240, 3675, 0, 1220, 3690, 0, 255, 210, 0
L 1270, 3660, 0, 1290, 3660, 0, 255, 210, 0
L 1280, 3630, 0, 1300, 3690, 0, 255, 210, 0
L 1260, 3690, 0, 1280, 3630, 0, 255, 210, 0
L 1350, 3690, 0, 1350, 3630, 0, 255, 210, 0
L 1320, 3630, 0, 1350, 3690, 0, 255, 210, 0
L 1320, 3690, 0, 1320, 3630, 0, 255, 210, 0
L 1370, 3630, 0, 1370, 3660, 0, 255, 210, 0
L 1370, 3660, 0, 1370, 3690, 0, 255, 210, 0
L 1370, 3660, 0, 1410, 3690, 0, 255, 210, 0
L 1370, 3660, 0, 1410, 3630, 0, 255, 210, 0
L 1430, 3660, 0, 1460, 3660, 0, 255, 210, 0
L 1430, 3690, 0, 1460, 3690, 0, 255, 210, 0
L 1430, 3630, 0, 1430, 3690, 0, 255, 210, 0
L 1460, 3630, 0, 1430, 3630, 0, 255, 210, 0
L 1480, 3630, 0, 1480, 3660, 0, 255, 210, 0
L 1480, 3660, 0, 1480, 3690, 0, 255, 210, 0
L 1480, 3660, 0, 1500, 3660, 0, 255, 210, 0
L 1520, 3660, 0, 1520, 3630, 0, 255, 210, 0
L 1480, 3630, 0, 1520, 3630, 0, 255, 210, 0
L 1500, 3660, 0, 1520, 3660, 0, 255, 210, 0
L 1520, 3690, 0, 1500, 3660, 0, 255, 210, 0
L 1230, 3780, 0, 1200, 3780, 0, 255, 255, 255
L 1200, 3720, 0, 1230, 3720, 0, 255, 255, 255
L 1200, 3780, 0, 1200, 3720, 0, 255, 255, 255
L 1250, 3720, 0, 1280, 3720, 0, 255, 255, 255
L 1250, 3780, 0, 1280, 3780, 0, 255, 255, 255
L 1250, 3720, 0, 1250, 3780, 0, 255, 255, 255
L 1280, 3720, 0, 1280, 3780, 0, 255, 255, 255
L 1340, 3720, 0, 1340, 3780, 0, 255, 255, 255
L 1320, 3750, 0, 1340, 3720, 0, 255, 255, 255
L 1300, 3720, 0, 1320, 3750, 0, 255, 255, 255
L 1300, 3780, 0, 1300, 3720, 0, 255, 255, 255
L 1400, 3720, 0, 1400, 3780, 0, 255, 255, 255
L 1380, 3750, 0, 1400, 3720, 0, 255, 255, 255
L 1360, 3720, 0, 1380, 3750, 0, 255, 255, 255
L 1360, 3780, 0, 1360, 3720, 0, 255, 255, 255
L 1420, 3750, 0, 1450, 3750, 0, 255, 255, 255
L 1420, 3780, 0, 1450, 3780, 0, 255, 255, 255
L 1420, 3720, 0, 1420, 3780, 0, 255, 255, 255
L 1450, 3720, 0, 1420, 3720, 0, 255, 255, 255
L 1500, 3780, 0, 1500, 3720, 0, 255, 255, 255
L 1470, 3720, 0, 1500, 3780, 0, 255, 255, 255
L 1470, 3780, 0, 1470, 3720, 0, 255, 255, 255
L 1540, 3720, 0, 1540, 3780, 0, 255, 255, 255
L 1520, 3720, 0, 1560, 3720, 0, 255, 255, 255
L 1230, 3870, 0, 1200, 3870, 0, 0, 0, 0
L 1200, 3810, 0, 1230, 3810, 0, 0, 0, 0
L 1200, 3870, 0, 1200, 3810, 0, 0, 0, 0
L 1230, 3870, 0, 1230, 3840, 0, 0, 0, 0
L 1230, 3840, 0, 1210, 3840, 0, 0, 0, 0
L 1250, 3840, 0, 1280, 3840, 0, 0, 0, 0
L 1250, 3870, 0, 1280, 3870, 0, 0, 0, 0
L 1250, 3810, 0, 1250, 3870, 0, 0, 0, 0
L 1280, 3810, 0, 1250, 3810, 0, 0, 0, 0
L 1330, 3870, 0, 1330, 3810, 0, 0, 0, 0
L 1300, 3810, 0, 1330, 3870, 0, 0, 0, 0
L 1300, 3870, 0, 1300, 3810, 0, 0, 0, 0
L 1350, 3840, 0, 1380, 3840, 0, 0, 0, 0
L 1350, 3870, 0, 1380, 3870, 0, 0, 0, 0
L 1350, 3810, 0, 1350, 3870, 0, 0, 0, 0
L 1380, 3810, 0, 1350, 3810, 0, 0, 0, 0
L 1400, 3810, 0, 1400, 3840, 0, 0, 0, 0
L 1400, 3840, 0, 1400, 3870, 0, 0, 0, 0
L 1400, 3840, 0, 1420, 3840, 0, 0, 0, 0
L 1440, 3840, 0, 1440, 3810, 0, 0, 0, 0
L 1400, 3810, 0, 1440, 3810, 0, 0, 0, 0
L 1420, 3840, 0, 1440, 3840, 0, 0, 0, 0
L 1440, 3870, 0, 1420, 3840, 0, 0, 0, 0
L 1470, 3840, 0, 1490, 3840, 0, 0, 0, 0
L 1480, 3810, 0, 1500, 3870, 0, 0, 0, 0
L 1460, 3870, 0, 1480, 3810, 0, 0, 0, 0
L 1520, 3810, 0, 1520, 3870, 0, 0, 0, 0
L 1560, 3870, 0, 1520, 3870, 0, 0, 0, 0
L 1230, 3960, 0, 1200, 3960, 0, 0, 0, 255
L 1200, 3900, 0, 1230, 3900, 0, 0, 0, 255
L 1200, 3960, 0, 1200, 3900, 0, 0, 0, 255
L 1230, 3960, 0, 1230, 3930, 0, 0, 0, 255
L 1230, 3930, 0, 1210, 3930, 0, 0, 0, 255
L 1250, 3900, 0, 1250, 3930, 0, 0, 0, 255
L 1250, 3930, 0, 1250, 3960, 0, 0, 0, 255
L 1250, 3930, 0, 1270, 3930, 0, 0, 0, 255
L 1290, 3930, 0, 1290, 3900, 0, 0, 0, 255
L 1250, 3900, 0, 1290, 3900, 0, 0, 0, 255
L 1270, 3930, 0, 1290, 3930, 0, 0, 0, 255
L 1290, 3960, 0, 1270, 3930, 0, 0, 0, 255
L 1310, 3900, 0, 1340, 3900, 0, 0, 0, 255
L 1310, 3960, 0, 1340, 3960, 0, 0, 0, 255
L 1310, 3900, 0, 1310, 3960, 0, 0, 0, 255
L 1340, 3900, 0, 1340, 3960, 0, 0, 0, 255
L 1400, 3900, 0, 1400, 3960, 0, 0, 0, 255
L 1360, 3900, 0, 1360, 3960, 0, 0, 0, 255
L 1360, 3960, 0, 1400, 3960, 0, 0, 0, 255
L 1450, 3960, 0, 1450, 3900, 0, 0, 0, 255
L 1420, 3900, 0, 1450, 3960, 0, 0, 0, 255
L 1420, 3960, 0, 1420, 3900, 0, 0, 0, 255
L 1480, 3960, 0, 1480, 3900, 0, 0, 0, 255
L 1490, 3960, 0, 1470, 3960, 0, 0, 0, 255
L 1500, 3930, 0, 1490, 3960, 0, 0, 0, 255
L 1490, 3900, 0, 1500, 3930, 0, 0, 0, 255
L 1470, 3900, 0, 1490, 3900, 0, 0, 0, 255
L 1580, 3900, 0, 1580, 3930, 0, 0, 0, 255
L 1580, 3960, 0, 1620, 3960, 0, 0, 0, 255
L 1620, 3930, 0, 1580, 3930, 0, 0, 0, 255
L 1580, 3900, 0, 1620, 3900, 0, 0, 0, 255
L 1620, 3930, 0, 1620, 3960, 0, 0, 0, 255
L 1670, 3930, 0, 1640, 3930, 0, 0, 0, 255
L 1670, 3900, 0, 1670, 3930, 0, 0, 0, 255
L 1640, 3900, 0, 1670, 3900, 0, 0, 0, 255
L 1640, 3960, 0, 1640, 3900, 0, 0, 0, 255
L 1700, 3930, 0, 1720, 3930, 0, 0, 0, 255
L 1710, 3900, 0, 1730, 3960, 0, 0, 0, 255
L 1690, 3960, 0, 1710, 3900, 0, 0, 0, 255
L 1780, 3960, 0, 1790, 3900, 0, 0, 0, 255
L 1770, 3930, 0, 1780, 3960, 0, 0, 0, 255
L 1760, 3960, 0, 1770, 3930, 0, 0, 0, 255
L 1750, 3900, 0, 1760, 3960, 0, 0, 0, 255
L 1840, 3960, 0, 1840, 3900, 0, 0, 0, 255
L 1810, 3900, 0, 1840, 3960, 0, 0, 0, 255
L 1810, 3960, 0, 1810, 3900, 0, 0, 0, 255
L 1230, 4050, 0, 1200, 4050, 0, 128, 128, 128
L 1200, 3990, 0, 1230, 3990, 0, 128, 128, 128
L 1200, 4050, 0, 1200, 3990, 0, 128, 128, 128
L 1230, 4050, 0, 1230, 4020, 0, 128, 128, 128
L 1230, 4020, 0, 1210, 4020, 0, 128, 128, 128
L 1290, 3990, 0, 1290, 4050, 0, 128, 128, 128
L 1250, 3990, 0, 1250, 4050, 0, 128, 128, 128
L 1250, 4050, 0, 1290, 4050, 0, 128, 128, 128
L 1310, 3990, 0, 1310, 4050, 0, 128, 128, 128
L 1330, 3990, 0, 1330, 4050, 0, 128, 128, 128
L 1370, 4050, 0, 1330, 4050, 0, 128, 128, 128
L 1400, 4050, 0, 1400, 3990, 0, 128, 128, 128
L 1410, 4050, 0, 1390, 4050, 0, 128, 128, 128
L 1420, 4020, 0, 1410, 4050, 0, 128, 128, 128
L 1410, 3990, 0, 1420, 4020, 0, 128, 128, 128
L 1390, 3990, 0, 1410, 3990, 0, 128, 128, 128
L 1540, 3990, 0, 1540, 4050, 0, 128, 128, 128
L 1520, 4020, 0, 1540, 3990, 0, 128, 128, 128
L 1500, 3990, 0, 1520, 4020, 0, 128, 128, 128
L 1500, 4050, 0, 1500, 3990, 0, 128, 128, 128
L 1570, 4020, 0, 1590, 4020, 0, 128, 128, 128
L 1580, 3990, 0, 1600, 4050, 0, 128, 128, 128
L 1560, 4050, 0, 1580, 3990, 0, 128, 128, 128
L 1620, 3990, 0, 1620, 4020, 0, 128, 128, 128
L 1620, 4050, 0, 1660, 4050, 0, 128, 128, 128
L 1660, 4020, 0, 1620, 4020, 0, 128, 128, 128
L 1620, 3990, 0, 1660, 3990, 0, 128, 128, 128
L 1660, 4020, 0, 1660, 4050, 0, 128, 128, 128
L 1700, 3990, 0, 1700, 4050, 0, 128, 128, 128
L 1680, 3990, 0, 1720, 3990, 0, 128, 128, 128
L 1740, 4020, 0, 1770, 4020, 0, 128, 128, 128
L 1740, 4050, 0, 1770, 4050, 0, 128, 128, 128
L 1740, 3990, 0, 1740, 4050, 0, 128, 128, 128
L 1770, 3990, 0, 1740, 3990, 0, 128, 128, 128
L 1790, 3990, 0, 1790, 4020, 0, 128, 128, 128
L 1790, 4020, 0, 1790, 4050, 0, 128, 128, 128
L 1790, 4020, 0, 1810, 4020, 0, 128, 128, 128
L 1830, 4020, 0, 1830, 3990, 0, 128, 128, 128
L 1790, 3990, 0, 1830, 3990, 0, 128, 128, 128
L 1810, 4020, 0, 1830, 4020, 0, 128, 128, 128
L 1830, 4050, 0, 1810, 4020, 0, 128, 128, 128
L 1200, 4080, 0, 1200, 4110, 0, 127, 64, 0
L 1240, 4140, 0, 1240, 4110, 0, 127, 64, 0
L 1200, 4110, 0, 1200, 4140, 0, 127, 64, 0
L 1240, 4110, 0, 1240, 4080, 0, 127, 64, 0
L 1200, 4110, 0, 1240, 4110, 0, 127, 64, 0
L 1300, 4080, 0, 1300, 4140, 0, 127, 64, 0
L 1260, 4080, 0, 1260, 4140, 0, 127, 64, 0
L 1260, 4140, 0, 1300, 4140, 0, 127, 64, 0
L 1350, 4140, 0, 1350, 4080, 0, 127, 64, 0
L 1320, 4080, 0, 1350, 4140, 0, 127, 64, 0
L 1320, 4140, 0, 1320, 4080, 0, 127, 64, 0
L 1390, 4080, 0, 1390, 4140, 0, 127, 64, 0
L 1370, 4080, 0, 1410, 4080, 0, 127, 64, 0
L 1430, 4110, 0, 1460, 4110, 0, 127, 64, 0
L 1430, 4140, 0, 1460, 4140, 0, 127, 64, 0
L 1430, 4080, 0, 1430, 4140, 0, 127, 64, 0
L 1460, 4080, 0, 1430, 4080, 0, 127, 64, 0
L 1480, 4080, 0, 1480, 4110, 0, 127, 64, 0
L 1480, 4110, 0, 1480, 4140, 0, 127, 64, 0
L 1480, 4110, 0, 1500, 4110, 0, 127, 64, 0
L 1520, 4110, 0, 1520, 4080, 0, 127, 64, 0
L 1480, 4080, 0, 1520, 4080, 0, 127, 64, 0
L 1500, 4110, 0, 1520, 4110, 0, 127, 64, 0
L 1520, 4140, 0, 1500, 4110, 0, 127, 64, 0
L 1240, 4170, 0, 1240, 4230, 0, 0, 127, 0
L 1220, 4200, 0, 1240, 4170, 0, 0, 127, 0
L 1200, 4170, 0, 1220, 4200, 0, 0, 127, 0
L 1200, 4230, 0, 1200, 4170, 0, 0, 127, 0
L 1260, 4200, 0, 1290, 4200, 0, 0, 127, 0
L 1260, 4230, 0, 1290, 4230, 0, 0, 127, 0
L 1260, 4170, 0, 1260, 4230, 0, 0, 127, 0
L 1290, 4170, 0, 1260, 4170, 0, 0, 127, 0
L 1310, 4170, 0, 1310, 4200, 0, 0, 127, 0
L 1310, 4200, 0, 1310, 4230, 0, 0, 127, 0
L 1310, 4200, 0, 1330, 4200, 0, 0, 127, 0
L 1350, 4200, 0, 1350, 4170, 0, 0, 127, 0
L 1310, 4170, 0, 1350, 4170, 0, 0, 127, 0
L 1330, 4200, 0, 1350, 4200, 0, 0, 127, 0
L 1350, 4230, 0, 1330, 4200, 0, 0, 127, 0
L 1400, 4230, 0, 1370, 4230, 0, 0, 127, 0
L 1370, 4170, 0, 1400, 4170, 0, 0, 127, 0
L 1370, 4230, 0, 1370, 4170, 0, 0, 127, 0
L 1420, 4170, 0, 1420, 4200, 0, 0, 127, 0
L 1460, 4230, 0, 1460, 4200, 0, 0, 127, 0
L 1420, 4200, 0, 1420, 4230, 0, 0, 127, 0
L 1460, 4200, 0, 1460, 4170, 0, 0, 127, 0
L 1420, 4200, 0, 1460, 4200, 0, 0, 127, 0
L 1490, 4200, 0, 1510, 4200, 0, 0, 127, 0
L 1500, 4170, 0, 1520, 4230, 0, 0, 127, 0
L 1480, 4230, 0, 1500, 4170, 0, 0, 127, 0
L 1570, 4230, 0, 1570, 4170, 0, 0, 127, 0
L 1540, 4170, 0, 1570, 4230, 0, 0, 127, 0
L 1540, 4230, 0, 1540, 4170, 0, 0, 127, 0
L 1610, 4170, 0, 1610, 4230, 0, 0, 127, 0
L 1590, 4170, 0, 1630, 4170, 0, 0, 127, 0
L 1240, 4260, 0, 1240, 4320, 0, 0, 127, 127
L 1220, 4290, 0, 1240, 4260, 0, 0, 127, 127
L 1200, 4260, 0, 1220, 4290, 0, 0, 127, 127
L 1200, 4320, 0, 1200, 4260, 0, 0, 127, 127
L 1260, 4260, 0, 1260, 4320, 0, 0, 127, 127
L 1280, 4260, 0, 1280, 4290, 0, 0, 127, 127
L 1280, 4320, 0, 1320, 4320, 0, 0, 127, 127
L 1320, 4290, 0, 1280, 4290, 0, 0, 127, 127
L 1280, 4260, 0, 1320, 4260, 0, 0, 127, 127
L 1320, 4290, 0, 1320, 4320, 0, 0, 127, 127
L 1340, 4260, 0, 1340, 4290, 0, 0, 127, 127
L 1340, 4320, 0, 1380, 4320, 0, 0, 127, 127
L 1380, 4290, 0, 1340, 4290, 0, 0, 127, 127
L 1340, 4260, 0, 1380, 4260, 0, 0, 127, 127
L 1380, 4290, 0, 1380, 4320, 0, 0, 127, 127
L 1400, 4260, 0, 1400, 4320, 0, 0, 127, 127
L 1420, 4260, 0, 1450, 4260, 0, 0, 127, 127
L 1420, 4320, 0, 1450, 4320, 0, 0, 127, 127
L 1420, 4260, 0, 1420, 4320, 0, 0, 127, 127
L 1450, 4260, 0, 1450, 4320, 0, 0, 127, 127
L 1500, 4320, 0, 1500, 4260, 0, 0, 127, 127
L 1470, 4260, 0, 1500, 4320, 0, 0, 127, 127
L 1470, 4320, 0, 1470, 4260, 0, 0, 127, 127
L 1230, 4410, 0, 1230, 4350, 0, 127, 64, 0
L 1200, 4350, 0, 1230, 4410, 0, 127, 64, 0
L 1200, 4410, 0, 1200, 4350, 0, 127, 64, 0
L 1260, 4380, 0, 1280, 4380, 0, 127, 64, 0
L 1270, 4350, 0, 1290, 4410, 0, 127, 64, 0
L 1250, 4410, 0, 1270, 4350, 0, 127, 64, 0
L 1350, 4350, 0, 1350, 4410, 0, 127, 64, 0
L 1330, 4380, 0, 1350, 4350, 0, 127, 64, 0
L 1310, 4350, 0, 1330, 4380, 0, 127, 64, 0
L 1310, 4410, 0, 1310, 4350, 0, 127, 64, 0
L 1370, 4380, 0, 1400, 4380, 0, 127, 64, 0
L 1370, 4410, 0, 1400, 4410, 0, 127, 64, 0
L 1370, 4350, 0, 1370, 4410, 0, 127, 64, 0
L 1400, 4350, 0, 1370, 4350, 0, 127, 64, 0
L 1430, 4410, 0, 1430, 4350, 0, 127, 64, 0
L 1440, 4410, 0, 1420, 4410, 0, 127, 64, 0
L 1450, 4380, 0, 1440, 4410, 0, 127, 64, 0
L 1440, 4350, 0, 1450, 4380, 0, 127, 64, 0
L 1420, 4350, 0, 1440, 4350, 0, 127, 64, 0
L 1230, 4470, 0, 1200, 4470, 0, 0, 255, 0
L 1230, 4440, 0, 1230, 4470, 0, 0, 255, 0
L 1200, 4440, 0, 1230, 4440, 0, 0, 255, 0
L 1200, 4500, 0, 1200, 4440, 0, 0, 255, 0
L 1260, 4470, 0, 1280, 4470, 0, 0, 255, 0
L 1270, 4440, 0, 1290, 4500, 0, 0, 255, 0
L 1250, 4500, 0, 1270, 4440, 0, 0, 255, 0
L 1310, 4440, 0, 1310, 4470, 0, 0, 255, 0
L 1310, 4470, 0, 1310, 4500, 0, 0, 255, 0
L 1310, 4470, 0, 1330, 4470, 0, 0, 255, 0
L 1350, 4470, 0, 1350, 4440, 0, 0, 255, 0
L 1310, 4440, 0, 1350, 4440, 0, 0, 255, 0
L 1330, 4470, 0, 1350, 4470, 0, 0, 255, 0
L 1350, 4500, 0, 1330, 4470, 0, 0, 255, 0
L 1400, 4500, 0, 1370, 4500, 0, 0, 255, 0
L 1370, 4440, 0, 1400, 4440, 0, 0, 255, 0
L 1370, 4500, 0, 1370, 4440, 0, 0, 255, 0
L 1420, 4470, 0, 1450, 4470, 0, 0, 255, 0
L 1420, 4500, 0, 1450, 4500, 0, 0, 255, 0
L 1420, 4440, 0, 1420, 4500, 0, 0, 255, 0
L 1450, 4440, 0, 1420, 4440, 0, 0, 255, 0
L 1470, 4440, 0, 1470, 4500, 0, 0, 255, 0
L 1510, 4500, 0, 1470, 4500, 0, 0, 255, 0
L 1530, 4440, 0, 1530, 4470, 0, 0, 255, 0
L 1530, 4500, 0, 1570, 4500, 0, 0, 255, 0
L 1570, 4470, 0, 1530, 4470, 0, 0, 255, 0
L 1530, 4440, 0, 1570, 4440, 0, 0, 255, 0
L 1570, 4470, 0, 1570, 4500, 0, 0, 255, 0
L 1200, 4530, 0, 1200, 4560, 0, 0, 240, 240
L 1200, 4560, 0, 1200, 4590, 0, 0, 240, 240
L 1200, 4560, 0, 1220, 4560, 0, 0, 240, 240
L 1240, 4560, 0, 1240, 4530, 0, 0, 240, 240
L 1200, 4530, 0, 1240, 4530, 0, 0, 240, 240
L 1220, 4560, 0, 1240, 4560, 0, 0, 240, 240
L 1240, 4590, 0, 1220, 4560, 0, 0, 240, 240
L 1270, 4560, 0, 1290, 4560, 0, 0, 240, 240
L 1280, 4530, 0, 1300, 4590, 0, 0, 240, 240
L 1260, 4590, 0, 1280, 4530, 0, 0, 240, 240
L 1320, 4530, 0, 1320, 4590, 0, 0, 240, 240
L 1350, 4590, 0, 1350, 4530, 0, 0, 240, 240
L 1360, 4590, 0, 1340, 4590, 0, 0, 240, 240
L 1370, 4560, 0, 1360, 4590, 0, 0, 240, 240
L 1360, 4530, 0, 1370, 4560, 0, 0, 240, 240
L 1340, 4530, 0, 1360, 4530, 0, 0, 240, 240
L 1200, 4620, 0, 1200, 4650, 0, 0, 255, 0
L 1200, 4680, 0, 1240, 4680, 0, 0, 255, 0
L 1240, 4650, 0, 1200, 4650, 0, 0, 255, 0
L 1200, 4620, 0, 1240, 4620, 0, 0, 255, 0
L 1240, 4650, 0, 1240, 4680, 0, 0, 255, 0
L 1290, 4650, 0, 1260, 4650, 0, 0, 255, 0
L 1290, 4620, 0, 1290, 4650, 0, 0, 255, 0
L 1260, 4620, 0, 1290, 4620, 0, 0, 255, 0
L 1260, 4680, 0, 1260, 4620, 0, 0, 255, 0
L 1310, 4650, 0, 1340, 4650, 0, 0, 255, 0
L 1310, 4680, 0, 1340, 4680, 0, 0, 255, 0
L 1310, 4620, 0, 1310, 4680, 0, 0, 255, 0
L 1340, 4620, 0, 1310, 4620, 0, 0, 255, 0
L 1390, 4680, 0, 1360, 4680, 0, 0, 255, 0
L 1360, 4620, 0, 1390, 4620, 0, 0, 255, 0
L 1360, 4680, 0, 1360, 4620, 0, 0, 255, 0
L 1410, 4620, 0, 1410, 4680, 0, 0, 255, 0
L 1440, 4650, 0, 1460, 4650, 0, 0, 255, 0
L 1450, 4620, 0, 1470, 4680, 0, 0, 255, 0
L 1430, 4680, 0, 1450, 4620, 0, 0, 255, 0
L 1490, 4620, 0, 1490, 4680, 0, 0, 255, 0
L 1530, 4680, 0, 1490, 4680, 0, 0, 255, 0
L 1640, 4680, 0, 1610, 4680, 0, 0, 255, 0
L 1610, 4620, 0, 1640, 4620, 0, 0, 255, 0
L 1610, 4680, 0, 1610, 4620, 0, 0, 255, 0
L 1700, 4620, 0, 1700, 4680, 0, 0, 255, 0
L 1660, 4620, 0, 1660, 4680, 0, 0, 255, 0
L 1660, 4680, 0, 1700, 4680, 0, 0, 255, 0
L 1720, 4620, 0, 1720, 4650, 0, 0, 255, 0
L 1720, 4650, 0, 1720, 4680, 0, 0, 255, 0
L 1720, 4650, 0, 1740, 4650, 0, 0, 255, 0
L 1760, 4650, 0, 1760, 4620, 0, 0, 255, 0
L 1720, 4620, 0, 1760, 4620, 0, 0, 255, 0
L 1740, 4650, 0, 1760, 4650, 0, 0, 255, 0
L 1760, 4680, 0, 1740, 4650, 0, 0, 255, 0
L 1780, 4620, 0, 1780, 4650, 0, 0, 255, 0
L 1780, 4650, 0, 1780, 4680, 0, 0, 255, 0
L 1780, 4650, 0, 1800, 4650, 0, 0, 255, 0
L 1820, 4650, 0, 1820, 4620, 0, 0, 255, 0
L 1780, 4620, 0, 1820, 4620, 0, 0, 255, 0
L 1800, 4650, 0, 1820, 4650, 0, 0, 255, 0
L 1820, 4680, 0, 1800, 4650, 0, 0, 255, 0
L 1840, 4650, 0, 1870, 4650, 0, 0, 255, 0
L 1840, 4680, 0, 1870, 4680, 0, 0, 255, 0
L 1840, 4620, 0, 1840, 4680, 0, 0, 255, 0
L 1870, 4620, 0, 1840, 4620, 0, 0, 255, 0
L 1920, 4680, 0, 1920, 4620, 0, 0, 255, 0
L 1890, 4620, 0, 1920, 4680, 0, 0, 255, 0
L 1890, 4680, 0, 1890, 4620, 0, 0, 255, 0
L 1970, 4680, 0, 1940, 4680, 0, 0, 255, 0
L 1940, 4620, 0, 1970, 4620, 0, 0, 255, 0
L 1940, 4680, 0, 1940, 4620, 0, 0, 255, 0
L 2010, 4650, 0, 2010, 4680, 0, 0, 255, 0
L 2010, 4650, 0, 2030, 4620, 0, 0, 255, 0
L 1990, 4620, 0, 2010, 4650, 0, 0, 255, 0
L 1200, 4710, 0, 1200, 4740, 0, 255, 0, 0
L 1200, 4770, 0, 1240, 4770, 0, 255, 0, 0
L 1240, 4740, 0, 1200, 4740, 0, 255, 0, 0
L 1200, 4710, 0, 1240, 4710, 0, 255, 0, 0
L 1240, 4740, 0, 1240, 4770, 0, 255, 0, 0
L 1300, 4710, 0, 1300, 4770, 0, 255, 0, 0
L 1260, 4710, 0, 1260, 4770, 0, 255, 0, 0
L 1260, 4770, 0, 1300, 4770, 0, 255, 0, 0
L 1350, 4770, 0, 1320, 4770, 0, 255, 0, 0
L 1320, 4710, 0, 1350, 4710, 0, 255, 0, 0
L 1320, 4770, 0, 1320, 4710, 0, 255, 0, 0
L 1400, 4770, 0, 1370, 4770, 0, 255, 0, 0
L 1370, 4710, 0, 1400, 4710, 0, 255, 0, 0
L 1370, 4770, 0, 1370, 4710, 0, 255, 0, 0
L 1420, 4710, 0, 1450, 4710, 0, 255, 0, 0
L 1420, 4770, 0, 1450, 4770, 0, 255, 0, 0
L 1420, 4710, 0, 1420, 4770, 0, 255, 0, 0
L 1450, 4710, 0, 1450, 4770, 0, 255, 0, 0
L 1470, 4710, 0, 1470, 4740, 0, 255, 0, 0
L 1470, 4740, 0, 1470, 4770, 0, 255, 0, 0
L 1470, 4740, 0, 1490, 4740, 0, 255, 0, 0
L 1510, 4740, 0, 1510, 4710, 0, 255, 0, 0
L 1470, 4710, 0, 1510, 4710, 0, 255, 0, 0
L 1490, 4740, 0, 1510, 4740, 0, 255, 0, 0
L 1510, 4770, 0, 1490, 4740, 0, 255, 0, 0
L 1220, 4800, 0, 1220, 4860, 0, 255, 255, 0
L 1200, 4800, 0, 1240, 4800, 0, 255, 255, 0
L 1260, 4830, 0, 1290, 4830, 0, 255, 255, 0
L 1260, 4860, 0, 1290, 4860, 0, 255, 255, 0
L 1260, 4800, 0, 1260, 4860, 0, 255, 255, 0
L 1290, 4800, 0, 1260, 4800, 0, 255, 255, 0
L 1310, 4800, 0, 1310, 4860, 0, 255, 255, 0
L 1350, 4860, 0, 1310, 4860, 0, 255, 255, 0
L 1370, 4830, 0, 1400, 4830, 0, 255, 255, 0
L 1370, 4860, 0, 1400, 4860, 0, 255, 255, 0
L 1370, 4800, 0, 1370, 4860, 0, 255, 255, 0
L 1400, 4800, 0, 1370, 4800, 0, 255, 255, 0
L 1450, 4830, 0, 1420, 4830, 0, 255, 255, 0
L 1450, 4800, 0, 1450, 4830, 0, 255, 255, 0
L 1420, 4800, 0, 1450, 4800, 0, 255, 255, 0
L 1420, 4860, 0, 1420, 4800, 0, 255, 255, 0
L 1470, 4800, 0, 1500, 4800, 0, 255, 255, 0
L 1470, 4860, 0, 1500, 4860, 0, 255, 255, 0
L 1470, 4800, 0, 1470, 4860, 0, 255, 255, 0
L 1500, 4800, 0, 1500, 4860, 0, 255, 255, 0
L 1520, 4800, 0, 1520, 4830, 0, 255, 255, 0
L 1520, 4830, 0, 1520, 4860, 0, 255, 255, 0
L 1520, 4830, 0, 1540, 4830, 0, 255, 255, 0
L 1560, 4830, 0, 1560, 4800, 0, 255, 255, 0
L 1520, 4800, 0, 1560, 4800, 0, 255, 255, 0
L 1540, 4830, 0, 1560, 4830, 0, 255, 255, 0
L 1560, 4860, 0, 1540, 4830, 0, 255, 255, 0
L 1600, 4800, 0, 1600, 4860, 0, 255, 255, 0
L 1580, 4800, 0, 1620, 4800, 0, 255, 255, 0
L 1220, 4890, 0, 1220, 4950, 0, 128, 0, 128
L 1200, 4890, 0, 1240, 4890, 0, 128, 0, 128
L 1260, 4890, 0, 1260, 4920, 0, 128, 0, 128
L 1260, 4920, 0, 1260, 4950, 0, 128, 0, 128
L 1260, 4920, 0, 1280, 4920, 0, 128, 0, 128
L 1300, 4920, 0, 1300, 4890, 0, 128, 0, 128
L 1260, 4890, 0, 1300, 4890, 0, 128, 0, 128
L 1280, 4920, 0, 1300, 4920, 0, 128, 0, 128
L 1300, 4950, 0, 1280, 4920, 0, 128, 0, 128
L 1330, 4920, 0, 1350, 4920, 0, 128, 0, 128
L 1340, 4890, 0, 1360, 4950, 0, 128, 0, 128
L 1320, 4950, 0, 1340, 4890, 0, 128, 0, 128
L 1390, 4950, 0, 1390, 4890, 0, 128, 0, 128
L 1400, 4950, 0, 1380, 4950, 0, 128, 0, 128
L 1410, 4920, 0, 1400, 4950, 0, 128, 0, 128
L 1400, 4890, 0, 1410, 4920, 0, 128, 0, 128
L 1380, 4890, 0, 1400, 4890, 0, 128, 0, 128
L 1430, 4920, 0, 1460, 4920, 0, 128, 0, 128
L 1430, 4950, 0, 1460, 4950, 0, 128, 0, 128
L 1430, 4890, 0, 1430, 4950, 0, 128, 0, 128
L 1460, 4890, 0, 1430, 4890, 0, 128, 0, 128
L 1480, 4890, 0, 1480, 4920, 0, 128, 0, 128
L 1480, 4950, 0, 1520, 4950, 0, 128, 0, 128
L 1520, 4920, 0, 1480, 4920, 0, 128, 0, 128
L 1480, 4890, 0, 1520, 4890, 0, 128, 0, 128
L 1520, 4920, 0, 1520, 4950, 0, 128, 0, 128
L 1540, 4890, 0, 1540, 4920, 0, 128, 0, 128
L 1540, 4920, 0, 1540, 4950, 0, 128, 0, 128
L 1540, 4920, 0, 1580, 4950, 0, 128, 0, 128
L 1540, 4920, 0, 1580, 4890, 0, 128, 0, 128
L 1600, 4890, 0, 1600, 4950, 0, 128, 0, 128
L 1620, 4890, 0, 1620, 4950, 0, 128, 0, 128
L 1660, 4950, 0, 1620, 4950, 0, 128, 0, 128
L 1680, 4890, 0, 1680, 4950, 0, 128, 0, 128
L 1720, 4950, 0, 1680, 4950, 0, 128, 0, 128
L 1830, 4950, 0, 1800, 4950, 0, 128, 0, 128
L 1800, 4890, 0, 1830, 4890, 0, 128, 0, 128
L 1800, 4950, 0, 1800, 4890, 0, 128, 0, 128
L 1850, 4890, 0, 1880, 4890, 0, 128, 0, 128
L 1850, 4950, 0, 1880, 4950, 0, 128, 0, 128
L 1850, 4890, 0, 1850, 4950, 0, 128, 0, 128
L 1880, 4890, 0, 1880, 4950, 0, 128, 0, 128
L 1930, 4950, 0, 1930, 4890, 0, 128, 0, 128
L 1900, 4890, 0, 1930, 4950, 0, 128, 0, 128
L 1900, 4950, 0, 1900, 4890, 0, 128, 0, 128
L 1970, 4890, 0, 1970, 4950, 0, 128, 0, 128
L 1950, 4890, 0, 1990, 4890, 0, 128, 0, 128
L 2020, 4920, 0, 2040, 4920, 0, 128, 0, 128
L 2030, 4890, 0, 2050, 4950, 0, 128, 0, 128
L 2010, 4950, 0, 2030, 4890, 0, 128, 0, 128
L 2070, 4890, 0, 2070, 4950, 0, 128, 0, 128
L 2120, 4950, 0, 2120, 4890, 0, 128, 0, 128
L 2090, 4890, 0, 2120, 4950, 0, 128, 0, 128
L 2090, 4950, 0, 2090, 4890, 0, 128, 0, 128
L 2140, 4920, 0, 2170, 4920, 0, 128, 0, 128
L 2140, 4950, 0, 2170, 4950, 0, 128, 0, 128
L 2140, 4890, 0, 2140, 4950, 0, 128, 0, 128
L 2170, 4890, 0, 2140, 4890, 0, 128, 0, 128
L 2190, 4890, 0, 2190, 4920, 0, 128, 0, 128
L 2190, 4920, 0, 2190, 4950, 0, 128, 0, 128
L 2190, 4920, 0, 2210, 4920, 0, 128, 0, 128
L 2230, 4920, 0, 2230, 4890, 0, 128, 0, 128
L 2190, 4890, 0, 2230, 4890, 0, 128, 0, 128
L 2210, 4920, 0, 2230, 4920, 0, 128, 0, 128
L 2230, 4950, 0, 2210, 4920, 0, 128, 0, 128
L 1220, 4980, 0, 1220, 5040, 0, 255, 255, 0
L 1200, 4980, 0, 1240, 4980, 0, 255, 255, 0
L 1260, 4980, 0, 1260, 5010, 0, 255, 255, 0
L 1260, 5010, 0, 1260, 5040, 0, 255, 255, 0
L 1260, 5010, 0, 1280, 5010, 0, 255, 255, 0
L 1300, 5010, 0, 1300, 4980, 0, 255, 255, 0
L 1260, 4980, 0, 1300, 4980, 0, 255, 255, 0
L 1280, 5010, 0, 1300, 5010, 0, 255, 255, 0
L 1300, 5040, 0, 1280, 5010, 0, 255, 255, 0
L 1330, 5010, 0, 1350, 5010, 0, 255, 255, 0
L 1340, 4980, 0, 1360, 5040, 0, 255, 255, 0
L 1320, 5040, 0, 1340, 4980, 0, 255, 255, 0
L 1410, 5010, 0, 1380, 5010, 0, 255, 255, 0
L 1410, 4980, 0, 1410, 5010, 0, 255, 255, 0
L 1380, 4980, 0, 1410, 4980, 0, 255, 255, 0
L 1380, 5040, 0, 1380, 4980, 0, 255, 255, 0
L 1230, 5070, 0, 1200, 5070, 0, 255, 0, 0
L 1200, 5130, 0, 1230, 5070, 0, 255, 0, 0
L 1200, 5130, 0, 1230, 5130, 0, 255, 0, 0
L 1250, 5070, 0, 1280, 5070, 0, 255, 0, 0
L 1250, 5130, 0, 1280, 5130, 0, 255, 0, 0
L 1250, 5070, 0, 1250, 5130, 0, 255, 0, 0
L 1280, 5070, 0, 1280, 5130, 0, 255, 0, 0
L 1330, 5130, 0, 1330, 5070, 0, 255, 0, 0
L 1300, 5070, 0, 1330, 5130, 0, 255, 0, 0
L 1300, 5130, 0, 1300, 5070, 0, 255, 0, 0
L 1350, 5100, 0, 1380, 5100, 0, 255, 0, 0
L 1350, 5130, 0, 1380, 5130, 0, 255, 0, 0
L 1350, 5070, 0, 1350, 5130, 0, 255, 0, 0
L 1380, 5070, 0, 1350, 5070, 0, 255, 0, 0
P 200, 3300, 0, 0, 0, 0, 2, Revised_Map:_Brewall_Rainsiger_(Cazic-Thule)
P 200, 3500, 0, 0, 0, 0, 2, http://www.eqmaps.info
P 200, 3700, 0, 0, 0, 0, 2, Return_of_the_Exiled_(www.roteguild.org)
P 200, 3900, 0, 240, 127, 0, 2, The_Final_Arbiter
P 200, 4100, 0, 240, 127, 0, 2, Kildrukaun_the_Ancient
P 200, 4300, 0, 240, 127, 0, 2, Master_of_the_Guard
P 200, 4500, 0, 240, 127, 0, 2, The_Progenitor
P 200, 4700, 0, 240, 127, 0, 2, Tjudawos_the_Ancient
P 200, 4900, 0, 240, 127, 0, 2, Vyskudra_the_Ancient
P 200, 5100, 0, 240, 127, 0, 2, Zeixshi-Kar_the_Ancient
P 200, 5300, 0, 127, 64, 0, 2, an_Ancient_Advocator
P 200, 5500, 0, 127, 64, 0, 2, Drakeen_or_Drakonine_Caretaker,_Champion,_Defender,_Guardian,_Keeper_Sentinel,_or_Warden
