L 1000.0, 0.0, 0.0, 1000.0, -50.0, 0.0, 255, 0, 0
L -20.0, 50.0, 0.0, -50.0, 20.0, 0.0, 255, 0, 0
L 50.0, 20.0, 0.0, 20.0, 50.0, 0.0, 255, 0, 0
L 20.0, -50.0, 0.0, 50.0, -20.0, 0.0, 255, 0, 0
L -50.0, -20.0, 0.0, -20.0, -50.0, 0.0, 255, 0, 0
L -50.0, 20.0, 0.0, -50.0, -20.0, 0.0, 255, 0, 0
L 20.0, 50.0, 0.0, -20.0, 50.0, 0.0, 255, 0, 0
L 50.0, -20.0, 0.0, 50.0, 20.0, 0.0, 255, 0, 0
L -20.0, -50.0, 0.0, 20.0, -50.0, 0.0, 255, 0, 0
L 580.0, -20.0, 0.0, 540.0, -20.0, 0.0, 255, 0, 0
L 580.0, -90.0, 0.0, 580.0, -20.0, 0.0, 255, 0, 0
L 540.0, -90.0, 0.0, 580.0, -90.0, 0.0, 255, 0, 0
L 540.0, -20.0, 0.0, 540.0, -90.0, 0.0, 255, 0, 0
L 520.0, -20.0, 0.0, 480.0, -20.0, 0.0, 255, 0, 0
L 520.0, -90.0, 0.0, 520.0, -20.0, 0.0, 255, 0, 0
L 480.0, -90.0, 0.0, 520.0, -90.0, 0.0, 255, 0, 0
L 480.0, -20.0, 0.0, 480.0, -90.0, 0.0, 255, 0, 0
L 460.0, -90.0, 0.0, 450.0, -80.0, 0.0, 255, 0, 0
L 460.0, -20.0, 0.0, 460.0, -90.0, 0.0, 255, 0, 0
L 0.0, -250.0, 0.0, 0.0, 250.0, 0.0, 255, 0, 0
L -250.0, 0.0, 0.0, 1000.0, 0.0, 0.0, 255, 0, 0
L -120.0, -80.0, 0.0, -120.0, -60.0, 0.0, 255, 0, 0
L -120.0, -60.0, 0.0, -120.0, -40.0, 0.0, 255, 0, 0
L -100.0, -60.0, 0.0, -120.0, -60.0, 0.0, 255, 0, 0
L -120.0, -60.0, 0.0, -140.0, -60.0, 0.0, 255, 0, 0
L -90.0, -50.0, 0.0, -100.0, -30.0, 0.0, 255, 0, 0
L -60.0, -80.0, 0.0, -60.0, -60.0, 0.0, 255, 0, 0
L -60.0, -60.0, 0.0, -60.0, -40.0, 0.0, 255, 0, 0
L -40.0, -60.0, 0.0, -60.0, -60.0, 0.0, 255, 0, 0
L -60.0, -60.0, 0.0, -80.0, -60.0, 0.0, 255, 0, 0
L 100.0, 60.0, 0.0, 120.0, 60.0, 0.0, 255, 0, 0
L 120.0, 60.0, 0.0, 140.0, 60.0, 0.0, 255, 0, 0
L 90.0, 70.0, 0.0, 80.0, 90.0, 0.0, 255, 0, 0
L 40.0, 60.0, 0.0, 60.0, 60.0, 0.0, 255, 0, 0
L 60.0, 60.0, 0.0, 80.0, 60.0, 0.0, 255, 0, 0
L -100.0, 60.0, 0.0, -120.0, 60.0, 0.0, 255, 0, 0
L -120.0, 60.0, 0.0, -140.0, 60.0, 0.0, 255, 0, 0
L -90.0, 70.0, 0.0, -100.0, 90.0, 0.0, 255, 0, 0
L -60.0, 80.0, 0.0, -60.0, 60.0, 0.0, 255, 0, 0
L -60.0, 60.0, 0.0, -60.0, 40.0, 0.0, 255, 0, 0
L -40.0, 60.0, 0.0, -60.0, 60.0, 0.0, 255, 0, 0
L -60.0, 60.0, 0.0, -80.0, 60.0, 0.0, 255, 0, 0
L 100.0, -60.0, 0.0, 120.0, -60.0, 0.0, 255, 0, 0
L 120.0, -60.0, 0.0, 140.0, -60.0, 0.0, 255, 0, 0
L 90.0, -50.0, 0.0, 80.0, -30.0, 0.0, 255, 0, 0
L 60.0, -80.0, 0.0, 60.0, -60.0, 0.0, 255, 0, 0
L 60.0, -60.0, 0.0, 60.0, -40.0, 0.0, 255, 0, 0
L 40.0, -60.0, 0.0, 60.0, -60.0, 0.0, 255, 0, 0
L 60.0, -60.0, 0.0, 80.0, -60.0, 0.0, 255, 0, 0
L 599.0, -90.0, 0.0, 637.3, -90.0, 0.0, 255, 0, 0
L 599.0, -20.0, 0.0, 637.3, -20.0, 0.0, 255, 0, 0
L 599.0, -90.0, 0.0, 599.0, -20.0, 0.0, 255, 0, 0
L 637.3, -90.0, 0.0, 637.3, -20.0, 0.0, 255, 0, 0
L 2900, 900, 0, 2900, 960, 0, 0, 0, 0
L 2940, 960, 0, 2900, 960, 0, 0, 0, 0
L 2960, 930, 0, 2990, 930, 0, 0, 0, 0
L 2960, 960, 0, 2990, 960, 0, 0, 0, 0
L 2960, 900, 0, 2960, 960, 0, 0, 0, 0
L 2990, 900, 0, 2960, 900, 0, 0, 0, 0
L 3040, 960, 0, 3010, 960, 0, 0, 0, 0
L 3010, 900, 0, 3040, 900, 0, 0, 0, 0
L 3010, 960, 0, 3010, 900, 0, 0, 0, 0
L 3040, 960, 0, 3040, 930, 0, 0, 0, 0
L 3040, 930, 0, 3020, 930, 0, 0, 0, 0
L 3060, 930, 0, 3090, 930, 0, 0, 0, 0
L 3060, 960, 0, 3090, 960, 0, 0, 0, 0
L 3060, 900, 0, 3060, 960, 0, 0, 0, 0
L 3090, 900, 0, 3060, 900, 0, 0, 0, 0
L 3140, 960, 0, 3140, 900, 0, 0, 0, 0
L 3110, 900, 0, 3140, 960, 0, 0, 0, 0
L 3110, 960, 0, 3110, 900, 0, 0, 0, 0
L 3170, 960, 0, 3170, 900, 0, 0, 0, 0
L 3180, 960, 0, 3160, 960, 0, 0, 0, 0
L 3190, 930, 0, 3180, 960, 0, 0, 0, 0
L 3180, 900, 0, 3190, 930, 0, 0, 0, 0
L 3160, 900, 0, 3180, 900, 0, 0, 0, 0
L 2900, 1110, 0, 2960, 1110, 0, 0, 0, 0
L 2900, 1030, 0, 2960, 1030, 0, 0, 0, 0
L 2930, 1083, 0, 2930, 1057, 0, 205, 133, 63
L 2960, 1110, 0, 3020, 1110, 0, 0, 0, 0
L 2960, 1110, 0, 2960, 1083, 0, 205, 133, 63
L 2930, 1083, 0, 2990, 1083, 0, 205, 133, 63
L 2930, 1057, 0, 2960, 1057, 0, 205, 133, 63
L 2960, 1057, 0, 2990, 1057, 0, 205, 133, 63
L 2960, 1030, 0, 3020, 1030, 0, 0, 0, 0
L 2960, 1057, 0, 2960, 1030, 0, 205, 133, 63
L 2990, 1083, 0, 2990, 1057, 0, 205, 133, 63
L 3070, 1100, 0, 3070, 1040, 0, 0, 0, 0
L 3080, 1100, 0, 3060, 1100, 0, 0, 0, 0
L 3090, 1070, 0, 3080, 1100, 0, 0, 0, 0
L 3080, 1040, 0, 3090, 1070, 0, 0, 0, 0
L 3060, 1040, 0, 3080, 1040, 0, 0, 0, 0
L 3110, 1040, 0, 3140, 1040, 0, 0, 0, 0
L 3110, 1100, 0, 3140, 1100, 0, 0, 0, 0
L 3110, 1040, 0, 3110, 1100, 0, 0, 0, 0
L 3140, 1040, 0, 3140, 1100, 0, 0, 0, 0
L 3160, 1040, 0, 3190, 1040, 0, 0, 0, 0
L 3160, 1100, 0, 3190, 1100, 0, 0, 0, 0
L 3160, 1040, 0, 3160, 1100, 0, 0, 0, 0
L 3190, 1040, 0, 3190, 1100, 0, 0, 0, 0
L 3210, 1040, 0, 3210, 1070, 0, 0, 0, 0
L 3210, 1070, 0, 3210, 1100, 0, 0, 0, 0
L 3210, 1070, 0, 3230, 1070, 0, 0, 0, 0
L 3250, 1070, 0, 3250, 1040, 0, 0, 0, 0
L 3210, 1040, 0, 3250, 1040, 0, 0, 0, 0
L 3230, 1070, 0, 3250, 1070, 0, 0, 0, 0
L 3250, 1100, 0, 3230, 1070, 0, 0, 0, 0
L 2900, 1150, 0, 2900, 1180, 0, 255, 210, 0
L 2900, 1150, 0, 2920, 1150, 0, 255, 210, 0
L 2920, 1210, 0, 2900, 1210, 0, 255, 210, 0
L 2900, 1180, 0, 2900, 1210, 0, 255, 210, 0
L 2920, 1180, 0, 2900, 1180, 0, 255, 210, 0
L 2920, 1180, 0, 2940, 1165, 0, 255, 210, 0
L 2920, 1150, 0, 2940, 1165, 0, 255, 210, 0
L 2920, 1180, 0, 2940, 1195, 0, 255, 210, 0
L 2940, 1195, 0, 2920, 1210, 0, 255, 210, 0
L 2970, 1180, 0, 2990, 1180, 0, 255, 210, 0
L 2980, 1150, 0, 3000, 1210, 0, 255, 210, 0
L 2960, 1210, 0, 2980, 1150, 0, 255, 210, 0
L 3050, 1210, 0, 3050, 1150, 0, 255, 210, 0
L 3020, 1150, 0, 3050, 1210, 0, 255, 210, 0
L 3020, 1210, 0, 3020, 1150, 0, 255, 210, 0
L 3070, 1150, 0, 3070, 1180, 0, 255, 210, 0
L 3070, 1180, 0, 3070, 1210, 0, 255, 210, 0
L 3070, 1180, 0, 3110, 1210, 0, 255, 210, 0
L 3070, 1180, 0, 3110, 1150, 0, 255, 210, 0
L 3130, 1180, 0, 3160, 1180, 0, 255, 210, 0
L 3130, 1210, 0, 3160, 1210, 0, 255, 210, 0
L 3130, 1150, 0, 3130, 1210, 0, 255, 210, 0
L 3160, 1150, 0, 3130, 1150, 0, 255, 210, 0
L 3180, 1150, 0, 3180, 1180, 0, 255, 210, 0
L 3180, 1180, 0, 3180, 1210, 0, 255, 210, 0
L 3180, 1180, 0, 3200, 1180, 0, 255, 210, 0
L 3220, 1180, 0, 3220, 1150, 0, 255, 210, 0
L 3180, 1150, 0, 3220, 1150, 0, 255, 210, 0
L 3200, 1180, 0, 3220, 1180, 0, 255, 210, 0
L 3220, 1210, 0, 3200, 1180, 0, 255, 210, 0
L 2930, 1300, 0, 2900, 1300, 0, 255, 255, 255
L 2900, 1240, 0, 2930, 1240, 0, 255, 255, 255
L 2900, 1300, 0, 2900, 1240, 0, 255, 255, 255
L 2950, 1240, 0, 2980, 1240, 0, 255, 255, 255
L 2950, 1300, 0, 2980, 1300, 0, 255, 255, 255
L 2950, 1240, 0, 2950, 1300, 0, 255, 255, 255
L 2980, 1240, 0, 2980, 1300, 0, 255, 255, 255
L 3040, 1240, 0, 3040, 1300, 0, 255, 255, 255
L 3020, 1270, 0, 3040, 1240, 0, 255, 255, 255
L 3000, 1240, 0, 3020, 1270, 0, 255, 255, 255
L 3000, 1300, 0, 3000, 1240, 0, 255, 255, 255
L 3100, 1240, 0, 3100, 1300, 0, 255, 255, 255
L 3080, 1270, 0, 3100, 1240, 0, 255, 255, 255
L 3060, 1240, 0, 3080, 1270, 0, 255, 255, 255
L 3060, 1300, 0, 3060, 1240, 0, 255, 255, 255
L 3120, 1270, 0, 3150, 1270, 0, 255, 255, 255
L 3120, 1300, 0, 3150, 1300, 0, 255, 255, 255
L 3120, 1240, 0, 3120, 1300, 0, 255, 255, 255
L 3150, 1240, 0, 3120, 1240, 0, 255, 255, 255
L 3200, 1300, 0, 3200, 1240, 0, 255, 255, 255
L 3170, 1240, 0, 3200, 1300, 0, 255, 255, 255
L 3170, 1300, 0, 3170, 1240, 0, 255, 255, 255
L 3240, 1240, 0, 3240, 1300, 0, 255, 255, 255
L 3220, 1240, 0, 3260, 1240, 0, 255, 255, 255
L 2930, 1390, 0, 2900, 1390, 0, 0, 0, 0
L 2900, 1330, 0, 2930, 1330, 0, 0, 0, 0
L 2900, 1390, 0, 2900, 1330, 0, 0, 0, 0
L 2930, 1390, 0, 2930, 1360, 0, 0, 0, 0
L 2930, 1360, 0, 2910, 1360, 0, 0, 0, 0
L 2950, 1360, 0, 2980, 1360, 0, 0, 0, 0
L 2950, 1390, 0, 2980, 1390, 0, 0, 0, 0
L 2950, 1330, 0, 2950, 1390, 0, 0, 0, 0
L 2980, 1330, 0, 2950, 1330, 0, 0, 0, 0
L 3030, 1390, 0, 3030, 1330, 0, 0, 0, 0
L 3000, 1330, 0, 3030, 1390, 0, 0, 0, 0
L 3000, 1390, 0, 3000, 1330, 0, 0, 0, 0
L 3050, 1360, 0, 3080, 1360, 0, 0, 0, 0
L 3050, 1390, 0, 3080, 1390, 0, 0, 0, 0
L 3050, 1330, 0, 3050, 1390, 0, 0, 0, 0
L 3080, 1330, 0, 3050, 1330, 0, 0, 0, 0
L 3100, 1330, 0, 3100, 1360, 0, 0, 0, 0
L 3100, 1360, 0, 3100, 1390, 0, 0, 0, 0
L 3100, 1360, 0, 3120, 1360, 0, 0, 0, 0
L 3140, 1360, 0, 3140, 1330, 0, 0, 0, 0
L 3100, 1330, 0, 3140, 1330, 0, 0, 0, 0
L 3120, 1360, 0, 3140, 1360, 0, 0, 0, 0
L 3140, 1390, 0, 3120, 1360, 0, 0, 0, 0
L 3170, 1360, 0, 3190, 1360, 0, 0, 0, 0
L 3180, 1330, 0, 3200, 1390, 0, 0, 0, 0
L 3160, 1390, 0, 3180, 1330, 0, 0, 0, 0
L 3220, 1330, 0, 3220, 1390, 0, 0, 0, 0
L 3260, 1390, 0, 3220, 1390, 0, 0, 0, 0
L 2930, 1480, 0, 2900, 1480, 0, 0, 0, 255
L 2900, 1420, 0, 2930, 1420, 0, 0, 0, 255
L 2900, 1480, 0, 2900, 1420, 0, 0, 0, 255
L 2930, 1480, 0, 2930, 1450, 0, 0, 0, 255
L 2930, 1450, 0, 2910, 1450, 0, 0, 0, 255
L 2950, 1420, 0, 2950, 1450, 0, 0, 0, 255
L 2950, 1450, 0, 2950, 1480, 0, 0, 0, 255
L 2950, 1450, 0, 2970, 1450, 0, 0, 0, 255
L 2990, 1450, 0, 2990, 1420, 0, 0, 0, 255
L 2950, 1420, 0, 2990, 1420, 0, 0, 0, 255
L 2970, 1450, 0, 2990, 1450, 0, 0, 0, 255
L 2990, 1480, 0, 2970, 1450, 0, 0, 0, 255
L 3010, 1420, 0, 3040, 1420, 0, 0, 0, 255
L 3010, 1480, 0, 3040, 1480, 0, 0, 0, 255
L 3010, 1420, 0, 3010, 1480, 0, 0, 0, 255
L 3040, 1420, 0, 3040, 1480, 0, 0, 0, 255
L 3100, 1420, 0, 3100, 1480, 0, 0, 0, 255
L 3060, 1420, 0, 3060, 1480, 0, 0, 0, 255
L 3060, 1480, 0, 3100, 1480, 0, 0, 0, 255
L 3150, 1480, 0, 3150, 1420, 0, 0, 0, 255
L 3120, 1420, 0, 3150, 1480, 0, 0, 0, 255
L 3120, 1480, 0, 3120, 1420, 0, 0, 0, 255
L 3180, 1480, 0, 3180, 1420, 0, 0, 0, 255
L 3190, 1480, 0, 3170, 1480, 0, 0, 0, 255
L 3200, 1450, 0, 3190, 1480, 0, 0, 0, 255
L 3190, 1420, 0, 3200, 1450, 0, 0, 0, 255
L 3170, 1420, 0, 3190, 1420, 0, 0, 0, 255
L 3280, 1420, 0, 3280, 1450, 0, 0, 0, 255
L 3280, 1480, 0, 3320, 1480, 0, 0, 0, 255
L 3320, 1450, 0, 3280, 1450, 0, 0, 0, 255
L 3280, 1420, 0, 3320, 1420, 0, 0, 0, 255
L 3320, 1450, 0, 3320, 1480, 0, 0, 0, 255
L 3370, 1450, 0, 3340, 1450, 0, 0, 0, 255
L 3370, 1420, 0, 3370, 1450, 0, 0, 0, 255
L 3340, 1420, 0, 3370, 1420, 0, 0, 0, 255
L 3340, 1480, 0, 3340, 1420, 0, 0, 0, 255
L 3400, 1450, 0, 3420, 1450, 0, 0, 0, 255
L 3410, 1420, 0, 3430, 1480, 0, 0, 0, 255
L 3390, 1480, 0, 3410, 1420, 0, 0, 0, 255
L 3480, 1480, 0, 3490, 1420, 0, 0, 0, 255
L 3470, 1450, 0, 3480, 1480, 0, 0, 0, 255
L 3460, 1480, 0, 3470, 1450, 0, 0, 0, 255
L 3450, 1420, 0, 3460, 1480, 0, 0, 0, 255
L 3540, 1480, 0, 3540, 1420, 0, 0, 0, 255
L 3510, 1420, 0, 3540, 1480, 0, 0, 0, 255
L 3510, 1480, 0, 3510, 1420, 0, 0, 0, 255
L 2930, 1570, 0, 2900, 1570, 0, 128, 128, 128
L 2900, 1510, 0, 2930, 1510, 0, 128, 128, 128
L 2900, 1570, 0, 2900, 1510, 0, 128, 128, 128
L 2930, 1570, 0, 2930, 1540, 0, 128, 128, 128
L 2930, 1540, 0, 2910, 1540, 0, 128, 128, 128
L 2990, 1510, 0, 2990, 1570, 0, 128, 128, 128
L 2950, 1510, 0, 2950, 1570, 0, 128, 128, 128
L 2950, 1570, 0, 2990, 1570, 0, 128, 128, 128
L 3010, 1510, 0, 3010, 1570, 0, 128, 128, 128
L 3030, 1510, 0, 3030, 1570, 0, 128, 128, 128
L 3070, 1570, 0, 3030, 1570, 0, 128, 128, 128
L 3100, 1570, 0, 3100, 1510, 0, 128, 128, 128
L 3110, 1570, 0, 3090, 1570, 0, 128, 128, 128
L 3120, 1540, 0, 3110, 1570, 0, 128, 128, 128
L 3110, 1510, 0, 3120, 1540, 0, 128, 128, 128
L 3090, 1510, 0, 3110, 1510, 0, 128, 128, 128
L 3240, 1510, 0, 3240, 1570, 0, 128, 128, 128
L 3220, 1540, 0, 3240, 1510, 0, 128, 128, 128
L 3200, 1510, 0, 3220, 1540, 0, 128, 128, 128
L 3200, 1570, 0, 3200, 1510, 0, 128, 128, 128
L 3270, 1540, 0, 3290, 1540, 0, 128, 128, 128
L 3280, 1510, 0, 3300, 1570, 0, 128, 128, 128
L 3260, 1570, 0, 3280, 1510, 0, 128, 128, 128
L 3320, 1510, 0, 3320, 1540, 0, 128, 128, 128
L 3320, 1570, 0, 3360, 1570, 0, 128, 128, 128
L 3360, 1540, 0, 3320, 1540, 0, 128, 128, 128
L 3320, 1510, 0, 3360, 1510, 0, 128, 128, 128
L 3360, 1540, 0, 3360, 1570, 0, 128, 128, 128
L 3400, 1510, 0, 3400, 1570, 0, 128, 128, 128
L 3380, 1510, 0, 3420, 1510, 0, 128, 128, 128
L 3440, 1540, 0, 3470, 1540, 0, 128, 128, 128
L 3440, 1570, 0, 3470, 1570, 0, 128, 128, 128
L 3440, 1510, 0, 3440, 1570, 0, 128, 128, 128
L 3470, 1510, 0, 3440, 1510, 0, 128, 128, 128
L 3490, 1510, 0, 3490, 1540, 0, 128, 128, 128
L 3490, 1540, 0, 3490, 1570, 0, 128, 128, 128
L 3490, 1540, 0, 3510, 1540, 0, 128, 128, 128
L 3530, 1540, 0, 3530, 1510, 0, 128, 128, 128
L 3490, 1510, 0, 3530, 1510, 0, 128, 128, 128
L 3510, 1540, 0, 3530, 1540, 0, 128, 128, 128
L 3530, 1570, 0, 3510, 1540, 0, 128, 128, 128
L 2900, 1600, 0, 2900, 1630, 0, 127, 64, 0
L 2940, 1660, 0, 2940, 1630, 0, 127, 64, 0
L 2900, 1630, 0, 2900, 1660, 0, 127, 64, 0
L 2940, 1630, 0, 2940, 1600, 0, 127, 64, 0
L 2900, 1630, 0, 2940, 1630, 0, 127, 64, 0
L 3000, 1600, 0, 3000, 1660, 0, 127, 64, 0
L 2960, 1600, 0, 2960, 1660, 0, 127, 64, 0
L 2960, 1660, 0, 3000, 1660, 0, 127, 64, 0
L 3050, 1660, 0, 3050, 1600, 0, 127, 64, 0
L 3020, 1600, 0, 3050, 1660, 0, 127, 64, 0
L 3020, 1660, 0, 3020, 1600, 0, 127, 64, 0
L 3090, 1600, 0, 3090, 1660, 0, 127, 64, 0
L 3070, 1600, 0, 3110, 1600, 0, 127, 64, 0
L 3130, 1630, 0, 3160, 1630, 0, 127, 64, 0
L 3130, 1660, 0, 3160, 1660, 0, 127, 64, 0
L 3130, 1600, 0, 3130, 1660, 0, 127, 64, 0
L 3160, 1600, 0, 3130, 1600, 0, 127, 64, 0
L 3180, 1600, 0, 3180, 1630, 0, 127, 64, 0
L 3180, 1630, 0, 3180, 1660, 0, 127, 64, 0
L 3180, 1630, 0, 3200, 1630, 0, 127, 64, 0
L 3220, 1630, 0, 3220, 1600, 0, 127, 64, 0
L 3180, 1600, 0, 3220, 1600, 0, 127, 64, 0
L 3200, 1630, 0, 3220, 1630, 0, 127, 64, 0
L 3220, 1660, 0, 3200, 1630, 0, 127, 64, 0
L 2940, 1690, 0, 2940, 1750, 0, 0, 127, 0
L 2920, 1720, 0, 2940, 1690, 0, 0, 127, 0
L 2900, 1690, 0, 2920, 1720, 0, 0, 127, 0
L 2900, 1750, 0, 2900, 1690, 0, 0, 127, 0
L 2960, 1720, 0, 2990, 1720, 0, 0, 127, 0
L 2960, 1750, 0, 2990, 1750, 0, 0, 127, 0
L 2960, 1690, 0, 2960, 1750, 0, 0, 127, 0
L 2990, 1690, 0, 2960, 1690, 0, 0, 127, 0
L 3010, 1690, 0, 3010, 1720, 0, 0, 127, 0
L 3010, 1720, 0, 3010, 1750, 0, 0, 127, 0
L 3010, 1720, 0, 3030, 1720, 0, 0, 127, 0
L 3050, 1720, 0, 3050, 1690, 0, 0, 127, 0
L 3010, 1690, 0, 3050, 1690, 0, 0, 127, 0
L 3030, 1720, 0, 3050, 1720, 0, 0, 127, 0
L 3050, 1750, 0, 3030, 1720, 0, 0, 127, 0
L 3100, 1750, 0, 3070, 1750, 0, 0, 127, 0
L 3070, 1690, 0, 3100, 1690, 0, 0, 127, 0
L 3070, 1750, 0, 3070, 1690, 0, 0, 127, 0
L 3120, 1690, 0, 3120, 1720, 0, 0, 127, 0
L 3160, 1750, 0, 3160, 1720, 0, 0, 127, 0
L 3120, 1720, 0, 3120, 1750, 0, 0, 127, 0
L 3160, 1720, 0, 3160, 1690, 0, 0, 127, 0
L 3120, 1720, 0, 3160, 1720, 0, 0, 127, 0
L 3190, 1720, 0, 3210, 1720, 0, 0, 127, 0
L 3200, 1690, 0, 3220, 1750, 0, 0, 127, 0
L 3180, 1750, 0, 3200, 1690, 0, 0, 127, 0
L 3270, 1750, 0, 3270, 1690, 0, 0, 127, 0
L 3240, 1690, 0, 3270, 1750, 0, 0, 127, 0
L 3240, 1750, 0, 3240, 1690, 0, 0, 127, 0
L 3310, 1690, 0, 3310, 1750, 0, 0, 127, 0
L 3290, 1690, 0, 3330, 1690, 0, 0, 127, 0
L 2940, 1780, 0, 2940, 1840, 0, 0, 127, 127
L 2920, 1810, 0, 2940, 1780, 0, 0, 127, 127
L 2900, 1780, 0, 2920, 1810, 0, 0, 127, 127
L 2900, 1840, 0, 2900, 1780, 0, 0, 127, 127
L 2960, 1780, 0, 2960, 1840, 0, 0, 127, 127
L 2980, 1780, 0, 2980, 1810, 0, 0, 127, 127
L 2980, 1840, 0, 3020, 1840, 0, 0, 127, 127
L 3020, 1810, 0, 2980, 1810, 0, 0, 127, 127
L 2980, 1780, 0, 3020, 1780, 0, 0, 127, 127
L 3020, 1810, 0, 3020, 1840, 0, 0, 127, 127
L 3040, 1780, 0, 3040, 1810, 0, 0, 127, 127
L 3040, 1840, 0, 3080, 1840, 0, 0, 127, 127
L 3080, 1810, 0, 3040, 1810, 0, 0, 127, 127
L 3040, 1780, 0, 3080, 1780, 0, 0, 127, 127
L 3080, 1810, 0, 3080, 1840, 0, 0, 127, 127
L 3100, 1780, 0, 3100, 1840, 0, 0, 127, 127
L 3120, 1780, 0, 3150, 1780, 0, 0, 127, 127
L 3120, 1840, 0, 3150, 1840, 0, 0, 127, 127
L 3120, 1780, 0, 3120, 1840, 0, 0, 127, 127
L 3150, 1780, 0, 3150, 1840, 0, 0, 127, 127
L 3200, 1840, 0, 3200, 1780, 0, 0, 127, 127
L 3170, 1780, 0, 3200, 1840, 0, 0, 127, 127
L 3170, 1840, 0, 3170, 1780, 0, 0, 127, 127
L 2930, 1930, 0, 2930, 1870, 0, 127, 64, 0
L 2900, 1870, 0, 2930, 1930, 0, 127, 64, 0
L 2900, 1930, 0, 2900, 1870, 0, 127, 64, 0
L 2960, 1900, 0, 2980, 1900, 0, 127, 64, 0
L 2970, 1870, 0, 2990, 1930, 0, 127, 64, 0
L 2950, 1930, 0, 2970, 1870, 0, 127, 64, 0
L 3050, 1870, 0, 3050, 1930, 0, 127, 64, 0
L 3030, 1900, 0, 3050, 1870, 0, 127, 64, 0
L 3010, 1870, 0, 3030, 1900, 0, 127, 64, 0
L 3010, 1930, 0, 3010, 1870, 0, 127, 64, 0
L 3070, 1900, 0, 3100, 1900, 0, 127, 64, 0
L 3070, 1930, 0, 3100, 1930, 0, 127, 64, 0
L 3070, 1870, 0, 3070, 1930, 0, 127, 64, 0
L 3100, 1870, 0, 3070, 1870, 0, 127, 64, 0
L 3130, 1930, 0, 3130, 1870, 0, 127, 64, 0
L 3140, 1930, 0, 3120, 1930, 0, 127, 64, 0
L 3150, 1900, 0, 3140, 1930, 0, 127, 64, 0
L 3140, 1870, 0, 3150, 1900, 0, 127, 64, 0
L 3120, 1870, 0, 3140, 1870, 0, 127, 64, 0
L 2930, 1990, 0, 2900, 1990, 0, 0, 255, 0
L 2930, 1960, 0, 2930, 1990, 0, 0, 255, 0
L 2900, 1960, 0, 2930, 1960, 0, 0, 255, 0
L 2900, 2020, 0, 2900, 1960, 0, 0, 255, 0
L 2960, 1990, 0, 2980, 1990, 0, 0, 255, 0
L 2970, 1960, 0, 2990, 2020, 0, 0, 255, 0
L 2950, 2020, 0, 2970, 1960, 0, 0, 255, 0
L 3010, 1960, 0, 3010, 1990, 0, 0, 255, 0
L 3010, 1990, 0, 3010, 2020, 0, 0, 255, 0
L 3010, 1990, 0, 3030, 1990, 0, 0, 255, 0
L 3050, 1990, 0, 3050, 1960, 0, 0, 255, 0
L 3010, 1960, 0, 3050, 1960, 0, 0, 255, 0
L 3030, 1990, 0, 3050, 1990, 0, 0, 255, 0
L 3050, 2020, 0, 3030, 1990, 0, 0, 255, 0
L 3100, 2020, 0, 3070, 2020, 0, 0, 255, 0
L 3070, 1960, 0, 3100, 1960, 0, 0, 255, 0
L 3070, 2020, 0, 3070, 1960, 0, 0, 255, 0
L 3120, 1990, 0, 3150, 1990, 0, 0, 255, 0
L 3120, 2020, 0, 3150, 2020, 0, 0, 255, 0
L 3120, 1960, 0, 3120, 2020, 0, 0, 255, 0
L 3150, 1960, 0, 3120, 1960, 0, 0, 255, 0
L 3170, 1960, 0, 3170, 2020, 0, 0, 255, 0
L 3210, 2020, 0, 3170, 2020, 0, 0, 255, 0
L 3230, 1960, 0, 3230, 1990, 0, 0, 255, 0
L 3230, 2020, 0, 3270, 2020, 0, 0, 255, 0
L 3270, 1990, 0, 3230, 1990, 0, 0, 255, 0
L 3230, 1960, 0, 3270, 1960, 0, 0, 255, 0
L 3270, 1990, 0, 3270, 2020, 0, 0, 255, 0
L 2900, 2050, 0, 2900, 2080, 0, 0, 240, 240
L 2900, 2080, 0, 2900, 2110, 0, 0, 240, 240
L 2900, 2080, 0, 2920, 2080, 0, 0, 240, 240
L 2940, 2080, 0, 2940, 2050, 0, 0, 240, 240
L 2900, 2050, 0, 2940, 2050, 0, 0, 240, 240
L 2920, 2080, 0, 2940, 2080, 0, 0, 240, 240
L 2940, 2110, 0, 2920, 2080, 0, 0, 240, 240
L 2970, 2080, 0, 2990, 2080, 0, 0, 240, 240
L 2980, 2050, 0, 3000, 2110, 0, 0, 240, 240
L 2960, 2110, 0, 2980, 2050, 0, 0, 240, 240
L 3020, 2050, 0, 3020, 2110, 0, 0, 240, 240
L 3050, 2110, 0, 3050, 2050, 0, 0, 240, 240
L 3060, 2110, 0, 3040, 2110, 0, 0, 240, 240
L 3070, 2080, 0, 3060, 2110, 0, 0, 240, 240
L 3060, 2050, 0, 3070, 2080, 0, 0, 240, 240
L 3040, 2050, 0, 3060, 2050, 0, 0, 240, 240
L 2900, 2140, 0, 2900, 2170, 0, 0, 255, 0
L 2900, 2200, 0, 2940, 2200, 0, 0, 255, 0
L 2940, 2170, 0, 2900, 2170, 0, 0, 255, 0
L 2900, 2140, 0, 2940, 2140, 0, 0, 255, 0
L 2940, 2170, 0, 2940, 2200, 0, 0, 255, 0
L 2990, 2170, 0, 2960, 2170, 0, 0, 255, 0
L 2990, 2140, 0, 2990, 2170, 0, 0, 255, 0
L 2960, 2140, 0, 2990, 2140, 0, 0, 255, 0
L 2960, 2200, 0, 2960, 2140, 0, 0, 255, 0
L 3010, 2170, 0, 3040, 2170, 0, 0, 255, 0
L 3010, 2200, 0, 3040, 2200, 0, 0, 255, 0
L 3010, 2140, 0, 3010, 2200, 0, 0, 255, 0
L 3040, 2140, 0, 3010, 2140, 0, 0, 255, 0
L 3090, 2200, 0, 3060, 2200, 0, 0, 255, 0
L 3060, 2140, 0, 3090, 2140, 0, 0, 255, 0
L 3060, 2200, 0, 3060, 2140, 0, 0, 255, 0
L 3110, 2140, 0, 3110, 2200, 0, 0, 255, 0
L 3140, 2170, 0, 3160, 2170, 0, 0, 255, 0
L 3150, 2140, 0, 3170, 2200, 0, 0, 255, 0
L 3130, 2200, 0, 3150, 2140, 0, 0, 255, 0
L 3190, 2140, 0, 3190, 2200, 0, 0, 255, 0
L 3230, 2200, 0, 3190, 2200, 0, 0, 255, 0
L 3340, 2200, 0, 3310, 2200, 0, 0, 255, 0
L 3310, 2140, 0, 3340, 2140, 0, 0, 255, 0
L 3310, 2200, 0, 3310, 2140, 0, 0, 255, 0
L 3400, 2140, 0, 3400, 2200, 0, 0, 255, 0
L 3360, 2140, 0, 3360, 2200, 0, 0, 255, 0
L 3360, 2200, 0, 3400, 2200, 0, 0, 255, 0
L 3420, 2140, 0, 3420, 2170, 0, 0, 255, 0
L 3420, 2170, 0, 3420, 2200, 0, 0, 255, 0
L 3420, 2170, 0, 3440, 2170, 0, 0, 255, 0
L 3460, 2170, 0, 3460, 2140, 0, 0, 255, 0
L 3420, 2140, 0, 3460, 2140, 0, 0, 255, 0
L 3440, 2170, 0, 3460, 2170, 0, 0, 255, 0
L 3460, 2200, 0, 3440, 2170, 0, 0, 255, 0
L 3480, 2140, 0, 3480, 2170, 0, 0, 255, 0
L 3480, 2170, 0, 3480, 2200, 0, 0, 255, 0
L 3480, 2170, 0, 3500, 2170, 0, 0, 255, 0
L 3520, 2170, 0, 3520, 2140, 0, 0, 255, 0
L 3480, 2140, 0, 3520, 2140, 0, 0, 255, 0
L 3500, 2170, 0, 3520, 2170, 0, 0, 255, 0
L 3520, 2200, 0, 3500, 2170, 0, 0, 255, 0
L 3540, 2170, 0, 3570, 2170, 0, 0, 255, 0
L 3540, 2200, 0, 3570, 2200, 0, 0, 255, 0
L 3540, 2140, 0, 3540, 2200, 0, 0, 255, 0
L 3570, 2140, 0, 3540, 2140, 0, 0, 255, 0
L 3620, 2200, 0, 3620, 2140, 0, 0, 255, 0
L 3590, 2140, 0, 3620, 2200, 0, 0, 255, 0
L 3590, 2200, 0, 3590, 2140, 0, 0, 255, 0
L 3670, 2200, 0, 3640, 2200, 0, 0, 255, 0
L 3640, 2140, 0, 3670, 2140, 0, 0, 255, 0
L 3640, 2200, 0, 3640, 2140, 0, 0, 255, 0
L 3710, 2170, 0, 3710, 2200, 0, 0, 255, 0
L 3710, 2170, 0, 3730, 2140, 0, 0, 255, 0
L 3690, 2140, 0, 3710, 2170, 0, 0, 255, 0
L 2900, 2230, 0, 2900, 2260, 0, 255, 0, 0
L 2900, 2290, 0, 2940, 2290, 0, 255, 0, 0
L 2940, 2260, 0, 2900, 2260, 0, 255, 0, 0
L 2900, 2230, 0, 2940, 2230, 0, 255, 0, 0
L 2940, 2260, 0, 2940, 2290, 0, 255, 0, 0
L 3000, 2230, 0, 3000, 2290, 0, 255, 0, 0
L 2960, 2230, 0, 2960, 2290, 0, 255, 0, 0
L 2960, 2290, 0, 3000, 2290, 0, 255, 0, 0
L 3050, 2290, 0, 3020, 2290, 0, 255, 0, 0
L 3020, 2230, 0, 3050, 2230, 0, 255, 0, 0
L 3020, 2290, 0, 3020, 2230, 0, 255, 0, 0
L 3100, 2290, 0, 3070, 2290, 0, 255, 0, 0
L 3070, 2230, 0, 3100, 2230, 0, 255, 0, 0
L 3070, 2290, 0, 3070, 2230, 0, 255, 0, 0
L 3120, 2230, 0, 3150, 2230, 0, 255, 0, 0
L 3120, 2290, 0, 3150, 2290, 0, 255, 0, 0
L 3120, 2230, 0, 3120, 2290, 0, 255, 0, 0
L 3150, 2230, 0, 3150, 2290, 0, 255, 0, 0
L 3170, 2230, 0, 3170, 2260, 0, 255, 0, 0
L 3170, 2260, 0, 3170, 2290, 0, 255, 0, 0
L 3170, 2260, 0, 3190, 2260, 0, 255, 0, 0
L 3210, 2260, 0, 3210, 2230, 0, 255, 0, 0
L 3170, 2230, 0, 3210, 2230, 0, 255, 0, 0
L 3190, 2260, 0, 3210, 2260, 0, 255, 0, 0
L 3210, 2290, 0, 3190, 2260, 0, 255, 0, 0
L 2920, 2320, 0, 2920, 2380, 0, 255, 255, 0
L 2900, 2320, 0, 2940, 2320, 0, 255, 255, 0
L 2960, 2350, 0, 2990, 2350, 0, 255, 255, 0
L 2960, 2380, 0, 2990, 2380, 0, 255, 255, 0
L 2960, 2320, 0, 2960, 2380, 0, 255, 255, 0
L 2990, 2320, 0, 2960, 2320, 0, 255, 255, 0
L 3010, 2320, 0, 3010, 2380, 0, 255, 255, 0
L 3050, 2380, 0, 3010, 2380, 0, 255, 255, 0
L 3070, 2350, 0, 3100, 2350, 0, 255, 255, 0
L 3070, 2380, 0, 3100, 2380, 0, 255, 255, 0
L 3070, 2320, 0, 3070, 2380, 0, 255, 255, 0
L 3100, 2320, 0, 3070, 2320, 0, 255, 255, 0
L 3150, 2350, 0, 3120, 2350, 0, 255, 255, 0
L 3150, 2320, 0, 3150, 2350, 0, 255, 255, 0
L 3120, 2320, 0, 3150, 2320, 0, 255, 255, 0
L 3120, 2380, 0, 3120, 2320, 0, 255, 255, 0
L 3170, 2320, 0, 3200, 2320, 0, 255, 255, 0
L 3170, 2380, 0, 3200, 2380, 0, 255, 255, 0
L 3170, 2320, 0, 3170, 2380, 0, 255, 255, 0
L 3200, 2320, 0, 3200, 2380, 0, 255, 255, 0
L 3220, 2320, 0, 3220, 2350, 0, 255, 255, 0
L 3220, 2350, 0, 3220, 2380, 0, 255, 255, 0
L 3220, 2350, 0, 3240, 2350, 0, 255, 255, 0
L 3260, 2350, 0, 3260, 2320, 0, 255, 255, 0
L 3220, 2320, 0, 3260, 2320, 0, 255, 255, 0
L 3240, 2350, 0, 3260, 2350, 0, 255, 255, 0
L 3260, 2380, 0, 3240, 2350, 0, 255, 255, 0
L 3300, 2320, 0, 3300, 2380, 0, 255, 255, 0
L 3280, 2320, 0, 3320, 2320, 0, 255, 255, 0
L 2920, 2410, 0, 2920, 2470, 0, 128, 0, 128
L 2900, 2410, 0, 2940, 2410, 0, 128, 0, 128
L 2960, 2410, 0, 2960, 2440, 0, 128, 0, 128
L 2960, 2440, 0, 2960, 2470, 0, 128, 0, 128
L 2960, 2440, 0, 2980, 2440, 0, 128, 0, 128
L 3000, 2440, 0, 3000, 2410, 0, 128, 0, 128
L 2960, 2410, 0, 3000, 2410, 0, 128, 0, 128
L 2980, 2440, 0, 3000, 2440, 0, 128, 0, 128
L 3000, 2470, 0, 2980, 2440, 0, 128, 0, 128
L 3030, 2440, 0, 3050, 2440, 0, 128, 0, 128
L 3040, 2410, 0, 3060, 2470, 0, 128, 0, 128
L 3020, 2470, 0, 3040, 2410, 0, 128, 0, 128
L 3090, 2470, 0, 3090, 2410, 0, 128, 0, 128
L 3100, 2470, 0, 3080, 2470, 0, 128, 0, 128
L 3110, 2440, 0, 3100, 2470, 0, 128, 0, 128
L 3100, 2410, 0, 3110, 2440, 0, 128, 0, 128
L 3080, 2410, 0, 3100, 2410, 0, 128, 0, 128
L 3130, 2440, 0, 3160, 2440, 0, 128, 0, 128
L 3130, 2470, 0, 3160, 2470, 0, 128, 0, 128
L 3130, 2410, 0, 3130, 2470, 0, 128, 0, 128
L 3160, 2410, 0, 3130, 2410, 0, 128, 0, 128
L 3180, 2410, 0, 3180, 2440, 0, 128, 0, 128
L 3180, 2470, 0, 3220, 2470, 0, 128, 0, 128
L 3220, 2440, 0, 3180, 2440, 0, 128, 0, 128
L 3180, 2410, 0, 3220, 2410, 0, 128, 0, 128
L 3220, 2440, 0, 3220, 2470, 0, 128, 0, 128
L 3240, 2410, 0, 3240, 2440, 0, 128, 0, 128
L 3240, 2440, 0, 3240, 2470, 0, 128, 0, 128
L 3240, 2440, 0, 3280, 2470, 0, 128, 0, 128
L 3240, 2440, 0, 3280, 2410, 0, 128, 0, 128
L 3300, 2410, 0, 3300, 2470, 0, 128, 0, 128
L 3320, 2410, 0, 3320, 2470, 0, 128, 0, 128
L 3360, 2470, 0, 3320, 2470, 0, 128, 0, 128
L 3380, 2410, 0, 3380, 2470, 0, 128, 0, 128
L 3420, 2470, 0, 3380, 2470, 0, 128, 0, 128
L 3530, 2470, 0, 3500, 2470, 0, 128, 0, 128
L 3500, 2410, 0, 3530, 2410, 0, 128, 0, 128
L 3500, 2470, 0, 3500, 2410, 0, 128, 0, 128
L 3550, 2410, 0, 3580, 2410, 0, 128, 0, 128
L 3550, 2470, 0, 3580, 2470, 0, 128, 0, 128
L 3550, 2410, 0, 3550, 2470, 0, 128, 0, 128
L 3580, 2410, 0, 3580, 2470, 0, 128, 0, 128
L 3630, 2470, 0, 3630, 2410, 0, 128, 0, 128
L 3600, 2410, 0, 3630, 2470, 0, 128, 0, 128
L 3600, 2470, 0, 3600, 2410, 0, 128, 0, 128
L 3670, 2410, 0, 3670, 2470, 0, 128, 0, 128
L 3650, 2410, 0, 3690, 2410, 0, 128, 0, 128
L 3720, 2440, 0, 3740, 2440, 0, 128, 0, 128
L 3730, 2410, 0, 3750, 2470, 0, 128, 0, 128
L 3710, 2470, 0, 3730, 2410, 0, 128, 0, 128
L 3770, 2410, 0, 3770, 2470, 0, 128, 0, 128
L 3820, 2470, 0, 3820, 2410, 0, 128, 0, 128
L 3790, 2410, 0, 3820, 2470, 0, 128, 0, 128
L 3790, 2470, 0, 3790, 2410, 0, 128, 0, 128
L 3840, 2440, 0, 3870, 2440, 0, 128, 0, 128
L 3840, 2470, 0, 3870, 2470, 0, 128, 0, 128
L 3840, 2410, 0, 3840, 2470, 0, 128, 0, 128
L 3870, 2410, 0, 3840, 2410, 0, 128, 0, 128
L 3890, 2410, 0, 3890, 2440, 0, 128, 0, 128
L 3890, 2440, 0, 3890, 2470, 0, 128, 0, 128
L 3890, 2440, 0, 3910, 2440, 0, 128, 0, 128
L 3930, 2440, 0, 3930, 2410, 0, 128, 0, 128
L 3890, 2410, 0, 3930, 2410, 0, 128, 0, 128
L 3910, 2440, 0, 3930, 2440, 0, 128, 0, 128
L 3930, 2470, 0, 3910, 2440, 0, 128, 0, 128
L 2920, 2500, 0, 2920, 2560, 0, 255, 255, 0
L 2900, 2500, 0, 2940, 2500, 0, 255, 255, 0
L 2960, 2500, 0, 2960, 2530, 0, 255, 255, 0
L 2960, 2530, 0, 2960, 2560, 0, 255, 255, 0
L 2960, 2530, 0, 2980, 2530, 0, 255, 255, 0
L 3000, 2530, 0, 3000, 2500, 0, 255, 255, 0
L 2960, 2500, 0, 3000, 2500, 0, 255, 255, 0
L 2980, 2530, 0, 3000, 2530, 0, 255, 255, 0
L 3000, 2560, 0, 2980, 2530, 0, 255, 255, 0
L 3030, 2530, 0, 3050, 2530, 0, 255, 255, 0
L 3040, 2500, 0, 3060, 2560, 0, 255, 255, 0
L 3020, 2560, 0, 3040, 2500, 0, 255, 255, 0
L 3110, 2530, 0, 3080, 2530, 0, 255, 255, 0
L 3110, 2500, 0, 3110, 2530, 0, 255, 255, 0
L 3080, 2500, 0, 3110, 2500, 0, 255, 255, 0
L 3080, 2560, 0, 3080, 2500, 0, 255, 255, 0
L 2930, 2590, 0, 2900, 2590, 0, 255, 0, 0
L 2900, 2650, 0, 2930, 2590, 0, 255, 0, 0
L 2900, 2650, 0, 2930, 2650, 0, 255, 0, 0
L 2950, 2590, 0, 2980, 2590, 0, 255, 0, 0
L 2950, 2650, 0, 2980, 2650, 0, 255, 0, 0
L 2950, 2590, 0, 2950, 2650, 0, 255, 0, 0
L 2980, 2590, 0, 2980, 2650, 0, 255, 0, 0
L 3030, 2650, 0, 3030, 2590, 0, 255, 0, 0
L 3000, 2590, 0, 3030, 2650, 0, 255, 0, 0
L 3000, 2650, 0, 3000, 2590, 0, 255, 0, 0
L 3050, 2620, 0, 3080, 2620, 0, 255, 0, 0
L 3050, 2650, 0, 3080, 2650, 0, 255, 0, 0
L 3050, 2590, 0, 3050, 2650, 0, 255, 0, 0
L 3080, 2590, 0, 3050, 2590, 0, 255, 0, 0
P 1900, 900, 0, 0, 0, 0, 2, Original_Map:_EverQuest_Default
P 1900, 1100, 0, 0, 0, 0, 2, Revised_Map:_Brewall_Rainsinger_(Cazic-Thule)
P 1900, 1300, 0, 0, 0, 0, 2, http://www.eqmaps.info
P 1900, 1500, 0, 0, 0, 0, 2, Return_of_the_Exiled_(www.roteguild.org)
P 1900, 1700, 0, 127, 64, 0, 2, an_ancient_cyclops
P 1900, 1900, 0, 127, 64, 0, 2, Erg_Bluntbruiser
P 1900, 2100, 0, 127, 64, 0, 2, Hatar
P 1900, 2300, 0, 127, 64, 0, 2, Lockjaw
