L -94.0, 3.0, 6.0, -61.0, 14.0, 7.0, 0, 0, 0
L -61.0, 14.0, 7.0, -54.0, 17.0, 14.0, 0, 0, 0
L -54.0, 17.0, 14.0, -10.0, 42.0, 15.0, 0, 0, 0
L -10.0, 42.0, 15.0, 35.0, 61.0, 19.0, 0, 0, 0
L 35.0, 61.0, 19.0, 75.0, 76.0, -5.0, 0, 0, 0
L 75.0, 76.0, -5.0, 106.0, 97.0, -14.0, 0, 0, 0
L 106.0, 97.0, -14.0, 132.0, 110.0, -30.0, 0, 0, 0
L 132.0, 110.0, -30.0, 159.0, 133.0, -48.0, 0, 0, 0
L 159.0, 133.0, -48.0, 174.0, 152.0, -55.0, 0, 0, 0
L 174.0, 152.0, -55.0, 186.0, 183.0, -57.0, 0, 0, 0
L 186.0, 183.0, -57.0, 192.0, 201.0, -57.0, 0, 0, 0
L 192.0, 201.0, -57.0, 203.0, 227.0, -69.0, 0, 0, 0
L 203.0, 227.0, -69.0, 212.0, 270.0, -80.0, 0, 0, 0
L 212.0, 270.0, -80.0, 213.0, 319.0, -90.0, 0, 0, 0
L 213.0, 319.0, -90.0, 206.0, 361.0, -97.0, 0, 0, 0
L 206.0, 361.0, -97.0, 208.0, 391.0, -115.0, 0, 0, 0
L 208.0, 391.0, -115.0, 186.0, 432.0, -115.0, 0, 0, 0
L 186.0, 432.0, -115.0, 164.0, 458.0, -112.0, 0, 0, 0
L 164.0, 458.0, -112.0, 155.0, 452.0, -116.0, 0, 0, 0
L 155.0, 452.0, -116.0, 137.0, 441.0, -118.0, 0, 0, 0
L 137.0, 441.0, -118.0, 112.0, 432.0, -118.0, 0, 0, 0
L 112.0, 432.0, -118.0, 87.0, 429.0, -114.0, 0, 0, 0
L 87.0, 429.0, -114.0, 58.0, 429.0, -102.0, 0, 0, 0
L 58.0, 429.0, -102.0, 43.0, 426.0, -96.0, 0, 0, 0
L 43.0, 426.0, -96.0, 30.0, 417.0, -91.0, 0, 0, 0
L 30.0, 417.0, -91.0, 18.0, 403.0, -89.0, 0, 0, 0
L 18.0, 403.0, -89.0, 12.0, 386.0, -95.0, 0, 0, 0
L 12.0, 386.0, -95.0, 22.0, 380.0, -89.0, 0, 0, 0
L 22.0, 380.0, -89.0, 29.0, 362.0, -90.0, 0, 0, 0
L 29.0, 362.0, -90.0, 30.0, 336.0, -88.0, 0, 0, 0
L 30.0, 336.0, -88.0, 12.0, 304.0, -92.0, 0, 0, 0
L 12.0, 304.0, -92.0, 0.0, 294.0, -93.0, 0, 0, 0
L 0.0, 294.0, -93.0, -23.0, 285.0, -92.0, 0, 0, 0
L -23.0, 285.0, -92.0, -36.0, 283.0, -90.0, 0, 0, 0
L -36.0, 283.0, -90.0, -58.0, 285.0, -86.0, 0, 0, 0
L -58.0, 285.0, -86.0, -77.0, 298.0, -88.0, 0, 0, 0
L -77.0, 298.0, -88.0, -85.0, 305.0, -87.0, 0, 0, 0
L -85.0, 305.0, -87.0, -99.0, 333.0, -87.0, 0, 0, 0
L -99.0, 333.0, -87.0, -97.0, 361.0, -92.0, 0, 0, 0
L -97.0, 361.0, -92.0, -92.0, 374.0, -92.0, 0, 0, 0
L -92.0, 374.0, -92.0, -86.0, 386.0, -91.0, 0, 0, 0
L -86.0, 386.0, -91.0, -91.0, 394.0, -90.0, 0, 0, 0
L -91.0, 394.0, -90.0, -107.0, 409.0, -90.0, 0, 0, 0
L -107.0, 409.0, -90.0, -114.0, 417.0, -90.0, 0, 0, 0
L -114.0, 417.0, -90.0, -116.0, 420.0, -91.0, 0, 0, 0
L -116.0, 420.0, -91.0, -119.0, 421.0, -91.0, 0, 0, 0
L -119.0, 421.0, -91.0, -124.0, 417.0, -94.0, 0, 0, 0
L -124.0, 417.0, -94.0, -136.0, 415.0, -94.0, 0, 0, 0
L -136.0, 415.0, -94.0, -149.0, 414.0, -94.0, 0, 0, 0
L -149.0, 414.0, -94.0, -156.0, 403.0, -91.0, 0, 0, 0
L -156.0, 403.0, -91.0, -182.0, 386.0, -91.0, 0, 0, 0
L -182.0, 386.0, -91.0, -203.0, 381.0, -92.0, 0, 0, 0
L -203.0, 381.0, -92.0, -224.0, 381.0, -92.0, 0, 0, 0
L -224.0, 381.0, -92.0, -241.0, 367.0, -94.0, 0, 0, 0
L -241.0, 367.0, -94.0, -259.0, 363.0, -94.0, 0, 0, 0
L -259.0, 363.0, -94.0, -276.0, 367.0, -94.0, 0, 0, 0
L -276.0, 367.0, -94.0, -290.0, 380.0, -94.0, 0, 0, 0
L -290.0, 380.0, -94.0, -295.0, 391.0, -93.0, 0, 0, 0
L -295.0, 391.0, -93.0, -298.0, 399.0, -87.0, 0, 0, 0
L -298.0, 399.0, -87.0, -310.0, 408.0, -91.0, 0, 0, 0
L -310.0, 408.0, -91.0, -330.0, 424.0, -90.0, 0, 0, 0
L -330.0, 424.0, -90.0, -339.0, 438.0, -92.0, 0, 0, 0
L -339.0, 438.0, -92.0, -347.0, 453.0, -90.0, 0, 0, 0
L -347.0, 453.0, -90.0, -349.0, 463.0, -91.0, 0, 0, 0
L -349.0, 463.0, -91.0, -350.0, 468.0, -92.0, 0, 0, 0
L -350.0, 468.0, -92.0, -360.0, 471.0, -88.0, 0, 0, 0
L -360.0, 471.0, -88.0, -382.0, 481.0, -88.0, 0, 0, 0
L -382.0, 481.0, -88.0, -401.0, 502.0, -87.0, 0, 0, 0
L -401.0, 502.0, -87.0, -408.0, 528.0, -86.0, 0, 0, 0
L -408.0, 528.0, -86.0, -404.0, 552.0, -90.0, 0, 0, 0
L -404.0, 552.0, -90.0, -399.0, 565.0, -89.0, 0, 0, 0
L -399.0, 565.0, -89.0, -386.0, 584.0, -86.0, 0, 0, 0
L -386.0, 584.0, -86.0, -362.0, 597.0, -86.0, 0, 0, 0
L -362.0, 597.0, -86.0, -355.0, 595.0, -93.0, 0, 0, 0
L -355.0, 595.0, -93.0, -356.0, 598.0, -88.0, 0, 0, 0
L -356.0, 598.0, -88.0, -356.0, 613.0, -90.0, 0, 0, 0
L -356.0, 613.0, -90.0, -352.0, 629.0, -90.0, 0, 0, 0
L -352.0, 629.0, -90.0, -344.0, 649.0, -90.0, 0, 0, 0
L -344.0, 649.0, -90.0, -332.0, 667.0, -90.0, 0, 0, 0
L -332.0, 667.0, -90.0, -316.0, 682.0, -90.0, 0, 0, 0
L -316.0, 682.0, -90.0, -296.0, 692.0, -91.0, 0, 0, 0
L -296.0, 692.0, -91.0, -274.0, 697.0, -90.0, 0, 0, 0
L -274.0, 697.0, -90.0, -253.0, 697.0, -91.0, 0, 0, 0
L -253.0, 697.0, -91.0, -232.0, 692.0, -90.0, 0, 0, 0
L -232.0, 692.0, -90.0, -212.0, 683.0, -90.0, 0, 0, 0
L -212.0, 683.0, -90.0, -201.0, 673.0, -91.0, 0, 0, 0
L -201.0, 673.0, -91.0, -196.0, 673.0, -91.0, 0, 0, 0
L -196.0, 673.0, -91.0, -180.0, 678.0, -86.0, 0, 0, 0
L -180.0, 678.0, -86.0, -158.0, 679.0, -88.0, 0, 0, 0
L -158.0, 679.0, -88.0, -135.0, 672.0, -90.0, 0, 0, 0
L -135.0, 672.0, -90.0, -131.0, 669.0, -89.0, 0, 0, 0
L -131.0, 669.0, -89.0, -113.0, 655.0, -88.0, 0, 0, 0
L -113.0, 655.0, -88.0, -107.0, 641.0, -92.0, 0, 0, 0
L -107.0, 641.0, -92.0, -101.0, 625.0, -87.0, 0, 0, 0
L -101.0, 625.0, -87.0, -101.0, 602.0, -86.0, 0, 0, 0
L -101.0, 602.0, -86.0, -99.0, 597.0, -90.0, 0, 0, 0
L -99.0, 597.0, -90.0, -95.0, 598.0, -87.0, 0, 0, 0
L -95.0, 598.0, -87.0, -84.0, 600.0, -90.0, 0, 0, 0
L -84.0, 600.0, -90.0, -73.0, 602.0, -91.0, 0, 0, 0
L -73.0, 602.0, -91.0, -63.0, 611.0, -90.0, 0, 0, 0
L -63.0, 611.0, -90.0, -52.0, 619.0, -96.0, 0, 0, 0
L -52.0, 619.0, -96.0, -62.0, 625.0, -90.0, 0, 0, 0
L -62.0, 625.0, -90.0, -86.0, 639.0, -85.0, 0, 0, 0
L -86.0, 639.0, -85.0, -99.0, 661.0, -95.0, 0, 0, 0
L -99.0, 661.0, -95.0, -147.0, 697.0, -63.0, 0, 0, 0
L -147.0, 697.0, -63.0, -151.0, 709.0, -67.0, 0, 0, 0
L -151.0, 709.0, -67.0, -181.0, 771.0, -38.0, 0, 0, 0
L -181.0, 771.0, -38.0, -183.0, 853.0, -25.0, 0, 0, 0
L -183.0, 853.0, -25.0, -182.0, 861.0, -38.0, 0, 0, 0
L -182.0, 861.0, -38.0, -201.0, 865.0, -35.0, 0, 0, 0
L -201.0, 865.0, -35.0, -216.0, 865.0, -41.0, 0, 0, 0
L -216.0, 865.0, -41.0, -238.0, 859.0, -37.0, 0, 0, 0
L -238.0, 859.0, -37.0, -253.0, 861.0, -34.0, 0, 0, 0
L -253.0, 861.0, -34.0, -262.0, 870.0, -38.0, 0, 0, 0
L -262.0, 870.0, -38.0, -272.0, 879.0, -42.0, 0, 0, 0
L -272.0, 879.0, -42.0, -295.0, 885.0, -43.0, 0, 0, 0
L -295.0, 885.0, -43.0, -312.0, 884.0, -44.0, 0, 0, 0
L -312.0, 884.0, -44.0, -318.0, 883.0, -44.0, 0, 0, 0
L -318.0, 883.0, -44.0, -346.0, 881.0, -47.0, 0, 0, 0
L -346.0, 881.0, -47.0, -363.0, 876.0, -40.0, 0, 0, 0
L -363.0, 876.0, -40.0, -371.0, 887.0, -46.0, 0, 0, 0
L -371.0, 887.0, -46.0, -390.0, 896.0, -48.0, 0, 0, 0
L -390.0, 896.0, -48.0, -406.0, 909.0, -47.0, 0, 0, 0
L -406.0, 909.0, -47.0, -412.0, 913.0, -46.0, 0, 0, 0
L -412.0, 913.0, -46.0, -432.0, 920.0, -37.0, 0, 0, 0
L -432.0, 920.0, -37.0, -432.0, 933.0, -44.0, 0, 0, 0
L -432.0, 933.0, -44.0, -426.0, 945.0, -46.0, 0, 0, 0
L -426.0, 945.0, -46.0, -418.0, 952.0, -49.0, 0, 0, 0
L -418.0, 952.0, -49.0, -434.0, 952.0, -48.0, 0, 0, 0
L -434.0, 952.0, -48.0, -455.0, 960.0, -36.0, 0, 0, 0
L -455.0, 960.0, -36.0, -454.0, 970.0, -42.0, 0, 0, 0
L -454.0, 970.0, -42.0, -452.0, 990.0, -48.0, 0, 0, 0
L -452.0, 990.0, -48.0, -444.0, 1014.0, -44.0, 0, 0, 0
L -444.0, 1014.0, -44.0, -439.0, 1015.0, -46.0, 0, 0, 0
L -439.0, 1015.0, -46.0, -420.0, 1018.0, -53.0, 0, 0, 0
L -420.0, 1018.0, -53.0, -410.0, 1034.0, -58.0, 0, 0, 0
L -410.0, 1034.0, -58.0, -410.0, 1040.0, -60.0, 0, 0, 0
L -410.0, 1040.0, -60.0, -418.0, 1053.0, -62.0, 0, 0, 0
L -418.0, 1053.0, -62.0, -422.0, 1059.0, -63.0, 0, 0, 0
L -422.0, 1059.0, -63.0, -436.0, 1073.0, -63.0, 0, 0, 0
L -436.0, 1073.0, -63.0, -443.0, 1072.0, -61.0, 0, 0, 0
L -443.0, 1072.0, -61.0, -463.0, 1073.0, -58.0, 0, 0, 0
L -463.0, 1073.0, -58.0, -481.0, 1076.0, -51.0, 0, 0, 0
L -481.0, 1076.0, -51.0, -480.0, 1086.0, -56.0, 0, 0, 0
L -480.0, 1086.0, -56.0, -481.0, 1107.0, -60.0, 0, 0, 0
L -481.0, 1107.0, -60.0, -485.0, 1111.0, -59.0, 0, 0, 0
L -485.0, 1111.0, -59.0, -504.0, 1127.0, -52.0, 0, 0, 0
L -504.0, 1127.0, -52.0, -499.0, 1147.0, -61.0, 0, 0, 0
L -499.0, 1147.0, -61.0, -492.0, 1168.0, -60.0, 0, 0, 0
L -492.0, 1168.0, -60.0, -485.0, 1176.0, -61.0, 0, 0, 0
L -485.0, 1176.0, -61.0, -475.0, 1185.0, -63.0, 0, 0, 0
L -475.0, 1185.0, -63.0, -473.0, 1190.0, -63.0, 0, 0, 0
L -473.0, 1190.0, -63.0, -474.0, 1207.0, -58.0, 0, 0, 0
L -474.0, 1207.0, -58.0, -475.0, 1220.0, -53.0, 0, 0, 0
L -475.0, 1220.0, -53.0, -465.0, 1224.0, -57.0, 0, 0, 0
L -465.0, 1224.0, -57.0, -450.0, 1230.0, -61.0, 0, 0, 0
L -450.0, 1230.0, -61.0, -427.0, 1229.0, -66.0, 0, 0, 0
L -427.0, 1229.0, -66.0, -421.0, 1230.0, -67.0, 0, 0, 0
L -421.0, 1230.0, -67.0, -411.0, 1240.0, -62.0, 0, 0, 0
L -411.0, 1240.0, -62.0, -402.0, 1232.0, -71.0, 0, 0, 0
L -402.0, 1232.0, -71.0, -394.0, 1232.0, -74.0, 0, 0, 0
L -394.0, 1232.0, -74.0, -389.0, 1233.0, -75.0, 0, 0, 0
L -389.0, 1233.0, -75.0, -380.0, 1238.0, -78.0, 0, 0, 0
L -380.0, 1238.0, -78.0, -378.0, 1244.0, -77.0, 0, 0, 0
L -378.0, 1244.0, -77.0, -384.0, 1259.0, -76.0, 0, 0, 0
L -384.0, 1259.0, -76.0, -387.0, 1261.0, -76.0, 0, 0, 0
L -387.0, 1261.0, -76.0, -403.0, 1269.0, -75.0, 0, 0, 0
L -403.0, 1269.0, -75.0, -411.0, 1273.0, -71.0, 0, 0, 0
L -411.0, 1273.0, -71.0, -409.0, 1281.0, -77.0, 0, 0, 0
L -409.0, 1281.0, -77.0, -408.0, 1295.0, -83.0, 0, 0, 0
L -408.0, 1295.0, -83.0, -418.0, 1307.0, -84.0, 0, 0, 0
L -418.0, 1307.0, -84.0, -421.0, 1312.0, -83.0, 0, 0, 0
L -421.0, 1312.0, -83.0, -418.0, 1317.0, -86.0, 0, 0, 0
L -418.0, 1317.0, -86.0, -413.0, 1330.0, -87.0, 0, 0, 0
L -413.0, 1330.0, -87.0, -410.0, 1341.0, -84.0, 0, 0, 0
L -410.0, 1341.0, -84.0, -405.0, 1341.0, -88.0, 0, 0, 0
L -405.0, 1341.0, -88.0, -381.0, 1347.0, -96.0, 0, 0, 0
L -381.0, 1347.0, -96.0, -357.0, 1351.0, -99.0, 0, 0, 0
L -357.0, 1351.0, -99.0, -356.0, 1356.0, -98.0, 0, 0, 0
L -356.0, 1356.0, -98.0, -349.0, 1382.0, -90.0, 0, 0, 0
L -349.0, 1382.0, -90.0, -331.0, 1381.0, -96.0, 0, 0, 0
L -331.0, 1381.0, -96.0, -312.0, 1386.0, -99.0, 0, 0, 0
L -312.0, 1386.0, -99.0, -309.0, 1398.0, -98.0, 0, 0, 0
L -309.0, 1398.0, -98.0, -303.0, 1410.0, -97.0, 0, 0, 0
L -303.0, 1410.0, -97.0, -294.0, 1421.0, -97.0, 0, 0, 0
L -294.0, 1421.0, -97.0, -285.0, 1427.0, -97.0, 0, 0, 0
L -285.0, 1427.0, -97.0, -263.0, 1430.0, -100.0, 0, 0, 0
L -263.0, 1430.0, -100.0, -258.0, 1433.0, -99.0, 0, 0, 0
L -258.0, 1433.0, -99.0, -230.0, 1441.0, -95.0, 0, 0, 0
L -230.0, 1441.0, -95.0, -214.0, 1435.0, -98.0, 0, 0, 0
L -214.0, 1435.0, -98.0, -200.0, 1438.0, -96.0, 0, 0, 0
L -200.0, 1438.0, -96.0, -192.0, 1441.0, -93.0, 0, 0, 0
L -192.0, 1441.0, -93.0, -181.0, 1427.0, -97.0, 0, 0, 0
L -181.0, 1427.0, -97.0, -171.0, 1413.0, -97.0, 0, 0, 0
L -171.0, 1413.0, -97.0, -159.0, 1402.0, -96.0, 0, 0, 0
L -159.0, 1402.0, -96.0, -161.0, 1387.0, -99.0, 0, 0, 0
L -161.0, 1387.0, -99.0, -162.0, 1382.0, -100.0, 0, 0, 0
L -162.0, 1382.0, -100.0, -158.0, 1376.0, -98.0, 0, 0, 0
L -158.0, 1376.0, -98.0, -156.0, 1371.0, -96.0, 0, 0, 0
L -156.0, 1371.0, -96.0, -151.0, 1365.0, -91.0, 0, 0, 0
L -151.0, 1364.0, -91.0, -154.0, 1363.0, -94.0, 0, 0, 0
L -154.0, 1363.0, -94.0, -157.0, 1362.0, -95.0, 0, 0, 0
L -157.0, 1362.0, -95.0, -164.0, 1357.0, -96.0, 0, 0, 0
L -164.0, 1357.0, -96.0, -177.0, 1346.0, -98.0, 0, 0, 0
L -177.0, 1346.0, -98.0, -203.0, 1346.0, -95.0, 0, 0, 0
L -203.0, 1346.0, -95.0, -208.0, 1344.0, -92.0, 0, 0, 0
L -208.0, 1344.0, -92.0, -213.0, 1350.0, -96.0, 0, 0, 0
L -213.0, 1350.0, -96.0, -217.0, 1355.0, -99.0, 0, 0, 0
L -217.0, 1355.0, -99.0, -227.0, 1358.0, -98.0, 0, 0, 0
L -227.0, 1358.0, -98.0, -237.0, 1356.0, -98.0, 0, 0, 0
L -237.0, 1356.0, -98.0, -244.0, 1366.0, -102.0, 0, 0, 0
L -244.0, 1366.0, -102.0, -247.0, 1366.0, -102.0, 0, 0, 0
L -247.0, 1366.0, -102.0, -255.0, 1365.0, -102.0, 0, 0, 0
L -255.0, 1365.0, -102.0, -259.0, 1364.0, -102.0, 0, 0, 0
L -259.0, 1364.0, -102.0, -266.0, 1349.0, -102.0, 0, 0, 0
L -266.0, 1349.0, -102.0, -258.0, 1335.0, -110.0, 0, 0, 0
L -258.0, 1335.0, -110.0, -250.0, 1335.0, -107.0, 0, 0, 0
L -250.0, 1335.0, -107.0, -244.0, 1336.0, -105.0, 0, 0, 0
L -244.0, 1336.0, -105.0, -235.0, 1335.0, -104.0, 0, 0, 0
L -235.0, 1335.0, -104.0, -221.0, 1329.0, -107.0, 0, 0, 0
L -221.0, 1329.0, -107.0, -208.0, 1322.0, -109.0, 0, 0, 0
L -208.0, 1322.0, -109.0, -188.0, 1309.0, -108.0, 0, 0, 0
L -188.0, 1309.0, -108.0, -179.0, 1301.0, -106.0, 0, 0, 0
L -179.0, 1301.0, -106.0, -174.0, 1290.0, -109.0, 0, 0, 0
L -174.0, 1290.0, -109.0, -173.0, 1271.0, -116.0, 0, 0, 0
L -173.0, 1271.0, -116.0, -163.0, 1259.0, -124.0, 0, 0, 0
L -163.0, 1259.0, -124.0, -157.0, 1253.0, -124.0, 0, 0, 0
L -157.0, 1253.0, -124.0, -145.0, 1248.0, -125.0, 0, 0, 0
L -145.0, 1248.0, -125.0, -139.0, 1242.0, -134.0, 0, 0, 0
L -139.0, 1242.0, -134.0, -133.0, 1238.0, -135.0, 0, 0, 0
L -133.0, 1238.0, -135.0, -128.0, 1243.0, -134.0, 0, 0, 0
L -128.0, 1243.0, -134.0, -122.0, 1250.0, -132.0, 0, 0, 0
L -122.0, 1250.0, -132.0, -118.0, 1258.0, -126.0, 0, 0, 0
L -118.0, 1258.0, -126.0, -112.0, 1255.0, -131.0, 0, 0, 0
L -112.0, 1255.0, -131.0, -104.0, 1255.0, -133.0, 0, 0, 0
L -104.0, 1255.0, -133.0, -99.0, 1255.0, -134.0, 0, 0, 0
L -99.0, 1255.0, -134.0, -86.0, 1256.0, -126.0, 0, 0, 0
L -86.0, 1256.0, -126.0, -85.0, 1251.0, -130.0, 0, 0, 0
L -85.0, 1251.0, -130.0, -80.0, 1237.0, -135.0, 0, 0, 0
L -80.0, 1237.0, -135.0, -72.0, 1231.0, -135.0, 0, 0, 0
L -72.0, 1231.0, -135.0, -62.0, 1224.0, -135.0, 0, 0, 0
L -62.0, 1224.0, -135.0, -33.0, 1217.0, -134.0, 0, 0, 0
L -33.0, 1217.0, -134.0, -21.0, 1218.0, -132.0, 0, 0, 0
L -21.0, 1218.0, -132.0, -12.0, 1220.0, -126.0, 0, 0, 0
L -12.0, 1220.0, -126.0, -11.0, 1212.0, -131.0, 0, 0, 0
L -11.0, 1212.0, -131.0, -7.0, 1198.0, -135.0, 0, 0, 0
L -7.0, 1198.0, -135.0, 2.0, 1181.0, -135.0, 0, 0, 0
L 2.0, 1181.0, -135.0, 8.0, 1174.0, -135.0, 0, 0, 0
L 8.0, 1174.0, -135.0, 18.0, 1164.0, -135.0, 0, 0, 0
L 18.0, 1164.0, -135.0, 22.0, 1143.0, -135.0, 0, 0, 0
L 22.0, 1143.0, -135.0, 18.0, 1128.0, -131.0, 0, 0, 0
L 18.0, 1128.0, -131.0, 16.0, 1122.0, -129.0, 0, 0, 0
L 16.0, 1122.0, -129.0, 10.0, 1119.0, -131.0, 0, 0, 0
L 10.0, 1119.0, -131.0, -8.0, 1113.0, -135.0, 0, 0, 0
L -8.0, 1113.0, -135.0, -16.0, 1097.0, -135.0, 0, 0, 0
L -16.0, 1097.0, -135.0, -19.0, 1092.0, -134.0, 0, 0, 0
L -19.0, 1092.0, -134.0, -21.0, 1084.0, -129.0, 0, 0, 0
L -21.0, 1084.0, -129.0, -32.0, 1081.0, -135.0, 0, 0, 0
L -32.0, 1081.0, -135.0, -42.0, 1079.0, -135.0, 0, 0, 0
L -42.0, 1079.0, -135.0, -54.0, 1080.0, -135.0, 0, 0, 0
L -54.0, 1080.0, -135.0, -61.0, 1080.0, -135.0, 0, 0, 0
L -61.0, 1080.0, -135.0, -71.0, 1078.0, -132.0, 0, 0, 0
L -71.0, 1078.0, -132.0, -80.0, 1084.0, -135.0, 0, 0, 0
L -80.0, 1084.0, -135.0, -91.0, 1073.0, -129.0, 0, 0, 0
L -91.0, 1073.0, -129.0, -97.0, 1075.0, -131.0, 0, 0, 0
L -97.0, 1075.0, -131.0, -103.0, 1079.0, -133.0, 0, 0, 0
L -103.0, 1079.0, -133.0, -110.0, 1084.0, -135.0, 0, 0, 0
L -110.0, 1084.0, -135.0, -129.0, 1089.0, -131.0, 0, 0, 0
L -129.0, 1089.0, -131.0, -134.0, 1107.0, -134.0, 0, 0, 0
L -134.0, 1107.0, -134.0, -136.0, 1119.0, -128.0, 0, 0, 0
L -136.0, 1119.0, -128.0, -131.0, 1121.0, -132.0, 0, 0, 0
L -131.0, 1121.0, -132.0, -120.0, 1133.0, -135.0, 0, 0, 0
L -120.0, 1133.0, -135.0, -118.0, 1139.0, -135.0, 0, 0, 0
L -118.0, 1139.0, -135.0, -116.0, 1153.0, -135.0, 0, 0, 0
L -116.0, 1153.0, -135.0, -123.0, 1171.0, -135.0, 0, 0, 0
L -123.0, 1171.0, -135.0, -126.0, 1175.0, -135.0, 0, 0, 0
L -126.0, 1175.0, -135.0, -137.0, 1186.0, -133.0, 0, 0, 0
L -137.0, 1186.0, -133.0, -143.0, 1192.0, -126.0, 0, 0, 0
L -143.0, 1192.0, -126.0, -163.0, 1220.0, -128.0, 0, 0, 0
L -163.0, 1220.0, -128.0, -168.0, 1220.0, -125.0, 0, 0, 0
L -168.0, 1220.0, -125.0, -174.0, 1226.0, -120.0, 0, 0, 0
L -174.0, 1226.0, -120.0, -180.0, 1233.0, -118.0, 0, 0, 0
L -180.0, 1233.0, -118.0, -188.0, 1233.0, -117.0, 0, 0, 0
L -188.0, 1233.0, -117.0, -196.0, 1232.0, -115.0, 0, 0, 0
L -196.0, 1232.0, -115.0, -203.0, 1226.0, -111.0, 0, 0, 0
L -203.0, 1226.0, -111.0, -202.0, 1222.0, -108.0, 0, 0, 0
L -202.0, 1222.0, -108.0, -198.0, 1212.0, -98.0, 0, 0, 0
L -198.0, 1212.0, -98.0, -202.0, 1202.0, -101.0, 0, 0, 0
L -202.0, 1202.0, -101.0, -203.0, 1197.0, -101.0, 0, 0, 0
L -203.0, 1197.0, -101.0, -202.0, 1194.0, -101.0, 0, 0, 0
L -202.0, 1194.0, -101.0, -201.0, 1186.0, -101.0, 0, 0, 0
L -201.0, 1186.0, -101.0, -208.0, 1179.0, -98.0, 0, 0, 0
L -208.0, 1179.0, -98.0, -205.0, 1173.0, -100.0, 0, 0, 0
L -205.0, 1173.0, -100.0, -201.0, 1172.0, -100.0, 0, 0, 0
L -201.0, 1172.0, -100.0, -197.0, 1175.0, -100.0, 0, 0, 0
L -197.0, 1175.0, -100.0, -194.0, 1178.0, -98.0, 0, 0, 0
L -194.0, 1178.0, -98.0, -189.0, 1175.0, -95.0, 0, 0, 0
L -189.0, 1175.0, -95.0, -184.0, 1171.0, -93.0, 0, 0, 0
L -184.0, 1171.0, -93.0, -183.0, 1167.0, -95.0, 0, 0, 0
L -183.0, 1167.0, -95.0, -178.0, 1155.0, -90.0, 0, 0, 0
L -178.0, 1155.0, -90.0, -184.0, 1146.0, -94.0, 0, 0, 0
L -184.0, 1146.0, -94.0, -183.0, 1136.0, -93.0, 0, 0, 0
L -183.0, 1136.0, -93.0, -177.0, 1126.0, -90.0, 0, 0, 0
L -177.0, 1126.0, -90.0, -175.0, 1125.0, -86.0, 0, 0, 0
L -175.0, 1125.0, -86.0, -179.0, 1115.0, -92.0, 0, 0, 0
L -179.0, 1115.0, -92.0, -181.0, 1108.0, -91.0, 0, 0, 0
L -181.0, 1108.0, -91.0, -183.0, 1096.0, -82.0, 0, 0, 0
L -183.0, 1096.0, -82.0, -190.0, 1098.0, -88.0, 0, 0, 0
L -190.0, 1098.0, -88.0, -196.0, 1097.0, -90.0, 0, 0, 0
L -196.0, 1097.0, -90.0, -209.0, 1097.0, -93.0, 0, 0, 0
L -209.0, 1097.0, -93.0, -212.0, 1092.0, -92.0, 0, 0, 0
L -212.0, 1092.0, -92.0, -218.0, 1083.0, -88.0, 0, 0, 0
L -218.0, 1083.0, -88.0, -221.0, 1075.0, -85.0, 0, 0, 0
L -221.0, 1075.0, -85.0, -228.0, 1077.0, -90.0, 0, 0, 0
L -228.0, 1077.0, -90.0, -236.0, 1075.0, -89.0, 0, 0, 0
L -236.0, 1075.0, -89.0, -238.0, 1067.0, -93.0, 0, 0, 0
L -238.0, 1067.0, -93.0, -243.0, 1050.0, -89.0, 0, 0, 0
L -243.0, 1050.0, -89.0, -244.0, 1044.0, -84.0, 0, 0, 0
L -244.0, 1044.0, -83.0, -250.0, 1044.0, -88.0, 0, 0, 0
L -250.0, 1044.0, -88.0, -266.0, 1042.0, -91.0, 0, 0, 0
L -266.0, 1042.0, -91.0, -277.0, 1043.0, -92.0, 0, 0, 0
L -277.0, 1043.0, -92.0, -295.0, 1052.0, -93.0, 0, 0, 0
L -295.0, 1052.0, -93.0, -307.0, 1066.0, -89.0, 0, 0, 0
L -307.0, 1066.0, -89.0, -309.0, 1077.0, -89.0, 0, 0, 0
L -309.0, 1077.0, -89.0, -306.0, 1093.0, -92.0, 0, 0, 0
L -306.0, 1093.0, -92.0, -307.0, 1100.0, -91.0, 0, 0, 0
L -307.0, 1100.0, -91.0, -316.0, 1114.0, -84.0, 0, 0, 0
L -316.0, 1114.0, -84.0, -310.0, 1118.0, -89.0, 0, 0, 0
L -310.0, 1118.0, -89.0, -306.0, 1125.0, -92.0, 0, 0, 0
L -306.0, 1125.0, -92.0, -307.0, 1138.0, -89.0, 0, 0, 0
L -307.0, 1138.0, -89.0, -309.0, 1145.0, -86.0, 0, 0, 0
L -309.0, 1145.0, -86.0, -309.0, 1153.0, -85.0, 0, 0, 0
L -309.0, 1153.0, -85.0, -303.0, 1167.0, -91.0, 0, 0, 0
L -303.0, 1167.0, -91.0, -292.0, 1175.0, -89.0, 0, 0, 0
L -292.0, 1175.0, -89.0, -283.0, 1180.0, -84.0, 0, 0, 0
L -283.0, 1180.0, -84.0, -271.0, 1183.0, -93.0, 0, 0, 0
L -271.0, 1183.0, -93.0, -269.0, 1193.0, -92.0, 0, 0, 0
L -269.0, 1193.0, -92.0, -269.0, 1197.0, -92.0, 0, 0, 0
L -269.0, 1197.0, -92.0, -287.0, 1206.0, -83.0, 0, 0, 0
L -287.0, 1206.0, -83.0, -299.0, 1202.0, -74.0, 0, 0, 0
L -299.0, 1202.0, -74.0, -304.0, 1211.0, -81.0, 0, 0, 0
L -304.0, 1211.0, -81.0, -309.0, 1219.0, -85.0, 0, 0, 0
L -309.0, 1219.0, -85.0, -321.0, 1224.0, -84.0, 0, 0, 0
L -321.0, 1224.0, -84.0, -327.0, 1226.0, -83.0, 0, 0, 0
L -327.0, 1226.0, -83.0, -333.0, 1225.0, -80.0, 0, 0, 0
L -333.0, 1225.0, -80.0, -336.0, 1225.0, -79.0, 0, 0, 0
L -336.0, 1225.0, -79.0, -345.0, 1217.0, -76.0, 0, 0, 0
L -345.0, 1217.0, -76.0, -352.0, 1206.0, -71.0, 0, 0, 0
L -352.0, 1206.0, -71.0, -355.0, 1199.0, -68.0, 0, 0, 0
L -355.0, 1199.0, -68.0, -361.0, 1202.0, -70.0, 0, 0, 0
L -361.0, 1202.0, -70.0, -378.0, 1204.0, -71.0, 0, 0, 0
L -378.0, 1204.0, -71.0, -385.0, 1203.0, -71.0, 0, 0, 0
L -385.0, 1203.0, -71.0, -389.0, 1200.0, -71.0, 0, 0, 0
L -389.0, 1200.0, -71.0, -397.0, 1195.0, -66.0, 0, 0, 0
L -397.0, 1195.0, -66.0, -400.0, 1199.0, -65.0, 0, 0, 0
L -400.0, 1199.0, -65.0, -406.0, 1200.0, -63.0, 0, 0, 0
L -406.0, 1200.0, -63.0, -412.0, 1190.0, -71.0, 0, 0, 0
L -412.0, 1190.0, -71.0, -409.0, 1186.0, -70.0, 0, 0, 0
L -409.0, 1186.0, -70.0, -403.0, 1183.0, -68.0, 0, 0, 0
L -403.0, 1183.0, -68.0, -404.0, 1178.0, -68.0, 0, 0, 0
L -404.0, 1178.0, -68.0, -401.0, 1163.0, -68.0, 0, 0, 0
L -401.0, 1163.0, -68.0, -397.0, 1157.0, -68.0, 0, 0, 0
L -397.0, 1157.0, -68.0, -394.0, 1151.0, -67.0, 0, 0, 0
L -394.0, 1151.0, -67.0, -390.0, 1146.0, -66.0, 0, 0, 0
L -390.0, 1146.0, -66.0, -380.0, 1141.0, -60.0, 0, 0, 0
L -380.0, 1141.0, -60.0, -377.0, 1136.0, -60.0, 0, 0, 0
L -377.0, 1136.0, -60.0, -376.0, 1128.0, -63.0, 0, 0, 0
L -376.0, 1128.0, -63.0, -375.0, 1120.0, -65.0, 0, 0, 0
L -375.0, 1120.0, -65.0, -373.0, 1116.0, -65.0, 0, 0, 0
L -373.0, 1116.0, -65.0, -368.0, 1114.0, -63.0, 0, 0, 0
L -368.0, 1114.0, -63.0, -349.0, 1098.0, -58.0, 0, 0, 0
L -349.0, 1098.0, -58.0, -344.0, 1068.0, -62.0, 0, 0, 0
L -344.0, 1068.0, -62.0, -346.0, 1054.0, -62.0, 0, 0, 0
L -346.0, 1054.0, -62.0, -349.0, 1041.0, -62.0, 0, 0, 0
L -349.0, 1041.0, -62.0, -362.0, 1031.0, -57.0, 0, 0, 0
L -362.0, 1031.0, -57.0, -363.0, 1028.0, -56.0, 0, 0, 0
L -363.0, 1028.0, -56.0, -372.0, 1029.0, -60.0, 0, 0, 0
L -372.0, 1029.0, -60.0, -377.0, 1029.0, -62.0, 0, 0, 0
L -377.0, 1029.0, -62.0, -378.0, 1020.0, -59.0, 0, 0, 0
L -378.0, 1020.0, -59.0, -388.0, 1002.0, -53.0, 0, 0, 0
L -388.0, 1002.0, -53.0, -384.0, 998.0, -53.0, 0, 0, 0
L -384.0, 998.0, -53.0, -377.0, 992.0, -52.0, 0, 0, 0
L -377.0, 992.0, -52.0, -373.0, 986.0, -51.0, 0, 0, 0
L -373.0, 986.0, -51.0, -367.0, 994.0, -46.0, 0, 0, 0
L -367.0, 994.0, -46.0, -359.0, 994.0, -43.0, 0, 0, 0
L -359.0, 994.0, -43.0, -354.0, 995.0, -39.0, 0, 0, 0
L -354.0, 995.0, -39.0, -351.0, 991.0, -42.0, 0, 0, 0
L -351.0, 991.0, -42.0, -343.0, 984.0, -45.0, 0, 0, 0
L -343.0, 984.0, -45.0, -339.0, 981.0, -47.0, 0, 0, 0
L -339.0, 981.0, -47.0, -333.0, 981.0, -45.0, 0, 0, 0
L -333.0, 981.0, -45.0, -310.0, 979.0, -42.0, 0, 0, 0
L -310.0, 979.0, -42.0, -304.0, 980.0, -39.0, 0, 0, 0
L -304.0, 980.0, -39.0, -302.0, 972.0, -43.0, 0, 0, 0
L -302.0, 972.0, -43.0, -300.0, 964.0, -45.0, 0, 0, 0
L -300.0, 964.0, -45.0, -302.0, 954.0, -46.0, 0, 0, 0
L -302.0, 954.0, -46.0, -307.0, 943.0, -46.0, 0, 0, 0
L -307.0, 943.0, -46.0, -307.0, 940.0, -46.0, 0, 0, 0
L -307.0, 940.0, -46.0, -299.0, 929.0, -44.0, 0, 0, 0
L -299.0, 929.0, -44.0, -295.0, 924.0, -43.0, 0, 0, 0
L -295.0, 924.0, -43.0, -279.0, 923.0, -38.0, 0, 0, 0
L -279.0, 923.0, -38.0, -270.0, 927.0, -34.0, 0, 0, 0
L -270.0, 927.0, -34.0, -268.0, 917.0, -38.0, 0, 0, 0
L -268.0, 917.0, -38.0, -263.0, 910.0, -40.0, 0, 0, 0
L -263.0, 910.0, -40.0, -253.0, 904.0, -41.0, 0, 0, 0
L -253.0, 904.0, -41.0, -241.0, 906.0, -39.0, 0, 0, 0
L -241.0, 906.0, -39.0, -234.0, 905.0, -39.0, 0, 0, 0
L -234.0, 905.0, -39.0, -226.0, 900.0, -39.0, 0, 0, 0
L -226.0, 900.0, -39.0, -211.0, 892.0, -36.0, 0, 0, 0
L -211.0, 892.0, -36.0, -203.0, 884.0, -35.0, 0, 0, 0
L -203.0, 884.0, -35.0, -191.0, 882.0, -36.0, 0, 0, 0
L -191.0, 882.0, -36.0, -180.0, 881.0, -37.0, 0, 0, 0
L -180.0, 881.0, -37.0, -175.0, 880.0, -37.0, 0, 0, 0
L -175.0, 880.0, -37.0, -166.0, 881.0, -36.0, 0, 0, 0
L -166.0, 881.0, -36.0, -164.0, 886.0, -36.0, 0, 0, 0
L -164.0, 886.0, -36.0, -162.0, 911.0, -16.0, 0, 0, 0
L -162.0, 911.0, -16.0, -158.0, 930.0, -4.0, 0, 0, 0
L -158.0, 930.0, -4.0, -127.0, 975.0, 10.0, 0, 0, 0
L -127.0, 975.0, 10.0, -117.0, 987.0, 14.0, 0, 0, 0
L -117.0, 987.0, 14.0, -110.0, 993.0, 16.0, 0, 0, 0
L -110.0, 993.0, 16.0, -79.0, 1016.0, 19.0, 0, 0, 0
L -79.0, 1016.0, 19.0, -57.0, 1030.0, 28.0, 0, 0, 0
L -57.0, 1030.0, 28.0, -47.0, 1035.0, 29.0, 0, 0, 0
L -47.0, 1035.0, 29.0, 23.0, 1055.0, 34.0, 0, 0, 0
L 23.0, 1055.0, 34.0, 29.0, 1055.0, 33.0, 0, 0, 0
L 29.0, 1055.0, 33.0, 74.0, 1055.0, 18.0, 0, 0, 0
L 74.0, 1055.0, 18.0, 89.0, 1059.0, 27.0, 0, 0, 0
L 89.0, 1059.0, 27.0, 125.0, 1061.0, 4.0, 0, 0, 0
L 125.0, 1061.0, 4.0, 169.0, 1070.0, -15.0, 0, 0, 0
L 169.0, 1070.0, -15.0, 190.0, 1086.0, -40.0, 0, 0, 0
L 190.0, 1086.0, -40.0, 212.0, 1119.0, -91.0, 255, 0, 0
L 212.0, 1119.0, -91.0, 218.0, 1135.0, -91.0, 255, 0, 0
L 218.0, 1135.0, -91.0, 226.0, 1150.0, -91.0, 255, 0, 0
L 226.0, 1150.0, -91.0, 233.0, 1166.0, -90.0, 255, 0, 0
L 233.0, 1166.0, -90.0, 243.0, 1169.0, -91.0, 255, 0, 0
L 243.0, 1169.0, -91.0, 260.0, 1179.0, -90.0, 255, 0, 0
L 260.0, 1179.0, -90.0, 274.0, 1173.0, -90.0, 255, 0, 0
L 274.0, 1173.0, -90.0, 318.0, 1115.0, -90.0, 255, 0, 0
L 318.0, 1115.0, -90.0, 312.0, 1061.0, -91.0, 255, 0, 0
L 312.0, 1061.0, -91.0, 292.0, 1034.0, -90.0, 255, 0, 0
L 292.0, 1033.0, -90.0, 272.0, 1007.0, -90.0, 255, 0, 0
L 272.0, 1007.0, -90.0, 253.0, 1012.0, -91.0, 255, 0, 0
L 253.0, 1012.0, -91.0, 243.0, 1000.0, -77.0, 255, 0, 0
L 244.0, 1000.0, -77.0, 231.0, 978.0, -62.0, 0, 0, 0
L 231.0, 978.0, -62.0, 214.0, 979.0, -64.0, 0, 0, 0
L 214.0, 979.0, -64.0, 196.0, 967.0, -50.0, 0, 0, 0
L 196.0, 967.0, -50.0, 177.0, 946.0, -30.0, 0, 0, 0
L 177.0, 946.0, -30.0, 149.0, 942.0, -24.0, 0, 0, 0
L 149.0, 942.0, -24.0, 140.0, 932.0, -9.0, 0, 0, 0
L 140.0, 932.0, -9.0, 118.0, 923.0, -3.0, 0, 0, 0
L 118.0, 923.0, -3.0, 69.0, 916.0, 2.0, 0, 0, 0
L 69.0, 916.0, 2.0, 56.0, 911.0, 4.0, 0, 0, 0
L 56.0, 911.0, 4.0, 38.0, 914.0, 6.0, 0, 0, 0
L 38.0, 914.0, 6.0, 18.0, 914.0, 3.0, 0, 0, 0
L 18.0, 914.0, 3.0, 9.0, 909.0, -7.0, 0, 0, 0
L 9.0, 909.0, -7.0, -9.0, 901.0, -19.0, 0, 0, 0
L -9.0, 901.0, -19.0, -15.0, 892.0, -15.0, 0, 0, 0
L -15.0, 892.0, -15.0, -28.0, 873.0, -1.0, 0, 0, 0
L -28.0, 873.0, -1.0, -40.0, 859.0, -42.0, 0, 0, 0
L -40.0, 859.0, -42.0, -37.0, 847.0, -19.0, 0, 0, 0
L -37.0, 847.0, -19.0, -33.0, 805.0, -52.0, 0, 0, 0
L -33.0, 805.0, -52.0, -26.0, 783.0, -70.0, 0, 0, 0
L -26.0, 783.0, -70.0, -15.0, 773.0, -65.0, 0, 0, 0
L -15.0, 773.0, -65.0, 0.0, 757.0, -84.0, 0, 0, 0
L 0.0, 757.0, -84.0, 24.0, 741.0, -90.0, 0, 0, 0
L 24.0, 741.0, -90.0, 48.0, 734.0, -90.0, 0, 0, 0
L 48.0, 734.0, -90.0, 60.0, 724.0, -98.0, 0, 0, 0
L 60.0, 724.0, -98.0, 119.0, 687.0, -104.0, 0, 0, 0
L 119.0, 687.0, -104.0, 147.0, 667.0, -106.0, 0, 0, 0
L 147.0, 667.0, -106.0, 174.0, 647.0, -108.0, 0, 0, 0
L 174.0, 647.0, -108.0, 197.0, 630.0, -105.0, 0, 0, 0
L 197.0, 630.0, -105.0, 222.0, 606.0, -105.0, 0, 0, 0
L 252.0, 572.0, -107.0, 280.0, 507.0, -125.0, 0, 0, 0
L 280.0, 507.0, -125.0, 296.0, 511.0, -139.0, 0, 0, 0
L 296.0, 511.0, -139.0, 302.0, 529.0, -143.0, 0, 0, 0
L 302.0, 529.0, -143.0, 312.0, 539.0, -143.0, 0, 0, 0
L 312.0, 539.0, -143.0, 324.0, 541.0, -143.0, 0, 0, 0
L 324.0, 541.0, -143.0, 334.0, 546.0, -140.0, 0, 0, 0
L 334.0, 546.0, -140.0, 341.0, 549.0, -142.0, 0, 0, 0
L 341.0, 549.0, -142.0, 346.0, 553.0, -143.0, 0, 0, 0
L 346.0, 553.0, -143.0, 350.0, 556.0, -142.0, 0, 0, 0
L 350.0, 556.0, -142.0, 365.0, 562.0, -140.0, 0, 0, 0
L 365.0, 562.0, -140.0, 379.0, 563.0, -142.0, 0, 0, 0
L 379.0, 563.0, -142.0, 391.0, 564.0, -143.0, 0, 0, 0
L 391.0, 564.0, -143.0, 398.0, 567.0, -141.0, 0, 0, 0
L 398.0, 567.0, -141.0, 413.0, 561.0, -148.0, 0, 0, 0
L 413.0, 561.0, -148.0, 423.0, 558.0, -151.0, 0, 0, 0
L 423.0, 558.0, -151.0, 431.0, 560.0, -151.0, 0, 0, 0
L 431.0, 560.0, -151.0, 440.0, 561.0, -150.0, 0, 0, 0
L 440.0, 561.0, -150.0, 448.0, 564.0, -148.0, 0, 0, 0
L 448.0, 564.0, -148.0, 455.0, 567.0, -147.0, 0, 0, 0
L 455.0, 567.0, -147.0, 461.0, 572.0, -144.0, 0, 0, 0
L 461.0, 572.0, -144.0, 468.0, 576.0, -146.0, 0, 0, 0
L 468.0, 576.0, -146.0, 468.0, 581.0, -147.0, 0, 0, 0
L 468.0, 581.0, -147.0, 470.0, 591.0, -148.0, 0, 0, 0
L 470.0, 591.0, -148.0, 467.0, 604.0, -147.0, 0, 0, 0
L 467.0, 604.0, -147.0, 467.0, 613.0, -146.0, 0, 0, 0
L 467.0, 613.0, -146.0, 469.0, 620.0, -145.0, 0, 0, 0
L 469.0, 620.0, -145.0, 472.0, 629.0, -147.0, 0, 0, 0
L 472.0, 629.0, -147.0, 468.0, 638.0, -147.0, 0, 0, 0
L 468.0, 638.0, -147.0, 466.0, 643.0, -146.0, 0, 0, 0
L 466.0, 643.0, -146.0, 444.0, 642.0, -141.0, 0, 0, 0
L 444.0, 642.0, -141.0, 440.0, 643.0, -139.0, 0, 0, 0
L 440.0, 643.0, -139.0, 432.0, 643.0, -137.0, 0, 0, 0
L 432.0, 643.0, -137.0, 424.0, 645.0, -136.0, 0, 0, 0
L 424.0, 645.0, -136.0, 418.0, 641.0, -135.0, 0, 0, 0
L 418.0, 641.0, -135.0, 413.0, 638.0, -134.0, 0, 0, 0
L 413.0, 638.0, -134.0, 412.0, 643.0, -134.0, 0, 0, 0
L 412.0, 643.0, -134.0, 406.0, 647.0, -134.0, 0, 0, 0
L 406.0, 647.0, -134.0, 400.0, 650.0, -134.0, 0, 0, 0
L 400.0, 650.0, -134.0, 392.0, 649.0, -134.0, 0, 0, 0
L 392.0, 649.0, -134.0, 385.0, 649.0, -133.0, 0, 0, 0
L 385.0, 649.0, -133.0, 373.0, 644.0, -132.0, 0, 0, 0
L 373.0, 644.0, -132.0, 365.0, 644.0, -132.0, 0, 0, 0
L 365.0, 644.0, -132.0, 349.0, 641.0, -132.0, 0, 0, 0
L 349.0, 641.0, -132.0, 338.0, 642.0, -134.0, 0, 0, 0
L 338.0, 642.0, -134.0, 332.0, 641.0, -133.0, 0, 0, 0
L 332.0, 641.0, -133.0, 327.0, 638.0, -133.0, 0, 0, 0
L 327.0, 638.0, -133.0, 329.0, 631.0, -130.0, 0, 0, 0
L 329.0, 631.0, -130.0, 320.0, 636.0, -131.0, 0, 0, 0
L 320.0, 636.0, -131.0, 314.0, 643.0, -132.0, 0, 0, 0
L 314.0, 643.0, -132.0, 312.0, 649.0, -134.0, 0, 0, 0
L 312.0, 649.0, -134.0, 312.0, 654.0, -135.0, 0, 0, 0
L 312.0, 654.0, -135.0, 327.0, 658.0, -138.0, 0, 0, 0
L 327.0, 658.0, -138.0, 335.0, 667.0, -139.0, 0, 0, 0
L 335.0, 667.0, -139.0, 335.0, 675.0, -140.0, 0, 0, 0
L 335.0, 675.0, -140.0, 335.0, 678.0, -140.0, 0, 0, 0
L 335.0, 678.0, -140.0, 329.0, 684.0, -139.0, 0, 0, 0
L 329.0, 684.0, -139.0, 321.0, 686.0, -136.0, 0, 0, 0
L 321.0, 686.0, -136.0, 320.0, 693.0, -137.0, 0, 0, 0
L 320.0, 693.0, -137.0, 316.0, 701.0, -137.0, 0, 0, 0
L 316.0, 701.0, -137.0, 314.0, 704.0, -137.0, 0, 0, 0
L 314.0, 704.0, -137.0, 313.0, 718.0, -136.0, 0, 0, 0
L 313.0, 718.0, -136.0, 319.0, 721.0, -137.0, 0, 0, 0
L 319.0, 721.0, -137.0, 330.0, 721.0, -137.0, 0, 0, 0
L 330.0, 721.0, -137.0, 336.0, 717.0, -138.0, 0, 0, 0
L 336.0, 717.0, -138.0, 341.0, 714.0, -139.0, 0, 0, 0
L 341.0, 714.0, -139.0, 357.0, 714.0, -139.0, 0, 0, 0
L 357.0, 714.0, -139.0, 363.0, 717.0, -139.0, 0, 0, 0
L 363.0, 717.0, -139.0, 373.0, 719.0, -138.0, 0, 0, 0
L 373.0, 719.0, -138.0, 380.0, 719.0, -137.0, 0, 0, 0
L 380.0, 719.0, -137.0, 394.0, 722.0, -135.0, 0, 0, 0
L 394.0, 722.0, -135.0, 404.0, 719.0, -136.0, 0, 0, 0
L 404.0, 719.0, -136.0, 408.0, 721.0, -134.0, 0, 0, 0
L 408.0, 721.0, -134.0, 414.0, 723.0, -134.0, 0, 0, 0
L 414.0, 723.0, -134.0, 420.0, 728.0, -133.0, 0, 0, 0
L 420.0, 728.0, -133.0, 423.0, 728.0, -133.0, 0, 0, 0
L 423.0, 728.0, -133.0, 432.0, 719.0, -134.0, 0, 0, 0
L 432.0, 719.0, -134.0, 439.0, 718.0, -132.0, 0, 0, 0
L 439.0, 718.0, -132.0, 449.0, 715.0, -135.0, 0, 0, 0
L 449.0, 715.0, -135.0, 464.0, 716.0, -134.0, 0, 0, 0
L 464.0, 716.0, -134.0, 472.0, 718.0, -132.0, 0, 0, 0
L 472.0, 718.0, -132.0, 481.0, 720.0, -130.0, 0, 0, 0
L 481.0, 720.0, -130.0, 488.0, 729.0, -129.0, 0, 0, 0
L 488.0, 729.0, -129.0, 498.0, 725.0, -131.0, 0, 0, 0
L 498.0, 725.0, -131.0, 511.0, 724.0, -133.0, 0, 0, 0
L 511.0, 724.0, -133.0, 525.0, 724.0, -133.0, 0, 0, 0
L 525.0, 724.0, -133.0, 538.0, 723.0, -129.0, 0, 0, 0
L 538.0, 723.0, -129.0, 544.0, 721.0, -129.0, 0, 0, 0
L 544.0, 721.0, -129.0, 554.0, 719.0, -128.0, 0, 0, 0
L 554.0, 719.0, -128.0, 561.0, 720.0, -126.0, 0, 0, 0
L 561.0, 720.0, -126.0, 568.0, 722.0, -121.0, 0, 0, 0
L 568.0, 722.0, -121.0, 577.0, 720.0, -118.0, 0, 0, 0
L 577.0, 720.0, -118.0, 580.0, 723.0, -116.0, 0, 0, 0
L 580.0, 723.0, -116.0, 585.0, 726.0, -113.0, 0, 0, 0
L 585.0, 726.0, -113.0, 596.0, 718.0, -112.0, 0, 0, 0
L 596.0, 718.0, -112.0, 585.0, 701.0, -118.0, 0, 0, 0
L 585.0, 701.0, -118.0, 589.0, 694.0, -115.0, 0, 0, 0
L 589.0, 694.0, -115.0, 603.0, 683.0, -111.0, 0, 0, 0
L 603.0, 683.0, -111.0, 605.0, 680.0, -110.0, 0, 0, 0
L 605.0, 680.0, -110.0, 614.0, 678.0, -110.0, 0, 0, 0
L 614.0, 678.0, -110.0, 628.0, 675.0, -112.0, 0, 0, 0
L 628.0, 675.0, -112.0, 646.0, 668.0, -114.0, 0, 0, 0
L 646.0, 668.0, -114.0, 661.0, 657.0, -114.0, 0, 0, 0
L 661.0, 657.0, -114.0, 669.0, 644.0, -116.0, 0, 0, 0
L 669.0, 644.0, -116.0, 679.0, 630.0, -118.0, 0, 0, 0
L 679.0, 630.0, -118.0, 681.0, 612.0, -125.0, 0, 0, 0
L 681.0, 612.0, -125.0, 688.0, 600.0, -126.0, 0, 0, 0
L 688.0, 600.0, -126.0, 691.0, 595.0, -124.0, 0, 0, 0
L 691.0, 595.0, -124.0, 686.0, 582.0, -125.0, 0, 0, 0
L 686.0, 582.0, -125.0, 684.0, 568.0, -133.0, 0, 0, 0
L 684.0, 568.0, -133.0, 689.0, 561.0, -135.0, 0, 0, 0
L 689.0, 561.0, -135.0, 697.0, 566.0, -146.0, 0, 0, 0
L 697.0, 566.0, -146.0, 699.0, 570.0, -145.0, 0, 0, 0
L 699.0, 570.0, -145.0, 704.0, 577.0, -144.0, 0, 0, 0
L 704.0, 577.0, -144.0, 705.0, 581.0, -143.0, 0, 0, 0
L 705.0, 581.0, -143.0, 703.0, 592.0, -141.0, 0, 0, 0
L 703.0, 592.0, -141.0, 711.0, 590.0, -142.0, 0, 0, 0
L 711.0, 590.0, -142.0, 720.0, 585.0, -142.0, 0, 0, 0
L 720.0, 585.0, -142.0, 723.0, 583.0, -141.0, 0, 0, 0
L 723.0, 583.0, -141.0, 720.0, 581.0, -142.0, 0, 0, 0
L 720.0, 581.0, -142.0, 717.0, 565.0, -144.0, 0, 0, 0
L 717.0, 565.0, -144.0, 717.0, 557.0, -144.0, 0, 0, 0
L 717.0, 557.0, -144.0, 717.0, 549.0, -145.0, 0, 0, 0
L 717.0, 549.0, -145.0, 713.0, 540.0, -146.0, 0, 0, 0
L 713.0, 540.0, -146.0, 711.0, 528.0, -147.0, 0, 0, 0
L 711.0, 528.0, -147.0, 712.0, 513.0, -148.0, 0, 0, 0
L 712.0, 513.0, -148.0, 712.0, 505.0, -149.0, 0, 0, 0
L 712.0, 505.0, -149.0, 714.0, 502.0, -147.0, 0, 0, 0
L 714.0, 502.0, -147.0, 708.0, 500.0, -148.0, 0, 0, 0
L 708.0, 500.0, -148.0, 696.0, 499.0, -148.0, 0, 0, 0
L 696.0, 499.0, -148.0, 687.0, 499.0, -147.0, 0, 0, 0
L 687.0, 499.0, -147.0, 684.0, 499.0, -145.0, 0, 0, 0
L 684.0, 499.0, -145.0, 680.0, 498.0, -146.0, 0, 0, 0
L 680.0, 498.0, -146.0, 671.0, 488.0, -146.0, 0, 0, 0
L 671.0, 488.0, -146.0, 671.0, 483.0, -145.0, 0, 0, 0
L 671.0, 483.0, -145.0, 669.0, 470.0, -143.0, 0, 0, 0
L 669.0, 470.0, -143.0, 668.0, 462.0, -140.0, 0, 0, 0
L 668.0, 462.0, -140.0, 667.0, 452.0, -135.0, 0, 0, 0
L 667.0, 452.0, -135.0, 672.0, 438.0, -134.0, 0, 0, 0
L 672.0, 438.0, -134.0, 668.0, 411.0, -135.0, 0, 0, 0
L 668.0, 411.0, -135.0, 670.0, 407.0, -135.0, 0, 0, 0
L 670.0, 407.0, -135.0, 673.0, 404.0, -135.0, 0, 0, 0
L 673.0, 404.0, -135.0, 676.0, 403.0, -134.0, 0, 0, 0
L 676.0, 403.0, -134.0, 680.0, 404.0, -133.0, 0, 0, 0
L 680.0, 404.0, -133.0, 679.0, 392.0, -134.0, 0, 0, 0
L 679.0, 392.0, -134.0, 679.0, 387.0, -133.0, 0, 0, 0
L 679.0, 387.0, -133.0, 667.0, 365.0, -136.0, 0, 0, 0
L 667.0, 365.0, -136.0, 670.0, 351.0, -135.0, 0, 0, 0
L 670.0, 351.0, -135.0, 670.0, 342.0, -135.0, 0, 0, 0
L 670.0, 342.0, -135.0, 671.0, 329.0, -133.0, 0, 0, 0
L 671.0, 329.0, -133.0, 671.0, 304.0, -133.0, 0, 0, 0
L 671.0, 304.0, -133.0, 662.0, 305.0, -132.0, 0, 0, 0
L 662.0, 305.0, -132.0, 655.0, 308.0, -133.0, 0, 0, 0
L 655.0, 308.0, -133.0, 645.0, 307.0, -132.0, 0, 0, 0
L 645.0, 307.0, -132.0, 638.0, 307.0, -132.0, 0, 0, 0
L 638.0, 307.0, -132.0, 633.0, 305.0, -133.0, 0, 0, 0
L 633.0, 305.0, -133.0, 625.0, 304.0, -134.0, 0, 0, 0
L 625.0, 304.0, -134.0, 620.0, 301.0, -133.0, 0, 0, 0
L 620.0, 301.0, -133.0, 620.0, 293.0, -132.0, 0, 0, 0
L 620.0, 293.0, -132.0, 611.0, 291.0, -131.0, 0, 0, 0
L 611.0, 291.0, -131.0, 602.0, 292.0, -132.0, 0, 0, 0
L 602.0, 292.0, -132.0, 606.0, 300.0, -134.0, 0, 0, 0
L 606.0, 300.0, -134.0, 604.0, 309.0, -135.0, 0, 0, 0
L 604.0, 309.0, -135.0, 604.0, 314.0, -135.0, 0, 0, 0
L 604.0, 314.0, -135.0, 600.0, 322.0, -135.0, 0, 0, 0
L 600.0, 322.0, -135.0, 595.0, 340.0, -136.0, 0, 0, 0
L 595.0, 340.0, -136.0, 592.0, 348.0, -136.0, 0, 0, 0
L 592.0, 348.0, -136.0, 591.0, 357.0, -136.0, 0, 0, 0
L 591.0, 357.0, -136.0, 591.0, 360.0, -136.0, 0, 0, 0
L 591.0, 360.0, -136.0, 598.0, 366.0, -138.0, 0, 0, 0
L 598.0, 366.0, -138.0, 604.0, 366.0, -138.0, 0, 0, 0
L 604.0, 366.0, -138.0, 612.0, 366.0, -139.0, 0, 0, 0
L 612.0, 366.0, -139.0, 620.0, 367.0, -139.0, 0, 0, 0
L 620.0, 367.0, -139.0, 622.0, 370.0, -139.0, 0, 0, 0
L 622.0, 370.0, -139.0, 627.0, 376.0, -138.0, 0, 0, 0
L 627.0, 376.0, -138.0, 618.0, 378.0, -134.0, 0, 0, 0
L 618.0, 378.0, -134.0, 613.0, 379.0, -132.0, 0, 0, 0
L 613.0, 379.0, -132.0, 603.0, 379.0, -125.0, 0, 0, 0
L 603.0, 379.0, -125.0, 596.0, 378.0, -120.0, 0, 0, 0
L 596.0, 378.0, -120.0, 589.0, 378.0, -114.0, 0, 0, 0
L 589.0, 378.0, -114.0, 581.0, 378.0, -106.0, 0, 0, 0
L 581.0, 378.0, -106.0, 586.0, 389.0, -107.0, 0, 0, 0
L 586.0, 389.0, -107.0, 585.0, 405.0, -106.0, 0, 0, 0
L 585.0, 405.0, -106.0, 589.0, 423.0, -105.0, 0, 0, 0
L 589.0, 423.0, -105.0, 592.0, 430.0, -103.0, 0, 0, 0
L 592.0, 430.0, -103.0, 596.0, 439.0, -106.0, 0, 0, 0
L 596.0, 439.0, -106.0, 592.0, 456.0, -110.0, 0, 0, 0
L 592.0, 456.0, -110.0, 589.0, 465.0, -109.0, 0, 0, 0
L 589.0, 465.0, -109.0, 585.0, 472.0, -114.0, 0, 0, 0
L 585.0, 472.0, -114.0, 575.0, 483.0, -118.0, 0, 0, 0
L 575.0, 483.0, -118.0, 566.0, 491.0, -122.0, 0, 0, 0
L 566.0, 491.0, -122.0, 550.0, 496.0, -126.0, 0, 0, 0
L 550.0, 496.0, -126.0, 541.0, 501.0, -131.0, 0, 0, 0
L 541.0, 501.0, -131.0, 526.0, 504.0, -131.0, 0, 0, 0
L 526.0, 504.0, -131.0, 510.0, 508.0, -134.0, 0, 0, 0
L 510.0, 508.0, -134.0, 496.0, 512.0, -148.0, 0, 0, 0
L 496.0, 512.0, -148.0, 488.0, 507.0, -147.0, 0, 0, 0
L 488.0, 507.0, -147.0, 491.0, 502.0, -148.0, 0, 0, 0
L 491.0, 502.0, -148.0, 493.0, 497.0, -148.0, 0, 0, 0
L 493.0, 497.0, -148.0, 505.0, 495.0, -150.0, 0, 0, 0
L 505.0, 495.0, -150.0, 522.0, 493.0, -149.0, 0, 0, 0
L 522.0, 493.0, -149.0, 527.0, 491.0, -148.0, 0, 0, 0
L 527.0, 491.0, -148.0, 532.0, 490.0, -145.0, 0, 0, 0
L 532.0, 490.0, -145.0, 527.0, 479.0, -145.0, 0, 0, 0
L 527.0, 479.0, -145.0, 523.0, 476.0, -145.0, 0, 0, 0
L 523.0, 476.0, -145.0, 517.0, 479.0, -147.0, 0, 0, 0
L 517.0, 479.0, -147.0, 504.0, 482.0, -147.0, 0, 0, 0
L 504.0, 482.0, -147.0, 496.0, 481.0, -146.0, 0, 0, 0
L 496.0, 481.0, -146.0, 486.0, 482.0, -144.0, 0, 0, 0
L 486.0, 482.0, -144.0, 472.0, 487.0, -145.0, 0, 0, 0
L 472.0, 487.0, -145.0, 464.0, 488.0, -146.0, 0, 0, 0
L 464.0, 488.0, -146.0, 452.0, 487.0, -143.0, 0, 0, 0
L 452.0, 487.0, -143.0, 449.0, 496.0, -145.0, 0, 0, 0
L 449.0, 496.0, -145.0, 446.0, 505.0, -151.0, 0, 0, 0
L 446.0, 505.0, -151.0, 444.0, 511.0, -152.0, 0, 0, 0
L 444.0, 511.0, -152.0, 441.0, 522.0, -152.0, 0, 0, 0
L 441.0, 522.0, -152.0, 438.0, 531.0, -151.0, 0, 0, 0
L 438.0, 531.0, -151.0, 432.0, 532.0, -151.0, 0, 0, 0
L 432.0, 532.0, -151.0, 426.0, 531.0, -150.0, 0, 0, 0
L 426.0, 531.0, -150.0, 420.0, 535.0, -150.0, 0, 0, 0
L 420.0, 535.0, -150.0, 411.0, 535.0, -148.0, 0, 0, 0
L 411.0, 535.0, -148.0, 398.0, 533.0, -146.0, 0, 0, 0
L 398.0, 533.0, -146.0, 395.0, 533.0, -145.0, 0, 0, 0
L 395.0, 533.0, -145.0, 380.0, 527.0, -145.0, 0, 0, 0
L 380.0, 527.0, -145.0, 372.0, 526.0, -143.0, 0, 0, 0
L 372.0, 526.0, -143.0, 359.0, 521.0, -144.0, 0, 0, 0
L 359.0, 521.0, -144.0, 355.0, 519.0, -145.0, 0, 0, 0
L 355.0, 519.0, -145.0, 341.0, 513.0, -146.0, 0, 0, 0
L 341.0, 513.0, -146.0, 327.0, 502.0, -145.0, 0, 0, 0
L 327.0, 502.0, -145.0, 318.0, 501.0, -144.0, 0, 0, 0
L 318.0, 501.0, -144.0, 315.0, 503.0, -143.0, 0, 0, 0
L 315.0, 503.0, -143.0, 302.0, 495.0, -136.0, 0, 0, 0
L 302.0, 495.0, -136.0, 289.0, 489.0, -135.0, 0, 0, 0
L 289.0, 489.0, -135.0, 283.0, 486.0, -133.0, 0, 0, 0
L 283.0, 486.0, -133.0, 286.0, 481.0, -129.0, 0, 0, 0
L 286.0, 481.0, -129.0, 315.0, 457.0, -106.0, 0, 0, 0
L 315.0, 457.0, -106.0, 340.0, 392.0, -89.0, 0, 0, 0
L 340.0, 392.0, -89.0, 346.0, 355.0, -82.0, 0, 0, 0
L 346.0, 355.0, -82.0, 342.0, 318.0, -89.0, 0, 0, 0
L 342.0, 318.0, -89.0, 346.0, 262.0, -66.0, 0, 0, 0
L 346.0, 262.0, -66.0, 342.0, 238.0, -62.0, 0, 0, 0
L 342.0, 238.0, -62.0, 314.0, 149.0, -42.0, 0, 0, 0
L 314.0, 149.0, -42.0, 285.0, 101.0, -35.0, 0, 0, 0
L 285.0, 101.0, -35.0, 268.0, 72.0, -23.0, 0, 0, 0
L 268.0, 72.0, -23.0, 241.0, 54.0, -42.0, 0, 0, 0
L 241.0, 54.0, -42.0, 253.0, 42.0, -41.0, 0, 0, 0
L 253.0, 42.0, -41.0, 258.0, 36.0, -43.0, 0, 0, 0
L 258.0, 36.0, -43.0, 269.0, 33.0, -42.0, 0, 0, 0
L 269.0, 33.0, -42.0, 277.0, 21.0, -45.0, 0, 0, 0
L 277.0, 21.0, -45.0, 286.0, 16.0, -46.0, 0, 0, 0
L 286.0, 16.0, -46.0, 294.0, 18.0, -45.0, 0, 0, 0
L 294.0, 18.0, -45.0, 301.0, 26.0, -42.0, 0, 0, 0
L 301.0, 26.0, -42.0, 306.0, 31.0, -38.0, 0, 0, 0
L 306.0, 31.0, -38.0, 317.0, 41.0, -41.0, 0, 0, 0
L 317.0, 41.0, -41.0, 319.0, 50.0, -37.0, 0, 0, 0
L 319.0, 50.0, -37.0, 323.0, 57.0, -39.0, 0, 0, 0
L 323.0, 57.0, -39.0, 334.0, 65.0, -39.0, 0, 0, 0
L 334.0, 65.0, -39.0, 341.0, 63.0, -41.0, 0, 0, 0
L 341.0, 63.0, -41.0, 351.0, 64.0, -42.0, 0, 0, 0
L 351.0, 64.0, -42.0, 362.0, 70.0, -29.0, 0, 0, 0
L 362.0, 70.0, -29.0, 378.0, 63.0, -45.0, 0, 0, 0
L 378.0, 63.0, -45.0, 393.0, 62.0, -41.0, 0, 0, 0
L 393.0, 62.0, -41.0, 397.0, 57.0, -31.0, 0, 0, 0
L 397.0, 57.0, -31.0, 395.0, 47.0, -28.0, 0, 0, 0
L 395.0, 47.0, -28.0, 401.0, 23.0, -41.0, 0, 0, 0
L 401.0, 23.0, -41.0, 393.0, 8.0, -43.0, 0, 0, 0
L 393.0, 8.0, -43.0, 390.0, -4.0, -43.0, 0, 0, 0
L 390.0, -4.0, -43.0, 385.0, -15.0, -36.0, 0, 0, 0
L 385.0, -15.0, -36.0, 374.0, -24.0, -45.0, 0, 0, 0
L 374.0, -24.0, -45.0, 376.0, -33.0, -49.0, 0, 0, 0
L 376.0, -33.0, -49.0, 389.0, -39.0, -53.0, 0, 0, 0
L 389.0, -39.0, -53.0, 401.0, -43.0, -59.0, 0, 0, 0
L 401.0, -43.0, -59.0, 406.0, -37.0, -59.0, 0, 0, 0
L 406.0, -37.0, -59.0, 400.0, -27.0, -50.0, 0, 0, 0
L 400.0, -27.0, -50.0, 405.0, -21.0, -50.0, 0, 0, 0
L 405.0, -21.0, -50.0, 413.0, -16.0, -43.0, 0, 0, 0
L 413.0, -16.0, -43.0, 428.0, -11.0, -57.0, 0, 0, 0
L 428.0, -11.0, -57.0, 429.0, -12.0, -60.0, 0, 0, 0
L 429.0, -12.0, -60.0, 437.0, -13.0, -60.0, 0, 0, 0
L 437.0, -13.0, -60.0, 441.0, -3.0, -62.0, 0, 0, 0
L 441.0, -3.0, -62.0, 440.0, 8.0, -57.0, 0, 0, 0
L 440.0, 8.0, -57.0, 451.0, 5.0, -53.0, 0, 0, 0
L 451.0, 5.0, -53.0, 461.0, -0.0, -55.0, 0, 0, 0
L 461.0, -0.0, -55.0, 469.0, -9.0, -62.0, 0, 0, 0
L 469.0, -9.0, -62.0, 487.0, -11.0, -60.0, 0, 0, 0
L 487.0, -11.0, -60.0, 504.0, -12.0, -54.0, 0, 0, 0
L 504.0, -12.0, -54.0, 514.0, -23.0, -64.0, 0, 0, 0
L 514.0, -23.0, -64.0, 524.0, -26.0, -61.0, 0, 0, 0
L 524.0, -26.0, -61.0, 531.0, -33.0, -49.0, 0, 0, 0
L 531.0, -33.0, -49.0, 531.0, -43.0, -51.0, 0, 0, 0
L 531.0, -43.0, -51.0, 540.0, -61.0, -51.0, 0, 0, 0
L 540.0, -61.0, -51.0, 547.0, -81.0, -66.0, 0, 0, 0
L 547.0, -81.0, -66.0, 543.0, -95.0, -62.0, 0, 0, 0
L 543.0, -95.0, -62.0, 542.0, -102.0, -55.0, 0, 0, 0
L 542.0, -102.0, -55.0, 541.0, -116.0, -57.0, 0, 0, 0
L 541.0, -116.0, -57.0, 537.0, -122.0, -63.0, 0, 0, 0
L 537.0, -122.0, -63.0, 524.0, -134.0, -63.0, 0, 0, 0
L 524.0, -134.0, -63.0, 516.0, -126.0, -71.0, 0, 0, 0
L 516.0, -126.0, -71.0, 504.0, -124.0, -69.0, 0, 0, 0
L 504.0, -124.0, -69.0, 502.0, -132.0, -65.0, 0, 0, 0
L 502.0, -132.0, -65.0, 497.0, -142.0, -61.0, 0, 0, 0
L 497.0, -142.0, -61.0, 496.0, -148.0, -60.0, 0, 0, 0
L 496.0, -148.0, -60.0, 498.0, -157.0, -54.0, 0, 0, 0
L 498.0, -157.0, -54.0, 515.0, -173.0, -54.0, 0, 0, 0
L 515.0, -173.0, -54.0, 534.0, -173.0, -68.0, 0, 0, 0
L 534.0, -173.0, -68.0, 538.0, -163.0, -65.0, 0, 0, 0
L 538.0, -163.0, -65.0, 543.0, -148.0, -57.0, 0, 0, 0
L 543.0, -148.0, -57.0, 549.0, -130.0, -72.0, 0, 0, 0
L 549.0, -130.0, -72.0, 561.0, -120.0, -87.0, 0, 0, 0
L 561.0, -120.0, -87.0, 562.0, -109.0, -77.0, 0, 0, 0
L 562.0, -109.0, -77.0, 570.0, -99.0, -63.0, 0, 0, 0
L 570.0, -99.0, -63.0, 585.0, -100.0, -90.0, 0, 0, 0
L 585.0, -100.0, -90.0, 586.0, -93.0, -92.0, 0, 0, 0
L 586.0, -93.0, -92.0, 583.0, -84.0, -100.0, 0, 0, 0
L 583.0, -84.0, -100.0, 576.0, -77.0, -103.0, 0, 0, 0
L 576.0, -77.0, -103.0, 566.0, -65.0, -101.0, 0, 0, 0
L 566.0, -65.0, -101.0, 561.0, -57.0, -98.0, 0, 0, 0
L 561.0, -57.0, -98.0, 551.0, -38.0, -102.0, 0, 0, 0
L 551.0, -38.0, -102.0, 550.0, -25.0, -106.0, 0, 0, 0
L 550.0, -25.0, -106.0, 544.0, -19.0, -106.0, 0, 0, 0
L 544.0, -19.0, -106.0, 536.0, -18.0, -105.0, 0, 0, 0
L 536.0, -18.0, -105.0, 522.0, -10.0, -101.0, 0, 0, 0
L 522.0, -10.0, -101.0, 505.0, 4.0, -105.0, 0, 0, 0
L 505.0, 4.0, -105.0, 495.0, 15.0, -111.0, 0, 0, 0
L 495.0, 15.0, -111.0, 486.0, 26.0, -108.0, 0, 0, 0
L 486.0, 26.0, -108.0, 477.0, 25.0, -111.0, 0, 0, 0
L 477.0, 25.0, -111.0, 455.0, 29.0, -102.0, 0, 0, 0
L 455.0, 29.0, -102.0, 442.0, 45.0, -105.0, 0, 0, 0
L 442.0, 45.0, -105.0, 432.0, 59.0, -111.0, 0, 0, 0
L 432.0, 59.0, -111.0, 420.0, 57.0, -98.0, 0, 0, 0
L 420.0, 57.0, -98.0, 415.0, 63.0, -93.0, 0, 0, 0
L 415.0, 63.0, -93.0, 422.0, 78.0, -107.0, 0, 0, 0
L 422.0, 78.0, -107.0, 426.0, 88.0, -112.0, 0, 0, 0
L 426.0, 88.0, -112.0, 432.0, 97.0, -117.0, 0, 0, 0
L 432.0, 97.0, -117.0, 437.0, 101.0, -119.0, 0, 0, 0
L 437.0, 101.0, -119.0, 441.0, 110.0, -123.0, 0, 0, 0
L 441.0, 110.0, -123.0, 443.0, 117.0, -120.0, 0, 0, 0
L 443.0, 117.0, -120.0, 450.0, 122.0, -115.0, 0, 0, 0
L 450.0, 122.0, -115.0, 454.0, 119.0, -119.0, 0, 0, 0
L 454.0, 119.0, -119.0, 459.0, 113.0, -123.0, 0, 0, 0
L 459.0, 113.0, -123.0, 471.0, 112.0, -124.0, 0, 0, 0
L 471.0, 112.0, -124.0, 478.0, 112.0, -126.0, 0, 0, 0
L 478.0, 112.0, -126.0, 485.0, 119.0, -117.0, 0, 0, 0
L 485.0, 119.0, -117.0, 490.0, 113.0, -124.0, 0, 0, 0
L 490.0, 113.0, -124.0, 502.0, 109.0, -124.0, 0, 0, 0
L 502.0, 109.0, -124.0, 512.0, 104.0, -121.0, 0, 0, 0
L 512.0, 104.0, -121.0, 518.0, 98.0, -115.0, 0, 0, 0
L 518.0, 98.0, -115.0, 518.0, 92.0, -122.0, 0, 0, 0
L 518.0, 92.0, -122.0, 519.0, 88.0, -123.0, 0, 0, 0
L 519.0, 88.0, -123.0, 527.0, 82.0, -121.0, 0, 0, 0
L 527.0, 82.0, -121.0, 534.0, 84.0, -119.0, 0, 0, 0
L 534.0, 84.0, -119.0, 534.0, 88.0, -119.0, 0, 0, 0
L 534.0, 88.0, -119.0, 530.0, 95.0, -122.0, 0, 0, 0
L 530.0, 95.0, -122.0, 529.0, 106.0, -116.0, 0, 0, 0
L 529.0, 106.0, -116.0, 530.0, 117.0, -136.0, 0, 0, 0
L 530.0, 117.0, -136.0, 524.0, 121.0, -135.0, 0, 0, 0
L 524.0, 121.0, -135.0, 518.0, 125.0, -131.0, 0, 0, 0
L 518.0, 125.0, -131.0, 509.0, 131.0, -131.0, 0, 0, 0
L 509.0, 131.0, -131.0, 502.0, 141.0, -133.0, 0, 0, 0
L 502.0, 141.0, -133.0, 496.0, 153.0, -134.0, 0, 0, 0
L 496.0, 153.0, -134.0, 490.0, 169.0, -134.0, 0, 0, 0
L 490.0, 169.0, -134.0, 483.0, 176.0, -129.0, 0, 0, 0
L 483.0, 176.0, -129.0, 488.0, 185.0, -128.0, 0, 0, 0
L 488.0, 185.0, -128.0, 493.0, 186.0, -128.0, 0, 0, 0
L 493.0, 186.0, -128.0, 498.0, 183.0, -132.0, 0, 0, 0
L 498.0, 183.0, -132.0, 506.0, 183.0, -134.0, 0, 0, 0
L 506.0, 183.0, -134.0, 512.0, 186.0, -132.0, 0, 0, 0
L 512.0, 186.0, -132.0, 517.0, 192.0, -126.0, 0, 0, 0
L 517.0, 192.0, -126.0, 527.0, 192.0, -131.0, 0, 0, 0
L 527.0, 192.0, -131.0, 539.0, 193.0, -133.0, 0, 0, 0
L 539.0, 193.0, -133.0, 553.0, 190.0, -127.0, 0, 0, 0
L 553.0, 190.0, -127.0, 559.0, 185.0, -123.0, 0, 0, 0
L 559.0, 185.0, -123.0, 569.0, 176.0, -134.0, 0, 0, 0
L 569.0, 176.0, -134.0, 575.0, 177.0, -136.0, 0, 0, 0
L 575.0, 177.0, -136.0, 587.0, 182.0, -128.0, 0, 0, 0
L 587.0, 182.0, -128.0, 593.0, 180.0, -128.0, 0, 0, 0
L 593.0, 180.0, -128.0, 598.0, 175.0, -132.0, 0, 0, 0
L 598.0, 175.0, -132.0, 602.0, 172.0, -134.0, 0, 0, 0
L 602.0, 172.0, -134.0, 611.0, 167.0, -135.0, 0, 0, 0
L 611.0, 167.0, -135.0, 619.0, 170.0, -131.0, 0, 0, 0
L 619.0, 170.0, -131.0, 633.0, 165.0, -133.0, 0, 0, 0
L 633.0, 165.0, -133.0, 637.0, 157.0, -132.0, 0, 0, 0
L 637.0, 157.0, -132.0, 638.0, 151.0, -130.0, 0, 0, 0
L 638.0, 151.0, -130.0, 638.0, 140.0, -131.0, 0, 0, 0
L 638.0, 140.0, -131.0, 638.0, 133.0, -134.0, 0, 0, 0
L 638.0, 133.0, -134.0, 639.0, 124.0, -131.0, 0, 0, 0
L 639.0, 124.0, -131.0, 634.0, 117.0, -120.0, 0, 0, 0
L 634.0, 117.0, -120.0, 620.0, 112.0, -115.0, 0, 0, 0
L 620.0, 112.0, -115.0, 603.0, 116.0, -136.0, 0, 0, 0
L 603.0, 116.0, -136.0, 591.0, 106.0, -128.0, 0, 0, 0
L 591.0, 106.0, -128.0, 579.0, 106.0, -125.0, 0, 0, 0
L 579.0, 106.0, -125.0, 558.0, 110.0, -134.0, 0, 0, 0
L 558.0, 110.0, -134.0, 558.0, 99.0, -123.0, 0, 0, 0
L 558.0, 99.0, -123.0, 557.0, 91.0, -120.0, 0, 0, 0
L 557.0, 91.0, -120.0, 557.0, 87.0, -118.0, 0, 0, 0
L 557.0, 87.0, -118.0, 565.0, 79.0, -116.0, 0, 0, 0
L 565.0, 79.0, -116.0, 581.0, 74.0, -112.0, 0, 0, 0
L 581.0, 74.0, -112.0, 596.0, 76.0, -124.0, 0, 0, 0
L 596.0, 76.0, -124.0, 606.0, 78.0, -133.0, 0, 0, 0
L 606.0, 78.0, -133.0, 614.0, 80.0, -132.0, 0, 0, 0
L 614.0, 80.0, -132.0, 626.0, 82.0, -131.0, 0, 0, 0
L 626.0, 82.0, -131.0, 637.0, 76.0, -128.0, 0, 0, 0
L 637.0, 76.0, -128.0, 650.0, 71.0, -137.0, 0, 0, 0
L 650.0, 71.0, -137.0, 656.0, 69.0, -131.0, 0, 0, 0
L 656.0, 69.0, -131.0, 666.0, 64.0, -130.0, 0, 0, 0
L 666.0, 64.0, -130.0, 670.0, 55.0, -129.0, 0, 0, 0
L 670.0, 55.0, -129.0, 682.0, 40.0, -127.0, 0, 0, 0
L 682.0, 40.0, -127.0, 679.0, 30.0, -128.0, 0, 0, 0
L 679.0, 30.0, -128.0, 673.0, 25.0, -133.0, 0, 0, 0
L 673.0, 25.0, -133.0, 663.0, 17.0, -136.0, 0, 0, 0
L 663.0, 17.0, -136.0, 663.0, 9.0, -129.0, 0, 0, 0
L 663.0, 9.0, -129.0, 667.0, 0.0, -117.0, 0, 0, 0
L 667.0, 0.0, -117.0, 663.0, -17.0, -117.0, 0, 0, 0
L 663.0, -17.0, -117.0, 654.0, -28.0, -106.0, 0, 0, 0
L 654.0, -28.0, -106.0, 645.0, -33.0, -101.0, 0, 0, 0
L 645.0, -33.0, -101.0, 633.0, -31.0, -115.0, 0, 0, 0
L 633.0, -31.0, -115.0, 622.0, -26.0, -106.0, 0, 0, 0
L 622.0, -26.0, -106.0, 616.0, -21.0, -107.0, 0, 0, 0
L 616.0, -21.0, -107.0, 610.0, -18.0, -109.0, 0, 0, 0
L 610.0, -18.0, -109.0, 601.0, -17.0, -106.0, 0, 0, 0
L 601.0, -17.0, -106.0, 594.0, -29.0, -105.0, 0, 0, 0
L 594.0, -29.0, -105.0, 600.0, -43.0, -102.0, 0, 0, 0
L 600.0, -43.0, -102.0, 599.0, -59.0, -105.0, 0, 0, 0
L 599.0, -59.0, -105.0, 599.0, -71.0, -104.0, 0, 0, 0
L 599.0, -71.0, -104.0, 603.0, -81.0, -97.0, 0, 0, 0
L 603.0, -81.0, -97.0, 607.0, -90.0, -92.0, 0, 0, 0
L 607.0, -90.0, -92.0, 613.0, -97.0, -82.0, 0, 0, 0
L 613.0, -97.0, -82.0, 615.0, -104.0, -73.0, 0, 0, 0
L 615.0, -104.0, -73.0, 612.0, -118.0, -69.0, 0, 0, 0
L 612.0, -118.0, -69.0, 611.0, -130.0, -65.0, 0, 0, 0
L 611.0, -130.0, -65.0, 603.0, -138.0, -75.0, 0, 0, 0
L 603.0, -138.0, -75.0, 591.0, -137.0, -83.0, 0, 0, 0
L 591.0, -137.0, -83.0, 586.0, -139.0, -85.0, 0, 0, 0
L 586.0, -139.0, -85.0, 580.0, -146.0, -80.0, 0, 0, 0
L 580.0, -146.0, -80.0, 582.0, -159.0, -69.0, 0, 0, 0
L 582.0, -159.0, -69.0, 577.0, -171.0, -73.0, 0, 0, 0
L 577.0, -171.0, -73.0, 570.0, -189.0, -70.0, 0, 0, 0
L 570.0, -189.0, -70.0, 561.0, -197.0, -67.0, 0, 0, 0
L 561.0, -197.0, -67.0, 550.0, -206.0, -60.0, 0, 0, 0
L 550.0, -206.0, -60.0, 532.0, -205.0, -58.0, 0, 0, 0
L 532.0, -205.0, -58.0, 518.0, -209.0, -56.0, 0, 0, 0
L 518.0, -209.0, -56.0, 509.0, -223.0, -37.0, 0, 0, 0
L 509.0, -223.0, -37.0, 497.0, -231.0, -34.0, 0, 0, 0
L 497.0, -231.0, -34.0, 482.0, -233.0, -36.0, 0, 0, 0
L 481.0, -233.0, -36.0, 470.0, -225.0, -46.0, 0, 0, 0
L 470.0, -225.0, -46.0, 460.0, -216.0, -44.0, 0, 0, 0
L 460.0, -216.0, -44.0, 447.0, -214.0, -56.0, 0, 0, 0
L 447.0, -214.0, -56.0, 440.0, -226.0, -37.0, 0, 0, 0
L 440.0, -226.0, -37.0, 435.0, -225.0, -40.0, 0, 0, 0
L 435.0, -225.0, -40.0, 430.0, -215.0, -50.0, 0, 0, 0
L 430.0, -215.0, -50.0, 429.0, -207.0, -49.0, 0, 0, 0
L 429.0, -207.0, -49.0, 438.0, -191.0, -52.0, 0, 0, 0
L 438.0, -191.0, -52.0, 442.0, -182.0, -50.0, 0, 0, 0
L 442.0, -182.0, -50.0, 441.0, -167.0, -49.0, 0, 0, 0
L 441.0, -167.0, -49.0, 437.0, -161.0, -39.0, 0, 0, 0
L 437.0, -161.0, -39.0, 438.0, -158.0, -44.0, 0, 0, 0
L 438.0, -158.0, -44.0, 449.0, -149.0, -52.0, 0, 0, 0
L 449.0, -149.0, -52.0, 458.0, -147.0, -50.0, 0, 0, 0
L 458.0, -147.0, -50.0, 470.0, -150.0, -53.0, 0, 0, 0
L 470.0, -150.0, -53.0, 482.0, -137.0, -62.0, 0, 0, 0
L 482.0, -137.0, -62.0, 482.0, -133.0, -64.0, 0, 0, 0
L 482.0, -133.0, -64.0, 476.0, -128.0, -70.0, 0, 0, 0
L 476.0, -128.0, -70.0, 469.0, -127.0, -67.0, 0, 0, 0
L 469.0, -127.0, -67.0, 459.0, -126.0, -54.0, 0, 0, 0
L 459.0, -126.0, -54.0, 453.0, -114.0, -70.0, 0, 0, 0
L 453.0, -114.0, -70.0, 457.0, -100.0, -70.0, 0, 0, 0
L 457.0, -100.0, -70.0, 466.0, -82.0, -69.0, 0, 0, 0
L 466.0, -82.0, -69.0, 469.0, -72.0, -64.0, 0, 0, 0
L 469.0, -72.0, -64.0, 475.0, -61.0, -49.0, 0, 0, 0
L 475.0, -61.0, -49.0, 486.0, -46.0, -67.0, 0, 0, 0
L 486.0, -46.0, -67.0, 481.0, -42.0, -61.0, 0, 0, 0
L 481.0, -42.0, -61.0, 477.0, -39.0, -57.0, 0, 0, 0
L 477.0, -39.0, -57.0, 464.0, -36.0, -54.0, 0, 0, 0
L 464.0, -36.0, -54.0, 451.0, -41.0, -63.0, 0, 0, 0
L 451.0, -41.0, -63.0, 447.0, -56.0, -64.0, 0, 0, 0
L 447.0, -56.0, -64.0, 443.0, -67.0, -63.0, 0, 0, 0
L 443.0, -67.0, -63.0, 437.0, -74.0, -63.0, 0, 0, 0
L 437.0, -74.0, -63.0, 428.0, -80.0, -66.0, 0, 0, 0
L 428.0, -80.0, -66.0, 421.0, -84.0, -67.0, 0, 0, 0
L 421.0, -84.0, -67.0, 416.0, -93.0, -69.0, 0, 0, 0
L 416.0, -93.0, -69.0, 415.0, -103.0, -62.0, 0, 0, 0
L 415.0, -103.0, -62.0, 421.0, -111.0, -68.0, 0, 0, 0
L 421.0, -111.0, -68.0, 431.0, -108.0, -55.0, 0, 0, 0
L 431.0, -108.0, -55.0, 433.0, -118.0, -59.0, 0, 0, 0
L 433.0, -118.0, -59.0, 429.0, -130.0, -62.0, 0, 0, 0
L 429.0, -130.0, -62.0, 429.0, -140.0, -59.0, 0, 0, 0
L 429.0, -140.0, -59.0, 429.0, -153.0, -52.0, 0, 0, 0
L 429.0, -153.0, -52.0, 418.0, -169.0, -53.0, 0, 0, 0
L 418.0, -169.0, -53.0, 415.0, -181.0, -33.0, 0, 0, 0
L 415.0, -181.0, -33.0, 399.0, -181.0, -58.0, 0, 0, 0
L 399.0, -181.0, -58.0, 389.0, -182.0, -57.0, 0, 0, 0
L 389.0, -182.0, -57.0, 385.0, -185.0, -56.0, 0, 0, 0
L 385.0, -185.0, -56.0, 378.0, -192.0, -56.0, 0, 0, 0
L 378.0, -192.0, -56.0, 380.0, -197.0, -55.0, 0, 0, 0
L 380.0, -197.0, -55.0, 381.0, -209.0, -55.0, 0, 0, 0
L 381.0, -209.0, -55.0, 379.0, -212.0, -54.0, 0, 0, 0
L 379.0, -212.0, -54.0, 371.0, -214.0, -47.0, 0, 0, 0
L 371.0, -214.0, -47.0, 357.0, -209.0, -55.0, 0, 0, 0
L 357.0, -209.0, -55.0, 352.0, -209.0, -55.0, 0, 0, 0
L 352.0, -209.0, -55.0, 347.0, -209.0, -57.0, 0, 0, 0
L 347.0, -209.0, -57.0, 338.0, -216.0, -50.0, 0, 0, 0
L 338.0, -216.0, -50.0, 331.0, -208.0, -50.0, 0, 0, 0
L 331.0, -208.0, -50.0, 324.0, -200.0, -51.0, 0, 0, 0
L 324.0, -200.0, -51.0, 317.0, -185.0, -51.0, 0, 0, 0
L 317.0, -185.0, -51.0, 320.0, -176.0, -55.0, 0, 0, 0
L 320.0, -176.0, -55.0, 319.0, -168.0, -57.0, 0, 0, 0
L 319.0, -168.0, -57.0, 312.0, -163.0, -50.0, 0, 0, 0
L 312.0, -163.0, -50.0, 306.0, -157.0, -53.0, 0, 0, 0
L 306.0, -157.0, -53.0, 298.0, -155.0, -52.0, 0, 0, 0
L 298.0, -155.0, -52.0, 279.0, -155.0, -48.0, 0, 0, 0
L 279.0, -155.0, -48.0, 263.0, -149.0, -45.0, 0, 0, 0
L 263.0, -149.0, -45.0, 252.0, -139.0, -52.0, 0, 0, 0
L 252.0, -139.0, -52.0, 249.0, -131.0, -52.0, 0, 0, 0
L 249.0, -131.0, -52.0, 251.0, -117.0, -51.0, 0, 0, 0
L 251.0, -117.0, -51.0, 257.0, -91.0, -45.0, 0, 0, 0
L 257.0, -91.0, -45.0, 243.0, -86.0, -46.0, 0, 0, 0
L 243.0, -86.0, -46.0, 239.0, -76.0, -42.0, 0, 0, 0
L 239.0, -76.0, -42.0, 246.0, -72.0, -45.0, 0, 0, 0
L 246.0, -72.0, -45.0, 247.0, -60.0, -47.0, 0, 0, 0
L 247.0, -60.0, -47.0, 249.0, -54.0, -49.0, 0, 0, 0
L 249.0, -54.0, -49.0, 247.0, -46.0, -47.0, 0, 0, 0
L 247.0, -46.0, -47.0, 244.0, -43.0, -47.0, 0, 0, 0
L 244.0, -43.0, -47.0, 236.0, -41.0, -39.0, 0, 0, 0
L 236.0, -41.0, -39.0, 233.0, -29.0, -39.0, 0, 0, 0
L 233.0, -29.0, -39.0, 242.0, -26.0, -37.0, 0, 0, 0
L 242.0, -26.0, -37.0, 254.0, -26.0, -47.0, 0, 0, 0
L 254.0, -26.0, -47.0, 269.0, -17.0, -45.0, 0, 0, 0
L 269.0, -17.0, -45.0, 270.0, -9.0, -45.0, 0, 0, 0
L 270.0, -9.0, -45.0, 272.0, -2.0, -47.0, 0, 0, 0
L 272.0, -2.0, -47.0, 261.0, 3.0, -46.0, 0, 0, 0
L 261.0, 3.0, -46.0, 248.0, 19.0, -43.0, 0, 0, 0
L 248.0, 19.0, -43.0, 241.0, 27.0, -43.0, 0, 0, 0
L 241.0, 27.0, -43.0, 231.0, 36.0, -43.0, 0, 0, 0
L 231.0, 36.0, -43.0, 227.0, 40.0, -43.0, 0, 0, 0
L 227.0, 40.0, -43.0, 222.0, 44.0, -42.0, 0, 0, 0
L 222.0, 44.0, -42.0, 221.0, 42.0, -38.0, 0, 0, 0
L 221.0, 42.0, -38.0, 215.0, 20.0, -13.0, 0, 0, 0
L 215.0, 20.0, -13.0, 195.0, 0.0, 1.0, 0, 0, 0
L 195.0, 0.0, 1.0, 184.0, -7.0, 3.0, 0, 0, 0
L 184.0, -7.0, 3.0, 129.0, -39.0, 17.0, 0, 0, 0
L 129.0, -39.0, 17.0, 75.0, -58.0, 20.0, 0, 0, 0
L 75.0, -58.0, 20.0, 53.0, -64.0, 26.0, 0, 0, 0
L 53.0, -64.0, 26.0, 24.0, -65.0, 26.0, 0, 0, 0
L 24.0, -65.0, 26.0, -13.0, -57.0, 11.0, 0, 0, 0
L -13.0, -57.0, 11.0, -32.0, -53.0, 14.0, 0, 0, 0
L -32.0, -53.0, 14.0, -58.0, -47.0, 13.0, 0, 0, 0
L -58.0, -47.0, 13.0, -80.0, -46.0, 17.0, 0, 0, 0
L -80.0, -46.0, 17.0, -106.0, -44.0, 26.0, 0, 0, 0
L -106.0, -44.0, 26.0, -106.0, -33.0, 22.0, 0, 0, 0
L -106.0, -33.0, 22.0, -94.0, 3.0, 6.0, 0, 0, 0
L 330.0, -111.0, -53.0, 337.0, -97.0, -52.0, 0, 0, 0
L 337.0, -97.0, -52.0, 344.0, -94.0, -47.0, 0, 0, 0
L 344.0, -94.0, -47.0, 349.0, -100.0, -55.0, 0, 0, 0
L 349.0, -100.0, -55.0, 358.0, -97.0, -56.0, 0, 0, 0
L 358.0, -97.0, -56.0, 367.0, -88.0, -57.0, 0, 0, 0
L 367.0, -88.0, -57.0, 370.0, -76.0, -57.0, 0, 0, 0
L 370.0, -76.0, -57.0, 369.0, -61.0, -55.0, 0, 0, 0
L 369.0, -61.0, -55.0, 359.0, -52.0, -44.0, 0, 0, 0
L 359.0, -52.0, -44.0, 355.0, -43.0, -46.0, 0, 0, 0
L 355.0, -43.0, -46.0, 339.0, -43.0, -46.0, 0, 0, 0
L 339.0, -43.0, -46.0, 332.0, -51.0, -43.0, 0, 0, 0
L 332.0, -51.0, -43.0, 323.0, -53.0, -45.0, 0, 0, 0
L 323.0, -53.0, -45.0, 318.0, -57.0, -46.0, 0, 0, 0
L 318.0, -57.0, -46.0, 315.0, -69.0, -37.0, 0, 0, 0
L 315.0, -69.0, -37.0, 305.0, -91.0, -44.0, 0, 0, 0
L 305.0, -91.0, -44.0, 299.0, -99.0, -39.0, 0, 0, 0
L 299.0, -99.0, -39.0, 294.0, -104.0, -33.0, 0, 0, 0
L 294.0, -104.0, -33.0, 291.0, -105.0, -28.0, 0, 0, 0
L 291.0, -105.0, -28.0, 284.0, -113.0, -49.0, 0, 0, 0
L 284.0, -113.0, -49.0, 283.0, -122.0, -52.0, 0, 0, 0
L 283.0, -122.0, -52.0, 287.0, -130.0, -55.0, 0, 0, 0
L 287.0, -130.0, -55.0, 295.0, -130.0, -53.0, 0, 0, 0
L 295.0, -130.0, -53.0, 302.0, -129.0, -50.0, 0, 0, 0
L 302.0, -129.0, -50.0, 307.0, -131.0, -53.0, 0, 0, 0
L 307.0, -131.0, -53.0, 316.0, -131.0, -55.0, 0, 0, 0
L 316.0, -131.0, -55.0, 324.0, -126.0, -56.0, 0, 0, 0
L 324.0, -126.0, -56.0, 330.0, -111.0, -53.0, 0, 0, 0
L 580.0, 10.0, -108.0, 583.0, 29.0, -108.0, 0, 0, 0
L 583.0, 29.0, -108.0, 585.0, 33.0, -111.0, 0, 0, 0
L 585.0, 33.0, -111.0, 585.0, 41.0, -112.0, 0, 0, 0
L 585.0, 41.0, -112.0, 585.0, 47.0, -113.0, 0, 0, 0
L 585.0, 47.0, -113.0, 582.0, 49.0, -111.0, 0, 0, 0
L 582.0, 49.0, -111.0, 577.0, 51.0, -109.0, 0, 0, 0
L 577.0, 51.0, -109.0, 571.0, 55.0, -113.0, 0, 0, 0
L 571.0, 55.0, -113.0, 567.0, 56.0, -113.0, 0, 0, 0
L 567.0, 56.0, -113.0, 556.0, 55.0, -106.0, 0, 0, 0
L 556.0, 55.0, -106.0, 541.0, 60.0, -115.0, 0, 0, 0
L 541.0, 60.0, -115.0, 529.0, 65.0, -123.0, 0, 0, 0
L 529.0, 65.0, -123.0, 521.0, 64.0, -124.0, 0, 0, 0
L 521.0, 64.0, -124.0, 513.0, 68.0, -127.0, 0, 0, 0
L 513.0, 68.0, -127.0, 507.0, 62.0, -126.0, 0, 0, 0
L 507.0, 62.0, -126.0, 510.0, 43.0, -118.0, 0, 0, 0
L 510.0, 43.0, -118.0, 517.0, 41.0, -112.0, 0, 0, 0
L 535.0, 19.0, -107.0, 540.0, 14.0, -105.0, 0, 0, 0
L 540.0, 14.0, -105.0, 549.0, 2.0, -108.0, 0, 0, 0
L 549.0, 2.0, -108.0, 559.0, 5.0, -105.0, 0, 0, 0
L 559.0, 5.0, -105.0, 566.0, 2.0, -105.0, 0, 0, 0
L 566.0, 2.0, -105.0, 573.0, 3.0, -107.0, 0, 0, 0
L 573.0, 3.0, -107.0, 578.0, 6.0, -108.0, 0, 0, 0
L 578.0, 6.0, -108.0, 580.0, 10.0, -108.0, 0, 0, 0
L 93.0, 450.0, -116.0, 116.0, 455.0, -119.0, 0, 0, 0
L 116.0, 455.0, -119.0, 149.0, 471.0, -117.0, 0, 0, 0
L 149.0, 471.0, -117.0, 140.0, 480.0, -106.0, 0, 0, 0
L 140.0, 480.0, -106.0, 132.0, 487.0, -99.0, 0, 0, 0
L 132.0, 487.0, -99.0, 100.0, 517.0, -105.0, 0, 0, 0
L 100.0, 517.0, -105.0, 90.0, 529.0, -111.0, 0, 0, 0
L 90.0, 529.0, -111.0, 47.0, 562.0, -111.0, 0, 0, 0
L 47.0, 562.0, -111.0, 6.0, 585.0, -101.0, 0, 0, 0
L 6.0, 585.0, -101.0, -34.0, 609.0, -94.0, 0, 0, 0
L -34.0, 609.0, -94.0, -41.0, 609.0, -96.0, 0, 0, 0
L -41.0, 609.0, -96.0, -44.0, 599.0, -90.0, 0, 0, 0
L -44.0, 599.0, -90.0, -56.0, 589.0, -90.0, 0, 0, 0
L -56.0, 589.0, -90.0, -69.0, 581.0, -91.0, 0, 0, 0
L -69.0, 581.0, -91.0, -89.0, 577.0, -91.0, 0, 0, 0
L -89.0, 577.0, -91.0, -100.0, 576.0, -91.0, 0, 0, 0
L -100.0, 576.0, -91.0, -111.0, 576.0, -91.0, 0, 0, 0
L -111.0, 576.0, -91.0, -126.0, 563.0, -87.0, 0, 0, 0
L -126.0, 563.0, -87.0, -144.0, 553.0, -87.0, 0, 0, 0
L -144.0, 553.0, -87.0, -161.0, 549.0, -90.0, 0, 0, 0
L -161.0, 549.0, -90.0, -168.0, 548.0, -91.0, 0, 0, 0
L -168.0, 548.0, -91.0, -169.0, 540.0, -90.0, 0, 0, 0
L -169.0, 540.0, -90.0, -169.0, 531.0, -90.0, 0, 0, 0
L -169.0, 531.0, -90.0, -168.0, 515.0, -90.0, 0, 0, 0
L -168.0, 515.0, -90.0, -158.0, 491.0, -90.0, 0, 0, 0
L -158.0, 491.0, -90.0, -153.0, 484.0, -92.0, 0, 0, 0
L -153.0, 484.0, -92.0, -142.0, 489.0, -95.0, 0, 0, 0
L -142.0, 489.0, -95.0, -123.0, 488.0, -94.0, 0, 0, 0
L -123.0, 488.0, -94.0, -111.0, 481.0, -94.0, 0, 0, 0
L -111.0, 481.0, -94.0, -102.0, 471.0, -94.0, 0, 0, 0
L -102.0, 471.0, -94.0, -98.0, 458.0, -94.0, 0, 0, 0
L -98.0, 458.0, -94.0, -99.0, 446.0, -94.0, 0, 0, 0
L -99.0, 446.0, -94.0, -102.0, 437.0, -88.0, 0, 0, 0
L -102.0, 437.0, -88.0, -100.0, 433.0, -90.0, 0, 0, 0
L -100.0, 433.0, -90.0, -91.0, 424.0, -90.0, 0, 0, 0
L -91.0, 424.0, -90.0, -77.0, 411.0, -90.0, 0, 0, 0
L -77.0, 411.0, -90.0, -67.0, 403.0, -93.0, 0, 0, 0
L -67.0, 403.0, -93.0, -56.0, 408.0, -92.0, 0, 0, 0
L -56.0, 408.0, -92.0, -43.0, 411.0, -93.0, 0, 0, 0
L -43.0, 411.0, -93.0, -31.0, 413.0, -86.0, 0, 0, 0
L -31.0, 413.0, -86.0, -11.0, 410.0, -86.0, 0, 0, 0
L -11.0, 410.0, -86.0, -8.0, 409.0, -87.0, 0, 0, 0
L -8.0, 409.0, -87.0, -3.0, 412.0, -90.0, 0, 0, 0
L -3.0, 412.0, -90.0, 9.0, 427.0, -91.0, 0, 0, 0
L 9.0, 427.0, -91.0, 30.0, 442.0, -95.0, 0, 0, 0
L 30.0, 442.0, -95.0, 46.0, 450.0, -98.0, 0, 0, 0
L 46.0, 450.0, -98.0, 66.0, 451.0, -106.0, 0, 0, 0
L 66.0, 451.0, -106.0, 83.0, 451.0, -112.0, 0, 0, 0
L 83.0, 451.0, -112.0, 93.0, 450.0, -116.0, 0, 0, 0
L -215.0, 402.0, -91.0, -210.0, 402.0, -90.0, 0, 0, 0
L -210.0, 402.0, -90.0, -201.0, 403.0, -91.0, 0, 0, 0
L -201.0, 403.0, -91.0, -189.0, 407.0, -90.0, 0, 0, 0
L -189.0, 407.0, -90.0, -174.0, 416.0, -90.0, 0, 0, 0
L -174.0, 416.0, -90.0, -168.0, 422.0, -91.0, 0, 0, 0
L -168.0, 422.0, -91.0, -166.0, 429.0, -92.0, 0, 0, 0
L -166.0, 429.0, -92.0, -172.0, 442.0, -94.0, 0, 0, 0
L -172.0, 442.0, -94.0, -173.0, 455.0, -94.0, 0, 0, 0
L -173.0, 455.0, -94.0, -172.0, 468.0, -90.0, 0, 0, 0
L -172.0, 468.0, -90.0, -174.0, 476.0, -90.0, 0, 0, 0
L -174.0, 476.0, -90.0, -182.0, 490.0, -90.0, 0, 0, 0
L -182.0, 490.0, -90.0, -189.0, 511.0, -90.0, 0, 0, 0
L -189.0, 511.0, -90.0, -191.0, 532.0, -90.0, 0, 0, 0
L -191.0, 532.0, -90.0, -190.0, 547.0, -90.0, 0, 0, 0
L -190.0, 547.0, -90.0, -189.0, 550.0, -91.0, 0, 0, 0
L -189.0, 550.0, -91.0, -189.0, 553.0, -91.0, 0, 0, 0
L -189.0, 553.0, -91.0, -202.0, 563.0, -92.0, 0, 0, 0
L -202.0, 563.0, -92.0, -218.0, 575.0, -87.0, 0, 0, 0
L -218.0, 575.0, -87.0, -229.0, 596.0, -89.0, 0, 0, 0
L -229.0, 596.0, -89.0, -229.0, 613.0, -92.0, 0, 0, 0
L -229.0, 613.0, -92.0, -229.0, 624.0, -93.0, 0, 0, 0
L -229.0, 624.0, -93.0, -224.0, 639.0, -92.0, 0, 0, 0
L -224.0, 639.0, -92.0, -220.0, 651.0, -87.0, 0, 0, 0
L -220.0, 651.0, -87.0, -215.0, 658.0, -90.0, 0, 0, 0
L -215.0, 658.0, -90.0, -231.0, 668.0, -90.0, 0, 0, 0
L -231.0, 668.0, -90.0, -245.0, 674.0, -90.0, 0, 0, 0
L -245.0, 674.0, -90.0, -263.0, 676.0, -90.0, 0, 0, 0
L -263.0, 676.0, -90.0, -276.0, 674.0, -90.0, 0, 0, 0
L -276.0, 674.0, -90.0, -288.0, 671.0, -90.0, 0, 0, 0
L -288.0, 671.0, -90.0, -297.0, 667.0, -90.0, 0, 0, 0
L -297.0, 667.0, -90.0, -305.0, 663.0, -90.0, 0, 0, 0
L -305.0, 663.0, -90.0, -320.0, 649.0, -90.0, 0, 0, 0
L -320.0, 649.0, -90.0, -328.0, 633.0, -90.0, 0, 0, 0
L -328.0, 633.0, -90.0, -332.0, 618.0, -90.0, 0, 0, 0
L -332.0, 618.0, -90.0, -334.0, 605.0, -91.0, 0, 0, 0
L -334.0, 605.0, -91.0, -332.0, 599.0, -88.0, 0, 0, 0
L -332.0, 599.0, -88.0, -319.0, 593.0, -92.0, 0, 0, 0
L -319.0, 593.0, -92.0, -307.0, 590.0, -88.0, 0, 0, 0
L -307.0, 590.0, -88.0, -292.0, 576.0, -87.0, 0, 0, 0
L -292.0, 576.0, -87.0, -282.0, 561.0, -87.0, 0, 0, 0
L -282.0, 561.0, -87.0, -278.0, 548.0, -87.0, 0, 0, 0
L -278.0, 548.0, -87.0, -276.0, 536.0, -88.0, 0, 0, 0
L -276.0, 536.0, -88.0, -282.0, 507.0, -90.0, 0, 0, 0
L -282.0, 507.0, -90.0, -294.0, 488.0, -88.0, 0, 0, 0
L -294.0, 488.0, -88.0, -300.0, 483.0, -88.0, 0, 0, 0
L -300.0, 483.0, -88.0, -325.0, 471.0, -91.0, 0, 0, 0
L -325.0, 471.0, -91.0, -327.0, 465.0, -91.0, 0, 0, 0
L -327.0, 465.0, -91.0, -324.0, 456.0, -90.0, 0, 0, 0
L -324.0, 456.0, -90.0, -317.0, 442.0, -90.0, 0, 0, 0
L -317.0, 442.0, -90.0, -306.0, 431.0, -90.0, 0, 0, 0
L -306.0, 431.0, -90.0, -295.0, 424.0, -92.0, 0, 0, 0
L -295.0, 424.0, -92.0, -288.0, 424.0, -93.0, 0, 0, 0
L -288.0, 424.0, -93.0, -277.0, 434.0, -94.0, 0, 0, 0
L -277.0, 434.0, -94.0, -258.0, 440.0, -94.0, 0, 0, 0
L -258.0, 440.0, -94.0, -241.0, 436.0, -94.0, 0, 0, 0
L -241.0, 436.0, -94.0, -226.0, 423.0, -94.0, 0, 0, 0
L -226.0, 423.0, -94.0, -221.0, 406.0, -92.0, 0, 0, 0
L -221.0, 406.0, -92.0, -219.0, 403.0, -91.0, 0, 0, 0
L -219.0, 403.0, -91.0, -214.0, 402.0, -91.0, 0, 0, 0
L 158.0, 520.0, -135.0, 152.0, 544.0, -141.0, 178, 102, 255
L 152.0, 544.0, -141.0, 148.0, 557.0, -140.0, 178, 102, 255
L 148.0, 557.0, -140.0, 141.0, 560.0, -146.0, 178, 102, 255
L 141.0, 560.0, -146.0, 132.0, 571.0, -146.0, 178, 102, 255
L 107.0, 593.0, -147.0, 101.0, 587.0, -146.0, 178, 102, 255
L 101.0, 587.0, -146.0, 91.0, 585.0, -146.0, 178, 102, 255
L 91.0, 585.0, -146.0, 81.0, 588.0, -146.0, 178, 102, 255
L 81.0, 588.0, -146.0, 74.0, 594.0, -146.0, 178, 102, 255
L 74.0, 594.0, -146.0, 71.0, 600.0, -146.0, 178, 102, 255
L 71.0, 600.0, -146.0, 70.0, 610.0, -146.0, 178, 102, 255
L 70.0, 610.0, -146.0, 74.0, 619.0, -146.0, 178, 102, 255
L 74.0, 619.0, -146.0, 78.0, 622.0, -146.0, 178, 102, 255
L 78.0, 622.0, -146.0, 73.0, 627.0, -148.0, 178, 102, 255
L 73.0, 627.0, -148.0, 66.0, 628.0, -146.0, 178, 102, 255
L 66.0, 628.0, -146.0, 60.0, 633.0, -146.0, 178, 102, 255
L 60.0, 633.0, -146.0, 55.0, 642.0, -146.0, 178, 102, 255
L 55.0, 642.0, -146.0, 54.0, 653.0, -146.0, 178, 102, 255
L 54.0, 653.0, -146.0, 59.0, 662.0, -146.0, 178, 102, 255
L 59.0, 662.0, -146.0, 68.0, 670.0, -146.0, 178, 102, 255
L 68.0, 670.0, -146.0, 72.0, 673.0, -146.0, 178, 102, 255
L 72.0, 673.0, -146.0, 86.0, 673.0, -146.0, 178, 102, 255
L 86.0, 673.0, -146.0, 93.0, 669.0, -146.0, 178, 102, 255
L 93.0, 669.0, -146.0, 99.0, 663.0, -146.0, 178, 102, 255
L 99.0, 663.0, -146.0, 104.0, 655.0, -146.0, 178, 102, 255
L 104.0, 655.0, -146.0, 107.0, 652.0, -146.0, 178, 102, 255
L 107.0, 652.0, -146.0, 111.0, 656.0, -146.0, 178, 102, 255
L 111.0, 656.0, -146.0, 123.0, 659.0, -146.0, 178, 102, 255
L 123.0, 659.0, -146.0, 130.0, 658.0, -146.0, 178, 102, 255
L 130.0, 658.0, -146.0, 142.0, 651.0, -146.0, 178, 102, 255
L 142.0, 651.0, -146.0, 148.0, 641.0, -146.0, 178, 102, 255
L 148.0, 641.0, -146.0, 149.0, 631.0, -146.0, 178, 102, 255
L 149.0, 631.0, -146.0, 144.0, 618.0, -146.0, 178, 102, 255
L 144.0, 618.0, -146.0, 150.0, 615.0, -147.0, 178, 102, 255
L 150.0, 615.0, -147.0, 153.0, 612.0, -147.0, 178, 102, 255
L 153.0, 612.0, -147.0, 154.0, 602.0, -147.0, 178, 102, 255
L 154.0, 602.0, -147.0, 157.0, 596.0, -146.0, 178, 102, 255
L 157.0, 596.0, -146.0, 165.0, 591.0, -146.0, 178, 102, 255
L 165.0, 591.0, -146.0, 169.0, 585.0, -146.0, 178, 102, 255
L 169.0, 585.0, -146.0, 170.0, 575.0, -146.0, 178, 102, 255
L 170.0, 575.0, -146.0, 167.0, 567.0, -146.0, 178, 102, 255
L 167.0, 567.0, -146.0, 163.0, 563.0, -144.0, 178, 102, 255
L 163.0, 563.0, -144.0, 162.0, 559.0, -141.0, 178, 102, 255
L 162.0, 559.0, -141.0, 167.0, 538.0, -140.0, 178, 102, 255
L 167.0, 538.0, -140.0, 169.0, 524.0, -138.0, 178, 102, 255
L 132.0, 571.0, -146.0, 131.0, 579.0, -146.0, 178, 102, 255
L 131.0, 579.0, -146.0, 132.0, 584.0, -146.0, 178, 102, 255
L 132.0, 584.0, -146.0, 138.0, 594.0, -146.0, 178, 102, 255
L 138.0, 594.0, -146.0, 132.0, 601.0, -147.0, 178, 102, 255
L 132.0, 601.0, -147.0, 131.0, 607.0, -146.0, 178, 102, 255
L 131.0, 607.0, -146.0, 127.0, 609.0, -146.0, 178, 102, 255
L 127.0, 609.0, -146.0, 120.0, 608.0, -146.0, 178, 102, 255
L 120.0, 608.0, -146.0, 114.0, 611.0, -146.0, 178, 102, 255
L 114.0, 611.0, -146.0, 111.0, 612.0, -146.0, 178, 102, 255
L 111.0, 612.0, -146.0, 113.0, 604.0, -146.0, 178, 102, 255
L 113.0, 604.0, -146.0, 111.0, 598.0, -146.0, 178, 102, 255
L 111.0, 598.0, -146.0, 107.0, 593.0, -147.0, 178, 102, 255
L 291.0, 349.0, -138.0, 298.0, 346.0, -134.0, 255, 0, 0
L 298.0, 346.0, -134.0, 313.0, 323.0, -141.0, 255, 0, 0
L 313.0, 323.0, -141.0, 317.0, 306.0, -139.0, 255, 0, 0
L 317.0, 306.0, -139.0, 316.0, 296.0, -139.0, 255, 0, 0
L 316.0, 296.0, -139.0, 314.0, 285.0, -139.0, 255, 0, 0
L 314.0, 285.0, -139.0, 310.0, 273.0, -139.0, 255, 0, 0
L 310.0, 273.0, -139.0, 318.0, 256.0, -139.0, 255, 0, 0
L 318.0, 256.0, -139.0, 321.0, 246.0, -139.0, 255, 0, 0
L 321.0, 246.0, -139.0, 319.0, 241.0, -139.0, 255, 0, 0
L 319.0, 241.0, -139.0, 311.0, 236.0, -139.0, 255, 0, 0
L 311.0, 236.0, -139.0, 305.0, 220.0, -139.0, 255, 0, 0
L 305.0, 220.0, -139.0, 303.0, 212.0, -139.0, 255, 0, 0
L 303.0, 212.0, -139.0, 300.0, 203.0, -139.0, 255, 0, 0
L 300.0, 203.0, -139.0, 299.0, 197.0, -139.0, 255, 0, 0
L 299.0, 197.0, -139.0, 298.0, 187.0, -139.0, 255, 0, 0
L 298.0, 187.0, -139.0, 299.0, 180.0, -139.0, 255, 0, 0
L 299.0, 180.0, -139.0, 286.0, 159.0, -139.0, 255, 0, 0
L 286.0, 159.0, -139.0, 281.0, 147.0, -139.0, 255, 0, 0
L 281.0, 147.0, -139.0, 271.0, 133.0, -139.0, 255, 0, 0
L 271.0, 133.0, -139.0, 268.0, 129.0, -138.0, 255, 0, 0
L 268.0, 129.0, -138.0, 265.0, 126.0, -138.0, 255, 0, 0
L 265.0, 126.0, -138.0, 265.0, 109.0, -151.0, 255, 0, 0
L 265.0, 109.0, -151.0, 261.0, 97.0, -153.0, 255, 0, 0
L 261.0, 97.0, -153.0, 262.0, 108.0, -139.0, 255, 0, 0
L 262.0, 108.0, -139.0, 259.0, 113.0, -139.0, 255, 0, 0
L 259.0, 113.0, -139.0, 258.0, 122.0, -139.0, 255, 0, 0
L 258.0, 122.0, -139.0, 254.0, 128.0, -139.0, 255, 0, 0
L 254.0, 128.0, -139.0, 247.0, 138.0, -141.0, 255, 0, 0
L 247.0, 138.0, -141.0, 234.0, 143.0, -143.0, 255, 0, 0
L 234.0, 143.0, -143.0, 225.0, 147.0, -139.0, 255, 0, 0
L 225.0, 147.0, -139.0, 222.0, 149.0, -139.0, 255, 0, 0
L 222.0, 149.0, -139.0, 219.0, 148.0, -139.0, 255, 0, 0
L 219.0, 148.0, -139.0, 214.0, 145.0, -138.0, 255, 0, 0
L 214.0, 145.0, -138.0, 207.0, 142.0, -139.0, 255, 0, 0
L 207.0, 142.0, -139.0, 201.0, 137.0, -161.0, 255, 0, 0
L 201.0, 137.0, -161.0, 201.0, 145.0, -160.0, 255, 0, 0
L 201.0, 145.0, -160.0, 204.0, 157.0, -152.0, 255, 0, 0
L 204.0, 157.0, -152.0, 211.0, 162.0, -147.0, 255, 0, 0
L 211.0, 162.0, -147.0, 219.0, 175.0, -141.0, 255, 0, 0
L 219.0, 175.0, -141.0, 224.0, 190.0, -140.0, 255, 0, 0
L 224.0, 190.0, -140.0, 226.0, 195.0, -139.0, 255, 0, 0
L 226.0, 195.0, -139.0, 227.0, 201.0, -139.0, 255, 0, 0
L 227.0, 201.0, -139.0, 231.0, 207.0, -139.0, 255, 0, 0
L 231.0, 207.0, -139.0, 249.0, 223.0, -139.0, 255, 0, 0
L 249.0, 223.0, -139.0, 242.0, 231.0, -139.0, 255, 0, 0
L 242.0, 231.0, -139.0, 249.0, 262.0, -139.0, 255, 0, 0
L 249.0, 262.0, -139.0, 248.0, 284.0, -143.0, 255, 0, 0
L 248.0, 284.0, -143.0, 245.0, 299.0, -149.0, 255, 0, 0
L 245.0, 299.0, -149.0, 246.0, 324.0, -156.0, 255, 0, 0
L 246.0, 324.0, -156.0, 242.0, 344.0, -161.0, 255, 0, 0
L 242.0, 344.0, -161.0, 231.0, 357.0, -161.0, 255, 0, 0
L 231.0, 357.0, -161.0, 226.0, 369.0, -161.0, 255, 0, 0
L 226.0, 369.0, -161.0, 224.0, 372.0, -161.0, 255, 0, 0
L 224.0, 372.0, -161.0, 233.0, 364.0, -162.0, 255, 0, 0
L 233.0, 364.0, -162.0, 237.0, 363.0, -162.0, 255, 0, 0
L 237.0, 363.0, -162.0, 244.0, 375.0, -160.0, 255, 0, 0
L 244.0, 375.0, -160.0, 249.0, 384.0, -159.0, 255, 0, 0
L 249.0, 384.0, -159.0, 249.0, 391.0, -159.0, 255, 0, 0
L 249.0, 391.0, -159.0, 248.0, 407.0, -158.0, 255, 0, 0
L 248.0, 407.0, -158.0, 249.0, 415.0, -158.0, 255, 0, 0
L 249.0, 415.0, -158.0, 250.0, 406.0, -158.0, 255, 0, 0
L 250.0, 406.0, -158.0, 253.0, 400.0, -158.0, 255, 0, 0
L 253.0, 400.0, -158.0, 258.0, 391.0, -159.0, 255, 0, 0
L 258.0, 391.0, -159.0, 272.0, 382.0, -158.0, 255, 0, 0
L 272.0, 382.0, -158.0, 281.0, 380.0, -158.0, 255, 0, 0
L 281.0, 380.0, -158.0, 289.0, 394.0, -160.0, 255, 0, 0
L 289.0, 394.0, -160.0, 285.0, 377.0, -159.0, 255, 0, 0
L 285.0, 377.0, -159.0, 278.0, 369.0, -158.0, 255, 0, 0
L 278.0, 369.0, -158.0, 282.0, 355.0, -158.0, 255, 0, 0
L 282.0, 355.0, -158.0, 291.0, 349.0, -138.0, 255, 0, 0
L 261.0, 389.0, -128.0, 263.0, 371.0, -127.0, 139, 69, 19
L 263.0, 371.0, -127.0, 273.0, 343.0, -122.0, 139, 69, 19
L 273.0, 343.0, -122.0, 284.0, 314.0, -122.0, 139, 69, 19
L 284.0, 314.0, -122.0, 289.0, 295.0, -120.0, 139, 69, 19
L 289.0, 295.0, -120.0, 293.0, 281.0, -119.0, 139, 69, 19
L 293.0, 281.0, -119.0, 290.0, 258.0, -117.0, 139, 69, 19
L 290.0, 258.0, -117.0, 296.0, 242.0, -117.0, 139, 69, 19
L 296.0, 242.0, -117.0, 298.0, 233.0, -116.0, 139, 69, 19
L 298.0, 233.0, -116.0, 287.0, 224.0, -109.0, 139, 69, 19
L 287.0, 224.0, -109.0, 281.0, 207.0, -106.0, 139, 69, 19
L 281.0, 207.0, -106.0, 269.0, 191.0, -103.0, 139, 69, 19
L 269.0, 191.0, -103.0, 275.0, 175.0, -110.0, 139, 69, 19
L 275.0, 175.0, -110.0, 270.0, 165.0, -107.0, 139, 69, 19
L 270.0, 165.0, -107.0, 262.0, 164.0, -103.0, 139, 69, 19
L 262.0, 164.0, -103.0, 260.0, 163.0, -86.0, 139, 69, 19
L 260.0, 163.0, -86.0, 255.0, 161.0, -80.0, 139, 69, 19
L 255.0, 161.0, -80.0, 255.0, 151.0, -73.0, 139, 69, 19
L 255.0, 151.0, -73.0, 254.0, 147.0, -70.0, 139, 69, 19
L 254.0, 147.0, -70.0, 250.0, 139.0, -68.0, 139, 69, 19
L 250.0, 139.0, -68.0, 242.0, 133.0, -67.0, 139, 69, 19
L 229.0, 138.0, -70.0, 230.0, 150.0, -72.0, 139, 69, 19
L 230.0, 150.0, -72.0, 234.0, 163.0, -83.0, 139, 69, 19
L 234.0, 163.0, -83.0, 234.0, 184.0, -100.0, 139, 69, 19
L 234.0, 184.0, -100.0, 241.0, 192.0, -102.0, 139, 69, 19
L 241.0, 192.0, -102.0, 256.0, 198.0, -103.0, 139, 69, 19
L 256.0, 198.0, -103.0, 259.0, 215.0, -105.0, 139, 69, 19
L 259.0, 215.0, -105.0, 269.0, 227.0, -107.0, 139, 69, 19
L 269.0, 227.0, -107.0, 266.0, 240.0, -115.0, 139, 69, 19
L 266.0, 240.0, -115.0, 262.0, 250.0, -117.0, 139, 69, 19
L 262.0, 250.0, -117.0, 270.0, 256.0, -119.0, 139, 69, 19
L 270.0, 256.0, -118.0, 277.0, 259.0, -117.0, 139, 69, 19
L 277.0, 259.0, -117.0, 275.0, 283.0, -121.0, 139, 69, 19
L 275.0, 283.0, -121.0, 270.0, 314.0, -125.0, 139, 69, 19
L 270.0, 314.0, -125.0, 266.0, 324.0, -122.0, 139, 69, 19
L 266.0, 324.0, -122.0, 262.0, 343.0, -122.0, 139, 69, 19
L 262.0, 343.0, -122.0, 256.0, 351.0, -126.0, 139, 69, 19
L 256.0, 351.0, -126.0, 245.0, 362.0, -122.0, 139, 69, 19
L 245.0, 362.0, -122.0, 237.0, 366.0, -117.0, 139, 69, 19
L 190.0, 1086.0, -40.0, 196.0, 1057.0, -75.0, 255, 0, 0
L 196.0, 1057.0, -75.0, 198.0, 1042.0, -80.0, 255, 0, 0
L 198.0, 1042.0, -80.0, 209.0, 1014.0, -87.0, 255, 0, 0
L 209.0, 1014.0, -87.0, 222.0, 1005.0, -87.0, 255, 0, 0
L 222.0, 1005.0, -87.0, 239.0, 1007.0, -87.0, 255, 0, 0
L 239.0, 1007.0, -87.0, 244.0, 1000.0, -77.0, 255, 0, 0
L 531.0, 551.0, -146.0, 520.0, 551.0, -146.0, 0, 0, 0
L 520.0, 551.0, -146.0, 512.0, 551.0, -147.0, 0, 0, 0
L 512.0, 551.0, -147.0, 504.0, 550.0, -147.0, 0, 0, 0
L 504.0, 550.0, -147.0, 501.0, 547.0, -148.0, 0, 0, 0
L 501.0, 547.0, -148.0, 499.0, 542.0, -149.0, 0, 0, 0
L 499.0, 542.0, -149.0, 500.0, 536.0, -146.0, 0, 0, 0
L 500.0, 536.0, -146.0, 505.0, 533.0, -142.0, 0, 0, 0
L 505.0, 533.0, -142.0, 508.0, 533.0, -143.0, 0, 0, 0
L 508.0, 533.0, -143.0, 519.0, 529.0, -137.0, 0, 0, 0
L 519.0, 529.0, -137.0, 525.0, 532.0, -133.0, 0, 0, 0
L 525.0, 532.0, -133.0, 534.0, 535.0, -129.0, 0, 0, 0
L 534.0, 535.0, -129.0, 541.0, 530.0, -128.0, 0, 0, 0
L 541.0, 530.0, -128.0, 551.0, 528.0, -125.0, 0, 0, 0
L 551.0, 528.0, -125.0, 557.0, 527.0, -124.0, 0, 0, 0
L 557.0, 527.0, -124.0, 569.0, 528.0, -123.0, 0, 0, 0
L 569.0, 528.0, -123.0, 589.0, 514.0, -121.0, 0, 0, 0
L 589.0, 514.0, -121.0, 599.0, 511.0, -116.0, 0, 0, 0
L 599.0, 511.0, -116.0, 601.0, 503.0, -115.0, 0, 0, 0
L 601.0, 503.0, -115.0, 605.0, 493.0, -112.0, 0, 0, 0
L 605.0, 493.0, -112.0, 612.0, 480.0, -109.0, 0, 0, 0
L 612.0, 480.0, -109.0, 614.0, 468.0, -107.0, 0, 0, 0
L 614.0, 468.0, -107.0, 616.0, 459.0, -106.0, 0, 0, 0
L 616.0, 459.0, -106.0, 620.0, 450.0, -104.0, 0, 0, 0
L 620.0, 450.0, -104.0, 629.0, 443.0, -103.0, 0, 0, 0
L 629.0, 443.0, -103.0, 641.0, 432.0, -135.0, 0, 0, 0
L 641.0, 432.0, -135.0, 645.0, 438.0, -134.0, 0, 0, 0
L 645.0, 438.0, -134.0, 647.0, 448.0, -134.0, 0, 0, 0
L 647.0, 448.0, -134.0, 644.0, 459.0, -136.0, 0, 0, 0
L 644.0, 459.0, -136.0, 642.0, 463.0, -138.0, 0, 0, 0
L 642.0, 463.0, -138.0, 633.0, 466.0, -138.0, 0, 0, 0
L 633.0, 466.0, -138.0, 636.0, 479.0, -140.0, 0, 0, 0
L 636.0, 479.0, -140.0, 636.0, 489.0, -141.0, 0, 0, 0
L 636.0, 489.0, -141.0, 635.0, 499.0, -142.0, 0, 0, 0
L 635.0, 499.0, -142.0, 626.0, 510.0, -141.0, 0, 0, 0
L 626.0, 510.0, -141.0, 626.0, 518.0, -142.0, 0, 0, 0
L 626.0, 518.0, -142.0, 631.0, 528.0, -142.0, 0, 0, 0
L 631.0, 528.0, -142.0, 633.0, 535.0, -142.0, 0, 0, 0
L 633.0, 535.0, -142.0, 636.0, 538.0, -143.0, 0, 0, 0
L 636.0, 538.0, -143.0, 637.0, 550.0, -144.0, 0, 0, 0
L 637.0, 550.0, -144.0, 637.0, 560.0, -144.0, 0, 0, 0
L 637.0, 560.0, -144.0, 636.0, 571.0, -145.0, 0, 0, 0
L 636.0, 571.0, -145.0, 635.0, 577.0, -145.0, 0, 0, 0
L 635.0, 577.0, -145.0, 629.0, 583.0, -144.0, 0, 0, 0
L 629.0, 583.0, -144.0, 638.0, 589.0, -144.0, 0, 0, 0
L 638.0, 589.0, -144.0, 641.0, 581.0, -144.0, 0, 0, 0
L 641.0, 581.0, -144.0, 652.0, 560.0, -145.0, 0, 0, 0
L 652.0, 560.0, -145.0, 657.0, 550.0, -144.0, 0, 0, 0
L 657.0, 550.0, -144.0, 660.0, 546.0, -146.0, 0, 0, 0
L 660.0, 546.0, -146.0, 667.0, 543.0, -146.0, 0, 0, 0
L 667.0, 543.0, -146.0, 672.0, 547.0, -144.0, 0, 0, 0
L 672.0, 547.0, -144.0, 667.0, 557.0, -142.0, 0, 0, 0
L 667.0, 557.0, -142.0, 667.0, 565.0, -141.0, 0, 0, 0
L 667.0, 565.0, -141.0, 665.0, 572.0, -138.0, 0, 0, 0
L 665.0, 572.0, -138.0, 659.0, 582.0, -133.0, 0, 0, 0
L 659.0, 582.0, -133.0, 652.0, 592.0, -127.0, 0, 0, 0
L 652.0, 592.0, -127.0, 653.0, 601.0, -125.0, 0, 0, 0
L 653.0, 601.0, -125.0, 653.0, 608.0, -123.0, 0, 0, 0
L 653.0, 608.0, -123.0, 652.0, 615.0, -121.0, 0, 0, 0
L 652.0, 615.0, -121.0, 652.0, 623.0, -117.0, 0, 0, 0
L 652.0, 623.0, -117.0, 642.0, 633.0, -115.0, 0, 0, 0
L 642.0, 633.0, -115.0, 628.0, 643.0, -114.0, 0, 0, 0
L 628.0, 643.0, -114.0, 623.0, 654.0, -111.0, 0, 0, 0
L 623.0, 654.0, -111.0, 609.0, 652.0, -109.0, 0, 0, 0
L 609.0, 652.0, -109.0, 596.0, 644.0, -108.0, 0, 0, 0
L 596.0, 644.0, -108.0, 600.0, 636.0, -105.0, 0, 0, 0
L 600.0, 636.0, -105.0, 590.0, 633.0, -107.0, 0, 0, 0
L 590.0, 633.0, -107.0, 582.0, 630.0, -108.0, 0, 0, 0
L 582.0, 630.0, -108.0, 572.0, 627.0, -109.0, 0, 0, 0
L 572.0, 627.0, -109.0, 557.0, 631.0, -109.0, 0, 0, 0
L 557.0, 631.0, -109.0, 541.0, 630.0, -108.0, 0, 0, 0
L 541.0, 630.0, -108.0, 521.0, 632.0, -108.0, 0, 0, 0
L 521.0, 632.0, -108.0, 505.0, 632.0, -123.0, 0, 0, 0
L 505.0, 632.0, -123.0, 498.0, 615.0, -139.0, 0, 0, 0
L 498.0, 615.0, -139.0, 499.0, 595.0, -144.0, 0, 0, 0
L 499.0, 595.0, -144.0, 503.0, 584.0, -144.0, 0, 0, 0
L 503.0, 584.0, -144.0, 508.0, 574.0, -145.0, 0, 0, 0
L 508.0, 574.0, -145.0, 519.0, 573.0, -145.0, 0, 0, 0
L 519.0, 573.0, -145.0, 530.0, 560.0, -144.0, 0, 0, 0
L 530.0, 560.0, -144.0, 531.0, 551.0, -146.0, 0, 0, 0
L 525.0, 679.0, -128.0, 531.0, 685.0, -130.0, 0, 0, 0
L 531.0, 685.0, -130.0, 533.0, 689.0, -130.0, 0, 0, 0
L 533.0, 689.0, -130.0, 533.0, 692.0, -129.0, 0, 0, 0
L 533.0, 692.0, -129.0, 535.0, 698.0, -129.0, 0, 0, 0
L 535.0, 698.0, -129.0, 534.0, 702.0, -130.0, 0, 0, 0
L 534.0, 702.0, -130.0, 528.0, 707.0, -132.0, 0, 0, 0
L 528.0, 707.0, -132.0, 522.0, 711.0, -132.0, 0, 0, 0
L 522.0, 711.0, -132.0, 513.0, 709.0, -131.0, 0, 0, 0
L 513.0, 709.0, -131.0, 508.0, 699.0, -124.0, 0, 0, 0
L 508.0, 699.0, -124.0, 499.0, 685.0, -128.0, 0, 0, 0
L 499.0, 685.0, -128.0, 495.0, 677.0, -130.0, 0, 0, 0
L 495.0, 677.0, -130.0, 487.0, 669.0, -132.0, 0, 0, 0
L 487.0, 669.0, -132.0, 486.0, 660.0, -133.0, 0, 0, 0
L 486.0, 660.0, -133.0, 496.0, 657.0, -133.0, 0, 0, 0
L 496.0, 657.0, -133.0, 504.0, 661.0, -132.0, 0, 0, 0
L 504.0, 661.0, -132.0, 511.0, 667.0, -131.0, 0, 0, 0
L 511.0, 667.0, -131.0, 525.0, 679.0, -128.0, 0, 0, 0
L 420.0, 690.0, -134.0, 419.0, 695.0, -133.0, 0, 0, 0
L 419.0, 695.0, -133.0, 410.0, 701.0, -135.0, 0, 0, 0
L 410.0, 701.0, -135.0, 395.0, 702.0, -138.0, 0, 0, 0
L 395.0, 702.0, -138.0, 390.0, 703.0, -138.0, 0, 0, 0
L 390.0, 703.0, -138.0, 382.0, 695.0, -137.0, 0, 0, 0
L 382.0, 695.0, -137.0, 383.0, 682.0, -134.0, 0, 0, 0
L 383.0, 682.0, -134.0, 386.0, 669.0, -133.0, 0, 0, 0
L 386.0, 669.0, -133.0, 390.0, 667.0, -131.0, 0, 0, 0
L 390.0, 667.0, -131.0, 399.0, 668.0, -127.0, 0, 0, 0
L 399.0, 668.0, -127.0, 418.0, 669.0, -124.0, 0, 0, 0
L 418.0, 669.0, -124.0, 434.0, 668.0, -130.0, 0, 0, 0
L 434.0, 668.0, -130.0, 445.0, 672.0, -132.0, 0, 0, 0
L 445.0, 672.0, -132.0, 448.0, 676.0, -131.0, 0, 0, 0
L 448.0, 676.0, -131.0, 448.0, 681.0, -131.0, 0, 0, 0
L 448.0, 681.0, -131.0, 436.0, 691.0, -133.0, 0, 0, 0
L 436.0, 691.0, -133.0, 426.0, 690.0, -133.0, 0, 0, 0
L 426.0, 690.0, -133.0, 420.0, 690.0, -134.0, 0, 0, 0
L -383.0, 1303.0, -89.0, -382.0, 1310.0, -90.0, 0, 0, 0
L -382.0, 1310.0, -90.0, -380.0, 1318.0, -95.0, 0, 0, 0
L -380.0, 1318.0, -95.0, -379.0, 1319.0, -95.0, 0, 0, 0
L -379.0, 1319.0, -95.0, -371.0, 1321.0, -94.0, 0, 0, 0
L -371.0, 1321.0, -94.0, -362.0, 1324.0, -99.0, 0, 0, 0
L -362.0, 1324.0, -99.0, -352.0, 1319.0, -94.0, 0, 0, 0
L -352.0, 1319.0, -94.0, -345.0, 1319.0, -95.0, 0, 0, 0
L -345.0, 1319.0, -95.0, -334.0, 1318.0, -101.0, 0, 0, 0
L -334.0, 1318.0, -101.0, -325.0, 1309.0, -98.0, 0, 0, 0
L -325.0, 1309.0, -98.0, -313.0, 1310.0, -98.0, 0, 0, 0
L -313.0, 1310.0, -98.0, -312.0, 1313.0, -99.0, 0, 0, 0
L -312.0, 1313.0, -99.0, -310.0, 1316.0, -99.0, 0, 0, 0
L -310.0, 1316.0, -99.0, -310.0, 1317.0, -100.0, 0, 0, 0
L -310.0, 1317.0, -100.0, -305.0, 1323.0, -98.0, 0, 0, 0
L -305.0, 1323.0, -98.0, -303.0, 1330.0, -100.0, 0, 0, 0
L -303.0, 1330.0, -100.0, -301.0, 1332.0, -99.0, 0, 0, 0
L -301.0, 1332.0, -99.0, -286.0, 1319.0, -106.0, 0, 0, 0
L -286.0, 1319.0, -106.0, -282.0, 1310.0, -108.0, 0, 0, 0
L -282.0, 1310.0, -108.0, -279.0, 1303.0, -112.0, 0, 0, 0
L -279.0, 1303.0, -112.0, -282.0, 1294.0, -109.0, 0, 0, 0
L -282.0, 1294.0, -109.0, -274.0, 1285.0, -110.0, 0, 0, 0
L -274.0, 1285.0, -110.0, -262.0, 1283.0, -113.0, 0, 0, 0
L -262.0, 1283.0, -113.0, -262.0, 1284.0, -113.0, 0, 0, 0
L -262.0, 1284.0, -113.0, -260.0, 1291.0, -114.0, 0, 0, 0
L -260.0, 1291.0, -114.0, -253.0, 1292.0, -113.0, 0, 0, 0
L -253.0, 1292.0, -113.0, -246.0, 1293.0, -114.0, 0, 0, 0
L -246.0, 1293.0, -114.0, -246.0, 1291.0, -114.0, 0, 0, 0
L -246.0, 1291.0, -114.0, -245.0, 1282.0, -112.0, 0, 0, 0
L -245.0, 1282.0, -112.0, -244.0, 1277.0, -111.0, 0, 0, 0
L -244.0, 1277.0, -111.0, -243.0, 1271.0, -112.0, 0, 0, 0
L -243.0, 1271.0, -112.0, -243.0, 1258.0, -111.0, 0, 0, 0
L -243.0, 1258.0, -111.0, -243.0, 1247.0, -108.0, 0, 0, 0
L -243.0, 1247.0, -108.0, -236.0, 1240.0, -109.0, 0, 0, 0
L -236.0, 1240.0, -109.0, -233.0, 1236.0, -109.0, 0, 0, 0
L -233.0, 1236.0, -109.0, -227.0, 1228.0, -108.0, 0, 0, 0
L -227.0, 1228.0, -108.0, -226.0, 1222.0, -107.0, 0, 0, 0
L -226.0, 1222.0, -107.0, -234.0, 1213.0, -100.0, 0, 0, 0
L -234.0, 1213.0, -100.0, -236.0, 1208.0, -98.0, 0, 0, 0
L -236.0, 1208.0, -98.0, -236.0, 1206.0, -99.0, 0, 0, 0
L -236.0, 1206.0, -99.0, -248.0, 1204.0, -95.0, 0, 0, 0
L -248.0, 1204.0, -95.0, -251.0, 1213.0, -92.0, 0, 0, 0
L -251.0, 1213.0, -92.0, -252.0, 1216.0, -91.0, 0, 0, 0
L -252.0, 1216.0, -91.0, -253.0, 1217.0, -90.0, 0, 0, 0
L -253.0, 1217.0, -90.0, -254.0, 1223.0, -87.0, 0, 0, 0
L -254.0, 1223.0, -87.0, -258.0, 1230.0, -83.0, 0, 0, 0
L -258.0, 1230.0, -83.0, -267.0, 1236.0, -81.0, 0, 0, 0
L -267.0, 1236.0, -81.0, -279.0, 1233.0, -84.0, 0, 0, 0
L -279.0, 1233.0, -84.0, -281.0, 1232.0, -84.0, 0, 0, 0
L -281.0, 1232.0, -84.0, -290.0, 1236.0, -85.0, 0, 0, 0
L -290.0, 1236.0, -85.0, -295.0, 1242.0, -84.0, 0, 0, 0
L -295.0, 1242.0, -84.0, -299.0, 1248.0, -80.0, 0, 0, 0
L -299.0, 1248.0, -80.0, -311.0, 1249.0, -81.0, 0, 0, 0
L -311.0, 1249.0, -81.0, -318.0, 1252.0, -81.0, 0, 0, 0
L -318.0, 1252.0, -81.0, -318.0, 1253.0, -80.0, 0, 0, 0
L -318.0, 1253.0, -80.0, -328.0, 1263.0, -77.0, 0, 0, 0
L -328.0, 1263.0, -77.0, -330.0, 1266.0, -77.0, 0, 0, 0
L -330.0, 1266.0, -77.0, -337.0, 1273.0, -77.0, 0, 0, 0
L -337.0, 1273.0, -77.0, -345.0, 1276.0, -77.0, 0, 0, 0
L -345.0, 1276.0, -77.0, -367.0, 1276.0, -78.0, 0, 0, 0
L -367.0, 1276.0, -78.0, -376.0, 1282.0, -78.0, 0, 0, 0
L -376.0, 1282.0, -78.0, -386.0, 1286.0, -82.0, 0, 0, 0
L -386.0, 1286.0, -82.0, -388.0, 1291.0, -84.0, 0, 0, 0
L -388.0, 1291.0, -84.0, -383.0, 1303.0, -89.0, 0, 0, 0
L 535.0, 19.0, -107.0, 517.0, 41.0, -112.0, 0, 0, 0
L 222.0, 606.0, -105.0, 252.0, 572.0, -107.0, 0, 0, 0
