P 1369.1248, -1399.3108, -7.1892,  0, 0, 0,  2,  Grik_the_Exiled
P 1500.0000, 1250.0000, 0.0000,  255, 255, 255,  2,  Froglok_City
P -2812.0000, -2706.0000, 40.3135,  0, 128, 0,  2,  Bygle_(Weapons)
P -2723.0000, -2641.0000, 39.0010,  0, 128, 0,  2,  Gokrok_(Armor)
P -2907.0000, -2461.0000, 40.3447,  0, 128, 0,  2,  Migo_(Merchant)
P -2947.0000, -2421.0000, 40.3447,  0, 128, 0,  2,  Roshin_(Merchant)
P -2945.0000, -2761.0000, 0.0000,  255, 0, 0,  2,  Succor
P -3135.0000, -3031.0000, 0.1260,  255, 0, 0,  3,  to_East_Cabilis
P -2651.0000, 4301.0000, -4.8519,  255, 0, 0,  3,  to_Firiona_Vie
P -1137.0000, -5223.0000, 154.3260,  255, 0, 0,  3,  to_Field_of_Bone
P 2407.0000, 4169.0000, 76.5081,  255, 0, 0,  3,  to_Firiona_Vie
P 4516.0000, -1784.0000, 82.1214,  255, 0, 0,  3,  to_Trakanon's_Teeth
