L 1000.0, 0.0, 0.0, 1000.0, -50.0, 0.0, 255, 0, 0
L -20.0, 50.0, 0.0, -50.0, 20.0, 0.0, 255, 0, 0
L 50.0, 20.0, 0.0, 20.0, 50.0, 0.0, 255, 0, 0
L 20.0, -50.0, 0.0, 50.0, -20.0, 0.0, 255, 0, 0
L -50.0, -20.0, 0.0, -20.0, -50.0, 0.0, 255, 0, 0
L -50.0, 20.0, 0.0, -50.0, -20.0, 0.0, 255, 0, 0
L 20.0, 50.0, 0.0, -20.0, 50.0, 0.0, 255, 0, 0
L 50.0, -20.0, 0.0, 50.0, 20.0, 0.0, 255, 0, 0
L -20.0, -50.0, 0.0, 20.0, -50.0, 0.0, 255, 0, 0
L 580.0, -20.0, 0.0, 540.0, -20.0, 0.0, 255, 0, 0
L 580.0, -90.0, 0.0, 580.0, -20.0, 0.0, 255, 0, 0
L 540.0, -90.0, 0.0, 580.0, -90.0, 0.0, 255, 0, 0
L 540.0, -20.0, 0.0, 540.0, -90.0, 0.0, 255, 0, 0
L 520.0, -20.0, 0.0, 480.0, -20.0, 0.0, 255, 0, 0
L 520.0, -90.0, 0.0, 520.0, -20.0, 0.0, 255, 0, 0
L 480.0, -90.0, 0.0, 520.0, -90.0, 0.0, 255, 0, 0
L 480.0, -20.0, 0.0, 480.0, -90.0, 0.0, 255, 0, 0
L 460.0, -90.0, 0.0, 450.0, -80.0, 0.0, 255, 0, 0
L 460.0, -20.0, 0.0, 460.0, -90.0, 0.0, 255, 0, 0
L 0.0, -250.0, 0.0, 0.0, 250.0, 0.0, 255, 0, 0
L -250.0, 0.0, 0.0, 1000.0, 0.0, 0.0, 255, 0, 0
L -120.0, -80.0, 0.0, -120.0, -60.0, 0.0, 255, 0, 0
L -120.0, -60.0, 0.0, -120.0, -40.0, 0.0, 255, 0, 0
L -100.0, -60.0, 0.0, -120.0, -60.0, 0.0, 255, 0, 0
L -120.0, -60.0, 0.0, -140.0, -60.0, 0.0, 255, 0, 0
L -90.0, -50.0, 0.0, -100.0, -30.0, 0.0, 255, 0, 0
L -60.0, -80.0, 0.0, -60.0, -60.0, 0.0, 255, 0, 0
L -60.0, -60.0, 0.0, -60.0, -40.0, 0.0, 255, 0, 0
L -40.0, -60.0, 0.0, -60.0, -60.0, 0.0, 255, 0, 0
L -60.0, -60.0, 0.0, -80.0, -60.0, 0.0, 255, 0, 0
L 100.0, 60.0, 0.0, 120.0, 60.0, 0.0, 255, 0, 0
L 120.0, 60.0, 0.0, 140.0, 60.0, 0.0, 255, 0, 0
L 90.0, 70.0, 0.0, 80.0, 90.0, 0.0, 255, 0, 0
L 40.0, 60.0, 0.0, 60.0, 60.0, 0.0, 255, 0, 0
L 60.0, 60.0, 0.0, 80.0, 60.0, 0.0, 255, 0, 0
L -100.0, 60.0, 0.0, -120.0, 60.0, 0.0, 255, 0, 0
L -120.0, 60.0, 0.0, -140.0, 60.0, 0.0, 255, 0, 0
L -90.0, 70.0, 0.0, -100.0, 90.0, 0.0, 255, 0, 0
L -60.0, 80.0, 0.0, -60.0, 60.0, 0.0, 255, 0, 0
L -60.0, 60.0, 0.0, -60.0, 40.0, 0.0, 255, 0, 0
L -40.0, 60.0, 0.0, -60.0, 60.0, 0.0, 255, 0, 0
L -60.0, 60.0, 0.0, -80.0, 60.0, 0.0, 255, 0, 0
L 100.0, -60.0, 0.0, 120.0, -60.0, 0.0, 255, 0, 0
L 120.0, -60.0, 0.0, 140.0, -60.0, 0.0, 255, 0, 0
L 90.0, -50.0, 0.0, 80.0, -30.0, 0.0, 255, 0, 0
L 60.0, -80.0, 0.0, 60.0, -60.0, 0.0, 255, 0, 0
L 60.0, -60.0, 0.0, 60.0, -40.0, 0.0, 255, 0, 0
L 40.0, -60.0, 0.0, 60.0, -60.0, 0.0, 255, 0, 0
L 60.0, -60.0, 0.0, 80.0, -60.0, 0.0, 255, 0, 0
L 599.0, -90.0, 0.0, 637.3, -90.0, 0.0, 255, 0, 0
L 599.0, -20.0, 0.0, 637.3, -20.0, 0.0, 255, 0, 0
L 599.0, -90.0, 0.0, 599.0, -20.0, 0.0, 255, 0, 0
L 637.3, -90.0, 0.0, 637.3, -20.0, 0.0, 255, 0, 0
L 800, 1000, 0, 800, 1060, 0, 0, 0, 0
L 840, 1060, 0, 800, 1060, 0, 0, 0, 0
L 860, 1030, 0, 890, 1030, 0, 0, 0, 0
L 860, 1060, 0, 890, 1060, 0, 0, 0, 0
L 860, 1000, 0, 860, 1060, 0, 0, 0, 0
L 890, 1000, 0, 860, 1000, 0, 0, 0, 0
L 940, 1060, 0, 910, 1060, 0, 0, 0, 0
L 910, 1000, 0, 940, 1000, 0, 0, 0, 0
L 910, 1060, 0, 910, 1000, 0, 0, 0, 0
L 940, 1060, 0, 940, 1030, 0, 0, 0, 0
L 940, 1030, 0, 920, 1030, 0, 0, 0, 0
L 960, 1030, 0, 990, 1030, 0, 0, 0, 0
L 960, 1060, 0, 990, 1060, 0, 0, 0, 0
L 960, 1000, 0, 960, 1060, 0, 0, 0, 0
L 990, 1000, 0, 960, 1000, 0, 0, 0, 0
L 1040, 1060, 0, 1040, 1000, 0, 0, 0, 0
L 1010, 1000, 0, 1040, 1060, 0, 0, 0, 0
L 1010, 1060, 0, 1010, 1000, 0, 0, 0, 0
L 1070, 1060, 0, 1070, 1000, 0, 0, 0, 0
L 1080, 1060, 0, 1060, 1060, 0, 0, 0, 0
L 1090, 1030, 0, 1080, 1060, 0, 0, 0, 0
L 1080, 1000, 0, 1090, 1030, 0, 0, 0, 0
L 1060, 1000, 0, 1080, 1000, 0, 0, 0, 0
L 800, 1210, 0, 860, 1210, 0, 0, 0, 0
L 800, 1130, 0, 860, 1130, 0, 0, 0, 0
L 830, 1183, 0, 830, 1157, 0, 205, 133, 63
L 860, 1210, 0, 920, 1210, 0, 0, 0, 0
L 860, 1210, 0, 860, 1183, 0, 205, 133, 63
L 830, 1183, 0, 890, 1183, 0, 205, 133, 63
L 830, 1157, 0, 860, 1157, 0, 205, 133, 63
L 860, 1157, 0, 890, 1157, 0, 205, 133, 63
L 860, 1130, 0, 920, 1130, 0, 0, 0, 0
L 860, 1157, 0, 860, 1130, 0, 205, 133, 63
L 890, 1183, 0, 890, 1157, 0, 205, 133, 63
L 970, 1200, 0, 970, 1140, 0, 0, 0, 0
L 980, 1200, 0, 960, 1200, 0, 0, 0, 0
L 990, 1170, 0, 980, 1200, 0, 0, 0, 0
L 980, 1140, 0, 990, 1170, 0, 0, 0, 0
L 960, 1140, 0, 980, 1140, 0, 0, 0, 0
L 1010, 1140, 0, 1040, 1140, 0, 0, 0, 0
L 1010, 1200, 0, 1040, 1200, 0, 0, 0, 0
L 1010, 1140, 0, 1010, 1200, 0, 0, 0, 0
L 1040, 1140, 0, 1040, 1200, 0, 0, 0, 0
L 1060, 1140, 0, 1090, 1140, 0, 0, 0, 0
L 1060, 1200, 0, 1090, 1200, 0, 0, 0, 0
L 1060, 1140, 0, 1060, 1200, 0, 0, 0, 0
L 1090, 1140, 0, 1090, 1200, 0, 0, 0, 0
L 1110, 1140, 0, 1110, 1170, 0, 0, 0, 0
L 1110, 1170, 0, 1110, 1200, 0, 0, 0, 0
L 1110, 1170, 0, 1130, 1170, 0, 0, 0, 0
L 1150, 1170, 0, 1150, 1140, 0, 0, 0, 0
L 1110, 1140, 0, 1150, 1140, 0, 0, 0, 0
L 1130, 1170, 0, 1150, 1170, 0, 0, 0, 0
L 1150, 1200, 0, 1130, 1170, 0, 0, 0, 0
L 800, 1250, 0, 800, 1280, 0, 255, 210, 0
L 800, 1250, 0, 820, 1250, 0, 255, 210, 0
L 820, 1310, 0, 800, 1310, 0, 255, 210, 0
L 800, 1280, 0, 800, 1310, 0, 255, 210, 0
L 820, 1280, 0, 800, 1280, 0, 255, 210, 0
L 820, 1280, 0, 840, 1265, 0, 255, 210, 0
L 820, 1250, 0, 840, 1265, 0, 255, 210, 0
L 820, 1280, 0, 840, 1295, 0, 255, 210, 0
L 840, 1295, 0, 820, 1310, 0, 255, 210, 0
L 870, 1280, 0, 890, 1280, 0, 255, 210, 0
L 880, 1250, 0, 900, 1310, 0, 255, 210, 0
L 860, 1310, 0, 880, 1250, 0, 255, 210, 0
L 950, 1310, 0, 950, 1250, 0, 255, 210, 0
L 920, 1250, 0, 950, 1310, 0, 255, 210, 0
L 920, 1310, 0, 920, 1250, 0, 255, 210, 0
L 970, 1250, 0, 970, 1280, 0, 255, 210, 0
L 970, 1280, 0, 970, 1310, 0, 255, 210, 0
L 970, 1280, 0, 1010, 1310, 0, 255, 210, 0
L 970, 1280, 0, 1010, 1250, 0, 255, 210, 0
L 1030, 1280, 0, 1060, 1280, 0, 255, 210, 0
L 1030, 1310, 0, 1060, 1310, 0, 255, 210, 0
L 1030, 1250, 0, 1030, 1310, 0, 255, 210, 0
L 1060, 1250, 0, 1030, 1250, 0, 255, 210, 0
L 1080, 1250, 0, 1080, 1280, 0, 255, 210, 0
L 1080, 1280, 0, 1080, 1310, 0, 255, 210, 0
L 1080, 1280, 0, 1100, 1280, 0, 255, 210, 0
L 1120, 1280, 0, 1120, 1250, 0, 255, 210, 0
L 1080, 1250, 0, 1120, 1250, 0, 255, 210, 0
L 1100, 1280, 0, 1120, 1280, 0, 255, 210, 0
L 1120, 1310, 0, 1100, 1280, 0, 255, 210, 0
L 830, 1400, 0, 800, 1400, 0, 255, 255, 255
L 800, 1340, 0, 830, 1340, 0, 255, 255, 255
L 800, 1400, 0, 800, 1340, 0, 255, 255, 255
L 850, 1340, 0, 880, 1340, 0, 255, 255, 255
L 850, 1400, 0, 880, 1400, 0, 255, 255, 255
L 850, 1340, 0, 850, 1400, 0, 255, 255, 255
L 880, 1340, 0, 880, 1400, 0, 255, 255, 255
L 940, 1340, 0, 940, 1400, 0, 255, 255, 255
L 920, 1370, 0, 940, 1340, 0, 255, 255, 255
L 900, 1340, 0, 920, 1370, 0, 255, 255, 255
L 900, 1400, 0, 900, 1340, 0, 255, 255, 255
L 1000, 1340, 0, 1000, 1400, 0, 255, 255, 255
L 980, 1370, 0, 1000, 1340, 0, 255, 255, 255
L 960, 1340, 0, 980, 1370, 0, 255, 255, 255
L 960, 1400, 0, 960, 1340, 0, 255, 255, 255
L 1020, 1370, 0, 1050, 1370, 0, 255, 255, 255
L 1020, 1400, 0, 1050, 1400, 0, 255, 255, 255
L 1020, 1340, 0, 1020, 1400, 0, 255, 255, 255
L 1050, 1340, 0, 1020, 1340, 0, 255, 255, 255
L 1100, 1400, 0, 1100, 1340, 0, 255, 255, 255
L 1070, 1340, 0, 1100, 1400, 0, 255, 255, 255
L 1070, 1400, 0, 1070, 1340, 0, 255, 255, 255
L 1140, 1340, 0, 1140, 1400, 0, 255, 255, 255
L 1120, 1340, 0, 1160, 1340, 0, 255, 255, 255
L 830, 1490, 0, 800, 1490, 0, 0, 0, 0
L 800, 1430, 0, 830, 1430, 0, 0, 0, 0
L 800, 1490, 0, 800, 1430, 0, 0, 0, 0
L 830, 1490, 0, 830, 1460, 0, 0, 0, 0
L 830, 1460, 0, 810, 1460, 0, 0, 0, 0
L 850, 1460, 0, 880, 1460, 0, 0, 0, 0
L 850, 1490, 0, 880, 1490, 0, 0, 0, 0
L 850, 1430, 0, 850, 1490, 0, 0, 0, 0
L 880, 1430, 0, 850, 1430, 0, 0, 0, 0
L 930, 1490, 0, 930, 1430, 0, 0, 0, 0
L 900, 1430, 0, 930, 1490, 0, 0, 0, 0
L 900, 1490, 0, 900, 1430, 0, 0, 0, 0
L 950, 1460, 0, 980, 1460, 0, 0, 0, 0
L 950, 1490, 0, 980, 1490, 0, 0, 0, 0
L 950, 1430, 0, 950, 1490, 0, 0, 0, 0
L 980, 1430, 0, 950, 1430, 0, 0, 0, 0
L 1000, 1430, 0, 1000, 1460, 0, 0, 0, 0
L 1000, 1460, 0, 1000, 1490, 0, 0, 0, 0
L 1000, 1460, 0, 1020, 1460, 0, 0, 0, 0
L 1040, 1460, 0, 1040, 1430, 0, 0, 0, 0
L 1000, 1430, 0, 1040, 1430, 0, 0, 0, 0
L 1020, 1460, 0, 1040, 1460, 0, 0, 0, 0
L 1040, 1490, 0, 1020, 1460, 0, 0, 0, 0
L 1070, 1460, 0, 1090, 1460, 0, 0, 0, 0
L 1080, 1430, 0, 1100, 1490, 0, 0, 0, 0
L 1060, 1490, 0, 1080, 1430, 0, 0, 0, 0
L 1120, 1430, 0, 1120, 1490, 0, 0, 0, 0
L 1160, 1490, 0, 1120, 1490, 0, 0, 0, 0
L 830, 1580, 0, 800, 1580, 0, 0, 0, 255
L 800, 1520, 0, 830, 1520, 0, 0, 0, 255
L 800, 1580, 0, 800, 1520, 0, 0, 0, 255
L 830, 1580, 0, 830, 1550, 0, 0, 0, 255
L 830, 1550, 0, 810, 1550, 0, 0, 0, 255
L 850, 1520, 0, 850, 1550, 0, 0, 0, 255
L 850, 1550, 0, 850, 1580, 0, 0, 0, 255
L 850, 1550, 0, 870, 1550, 0, 0, 0, 255
L 890, 1550, 0, 890, 1520, 0, 0, 0, 255
L 850, 1520, 0, 890, 1520, 0, 0, 0, 255
L 870, 1550, 0, 890, 1550, 0, 0, 0, 255
L 890, 1580, 0, 870, 1550, 0, 0, 0, 255
L 910, 1520, 0, 940, 1520, 0, 0, 0, 255
L 910, 1580, 0, 940, 1580, 0, 0, 0, 255
L 910, 1520, 0, 910, 1580, 0, 0, 0, 255
L 940, 1520, 0, 940, 1580, 0, 0, 0, 255
L 1000, 1520, 0, 1000, 1580, 0, 0, 0, 255
L 960, 1520, 0, 960, 1580, 0, 0, 0, 255
L 960, 1580, 0, 1000, 1580, 0, 0, 0, 255
L 1050, 1580, 0, 1050, 1520, 0, 0, 0, 255
L 1020, 1520, 0, 1050, 1580, 0, 0, 0, 255
L 1020, 1580, 0, 1020, 1520, 0, 0, 0, 255
L 1080, 1580, 0, 1080, 1520, 0, 0, 0, 255
L 1090, 1580, 0, 1070, 1580, 0, 0, 0, 255
L 1100, 1550, 0, 1090, 1580, 0, 0, 0, 255
L 1090, 1520, 0, 1100, 1550, 0, 0, 0, 255
L 1070, 1520, 0, 1090, 1520, 0, 0, 0, 255
L 1180, 1520, 0, 1180, 1550, 0, 0, 0, 255
L 1180, 1580, 0, 1220, 1580, 0, 0, 0, 255
L 1220, 1550, 0, 1180, 1550, 0, 0, 0, 255
L 1180, 1520, 0, 1220, 1520, 0, 0, 0, 255
L 1220, 1550, 0, 1220, 1580, 0, 0, 0, 255
L 1270, 1550, 0, 1240, 1550, 0, 0, 0, 255
L 1270, 1520, 0, 1270, 1550, 0, 0, 0, 255
L 1240, 1520, 0, 1270, 1520, 0, 0, 0, 255
L 1240, 1580, 0, 1240, 1520, 0, 0, 0, 255
L 1300, 1550, 0, 1320, 1550, 0, 0, 0, 255
L 1310, 1520, 0, 1330, 1580, 0, 0, 0, 255
L 1290, 1580, 0, 1310, 1520, 0, 0, 0, 255
L 1380, 1580, 0, 1390, 1520, 0, 0, 0, 255
L 1370, 1550, 0, 1380, 1580, 0, 0, 0, 255
L 1360, 1580, 0, 1370, 1550, 0, 0, 0, 255
L 1350, 1520, 0, 1360, 1580, 0, 0, 0, 255
L 1440, 1580, 0, 1440, 1520, 0, 0, 0, 255
L 1410, 1520, 0, 1440, 1580, 0, 0, 0, 255
L 1410, 1580, 0, 1410, 1520, 0, 0, 0, 255
L 830, 1670, 0, 800, 1670, 0, 128, 128, 128
L 800, 1610, 0, 830, 1610, 0, 128, 128, 128
L 800, 1670, 0, 800, 1610, 0, 128, 128, 128
L 830, 1670, 0, 830, 1640, 0, 128, 128, 128
L 830, 1640, 0, 810, 1640, 0, 128, 128, 128
L 890, 1610, 0, 890, 1670, 0, 128, 128, 128
L 850, 1610, 0, 850, 1670, 0, 128, 128, 128
L 850, 1670, 0, 890, 1670, 0, 128, 128, 128
L 910, 1610, 0, 910, 1670, 0, 128, 128, 128
L 930, 1610, 0, 930, 1670, 0, 128, 128, 128
L 970, 1670, 0, 930, 1670, 0, 128, 128, 128
L 1000, 1670, 0, 1000, 1610, 0, 128, 128, 128
L 1010, 1670, 0, 990, 1670, 0, 128, 128, 128
L 1020, 1640, 0, 1010, 1670, 0, 128, 128, 128
L 1010, 1610, 0, 1020, 1640, 0, 128, 128, 128
L 990, 1610, 0, 1010, 1610, 0, 128, 128, 128
L 1140, 1610, 0, 1140, 1670, 0, 128, 128, 128
L 1120, 1640, 0, 1140, 1610, 0, 128, 128, 128
L 1100, 1610, 0, 1120, 1640, 0, 128, 128, 128
L 1100, 1670, 0, 1100, 1610, 0, 128, 128, 128
L 1170, 1640, 0, 1190, 1640, 0, 128, 128, 128
L 1180, 1610, 0, 1200, 1670, 0, 128, 128, 128
L 1160, 1670, 0, 1180, 1610, 0, 128, 128, 128
L 1220, 1610, 0, 1220, 1640, 0, 128, 128, 128
L 1220, 1670, 0, 1260, 1670, 0, 128, 128, 128
L 1260, 1640, 0, 1220, 1640, 0, 128, 128, 128
L 1220, 1610, 0, 1260, 1610, 0, 128, 128, 128
L 1260, 1640, 0, 1260, 1670, 0, 128, 128, 128
L 1300, 1610, 0, 1300, 1670, 0, 128, 128, 128
L 1280, 1610, 0, 1320, 1610, 0, 128, 128, 128
L 1340, 1640, 0, 1370, 1640, 0, 128, 128, 128
L 1340, 1670, 0, 1370, 1670, 0, 128, 128, 128
L 1340, 1610, 0, 1340, 1670, 0, 128, 128, 128
L 1370, 1610, 0, 1340, 1610, 0, 128, 128, 128
L 1390, 1610, 0, 1390, 1640, 0, 128, 128, 128
L 1390, 1640, 0, 1390, 1670, 0, 128, 128, 128
L 1390, 1640, 0, 1410, 1640, 0, 128, 128, 128
L 1430, 1640, 0, 1430, 1610, 0, 128, 128, 128
L 1390, 1610, 0, 1430, 1610, 0, 128, 128, 128
L 1410, 1640, 0, 1430, 1640, 0, 128, 128, 128
L 1430, 1670, 0, 1410, 1640, 0, 128, 128, 128
L 800, 1700, 0, 800, 1730, 0, 127, 64, 0
L 840, 1760, 0, 840, 1730, 0, 127, 64, 0
L 800, 1730, 0, 800, 1760, 0, 127, 64, 0
L 840, 1730, 0, 840, 1700, 0, 127, 64, 0
L 800, 1730, 0, 840, 1730, 0, 127, 64, 0
L 900, 1700, 0, 900, 1760, 0, 127, 64, 0
L 860, 1700, 0, 860, 1760, 0, 127, 64, 0
L 860, 1760, 0, 900, 1760, 0, 127, 64, 0
L 950, 1760, 0, 950, 1700, 0, 127, 64, 0
L 920, 1700, 0, 950, 1760, 0, 127, 64, 0
L 920, 1760, 0, 920, 1700, 0, 127, 64, 0
L 990, 1700, 0, 990, 1760, 0, 127, 64, 0
L 970, 1700, 0, 1010, 1700, 0, 127, 64, 0
L 1030, 1730, 0, 1060, 1730, 0, 127, 64, 0
L 1030, 1760, 0, 1060, 1760, 0, 127, 64, 0
L 1030, 1700, 0, 1030, 1760, 0, 127, 64, 0
L 1060, 1700, 0, 1030, 1700, 0, 127, 64, 0
L 1080, 1700, 0, 1080, 1730, 0, 127, 64, 0
L 1080, 1730, 0, 1080, 1760, 0, 127, 64, 0
L 1080, 1730, 0, 1100, 1730, 0, 127, 64, 0
L 1120, 1730, 0, 1120, 1700, 0, 127, 64, 0
L 1080, 1700, 0, 1120, 1700, 0, 127, 64, 0
L 1100, 1730, 0, 1120, 1730, 0, 127, 64, 0
L 1120, 1760, 0, 1100, 1730, 0, 127, 64, 0
L 840, 1790, 0, 840, 1850, 0, 0, 127, 0
L 820, 1820, 0, 840, 1790, 0, 0, 127, 0
L 800, 1790, 0, 820, 1820, 0, 0, 127, 0
L 800, 1850, 0, 800, 1790, 0, 0, 127, 0
L 860, 1820, 0, 890, 1820, 0, 0, 127, 0
L 860, 1850, 0, 890, 1850, 0, 0, 127, 0
L 860, 1790, 0, 860, 1850, 0, 0, 127, 0
L 890, 1790, 0, 860, 1790, 0, 0, 127, 0
L 910, 1790, 0, 910, 1820, 0, 0, 127, 0
L 910, 1820, 0, 910, 1850, 0, 0, 127, 0
L 910, 1820, 0, 930, 1820, 0, 0, 127, 0
L 950, 1820, 0, 950, 1790, 0, 0, 127, 0
L 910, 1790, 0, 950, 1790, 0, 0, 127, 0
L 930, 1820, 0, 950, 1820, 0, 0, 127, 0
L 950, 1850, 0, 930, 1820, 0, 0, 127, 0
L 1000, 1850, 0, 970, 1850, 0, 0, 127, 0
L 970, 1790, 0, 1000, 1790, 0, 0, 127, 0
L 970, 1850, 0, 970, 1790, 0, 0, 127, 0
L 1020, 1790, 0, 1020, 1820, 0, 0, 127, 0
L 1060, 1850, 0, 1060, 1820, 0, 0, 127, 0
L 1020, 1820, 0, 1020, 1850, 0, 0, 127, 0
L 1060, 1820, 0, 1060, 1790, 0, 0, 127, 0
L 1020, 1820, 0, 1060, 1820, 0, 0, 127, 0
L 1090, 1820, 0, 1110, 1820, 0, 0, 127, 0
L 1100, 1790, 0, 1120, 1850, 0, 0, 127, 0
L 1080, 1850, 0, 1100, 1790, 0, 0, 127, 0
L 1170, 1850, 0, 1170, 1790, 0, 0, 127, 0
L 1140, 1790, 0, 1170, 1850, 0, 0, 127, 0
L 1140, 1850, 0, 1140, 1790, 0, 0, 127, 0
L 1210, 1790, 0, 1210, 1850, 0, 0, 127, 0
L 1190, 1790, 0, 1230, 1790, 0, 0, 127, 0
L 840, 1880, 0, 840, 1940, 0, 0, 127, 127
L 820, 1910, 0, 840, 1880, 0, 0, 127, 127
L 800, 1880, 0, 820, 1910, 0, 0, 127, 127
L 800, 1940, 0, 800, 1880, 0, 0, 127, 127
L 860, 1880, 0, 860, 1940, 0, 0, 127, 127
L 880, 1880, 0, 880, 1910, 0, 0, 127, 127
L 880, 1940, 0, 920, 1940, 0, 0, 127, 127
L 920, 1910, 0, 880, 1910, 0, 0, 127, 127
L 880, 1880, 0, 920, 1880, 0, 0, 127, 127
L 920, 1910, 0, 920, 1940, 0, 0, 127, 127
L 940, 1880, 0, 940, 1910, 0, 0, 127, 127
L 940, 1940, 0, 980, 1940, 0, 0, 127, 127
L 980, 1910, 0, 940, 1910, 0, 0, 127, 127
L 940, 1880, 0, 980, 1880, 0, 0, 127, 127
L 980, 1910, 0, 980, 1940, 0, 0, 127, 127
L 1000, 1880, 0, 1000, 1940, 0, 0, 127, 127
L 1020, 1880, 0, 1050, 1880, 0, 0, 127, 127
L 1020, 1940, 0, 1050, 1940, 0, 0, 127, 127
L 1020, 1880, 0, 1020, 1940, 0, 0, 127, 127
L 1050, 1880, 0, 1050, 1940, 0, 0, 127, 127
L 1100, 1940, 0, 1100, 1880, 0, 0, 127, 127
L 1070, 1880, 0, 1100, 1940, 0, 0, 127, 127
L 1070, 1940, 0, 1070, 1880, 0, 0, 127, 127
L 830, 2030, 0, 830, 1970, 0, 127, 64, 0
L 800, 1970, 0, 830, 2030, 0, 127, 64, 0
L 800, 2030, 0, 800, 1970, 0, 127, 64, 0
L 860, 2000, 0, 880, 2000, 0, 127, 64, 0
L 870, 1970, 0, 890, 2030, 0, 127, 64, 0
L 850, 2030, 0, 870, 1970, 0, 127, 64, 0
L 950, 1970, 0, 950, 2030, 0, 127, 64, 0
L 930, 2000, 0, 950, 1970, 0, 127, 64, 0
L 910, 1970, 0, 930, 2000, 0, 127, 64, 0
L 910, 2030, 0, 910, 1970, 0, 127, 64, 0
L 970, 2000, 0, 1000, 2000, 0, 127, 64, 0
L 970, 2030, 0, 1000, 2030, 0, 127, 64, 0
L 970, 1970, 0, 970, 2030, 0, 127, 64, 0
L 1000, 1970, 0, 970, 1970, 0, 127, 64, 0
L 1030, 2030, 0, 1030, 1970, 0, 127, 64, 0
L 1040, 2030, 0, 1020, 2030, 0, 127, 64, 0
L 1050, 2000, 0, 1040, 2030, 0, 127, 64, 0
L 1040, 1970, 0, 1050, 2000, 0, 127, 64, 0
L 1020, 1970, 0, 1040, 1970, 0, 127, 64, 0
L 830, 2090, 0, 800, 2090, 0, 0, 255, 0
L 830, 2060, 0, 830, 2090, 0, 0, 255, 0
L 800, 2060, 0, 830, 2060, 0, 0, 255, 0
L 800, 2120, 0, 800, 2060, 0, 0, 255, 0
L 860, 2090, 0, 880, 2090, 0, 0, 255, 0
L 870, 2060, 0, 890, 2120, 0, 0, 255, 0
L 850, 2120, 0, 870, 2060, 0, 0, 255, 0
L 910, 2060, 0, 910, 2090, 0, 0, 255, 0
L 910, 2090, 0, 910, 2120, 0, 0, 255, 0
L 910, 2090, 0, 930, 2090, 0, 0, 255, 0
L 950, 2090, 0, 950, 2060, 0, 0, 255, 0
L 910, 2060, 0, 950, 2060, 0, 0, 255, 0
L 930, 2090, 0, 950, 2090, 0, 0, 255, 0
L 950, 2120, 0, 930, 2090, 0, 0, 255, 0
L 1000, 2120, 0, 970, 2120, 0, 0, 255, 0
L 970, 2060, 0, 1000, 2060, 0, 0, 255, 0
L 970, 2120, 0, 970, 2060, 0, 0, 255, 0
L 1020, 2090, 0, 1050, 2090, 0, 0, 255, 0
L 1020, 2120, 0, 1050, 2120, 0, 0, 255, 0
L 1020, 2060, 0, 1020, 2120, 0, 0, 255, 0
L 1050, 2060, 0, 1020, 2060, 0, 0, 255, 0
L 1070, 2060, 0, 1070, 2120, 0, 0, 255, 0
L 1110, 2120, 0, 1070, 2120, 0, 0, 255, 0
L 1130, 2060, 0, 1130, 2090, 0, 0, 255, 0
L 1130, 2120, 0, 1170, 2120, 0, 0, 255, 0
L 1170, 2090, 0, 1130, 2090, 0, 0, 255, 0
L 1130, 2060, 0, 1170, 2060, 0, 0, 255, 0
L 1170, 2090, 0, 1170, 2120, 0, 0, 255, 0
L 800, 2150, 0, 800, 2180, 0, 0, 240, 240
L 800, 2180, 0, 800, 2210, 0, 0, 240, 240
L 800, 2180, 0, 820, 2180, 0, 0, 240, 240
L 840, 2180, 0, 840, 2150, 0, 0, 240, 240
L 800, 2150, 0, 840, 2150, 0, 0, 240, 240
L 820, 2180, 0, 840, 2180, 0, 0, 240, 240
L 840, 2210, 0, 820, 2180, 0, 0, 240, 240
L 870, 2180, 0, 890, 2180, 0, 0, 240, 240
L 880, 2150, 0, 900, 2210, 0, 0, 240, 240
L 860, 2210, 0, 880, 2150, 0, 0, 240, 240
L 920, 2150, 0, 920, 2210, 0, 0, 240, 240
L 950, 2210, 0, 950, 2150, 0, 0, 240, 240
L 960, 2210, 0, 940, 2210, 0, 0, 240, 240
L 970, 2180, 0, 960, 2210, 0, 0, 240, 240
L 960, 2150, 0, 970, 2180, 0, 0, 240, 240
L 940, 2150, 0, 960, 2150, 0, 0, 240, 240
L 800, 2240, 0, 800, 2270, 0, 0, 255, 0
L 800, 2300, 0, 840, 2300, 0, 0, 255, 0
L 840, 2270, 0, 800, 2270, 0, 0, 255, 0
L 800, 2240, 0, 840, 2240, 0, 0, 255, 0
L 840, 2270, 0, 840, 2300, 0, 0, 255, 0
L 890, 2270, 0, 860, 2270, 0, 0, 255, 0
L 890, 2240, 0, 890, 2270, 0, 0, 255, 0
L 860, 2240, 0, 890, 2240, 0, 0, 255, 0
L 860, 2300, 0, 860, 2240, 0, 0, 255, 0
L 910, 2270, 0, 940, 2270, 0, 0, 255, 0
L 910, 2300, 0, 940, 2300, 0, 0, 255, 0
L 910, 2240, 0, 910, 2300, 0, 0, 255, 0
L 940, 2240, 0, 910, 2240, 0, 0, 255, 0
L 990, 2300, 0, 960, 2300, 0, 0, 255, 0
L 960, 2240, 0, 990, 2240, 0, 0, 255, 0
L 960, 2300, 0, 960, 2240, 0, 0, 255, 0
L 1010, 2240, 0, 1010, 2300, 0, 0, 255, 0
L 1040, 2270, 0, 1060, 2270, 0, 0, 255, 0
L 1050, 2240, 0, 1070, 2300, 0, 0, 255, 0
L 1030, 2300, 0, 1050, 2240, 0, 0, 255, 0
L 1090, 2240, 0, 1090, 2300, 0, 0, 255, 0
L 1130, 2300, 0, 1090, 2300, 0, 0, 255, 0
L 1240, 2300, 0, 1210, 2300, 0, 0, 255, 0
L 1210, 2240, 0, 1240, 2240, 0, 0, 255, 0
L 1210, 2300, 0, 1210, 2240, 0, 0, 255, 0
L 1300, 2240, 0, 1300, 2300, 0, 0, 255, 0
L 1260, 2240, 0, 1260, 2300, 0, 0, 255, 0
L 1260, 2300, 0, 1300, 2300, 0, 0, 255, 0
L 1320, 2240, 0, 1320, 2270, 0, 0, 255, 0
L 1320, 2270, 0, 1320, 2300, 0, 0, 255, 0
L 1320, 2270, 0, 1340, 2270, 0, 0, 255, 0
L 1360, 2270, 0, 1360, 2240, 0, 0, 255, 0
L 1320, 2240, 0, 1360, 2240, 0, 0, 255, 0
L 1340, 2270, 0, 1360, 2270, 0, 0, 255, 0
L 1360, 2300, 0, 1340, 2270, 0, 0, 255, 0
L 1380, 2240, 0, 1380, 2270, 0, 0, 255, 0
L 1380, 2270, 0, 1380, 2300, 0, 0, 255, 0
L 1380, 2270, 0, 1400, 2270, 0, 0, 255, 0
L 1420, 2270, 0, 1420, 2240, 0, 0, 255, 0
L 1380, 2240, 0, 1420, 2240, 0, 0, 255, 0
L 1400, 2270, 0, 1420, 2270, 0, 0, 255, 0
L 1420, 2300, 0, 1400, 2270, 0, 0, 255, 0
L 1440, 2270, 0, 1470, 2270, 0, 0, 255, 0
L 1440, 2300, 0, 1470, 2300, 0, 0, 255, 0
L 1440, 2240, 0, 1440, 2300, 0, 0, 255, 0
L 1470, 2240, 0, 1440, 2240, 0, 0, 255, 0
L 1520, 2300, 0, 1520, 2240, 0, 0, 255, 0
L 1490, 2240, 0, 1520, 2300, 0, 0, 255, 0
L 1490, 2300, 0, 1490, 2240, 0, 0, 255, 0
L 1570, 2300, 0, 1540, 2300, 0, 0, 255, 0
L 1540, 2240, 0, 1570, 2240, 0, 0, 255, 0
L 1540, 2300, 0, 1540, 2240, 0, 0, 255, 0
L 1610, 2270, 0, 1610, 2300, 0, 0, 255, 0
L 1610, 2270, 0, 1630, 2240, 0, 0, 255, 0
L 1590, 2240, 0, 1610, 2270, 0, 0, 255, 0
L 800, 2330, 0, 800, 2360, 0, 255, 0, 0
L 800, 2390, 0, 840, 2390, 0, 255, 0, 0
L 840, 2360, 0, 800, 2360, 0, 255, 0, 0
L 800, 2330, 0, 840, 2330, 0, 255, 0, 0
L 840, 2360, 0, 840, 2390, 0, 255, 0, 0
L 900, 2330, 0, 900, 2390, 0, 255, 0, 0
L 860, 2330, 0, 860, 2390, 0, 255, 0, 0
L 860, 2390, 0, 900, 2390, 0, 255, 0, 0
L 950, 2390, 0, 920, 2390, 0, 255, 0, 0
L 920, 2330, 0, 950, 2330, 0, 255, 0, 0
L 920, 2390, 0, 920, 2330, 0, 255, 0, 0
L 1000, 2390, 0, 970, 2390, 0, 255, 0, 0
L 970, 2330, 0, 1000, 2330, 0, 255, 0, 0
L 970, 2390, 0, 970, 2330, 0, 255, 0, 0
L 1020, 2330, 0, 1050, 2330, 0, 255, 0, 0
L 1020, 2390, 0, 1050, 2390, 0, 255, 0, 0
L 1020, 2330, 0, 1020, 2390, 0, 255, 0, 0
L 1050, 2330, 0, 1050, 2390, 0, 255, 0, 0
L 1070, 2330, 0, 1070, 2360, 0, 255, 0, 0
L 1070, 2360, 0, 1070, 2390, 0, 255, 0, 0
L 1070, 2360, 0, 1090, 2360, 0, 255, 0, 0
L 1110, 2360, 0, 1110, 2330, 0, 255, 0, 0
L 1070, 2330, 0, 1110, 2330, 0, 255, 0, 0
L 1090, 2360, 0, 1110, 2360, 0, 255, 0, 0
L 1110, 2390, 0, 1090, 2360, 0, 255, 0, 0
L 820, 2420, 0, 820, 2480, 0, 255, 255, 0
L 800, 2420, 0, 840, 2420, 0, 255, 255, 0
L 860, 2450, 0, 890, 2450, 0, 255, 255, 0
L 860, 2480, 0, 890, 2480, 0, 255, 255, 0
L 860, 2420, 0, 860, 2480, 0, 255, 255, 0
L 890, 2420, 0, 860, 2420, 0, 255, 255, 0
L 910, 2420, 0, 910, 2480, 0, 255, 255, 0
L 950, 2480, 0, 910, 2480, 0, 255, 255, 0
L 970, 2450, 0, 1000, 2450, 0, 255, 255, 0
L 970, 2480, 0, 1000, 2480, 0, 255, 255, 0
L 970, 2420, 0, 970, 2480, 0, 255, 255, 0
L 1000, 2420, 0, 970, 2420, 0, 255, 255, 0
L 1050, 2450, 0, 1020, 2450, 0, 255, 255, 0
L 1050, 2420, 0, 1050, 2450, 0, 255, 255, 0
L 1020, 2420, 0, 1050, 2420, 0, 255, 255, 0
L 1020, 2480, 0, 1020, 2420, 0, 255, 255, 0
L 1070, 2420, 0, 1100, 2420, 0, 255, 255, 0
L 1070, 2480, 0, 1100, 2480, 0, 255, 255, 0
L 1070, 2420, 0, 1070, 2480, 0, 255, 255, 0
L 1100, 2420, 0, 1100, 2480, 0, 255, 255, 0
L 1120, 2420, 0, 1120, 2450, 0, 255, 255, 0
L 1120, 2450, 0, 1120, 2480, 0, 255, 255, 0
L 1120, 2450, 0, 1140, 2450, 0, 255, 255, 0
L 1160, 2450, 0, 1160, 2420, 0, 255, 255, 0
L 1120, 2420, 0, 1160, 2420, 0, 255, 255, 0
L 1140, 2450, 0, 1160, 2450, 0, 255, 255, 0
L 1160, 2480, 0, 1140, 2450, 0, 255, 255, 0
L 1200, 2420, 0, 1200, 2480, 0, 255, 255, 0
L 1180, 2420, 0, 1220, 2420, 0, 255, 255, 0
L 820, 2510, 0, 820, 2570, 0, 128, 0, 128
L 800, 2510, 0, 840, 2510, 0, 128, 0, 128
L 860, 2510, 0, 860, 2540, 0, 128, 0, 128
L 860, 2540, 0, 860, 2570, 0, 128, 0, 128
L 860, 2540, 0, 880, 2540, 0, 128, 0, 128
L 900, 2540, 0, 900, 2510, 0, 128, 0, 128
L 860, 2510, 0, 900, 2510, 0, 128, 0, 128
L 880, 2540, 0, 900, 2540, 0, 128, 0, 128
L 900, 2570, 0, 880, 2540, 0, 128, 0, 128
L 930, 2540, 0, 950, 2540, 0, 128, 0, 128
L 940, 2510, 0, 960, 2570, 0, 128, 0, 128
L 920, 2570, 0, 940, 2510, 0, 128, 0, 128
L 990, 2570, 0, 990, 2510, 0, 128, 0, 128
L 1000, 2570, 0, 980, 2570, 0, 128, 0, 128
L 1010, 2540, 0, 1000, 2570, 0, 128, 0, 128
L 1000, 2510, 0, 1010, 2540, 0, 128, 0, 128
L 980, 2510, 0, 1000, 2510, 0, 128, 0, 128
L 1030, 2540, 0, 1060, 2540, 0, 128, 0, 128
L 1030, 2570, 0, 1060, 2570, 0, 128, 0, 128
L 1030, 2510, 0, 1030, 2570, 0, 128, 0, 128
L 1060, 2510, 0, 1030, 2510, 0, 128, 0, 128
L 1080, 2510, 0, 1080, 2540, 0, 128, 0, 128
L 1080, 2570, 0, 1120, 2570, 0, 128, 0, 128
L 1120, 2540, 0, 1080, 2540, 0, 128, 0, 128
L 1080, 2510, 0, 1120, 2510, 0, 128, 0, 128
L 1120, 2540, 0, 1120, 2570, 0, 128, 0, 128
L 1140, 2510, 0, 1140, 2540, 0, 128, 0, 128
L 1140, 2540, 0, 1140, 2570, 0, 128, 0, 128
L 1140, 2540, 0, 1180, 2570, 0, 128, 0, 128
L 1140, 2540, 0, 1180, 2510, 0, 128, 0, 128
L 1200, 2510, 0, 1200, 2570, 0, 128, 0, 128
L 1220, 2510, 0, 1220, 2570, 0, 128, 0, 128
L 1260, 2570, 0, 1220, 2570, 0, 128, 0, 128
L 1280, 2510, 0, 1280, 2570, 0, 128, 0, 128
L 1320, 2570, 0, 1280, 2570, 0, 128, 0, 128
L 1430, 2570, 0, 1400, 2570, 0, 128, 0, 128
L 1400, 2510, 0, 1430, 2510, 0, 128, 0, 128
L 1400, 2570, 0, 1400, 2510, 0, 128, 0, 128
L 1450, 2510, 0, 1480, 2510, 0, 128, 0, 128
L 1450, 2570, 0, 1480, 2570, 0, 128, 0, 128
L 1450, 2510, 0, 1450, 2570, 0, 128, 0, 128
L 1480, 2510, 0, 1480, 2570, 0, 128, 0, 128
L 1530, 2570, 0, 1530, 2510, 0, 128, 0, 128
L 1500, 2510, 0, 1530, 2570, 0, 128, 0, 128
L 1500, 2570, 0, 1500, 2510, 0, 128, 0, 128
L 1570, 2510, 0, 1570, 2570, 0, 128, 0, 128
L 1550, 2510, 0, 1590, 2510, 0, 128, 0, 128
L 1620, 2540, 0, 1640, 2540, 0, 128, 0, 128
L 1630, 2510, 0, 1650, 2570, 0, 128, 0, 128
L 1610, 2570, 0, 1630, 2510, 0, 128, 0, 128
L 1670, 2510, 0, 1670, 2570, 0, 128, 0, 128
L 1720, 2570, 0, 1720, 2510, 0, 128, 0, 128
L 1690, 2510, 0, 1720, 2570, 0, 128, 0, 128
L 1690, 2570, 0, 1690, 2510, 0, 128, 0, 128
L 1740, 2540, 0, 1770, 2540, 0, 128, 0, 128
L 1740, 2570, 0, 1770, 2570, 0, 128, 0, 128
L 1740, 2510, 0, 1740, 2570, 0, 128, 0, 128
L 1770, 2510, 0, 1740, 2510, 0, 128, 0, 128
L 1790, 2510, 0, 1790, 2540, 0, 128, 0, 128
L 1790, 2540, 0, 1790, 2570, 0, 128, 0, 128
L 1790, 2540, 0, 1810, 2540, 0, 128, 0, 128
L 1830, 2540, 0, 1830, 2510, 0, 128, 0, 128
L 1790, 2510, 0, 1830, 2510, 0, 128, 0, 128
L 1810, 2540, 0, 1830, 2540, 0, 128, 0, 128
L 1830, 2570, 0, 1810, 2540, 0, 128, 0, 128
L 820, 2600, 0, 820, 2660, 0, 255, 255, 0
L 800, 2600, 0, 840, 2600, 0, 255, 255, 0
L 860, 2600, 0, 860, 2630, 0, 255, 255, 0
L 860, 2630, 0, 860, 2660, 0, 255, 255, 0
L 860, 2630, 0, 880, 2630, 0, 255, 255, 0
L 900, 2630, 0, 900, 2600, 0, 255, 255, 0
L 860, 2600, 0, 900, 2600, 0, 255, 255, 0
L 880, 2630, 0, 900, 2630, 0, 255, 255, 0
L 900, 2660, 0, 880, 2630, 0, 255, 255, 0
L 930, 2630, 0, 950, 2630, 0, 255, 255, 0
L 940, 2600, 0, 960, 2660, 0, 255, 255, 0
L 920, 2660, 0, 940, 2600, 0, 255, 255, 0
L 1010, 2630, 0, 980, 2630, 0, 255, 255, 0
L 1010, 2600, 0, 1010, 2630, 0, 255, 255, 0
L 980, 2600, 0, 1010, 2600, 0, 255, 255, 0
L 980, 2660, 0, 980, 2600, 0, 255, 255, 0
L 830, 2690, 0, 800, 2690, 0, 255, 0, 0
L 800, 2750, 0, 830, 2690, 0, 255, 0, 0
L 800, 2750, 0, 830, 2750, 0, 255, 0, 0
L 850, 2690, 0, 880, 2690, 0, 255, 0, 0
L 850, 2750, 0, 880, 2750, 0, 255, 0, 0
L 850, 2690, 0, 850, 2750, 0, 255, 0, 0
L 880, 2690, 0, 880, 2750, 0, 255, 0, 0
L 930, 2750, 0, 930, 2690, 0, 255, 0, 0
L 900, 2690, 0, 930, 2750, 0, 255, 0, 0
L 900, 2750, 0, 900, 2690, 0, 255, 0, 0
L 950, 2720, 0, 980, 2720, 0, 255, 0, 0
L 950, 2750, 0, 980, 2750, 0, 255, 0, 0
L 950, 2690, 0, 950, 2750, 0, 255, 0, 0
L 980, 2690, 0, 950, 2690, 0, 255, 0, 0
P -200, 1000, 0, 0, 0, 0, 2, Original_Map:_Brewall_Rainsinger_(Cazic-Thule)
P -200, 1200, 0, 0, 0, 0, 2, http://www.eqmaps.info
P -200, 1400, 0, 0, 0, 0, 2, Return_of_the_Exiled_(www.roteguild.org)
