L 175.4, 261.6, -5.7, 183.0, 268.0, -6.0, 0, 0, 0
L 183.0, 268.0, -6.0, 190.0, 274.0, -6.0, 0, 0, 0
L 190.0, 274.0, -6.0, 196.0, 277.0, -6.0, 0, 0, 0
L 196.0, 277.0, -6.0, 205.0, 280.0, -6.0, 0, 0, 0
L 205.0, 280.0, -6.0, 206.0, 280.0, -6.0, 0, 0, 0
L 206.0, 280.0, -6.0, 215.0, 280.0, -5.0, 0, 0, 0
L 224.0, 278.0, -5.0, 230.0, 276.0, -6.0, 0, 0, 0
L 230.0, 276.0, -6.0, 237.0, 272.0, -6.0, 0, 0, 0
L 237.0, 272.0, -6.0, 244.0, 266.0, -6.0, 0, 0, 0
L 244.0, 266.0, -6.0, 249.0, 260.0, -6.0, 0, 0, 0
L 249.0, 260.0, -6.0, 250.0, 259.0, -6.0, 0, 0, 0
L 250.0, 259.0, -6.0, 253.0, 252.0, -5.0, 0, 0, 0
L 253.0, 252.0, -5.0, 254.0, 251.0, -6.0, 0, 0, 0
L 254.0, 251.0, -6.0, 255.0, 246.0, -6.0, 0, 0, 0
L 255.0, 246.0, -6.0, 256.0, 238.0, -6.0, 0, 0, 0
L 256.0, 238.0, -6.0, 256.0, 235.0, -6.0, 0, 0, 0
L 256.0, 235.0, -6.0, 257.0, 234.0, -6.0, 0, 0, 0
L 257.0, 234.0, -6.0, 259.0, 233.0, -6.0, 0, 0, 0
L 259.0, 233.0, -6.0, 261.7, 235.0, -4.6, 0, 0, 0
L 269.0, 214.0, -6.0, 268.0, 212.0, -6.0, 0, 0, 0
L 268.0, 212.0, -6.0, 264.0, 206.0, -3.0, 0, 0, 0
L 264.0, 206.0, -3.0, 263.0, 207.0, -4.0, 0, 0, 0
L 263.0, 207.0, -4.0, 252.0, 214.0, -6.0, 0, 0, 0
L 252.0, 214.0, -6.0, 250.0, 215.0, -6.0, 0, 0, 0
L 250.0, 215.0, -6.0, 249.0, 214.0, -6.0, 0, 0, 0
L 249.0, 214.0, -6.0, 243.8, 205.7, -5.7, 0, 0, 0
L 269.0, 214.0, -6.0, 272.0, 225.0, -6.0, 0, 0, 0
L 272.0, 225.0, -6.0, 273.0, 234.0, -6.0, 0, 0, 0
L 273.0, 234.0, -6.0, 273.0, 248.0, -2.0, 0, 0, 0
L 273.0, 248.0, -2.0, 272.0, 252.0, -2.0, 0, 0, 0
L 272.0, 252.0, -2.0, 269.0, 260.0, 2.0, 0, 0, 0
L 269.0, 260.0, 2.0, 263.0, 271.0, 2.0, 0, 0, 0
L 263.0, 271.0, 2.0, 256.0, 280.0, 4.0, 0, 0, 0
L 256.0, 280.0, 4.0, 246.0, 288.0, 6.0, 0, 0, 0
L 246.0, 288.0, 6.0, 236.0, 293.0, 8.0, 0, 0, 0
L 236.0, 293.0, 8.0, 224.0, 297.0, 10.0, 0, 0, 0
L 224.0, 297.0, 10.0, 222.0, 297.0, 11.0, 0, 0, 0
L 222.0, 297.0, 11.0, 220.0, 298.0, 11.0, 0, 0, 0
L 220.0, 298.0, 11.0, 210.0, 299.0, 12.0, 0, 0, 0
L 201.0, 297.0, 14.0, 190.0, 294.0, 16.0, 0, 0, 0
L 187.0, 292.0, 17.0, 178.0, 287.0, 18.0, 0, 0, 0
L 178.0, 287.0, 18.0, 177.0, 286.0, 18.0, 0, 0, 0
L 177.0, 286.0, 18.0, 169.0, 280.0, 20.0, 0, 0, 0
L 169.0, 280.0, 20.0, 162.0, 271.0, 22.0, 0, 0, 0
L 162.0, 271.0, 22.0, 156.0, 260.0, 24.0, 0, 0, 0
L 156.0, 260.0, 24.0, 153.0, 249.0, 26.0, 0, 0, 0
L 153.0, 249.0, 26.0, 152.0, 240.0, 27.0, 0, 0, 0
L 152.0, 240.0, 27.0, 152.0, 226.0, 30.0, 0, 0, 0
L 152.0, 226.0, 30.0, 156.0, 214.0, 32.0, 0, 204, 0
L 156.0, 214.0, 32.0, 160.0, 207.0, 33.0, 0, 204, 0
L 160.0, 207.0, 33.0, 161.0, 206.0, 34.0, 0, 204, 0
L 161.0, 206.0, 34.0, 164.0, 201.0, 35.0, 0, 204, 0
L 164.0, 201.0, 35.0, 165.0, 199.0, 35.0, 0, 204, 0
L 165.0, 199.0, 35.0, 169.0, 194.0, 36.0, 0, 204, 0
L 169.0, 194.0, 36.0, 179.0, 186.0, 38.0, 0, 204, 0
L 179.0, 186.0, 38.0, 190.0, 181.0, 40.0, 0, 204, 0
L 190.0, 181.0, 40.0, 201.0, 177.0, 42.0, 0, 204, 0
L 201.0, 177.0, 42.0, 213.0, 176.0, 44.0, 0, 204, 0
L 213.0, 176.0, 44.0, 223.0, 176.0, 46.0, 0, 204, 0
L 223.0, 176.0, 46.0, 224.0, 177.0, 46.0, 0, 204, 0
L 224.0, 177.0, 46.0, 236.0, 181.0, 48.0, 0, 204, 0
L 236.0, 181.0, 48.0, 247.0, 187.0, 50.0, 0, 204, 0
L 247.0, 187.0, 50.0, 248.0, 188.0, 51.0, 0, 204, 0
L 248.0, 188.0, 51.0, 256.0, 194.0, 54.0, 0, 204, 0
L 256.0, 194.0, 54.0, 257.0, 195.0, 53.0, 0, 204, 0
L 257.0, 195.0, 53.0, 263.0, 203.0, 54.0, 0, 204, 0
L 263.0, 203.0, 54.0, 269.0, 214.0, 56.0, 0, 204, 0
L 269.0, 214.0, 56.0, 273.0, 225.0, 58.0, 0, 204, 0
L 273.0, 225.0, 58.0, 274.0, 232.0, 59.0, 0, 204, 0
L 274.0, 232.0, 59.0, 274.0, 235.0, 60.0, 0, 204, 0
L 274.0, 235.0, 60.0, 274.0, 241.0, 61.0, 0, 204, 0
L 274.0, 241.0, 61.0, 274.0, 243.0, 61.0, 0, 204, 0
L 274.0, 243.0, 61.0, 273.0, 247.0, 62.0, 0, 204, 0
L 273.0, 247.0, 62.0, 272.0, 249.0, 62.0, 0, 204, 0
L 272.0, 249.0, 62.0, 269.0, 260.0, 64.0, 0, 204, 0
L 269.0, 260.0, 64.0, 263.0, 271.0, 66.0, 0, 204, 0
L 263.0, 271.0, 66.0, 256.0, 280.0, 68.0, 0, 204, 0
L 256.0, 280.0, 68.0, 244.0, 288.0, 71.0, 0, 204, 0
L 244.0, 288.0, 71.0, 235.0, 293.0, 72.0, 0, 204, 0
L 235.0, 293.0, 72.0, 217.0, 299.0, 75.0, 0, 204, 0
L 217.0, 299.0, 75.0, 209.0, 299.0, 77.0, 0, 204, 0
L 209.0, 299.0, 77.0, 201.0, 297.0, 78.0, 0, 204, 0
L 201.0, 297.0, 78.0, 190.0, 293.0, 80.0, 0, 204, 0
L 190.0, 293.0, 80.0, 187.0, 292.0, 80.0, 0, 204, 0
L 187.0, 292.0, 80.0, 177.0, 286.0, 83.0, 0, 204, 0
L 177.0, 286.0, 83.0, 169.0, 280.0, 84.0, 0, 204, 0
L 169.0, 280.0, 84.0, 162.0, 271.0, 86.0, 0, 204, 0
L 162.0, 271.0, 86.0, 156.0, 260.0, 88.0, 0, 204, 0
L 156.0, 260.0, 88.0, 153.0, 249.0, 90.0, 0, 204, 0
L 153.0, 249.0, 90.0, 152.0, 239.0, 92.0, 102, 255, 102
L 152.0, 239.0, 92.0, 152.0, 227.0, 94.0, 102, 255, 102
L 152.0, 227.0, 94.0, 153.0, 224.0, 94.0, 102, 255, 102
L 153.0, 224.0, 94.0, 156.0, 214.0, 96.0, 102, 255, 102
L 156.0, 214.0, 96.0, 162.0, 203.0, 98.0, 102, 255, 102
L 162.0, 203.0, 98.0, 169.0, 194.0, 100.0, 102, 255, 102
L 169.0, 194.0, 100.0, 179.0, 186.0, 102.0, 102, 255, 102
L 179.0, 186.0, 102.0, 190.0, 181.0, 104.0, 102, 255, 102
L 145.3, 226.2, 142.3, 112.5, 226.2, 142.3, 102, 255, 102
L 112.5, 226.2, 142.3, 99.8, 209.2, 142.3, 102, 255, 102
L 99.8, 209.2, 142.3, 84.2, 198.4, 142.3, 102, 255, 102
L 84.2, 198.4, 142.3, 59.5, 198.6, 142.3, 102, 255, 102
L 59.5, 198.6, 142.3, 44.2, 209.2, 142.3, 102, 255, 102
L 44.2, 209.2, 142.3, 33.2, 225.0, 142.3, 102, 255, 102
L 33.2, 225.0, 142.3, 33.2, 248.9, 142.3, 102, 255, 102
L 33.2, 248.9, 142.3, 44.2, 264.8, 142.3, 102, 255, 102
L 44.2, 264.8, 142.3, 59.6, 275.5, 142.3, 102, 255, 102
L 59.6, 275.5, 142.3, 84.4, 275.5, 142.3, 102, 255, 102
L 84.4, 275.5, 142.3, 99.8, 264.8, 142.3, 102, 255, 102
L 99.8, 264.8, 142.3, 112.7, 247.8, 142.3, 102, 255, 102
L 112.7, 247.8, 142.3, 145.3, 247.8, 142.3, 102, 255, 102
L 145.3, 247.8, 142.3, 145.3, 244.6, 142.3, 102, 255, 102
L 145.3, 229.4, 142.3, 145.3, 226.2, 142.3, 102, 255, 102
L 145.3, 244.6, 142.3, 145.3, 244.5, 142.3, 102, 255, 102
L 145.3, 244.6, 142.3, 150.8, 244.5, 142.3, 102, 255, 102
L 205.0, 298.7, 128.3, 205.0, 301.5, 128.3, 102, 255, 102
L 205.0, 304.2, 128.3, 201.7, 304.2, 128.3, 102, 255, 102
L 201.7, 304.2, 128.3, 201.7, 336.7, 128.3, 102, 255, 102
L 201.7, 336.7, 128.3, 184.7, 349.7, 128.3, 102, 255, 102
L 184.7, 349.7, 128.3, 173.9, 365.3, 128.3, 102, 255, 102
L 173.9, 365.3, 128.3, 174.1, 390.0, 128.3, 102, 255, 102
L 174.1, 390.0, 128.3, 184.7, 405.3, 128.3, 102, 255, 102
L 184.7, 405.3, 128.3, 200.5, 416.3, 128.3, 102, 255, 102
L 200.5, 416.3, 128.3, 224.5, 416.3, 128.3, 102, 255, 102
L 224.5, 416.3, 128.3, 240.3, 405.3, 128.3, 102, 255, 102
L 240.3, 405.3, 128.3, 251.0, 389.8, 128.3, 102, 255, 102
L 251.0, 389.8, 128.3, 251.0, 365.1, 128.3, 102, 255, 102
L 251.0, 365.1, 128.3, 240.4, 349.8, 128.3, 102, 255, 102
L 240.4, 349.8, 128.3, 223.3, 336.7, 128.3, 102, 255, 102
L 223.3, 336.7, 128.3, 223.3, 304.2, 128.3, 102, 255, 102
L 223.3, 304.2, 128.3, 220.1, 304.2, 128.3, 102, 255, 102
L 220.1, 304.2, 128.3, 220.0, 298.7, 128.3, 102, 255, 102
L 205.0, 298.7, 128.3, 200.3, 298.3, 130.3, 102, 255, 102
L 200.3, 298.3, 130.3, 188.9, 294.5, 132.2, 102, 255, 102
L 188.9, 294.5, 132.2, 178.0, 288.6, 134.3, 102, 255, 102
L 178.0, 288.6, 134.3, 168.2, 281.3, 136.3, 102, 255, 102
L 168.2, 281.3, 136.3, 161.0, 271.7, 138.2, 102, 255, 102
L 161.0, 271.7, 138.2, 155.1, 260.9, 140.3, 102, 255, 102
L 155.1, 260.9, 140.3, 151.2, 249.2, 142.3, 102, 255, 102
L 151.2, 249.2, 142.3, 150.8, 244.5, 142.3, 102, 255, 102
L 151.0, 226.5, 142.3, 150.8, 229.5, 142.3, 102, 255, 102
L 163.6, 228.9, 142.3, 151.0, 226.5, 142.3, 102, 255, 102
L 163.6, 228.9, 142.3, 163.8, 246.5, 142.3, 102, 255, 102
L 163.8, 246.5, 142.3, 164.4, 249.0, 141.8, 102, 255, 102
L 164.4, 249.0, 141.8, 164.9, 250.8, 141.5, 102, 255, 102
L 164.9, 250.8, 141.5, 166.4, 256.2, 140.3, 102, 255, 102
L 166.4, 256.2, 140.3, 167.4, 257.8, 139.9, 102, 255, 102
L 167.4, 257.8, 139.9, 171.5, 264.9, 138.2, 102, 255, 102
L 171.5, 264.9, 138.2, 172.6, 266.3, 137.8, 102, 255, 102
L 172.6, 266.3, 137.8, 177.7, 272.5, 136.3, 102, 255, 102
L 177.7, 272.5, 136.3, 179.2, 273.8, 136.0, 102, 255, 102
L 179.2, 273.8, 136.0, 186.4, 279.2, 134.1, 102, 255, 102
L 186.4, 279.2, 134.1, 188.1, 280.1, 133.7, 102, 255, 102
L 188.1, 280.1, 133.7, 194.4, 283.4, 132.1, 102, 255, 102
L 194.4, 283.4, 132.1, 196.3, 283.9, 131.7, 102, 255, 102
L 196.3, 283.9, 131.7, 205.1, 285.9, 129.9, 102, 255, 102
L 205.1, 285.9, 129.9, 206.9, 286.1, 129.3, 102, 255, 102
L 206.9, 286.1, 129.3, 214.2, 286.5, 128.3, 102, 255, 102
L 214.2, 286.5, 128.3, 216.1, 286.3, 128.3, 102, 255, 102
L 216.1, 286.3, 128.3, 224.6, 285.0, 128.3, 102, 255, 102
L 224.6, 285.0, 128.3, 226.5, 284.5, 128.3, 102, 255, 102
L 226.5, 284.5, 128.3, 232.7, 282.5, 128.2, 102, 255, 102
L 232.7, 282.5, 128.2, 234.5, 281.5, 127.7, 102, 255, 102
L 234.5, 281.5, 127.7, 241.4, 277.3, 125.9, 102, 255, 102
L 241.4, 277.3, 125.9, 242.9, 276.1, 125.5, 102, 255, 102
L 242.9, 276.1, 125.5, 248.3, 271.5, 124.1, 102, 255, 102
L 248.3, 271.5, 124.1, 249.5, 270.0, 123.8, 102, 255, 102
L 249.5, 270.0, 123.8, 254.3, 263.7, 122.2, 102, 255, 102
L 254.3, 263.7, 122.2, 255.3, 262.1, 121.7, 102, 255, 102
L 255.3, 262.1, 121.7, 258.7, 255.9, 120.2, 102, 255, 102
L 258.7, 255.9, 120.2, 259.2, 253.9, 119.8, 102, 255, 102
L 259.2, 253.9, 119.8, 260.3, 249.9, 118.9, 102, 255, 102
L 260.3, 249.9, 118.9, 260.9, 248.0, 118.5, 102, 255, 102
L 260.9, 248.0, 118.5, 261.3, 246.1, 118.3, 102, 255, 102
L 261.3, 246.1, 118.3, 261.7, 241.4, 118.3, 102, 255, 102
L 261.7, 241.4, 118.3, 262.0, 239.4, 118.3, 102, 255, 102
L 262.0, 239.4, 118.3, 261.5, 229.8, 118.3, 102, 255, 102
L 261.5, 229.8, 118.3, 261.2, 227.8, 118.3, 102, 255, 102
L 261.2, 227.8, 118.3, 260.8, 225.9, 118.1, 102, 255, 102
L 260.8, 225.9, 118.1, 260.3, 224.0, 117.6, 102, 255, 102
L 260.3, 224.0, 117.6, 258.6, 217.8, 116.3, 102, 255, 102
L 258.6, 217.8, 116.3, 257.6, 216.2, 115.9, 102, 255, 102
L 257.6, 216.2, 115.9, 253.7, 209.3, 114.3, 102, 255, 102
L 253.7, 209.3, 114.3, 252.5, 207.8, 113.9, 102, 255, 102
L 252.5, 207.8, 113.9, 247.2, 201.4, 112.2, 102, 255, 102
L 247.2, 201.4, 112.2, 245.7, 200.2, 111.8, 102, 255, 102
L 245.7, 200.2, 111.8, 238.5, 194.8, 110.0, 102, 255, 102
L 238.5, 194.8, 110.0, 236.8, 193.8, 109.5, 102, 255, 102
L 236.8, 193.8, 109.5, 230.6, 190.6, 108.1, 102, 255, 102
L 230.6, 190.6, 108.1, 228.7, 190.1, 107.7, 102, 255, 102
L 228.7, 190.1, 107.7, 219.6, 188.0, 106.3, 102, 255, 102
L 219.6, 188.0, 106.3, 217.7, 187.8, 106.3, 102, 255, 102
L 217.7, 187.8, 106.3, 211.2, 187.4, 106.3, 102, 255, 102
L 211.2, 187.4, 106.3, 209.3, 187.6, 106.3, 102, 255, 102
L 209.3, 187.6, 106.3, 199.9, 189.1, 105.8, 102, 255, 102
L 199.9, 189.1, 105.8, 198.1, 189.6, 105.4, 102, 255, 102
L 198.1, 189.6, 105.4, 192.5, 191.4, 104.1, 102, 255, 102
L 192.5, 191.4, 104.1, 190.8, 192.3, 103.7, 102, 255, 102
L 190.8, 192.3, 103.7, 183.5, 196.8, 101.9, 102, 255, 102
L 183.5, 196.8, 101.9, 182.0, 198.1, 101.5, 102, 255, 102
L 182.0, 198.1, 101.5, 176.7, 202.5, 100.1, 102, 255, 102
L 176.7, 202.5, 100.1, 176.2, 203.2, 99.9, 102, 255, 102
L 176.2, 203.2, 99.9, 170.6, 210.4, 98.1, 102, 255, 102
L 170.6, 210.4, 98.1, 169.6, 212.1, 97.7, 102, 255, 102
L 169.6, 212.1, 97.7, 166.3, 218.1, 96.3, 102, 255, 102
L 166.3, 218.1, 96.3, 165.8, 220.1, 95.8, 102, 255, 102
L 165.8, 220.1, 95.8, 163.8, 227.3, 94.3, 102, 255, 102
L 163.8, 227.3, 94.3, 163.6, 229.2, 93.9, 102, 255, 102
L 163.6, 229.2, 93.9, 163.1, 233.8, 93.0, 102, 255, 102
L 163.1, 233.8, 93.0, 162.9, 235.7, 92.5, 102, 255, 102
L 162.9, 235.7, 92.5, 163.4, 242.9, 91.1, 102, 255, 102
L 163.4, 242.9, 91.1, 163.6, 244.7, 90.7, 0, 204, 0
L 163.6, 244.7, 90.7, 164.1, 247.8, 90.2, 0, 204, 0
L 164.1, 247.8, 90.2, 164.6, 249.6, 89.7, 0, 204, 0
L 164.6, 249.6, 89.7, 166.5, 256.2, 88.3, 0, 204, 0
L 166.5, 256.2, 88.3, 167.4, 257.9, 87.9, 0, 204, 0
L 167.4, 257.9, 87.9, 171.4, 264.8, 86.2, 0, 204, 0
L 171.4, 264.8, 86.2, 172.5, 266.3, 85.9, 0, 204, 0
L 172.5, 266.3, 85.9, 177.8, 272.6, 84.2, 0, 204, 0
L 177.8, 272.6, 84.2, 179.2, 273.8, 83.8, 0, 204, 0
L 179.2, 273.8, 83.8, 186.6, 279.3, 81.9, 0, 204, 0
L 186.6, 279.3, 81.9, 188.2, 280.2, 81.5, 0, 204, 0
L 188.2, 280.2, 81.5, 194.4, 283.4, 80.1, 0, 204, 0
L 194.4, 283.4, 80.1, 196.2, 283.9, 79.7, 0, 204, 0
L 196.2, 283.9, 79.7, 205.3, 286.0, 77.8, 0, 204, 0
L 205.3, 286.0, 77.8, 207.2, 286.2, 77.4, 0, 204, 0
L 207.2, 286.2, 77.4, 214.1, 286.5, 76.0, 0, 204, 0
L 214.1, 286.5, 76.0, 216.1, 286.3, 75.6, 0, 204, 0
L 216.1, 286.3, 75.6, 224.8, 285.0, 73.8, 0, 204, 0
L 224.8, 285.0, 73.8, 226.6, 284.5, 73.4, 0, 204, 0
L 226.6, 284.5, 73.4, 232.6, 282.5, 72.1, 0, 204, 0
L 232.6, 282.5, 72.1, 234.3, 281.6, 71.7, 0, 204, 0
L 234.3, 281.6, 71.7, 241.4, 277.2, 70.0, 0, 204, 0
L 241.4, 277.2, 70.0, 242.9, 276.1, 69.5, 0, 204, 0
L 242.9, 276.1, 69.5, 248.3, 271.4, 68.1, 0, 204, 0
L 248.3, 271.4, 68.1, 249.5, 270.0, 67.7, 0, 204, 0
L 249.5, 270.0, 67.7, 254.3, 263.7, 66.1, 0, 204, 0
L 254.3, 263.7, 66.1, 255.2, 262.1, 65.7, 0, 204, 0
L 255.2, 262.1, 65.7, 258.7, 255.9, 64.3, 0, 204, 0
L 258.7, 255.9, 64.3, 259.2, 254.1, 63.9, 0, 204, 0
L 259.2, 254.1, 63.9, 260.2, 250.4, 63.2, 0, 204, 0
L 260.2, 250.4, 63.2, 261.2, 246.8, 62.3, 0, 204, 0
L 261.2, 246.8, 62.3, 261.4, 245.0, 62.0, 0, 204, 0
L 261.4, 245.0, 62.0, 261.9, 240.3, 61.0, 0, 204, 0
L 261.9, 240.3, 61.0, 262.1, 238.5, 60.6, 0, 204, 0
L 262.1, 238.5, 60.6, 261.6, 230.9, 59.0, 0, 204, 0
L 261.6, 230.9, 59.0, 261.4, 229.1, 58.7, 0, 204, 0
L 261.4, 229.1, 58.7, 261.0, 226.5, 58.2, 0, 204, 0
L 261.0, 226.5, 58.2, 260.5, 224.7, 57.8, 0, 204, 0
L 260.5, 224.7, 57.8, 258.6, 217.8, 56.3, 0, 204, 0
L 258.6, 217.8, 56.3, 257.6, 216.1, 55.9, 0, 204, 0
L 257.6, 216.1, 55.9, 253.5, 209.1, 54.2, 0, 204, 0
L 253.5, 209.1, 54.2, 252.4, 207.6, 53.8, 0, 204, 0
L 252.4, 207.6, 53.8, 247.3, 201.4, 52.2, 0, 204, 0
L 247.3, 201.4, 52.2, 245.8, 200.3, 51.8, 0, 204, 0
L 245.8, 200.3, 51.8, 238.5, 194.8, 50.0, 0, 204, 0
L 238.5, 194.8, 50.0, 236.9, 193.8, 49.6, 0, 204, 0
L 236.9, 193.8, 49.6, 230.6, 190.6, 48.1, 0, 204, 0
L 230.6, 190.6, 48.1, 228.7, 190.1, 47.6, 0, 204, 0
L 228.7, 190.1, 47.6, 219.6, 188.0, 45.8, 0, 204, 0
L 219.6, 188.0, 45.8, 217.7, 187.8, 45.3, 0, 204, 0
L 217.7, 187.8, 45.3, 211.1, 187.4, 44.0, 0, 204, 0
L 211.1, 187.4, 44.0, 209.2, 187.6, 43.6, 0, 204, 0
L 209.2, 187.6, 43.6, 199.8, 189.1, 41.8, 0, 204, 0
L 199.8, 189.1, 41.8, 198.0, 189.6, 41.3, 0, 204, 0
L 198.0, 189.6, 41.3, 192.5, 191.4, 40.1, 0, 204, 0
L 192.5, 191.4, 40.1, 190.8, 192.4, 39.7, 0, 204, 0
L 190.8, 192.4, 39.7, 190.4, 192.6, 39.6, 0, 204, 0
L 190.4, 192.6, 39.6, 183.7, 196.7, 38.0, 0, 204, 0
L 183.7, 196.7, 38.0, 182.2, 197.8, 37.6, 0, 204, 0
L 182.2, 197.8, 37.6, 176.8, 202.4, 36.2, 0, 204, 0
L 176.8, 202.4, 36.2, 175.6, 203.9, 35.8, 0, 204, 0
L 175.6, 203.9, 35.8, 170.6, 210.4, 34.1, 0, 204, 0
L 170.6, 210.4, 34.1, 169.7, 212.0, 33.7, 0, 204, 0
L 169.7, 212.0, 33.7, 166.4, 218.0, 32.3, 0, 204, 0
L 166.4, 218.0, 32.3, 165.8, 219.9, 31.9, 0, 204, 0
L 165.8, 219.9, 31.9, 163.8, 227.4, 30.3, 0, 204, 0
L 163.8, 227.4, 30.3, 163.6, 229.3, 29.9, 0, 0, 0
L 163.6, 229.3, 29.9, 163.1, 233.9, 28.9, 0, 0, 0
L 163.1, 233.9, 28.9, 162.9, 235.8, 28.5, 0, 0, 0
L 162.9, 235.8, 28.5, 163.4, 242.9, 27.1, 0, 0, 0
L 163.4, 242.9, 27.1, 163.6, 244.9, 26.7, 0, 0, 0
L 163.6, 244.9, 26.7, 164.1, 247.8, 26.1, 0, 0, 0
L 164.1, 247.8, 26.1, 164.6, 249.7, 25.7, 0, 0, 0
L 164.6, 249.7, 25.7, 166.4, 256.2, 24.3, 0, 0, 0
L 166.4, 256.2, 24.3, 167.3, 257.8, 23.9, 0, 0, 0
L 167.3, 257.8, 23.9, 171.3, 264.7, 22.3, 0, 0, 0
L 171.3, 264.7, 22.3, 172.5, 266.2, 21.8, 0, 0, 0
L 172.5, 266.2, 21.8, 177.9, 272.7, 20.2, 0, 0, 0
L 177.9, 272.7, 20.2, 179.4, 273.9, 19.8, 0, 0, 0
L 179.4, 273.9, 19.8, 186.5, 279.2, 18.0, 0, 0, 0
L 186.5, 279.2, 18.0, 188.1, 280.1, 17.5, 0, 0, 0
L 188.1, 280.1, 17.5, 194.4, 283.4, 16.1, 0, 0, 0
L 194.4, 283.4, 16.1, 196.1, 283.9, 15.7, 0, 0, 0
L 196.1, 283.9, 15.7, 205.2, 285.9, 13.8, 0, 0, 0
L 205.2, 285.9, 13.8, 207.0, 286.1, 13.5, 0, 0, 0
L 207.0, 286.1, 13.5, 214.2, 286.5, 12.0, 0, 0, 0
L 214.2, 286.5, 12.0, 216.1, 286.3, 11.6, 0, 0, 0
L 216.1, 286.3, 11.6, 224.7, 285.0, 9.8, 0, 0, 0
L 224.7, 285.0, 9.8, 226.6, 284.5, 9.4, 0, 0, 0
L 226.6, 284.5, 9.4, 232.7, 282.5, 8.1, 0, 0, 0
L 232.7, 282.5, 8.1, 234.4, 281.5, 7.6, 0, 0, 0
L 234.4, 281.5, 7.6, 241.4, 277.3, 5.9, 0, 0, 0
L 241.4, 277.3, 5.9, 242.9, 276.1, 5.5, 0, 0, 0
L 242.9, 276.1, 5.5, 248.2, 271.6, 4.2, 0, 0, 0
L 248.2, 271.6, 4.2, 249.5, 270.0, 3.7, 0, 0, 0
L 249.5, 270.0, 3.7, 254.3, 263.7, 2.1, 0, 0, 0
L 254.3, 263.7, 2.1, 255.3, 262.0, 1.7, 0, 0, 0
L 255.3, 262.0, 1.7, 258.7, 255.9, 0.3, 0, 0, 0
L 258.7, 255.9, 0.3, 259.2, 254.0, -0.2, 0, 0, 0
L 259.2, 254.0, -0.2, 261.2, 246.7, -1.7, 0, 0, 0
L 261.2, 246.7, -1.7, 261.4, 244.8, -2.1, 0, 0, 0
L 261.4, 244.8, -2.1, 261.9, 240.0, -3.1, 0, 0, 0
L 261.9, 240.0, -3.1, 262.1, 238.1, -3.5, 0, 0, 0
L 262.1, 238.1, -3.5, 261.7, 235.0, -4.6, 0, 0, 0
L 190.0, 181.0, 104.0, 200.3, 175.7, 107.5, 102, 255, 102
L 200.3, 175.7, 107.5, 205.0, 175.3, 106.3, 102, 255, 102
L 205.0, 175.3, 106.3, 204.9, 169.8, 106.3, 102, 255, 102
L 204.9, 169.8, 106.3, 201.7, 169.8, 106.3, 102, 255, 102
L 201.7, 169.8, 106.3, 201.7, 137.5, 106.3, 102, 255, 102
L 201.7, 137.5, 106.3, 184.7, 124.3, 106.3, 102, 255, 102
L 184.7, 124.3, 106.3, 174.0, 108.9, 106.3, 102, 255, 102
L 174.0, 108.9, 106.3, 174.0, 84.1, 106.3, 102, 255, 102
L 174.0, 84.1, 106.3, 184.7, 68.8, 106.3, 102, 255, 102
L 184.7, 68.8, 106.3, 184.7, 68.7, 106.3, 102, 255, 102
L 184.7, 68.8, 106.3, 200.5, 57.7, 106.3, 102, 255, 102
L 200.5, 57.7, 106.3, 224.4, 57.7, 106.3, 102, 255, 102
L 224.4, 57.7, 106.3, 240.3, 68.7, 106.3, 102, 255, 102
L 240.3, 68.7, 106.3, 250.9, 83.9, 106.3, 102, 255, 102
L 250.9, 83.9, 106.3, 251.1, 108.7, 106.3, 102, 255, 102
L 251.1, 108.7, 106.3, 240.3, 124.3, 106.3, 102, 255, 102
L 240.3, 124.3, 106.3, 223.3, 137.4, 106.3, 102, 255, 102
L 223.3, 137.4, 106.3, 223.3, 169.8, 106.3, 102, 255, 102
L 223.3, 169.8, 106.3, 220.0, 169.8, 106.3, 102, 255, 102
L 220.0, 169.8, 106.3, 220.0, 172.6, 106.3, 102, 255, 102
L 220.0, 175.3, 106.3, 225.6, 176.0, 106.4, 102, 255, 102
L 225.6, 176.0, 106.4, 227.5, 176.6, 106.7, 102, 255, 102
L 227.5, 176.6, 106.7, 236.9, 179.9, 108.4, 102, 255, 102
L 236.9, 179.9, 108.4, 238.7, 180.9, 108.7, 102, 255, 102
L 238.7, 180.9, 108.7, 247.5, 185.8, 110.4, 102, 255, 102
L 247.5, 185.8, 110.4, 249.1, 186.9, 110.7, 102, 255, 102
L 249.1, 186.9, 110.7, 257.0, 193.0, 112.3, 102, 255, 102
L 257.0, 193.0, 112.3, 258.2, 194.6, 112.6, 102, 255, 102
L 258.2, 194.6, 112.6, 264.2, 202.6, 114.3, 102, 255, 102
L 264.2, 202.6, 114.3, 265.1, 204.4, 114.6, 102, 255, 102
L 265.1, 204.4, 114.6, 270.0, 213.2, 116.3, 102, 255, 102
L 270.0, 213.2, 116.3, 270.6, 215.1, 116.6, 102, 255, 102
L 270.6, 215.1, 116.6, 273.7, 224.5, 118.2, 102, 255, 102
L 273.7, 224.5, 118.2, 273.9, 226.5, 118.3, 102, 255, 102
L 273.9, 226.5, 118.3, 274.2, 229.5, 118.3, 102, 255, 102
L 274.2, 229.5, 118.3, 279.7, 229.4, 118.3, 102, 255, 102
L 279.7, 229.4, 118.3, 279.7, 226.2, 118.3, 102, 255, 102
L 279.7, 226.2, 118.3, 311.9, 226.2, 118.3, 102, 255, 102
L 311.9, 226.2, 118.3, 325.2, 209.2, 118.3, 102, 255, 102
L 325.2, 209.2, 118.3, 340.6, 198.5, 118.3, 102, 255, 102
L 340.6, 198.5, 118.3, 365.4, 198.5, 118.3, 102, 255, 102
L 365.4, 198.5, 118.3, 380.8, 209.2, 118.3, 102, 255, 102
L 380.8, 209.2, 118.3, 391.8, 225.0, 118.3, 102, 255, 102
L 391.8, 225.0, 118.3, 391.8, 249.0, 118.3, 102, 255, 102
L 391.8, 249.0, 118.3, 380.8, 264.8, 118.3, 102, 255, 102
L 380.8, 264.8, 118.3, 365.6, 275.4, 118.3, 102, 255, 102
L 365.6, 275.4, 118.3, 340.8, 275.6, 118.3, 102, 255, 102
L 340.8, 275.6, 118.3, 325.2, 264.8, 118.3, 102, 255, 102
L 325.2, 264.8, 118.3, 312.8, 247.7, 118.3, 102, 255, 102
L 312.8, 247.7, 118.3, 279.7, 247.8, 118.3, 102, 255, 102
L 279.7, 247.8, 118.3, 279.7, 244.5, 118.3, 102, 255, 102
L 279.7, 244.5, 118.3, 276.9, 244.5, 118.3, 102, 255, 102
L 274.2, 244.5, 118.3, 273.7, 249.6, 118.3, 102, 255, 102
L 273.7, 249.6, 118.3, 273.1, 251.3, 118.6, 102, 255, 102
L 273.1, 251.3, 118.6, 269.9, 260.9, 122.8, 102, 255, 102
L 269.9, 260.9, 122.8, 269.0, 262.6, 122.4, 102, 255, 102
L 269.0, 262.6, 122.4, 264.0, 271.7, 122.3, 102, 255, 102
L 264.0, 271.7, 122.3, 262.8, 273.3, 122.6, 102, 255, 102
L 262.8, 273.3, 122.6, 256.7, 281.4, 124.3, 102, 255, 102
L 256.7, 281.4, 124.3, 255.1, 282.5, 124.6, 102, 255, 102
L 255.1, 282.5, 124.6, 246.7, 288.8, 126.3, 102, 255, 102
L 246.7, 288.8, 126.3, 244.9, 289.7, 126.7, 102, 255, 102
L 244.9, 289.7, 126.7, 235.9, 294.6, 128.3, 102, 255, 102
L 235.9, 294.6, 128.3, 234.1, 295.2, 128.3, 102, 255, 102
L 234.1, 295.2, 128.3, 224.4, 298.3, 128.3, 102, 255, 102
L 224.4, 298.3, 128.3, 222.4, 298.5, 128.3, 102, 255, 102
L 222.4, 298.5, 128.3, 220.0, 298.7, 128.3, 102, 255, 102
L 243.8, 205.7, -5.7, 231.7, 196.5, -5.7, 0, 0, 0
L 231.7, 196.5, -5.7, 229.4, 191.9, -5.7, 0, 0, 0
L 229.4, 191.9, -5.7, 231.2, 187.7, -4.8, 0, 0, 0
L 193.8, 187.7, -4.8, 195.6, 191.9, -5.7, 0, 0, 0
L 195.6, 191.9, -5.7, 193.6, 197.1, -5.7, 0, 0, 0
L 193.6, 197.1, -5.7, 187.9, 199.9, -5.7, 0, 0, 0
L 187.9, 199.9, -5.7, 181.4, 205.6, -5.7, 0, 0, 0
L 181.4, 205.6, -5.7, 175.3, 212.6, -5.0, 0, 0, 0
L 175.3, 212.6, -5.0, 170.9, 219.9, -5.7, 0, 0, 0
L 168.3, 237.5, -5.7, 169.2, 245.7, -5.7, 0, 0, 0
L 169.2, 245.7, -5.7, 171.9, 254.4, -5.7, 0, 0, 0
L 171.9, 254.4, -5.7, 175.4, 261.6, -5.7, 0, 0, 0
L 201.0, 297.0, 14.0, 210.0, 299.0, 12.0, 0, 0, 0
L 187.0, 292.0, 17.0, 190.0, 294.0, 16.0, 0, 0, 0
L 168.3, 237.5, -5.7, 170.9, 219.9, -5.7, 0, 0, 0
L 215.0, 280.0, -5.0, 224.0, 278.0, -5.0, 0, 0, 0
L 145.3, 229.5, 142.3, 148.0, 229.5, 142.3, 102, 255, 102
L 145.3, 229.5, 142.3, 145.3, 229.4, 142.3, 0, 0, 0
L 145.3, 239.5, 142.3, 145.3, 234.5, 142.3, 205, 133, 63
L 148.0, 244.5, 142.3, 148.0, 239.5, 142.3, 205, 133, 63
L 145.3, 239.5, 142.3, 150.8, 239.5, 142.3, 205, 133, 63
L 145.3, 234.5, 142.3, 148.0, 234.5, 142.3, 205, 133, 63
L 148.0, 234.5, 142.3, 150.8, 234.5, 142.3, 205, 133, 63
L 148.0, 229.5, 142.3, 150.8, 229.5, 142.3, 102, 255, 102
L 148.0, 234.5, 142.3, 148.0, 229.5, 142.3, 205, 133, 63
L 150.8, 239.5, 142.3, 150.8, 234.5, 142.3, 205, 133, 63
L 205.0, 301.5, 128.3, 205.0, 304.2, 128.3, 102, 255, 102
L 205.0, 301.5, 128.3, 210.0, 301.5, 128.3, 205, 133, 63
L 210.0, 298.7, 128.3, 210.0, 304.2, 128.3, 205, 133, 63
L 210.0, 298.7, 128.3, 215.0, 298.7, 128.3, 205, 133, 63
L 210.0, 304.2, 128.3, 215.0, 304.2, 128.3, 205, 133, 63
L 215.0, 304.2, 128.3, 215.1, 304.2, 128.3, 205, 133, 63
L 215.0, 298.7, 128.3, 215.0, 301.5, 128.3, 205, 133, 63
L 215.0, 301.5, 128.3, 215.0, 304.2, 128.3, 205, 133, 63
L 215.0, 301.5, 128.3, 220.0, 301.5, 128.3, 205, 133, 63
L 274.2, 239.5, 118.3, 274.2, 234.5, 118.3, 205, 133, 63
L 276.9, 244.5, 118.3, 274.2, 244.5, 118.3, 102, 255, 102
L 276.9, 244.5, 118.3, 276.9, 239.5, 118.3, 205, 133, 63
L 274.2, 239.5, 118.3, 279.7, 239.5, 118.3, 205, 133, 63
L 274.2, 234.5, 118.3, 276.9, 234.5, 118.3, 205, 133, 63
L 276.9, 234.5, 118.3, 279.7, 234.5, 118.3, 205, 133, 63
L 276.9, 234.5, 118.3, 276.9, 229.5, 118.3, 205, 133, 63
L 279.7, 239.5, 118.3, 279.7, 234.5, 118.3, 205, 133, 63
L 204.9, 172.6, 106.3, 210.0, 172.6, 106.3, 205, 133, 63
L 210.0, 169.8, 106.3, 210.0, 175.3, 106.3, 205, 133, 63
L 210.0, 169.8, 106.3, 215.0, 169.8, 106.3, 205, 133, 63
L 210.0, 175.3, 106.3, 214.9, 175.3, 106.3, 205, 133, 63
L 215.0, 169.8, 106.3, 215.0, 172.6, 106.3, 205, 133, 63
L 215.0, 172.6, 106.3, 215.0, 175.3, 106.3, 205, 133, 63
L 220.0, 172.6, 106.3, 220.0, 175.3, 106.3, 102, 255, 102
L 215.0, 172.6, 106.3, 220.0, 172.6, 106.3, 205, 133, 63
L -876.0, 14.9, 8.0, -876.0, 18.5, 8.0, 0, 0, 0
L -1017.6, -216.6, 18.0, -1100.5, -216.6, 18.0, 0, 0, 0
L -1115.5, -209.4, 18.0, -1115.5, -213.0, 18.0, 0, 0, 0
L -1100.5, -209.4, 18.0, -1100.5, -213.0, 18.0, 0, 0, 0
L -1198.4, -216.6, 18.0, -1198.4, -397.4, 18.0, 0, 0, 0
L -1115.5, -216.6, 18.0, -1198.4, -216.6, 18.0, 0, 0, 0
L -1017.6, -397.4, 18.0, -1017.6, -216.6, 18.0, 0, 0, 0
L -1198.4, -397.4, 18.0, -1017.6, -397.4, 18.0, 0, 0, 0
L -913.0, 31.0, 12.0, -913.0, 13.0, 12.0, 0, 0, 0
L -902.9, 69.0, 12.0, -906.5, 69.0, 12.0, 0, 0, 0
L -910.1, 69.0, 12.0, -910.1, 66.1, 12.0, 0, 0, 0
L -902.9, 84.0, 12.0, -906.5, 84.0, 12.0, 0, 0, 0
L -910.1, 84.0, 12.0, -910.1, 87.9, 12.0, 0, 0, 0
L -902.9, 84.0, 12.0, -902.9, 104.9, 12.0, 0, 0, 0
L -910.1, 87.9, 12.0, -1026.4, 87.9, 12.0, 0, 0, 0
L -861.0, 22.1, 8.0, -861.0, 18.5, 8.0, 0, 0, 0
L -861.0, 14.9, 8.0, -858.1, 14.9, 8.0, 0, 0, 0
L -858.1, 14.9, 8.0, -858.1, -40.0, 8.0, 0, 0, 0
L -858.1, -40.0, 8.0, -854.5, -40.0, 8.0, 0, 0, 0
L -850.9, -55.0, 8.0, -854.5, -55.0, 8.0, 0, 0, 0
L -878.9, -109.9, 8.0, -878.9, 14.9, 8.0, 0, 0, 0
L -858.1, -55.0, 8.0, -858.1, -109.9, 8.0, 0, 0, 0
L -858.1, -109.9, 8.0, -878.9, -109.9, 8.0, 0, 0, 0
L -788.0, 108.0, 8.0, -788.0, 41.0, 8.0, 0, 0, 0
L -801.0, 128.0, 8.0, -788.0, 108.0, 8.0, 0, 0, 0
L -818.1, 201.0, 8.0, -818.1, 158.1, 8.0, 0, 0, 0
L -806.9, 178.1, 8.0, -810.9, 182.1, 8.0, 0, 0, 0
L -746.1, 178.1, 8.0, -806.9, 178.1, 8.0, 0, 0, 0
L -810.9, 182.1, 8.0, -810.9, 201.0, 8.0, 0, 0, 0
L -662.1, 38.1, 8.0, -758.9, 38.1, 8.0, 0, 0, 0
L -732.0, 166.9, 8.0, -758.9, 166.9, 8.0, 0, 0, 0
L -706.9, 226.1, 8.0, -684.5, 226.1, 8.0, 0, 0, 0
L -714.1, 244.0, 8.0, -714.1, 298.9, 8.0, 0, 0, 0
L -734.9, 298.9, 8.0, -734.9, 244.0, 8.0, 0, 0, 0
L -714.1, 174.1, 8.0, -714.1, 229.0, 8.0, 0, 0, 0
L -834.1, 150.9, 8.0, -861.0, 150.9, 8.0, 0, 0, 0
L -742.1, 182.1, 8.0, -746.1, 178.1, 8.0, 0, 0, 0
L -732.0, 174.1, 8.0, -734.9, 174.1, 8.0, 0, 0, 0
L -861.0, 158.1, 8.0, -861.0, 154.5, 8.0, 0, 0, 0
L -714.1, 298.9, 8.0, -734.9, 298.9, 8.0, 0, 0, 0
L -734.9, 244.0, 8.0, -738.5, 244.0, 8.0, 0, 0, 0
L -717.0, 166.9, 8.0, -690.1, 166.9, 8.0, 0, 0, 0
L -810.9, 201.0, 8.0, -814.5, 201.0, 8.0, 0, 0, 0
L -742.1, 229.1, 8.0, -742.1, 229.0, 8.0, 0, 0, 0
L -876.0, 158.1, 8.0, -876.0, 154.5, 8.0, 0, 0, 0
L -714.1, 174.1, 8.0, -717.0, 174.1, 8.0, 0, 0, 0
L -734.9, 174.1, 8.0, -734.9, 229.0, 8.0, 0, 0, 0
L -714.1, 229.0, 8.0, -710.5, 229.0, 8.0, 0, 0, 0
L -742.1, 229.0, 8.0, -742.1, 182.1, 8.0, 0, 0, 0
L -734.9, 229.0, 8.0, -742.1, 229.0, 8.0, 0, 0, 0
L -518.9, 85.0, 8.0, -522.5, 85.0, 8.0, 0, 0, 0
L -634.9, -5.9, 8.0, -574.1, -5.9, 8.0, 0, 0, 0
L -634.9, 126.9, 8.0, -526.1, 126.9, 8.0, 0, 0, 0
L -902.9, 150.9, 8.0, -876.0, 150.9, 8.0, 0, 0, 0
L 231.2, 187.7, -4.8, 231.3, 52.7, -4.8, 0, 0, 0
L 193.7, 52.7, -4.8, 193.8, 187.7, -4.8, 0, 0, 0
L 205.0, 41.9, -4.8, 205.0, 45.5, -4.8, 0, 0, 0
L 220.0, 49.1, -4.8, 220.0, 45.5, -4.8, 0, 0, 0
L 145.0, -39.8, 1.2, 136.4, -40.0, 0.0, 0, 0, 0
L 136.4, -25.0, 0.0, 145.0, -25.0, 1.2, 0, 0, 0
L 85.0, 4.0, 0.0, 91.0, -1.0, 0.0, 0, 0, 0
L 57.0, 32.0, 0.0, 85.0, 4.0, 0.0, 0, 0, 0
L -1115.5, -213.0, 18.0, -1115.5, -216.6, 18.0, 0, 0, 0
L -1115.5, -213.0, 18.0, -1110.5, -213.0, 18.0, 205, 133, 63
L -1110.5, -216.6, 18.0, -1110.5, -209.4, 18.0, 205, 133, 63
L -1110.5, -216.6, 18.0, -1105.5, -216.6, 18.0, 205, 133, 63
L -1110.5, -209.4, 18.0, -1105.5, -209.4, 18.0, 205, 133, 63
L -1105.5, -216.6, 18.0, -1105.5, -213.0, 18.0, 205, 133, 63
L -1105.5, -213.0, 18.0, -1105.5, -209.4, 18.0, 205, 133, 63
L -1100.5, -213.0, 18.0, -1100.5, -216.6, 18.0, 0, 0, 0
L -1105.5, -213.0, 18.0, -1100.5, -213.0, 18.0, 205, 133, 63
L 205.0, 49.1, -4.8, 193.7, 49.1, -4.8, 0, 0, 0
L 193.7, 52.7, -4.8, 193.7, 49.1, -4.8, 0, 0, 0
L 220.0, 49.1, -4.8, 231.3, 49.1, -4.8, 0, 0, 0
L 231.3, 52.7, -4.8, 231.3, 49.1, -4.8, 0, 0, 0
L 205.0, 45.5, -4.8, 205.0, 49.1, -4.8, 0, 0, 0
L 205.0, 45.5, -4.8, 210.0, 45.5, -4.8, 205, 133, 63
L 210.0, 41.9, -4.8, 210.0, 49.1, -4.8, 205, 133, 63
L 210.0, 41.9, -4.8, 215.0, 41.9, -4.8, 205, 133, 63
L 210.0, 49.1, -4.8, 215.0, 49.1, -4.8, 205, 133, 63
L 215.0, 41.9, -4.8, 215.0, 45.5, -4.8, 205, 133, 63
L 215.0, 45.5, -4.8, 215.0, 49.1, -4.8, 205, 133, 63
L 220.0, 45.5, -4.8, 220.0, 41.9, -4.8, 0, 0, 0
L 215.0, 45.5, -4.8, 220.0, 45.5, -4.8, 205, 133, 63
L 52.0, -34.0, 0.0, 82.9, -66.0, 0.0, 0, 0, 0
L 136.4, -25.0, 0.0, 136.4, -1.0, 0.0, 0, 0, 0
L 136.4, -40.0, 0.0, 136.4, -66.0, 0.0, 0, 0, 0
L 82.9, -66.0, 0.0, 136.4, -66.0, 0.0, 0, 0, 0
L 91.0, -1.0, 0.0, 136.4, -1.0, 0.0, 0, 0, 0
L 136.4, -30.0, 0.0, 136.4, -35.0, 0.0, 205, 133, 63
L 140.1, -25.0, 0.0, 140.1, -30.0, 0.0, 205, 133, 63
L 136.4, -30.0, 0.0, 143.8, -30.0, 0.0, 205, 133, 63
L 136.4, -35.0, 0.0, 140.1, -35.0, 0.0, 205, 133, 63
L 140.1, -35.0, 0.0, 143.8, -35.0, 0.0, 205, 133, 63
L 140.1, -35.0, 0.0, 140.1, -40.0, 0.0, 205, 133, 63
L 143.8, -30.0, 0.0, 143.8, -35.0, 0.0, 205, 133, 63
L -237.0, -530.0, 16.4, -241.0, -520.0, 16.4, 0, 0, 0
L -62.4, -7.5, 16.4, -62.4, -11.0, 16.4, 0, 0, 0
L -62.4, -7.5, 16.4, -66.0, -7.5, 16.4, 0, 0, 0
L -206.0, -559.0, 16.4, -218.0, -549.0, 16.4, 0, 0, 0
L -169.0, -559.0, 16.4, -186.0, -561.0, 16.4, 0, 0, 0
L -241.0, -520.0, 16.4, -241.0, -504.0, 16.4, 0, 0, 0
L -69.6, -30.4, 16.4, -160.5, -29.9, 16.4, 0, 0, 0
L -218.0, -549.0, 16.4, -226.0, -541.0, 16.4, 0, 0, 0
L -190.0, -391.0, 16.4, -190.0, -368.0, 16.4, 0, 0, 0
L -226.0, -541.0, 16.4, -237.0, -530.0, 16.4, 0, 0, 0
L -203.0, -424.0, 16.4, -194.0, -417.0, 16.4, 0, 0, 0
L -183.0, -411.0, 16.4, -190.0, -391.0, 16.4, 0, 0, 0
L -241.0, -504.0, 16.4, -237.0, -481.0, 16.4, 0, 0, 0
L -238.0, -463.0, 16.4, -238.0, -454.0, 16.4, 0, 0, 0
L -234.0, -447.0, 16.4, -228.0, -441.0, 16.4, 0, 0, 0
L -228.0, -441.0, 16.4, -218.0, -433.0, 16.4, 0, 0, 0
L -237.0, -481.0, 16.4, -238.0, -468.0, 16.4, 0, 0, 0
L -193.0, -351.0, 16.4, -193.0, -332.0, 16.4, 0, 0, 0
L -218.0, -433.0, 16.4, -213.0, -429.0, 16.4, 0, 0, 0
L -238.0, -454.0, 16.4, -234.0, -447.0, 16.4, 0, 0, 0
L -194.0, -417.0, 16.4, -192.0, -417.0, 16.4, 0, 0, 0
L -193.0, -355.0, 16.4, -193.0, -351.0, 16.4, 0, 0, 0
L -238.0, -468.0, 16.4, -238.0, -463.0, 16.4, 0, 0, 0
L -213.0, -429.0, 16.4, -203.0, -424.0, 16.4, 0, 0, 0
L -197.0, -561.0, 16.4, -206.0, -559.0, 16.4, 0, 0, 0
L -190.0, -316.0, 16.4, -188.0, -304.0, 16.4, 0, 0, 0
L -190.0, -368.0, 16.4, -193.0, -355.0, 16.4, 0, 0, 0
L -186.0, -561.0, 16.4, -197.0, -561.0, 16.4, 0, 0, 0
L -192.0, -417.0, 16.4, -183.0, -411.0, 16.4, 0, 0, 0
L -69.6, 7.5, 16.4, -66.0, 7.5, 16.4, 0, 0, 0
L -100.0, -447.0, 16.4, -98.0, -451.0, 16.4, 0, 0, 0
L -132.0, -556.0, 16.4, -146.0, -555.0, 16.4, 0, 0, 0
L -106.0, -538.0, 16.4, -110.0, -544.0, 16.4, 0, 0, 0
L -157.0, -557.0, 16.4, -169.0, -559.0, 16.4, 0, 0, 0
L -148.0, -415.0, 16.4, -144.0, -422.0, 16.4, 0, 0, 0
L -96.0, -475.0, 16.4, -97.0, -482.0, 16.4, 0, 0, 0
L -115.0, -431.0, 16.4, -107.0, -439.0, 16.4, 0, 0, 0
L -104.0, -443.0, 16.4, -100.0, -447.0, 16.4, 0, 0, 0
L -114.0, -549.0, 16.4, -121.0, -553.0, 16.4, 0, 0, 0
L -97.0, -482.0, 16.4, -96.0, -494.0, 16.4, 0, 0, 0
L -96.0, -460.0, 16.4, -96.0, -461.0, 16.4, 0, 0, 0
L -146.0, -555.0, 16.4, -157.0, -557.0, 16.4, 0, 0, 0
L -95.0, -512.0, 16.4, -98.0, -521.0, 16.4, 0, 0, 0
L -154.0, -337.0, 16.4, -155.0, -343.0, 16.4, 0, 0, 0
L -152.0, -315.0, 16.4, -154.0, -331.0, 16.4, 0, 0, 0
L -155.0, -343.0, 16.4, -156.0, -352.0, 16.4, 0, 0, 0
L -95.0, -506.0, 16.4, -95.0, -512.0, 16.4, 0, 0, 0
L -152.0, -389.0, 16.4, -151.0, -398.0, 16.4, 0, 0, 0
L -154.0, -331.0, 16.4, -154.0, -337.0, 16.4, 0, 0, 0
L -107.0, -439.0, 16.4, -104.0, -443.0, 16.4, 0, 0, 0
L -129.0, -555.0, 16.4, -132.0, -556.0, 16.4, 0, 0, 0
L -98.0, -521.0, 16.4, -101.0, -527.0, 16.4, 0, 0, 0
L -125.0, -424.0, 16.4, -123.0, -424.0, 16.4, 0, 0, 0
L -96.0, -494.0, 16.4, -95.0, -501.0, 16.4, 0, 0, 0
L -98.0, -451.0, 16.4, -96.0, -460.0, 16.4, 0, 0, 0
L -130.0, -423.0, 16.4, -125.0, -424.0, 16.4, 0, 0, 0
L -202.4, 78.4, 16.4, -133.6, 78.4, 16.4, 0, 0, 0
L -123.0, -424.0, 16.4, -115.0, -431.0, 16.4, 0, 0, 0
L -153.0, -383.0, 16.4, -152.0, -389.0, 16.4, 0, 0, 0
L -144.0, -422.0, 16.4, -130.0, -423.0, 16.4, 0, 0, 0
L -121.0, -553.0, 16.4, -129.0, -555.0, 16.4, 0, 0, 0
L -95.0, -501.0, 16.4, -95.0, -506.0, 16.4, 0, 0, 0
L -101.0, -527.0, 16.4, -106.0, -538.0, 16.4, 0, 0, 0
L -110.0, -544.0, 16.4, -114.0, -549.0, 16.4, 0, 0, 0
L -149.0, -406.0, 16.4, -148.0, -415.0, 16.4, 0, 0, 0
L -151.0, -311.0, 16.4, -152.0, -315.0, 16.4, 0, 0, 0
L -151.0, -398.0, 16.4, -149.0, -406.0, 16.4, 0, 0, 0
L -156.0, -352.0, 16.4, -155.0, -367.0, 16.4, 0, 0, 0
L -151.0, -309.0, 16.4, -151.0, -311.0, 16.4, 0, 0, 0
L -160.5, -89.9, 16.4, -160.5, -93.5, 16.4, 0, 0, 0
L -153.0, -375.0, 16.4, -153.0, -383.0, 16.4, 0, 0, 0
L -155.0, -367.0, 16.4, -153.0, -375.0, 16.4, 0, 0, 0
L -96.0, -461.0, 16.4, -96.0, -475.0, 16.4, 0, 0, 0
L -193.0, -332.0, 16.4, -190.0, -316.0, 16.4, 0, 0, 0
L -188.0, -304.0, 16.4, -183.0, -289.0, 16.4, 0, 0, 0
L -183.0, -289.0, 16.4, -182.4, -287.1, 16.4, 0, 0, 0
L -151.0, -309.0, 16.4, -148.8, -287.1, 16.4, 0, 0, 0
L -179.0, -37.6, 16.4, -179.0, -57.1, 16.4, 0, 0, 0
L -175.5, -37.6, 16.4, -175.5, -33.7, 16.4, 0, 0, 0
L -160.5, -37.6, 16.4, -160.5, -33.7, 16.4, 0, 0, 0
L -175.5, -33.7, 16.4, -175.5, -29.9, 16.4, 0, 0, 0
L -175.5, -33.7, 16.4, -170.5, -33.7, 16.4, 205, 133, 63
L -170.5, -37.6, 16.4, -170.5, -29.9, 16.4, 205, 133, 63
L -170.5, -37.6, 16.4, -165.5, -37.6, 16.4, 205, 133, 63
L -170.5, -29.9, 16.4, -165.5, -29.9, 16.4, 205, 133, 63
L -165.5, -37.6, 16.4, -165.5, -33.7, 16.4, 205, 133, 63
L -165.5, -33.7, 16.4, -165.5, -29.9, 16.4, 205, 133, 63
L -160.5, -33.7, 16.4, -160.5, -29.9, 16.4, 0, 0, 0
L -165.5, -33.7, 16.4, -160.5, -33.7, 16.4, 205, 133, 63
L -175.5, -37.6, 16.4, -179.0, -37.6, 16.4, 0, 0, 0
L -160.5, -89.9, 16.4, -157.0, -89.9, 16.4, 0, 0, 0
L -160.5, -37.6, 16.4, -157.0, -37.6, 16.4, 0, 0, 0
L -219.7, -57.1, 16.4, -219.7, -47.0, 16.4, 0, 0, 0
L -219.7, -70.9, 16.4, -219.7, -81.0, 16.4, 0, 0, 0
L -219.7, -57.1, 16.4, -219.7, -70.9, 16.4, 150, 150, 150
L -219.7, -70.9, 16.4, -179.0, -70.9, 16.4, 0, 0, 0
L -219.7, -57.1, 16.4, -179.0, -57.1, 16.4, 0, 0, 0
L -252.4, -47.0, 14.0, -237.5, -47.0, 14.0, 0, 0, 0
L -219.7, -81.0, 16.4, -224.1, -81.0, 15.8, 0, 0, 0
L -237.5, -47.0, 14.0, -233.1, -47.0, 14.6, 0, 0, 0
L -237.5, -81.0, 14.0, -252.4, -81.0, 14.0, 0, 0, 0
L -237.5, -47.0, 14.0, -237.5, -81.0, 14.0, 150, 150, 150
L -291.0, -47.0, 14.0, -259.6, -47.0, 14.0, 0, 0, 0
L -252.4, -71.0, 14.0, -252.4, -81.0, 14.0, 0, 0, 0
L -259.6, -56.0, 14.0, -259.6, -47.0, 14.0, 0, 0, 0
L -252.4, -56.0, 14.0, -252.4, -47.0, 14.0, 0, 0, 0
L -259.6, -56.0, 14.0, -256.0, -56.0, 14.0, 0, 0, 0
L -256.0, -71.0, 14.0, -252.4, -71.0, 14.0, 0, 0, 0
L -252.4, -61.0, 14.0, -252.4, -66.0, 14.0, 205, 133, 63
L -256.0, -66.0, 14.0, -256.0, -71.0, 14.0, 205, 133, 63
L -259.6, -71.0, 14.0, -259.6, -80.6, 14.0, 0, 0, 0
L -259.6, -61.0, 14.0, -259.6, -66.0, 14.0, 205, 133, 63
L -256.0, -56.0, 14.0, -252.4, -56.0, 14.0, 0, 0, 0
L -256.0, -56.0, 14.0, -256.0, -61.0, 14.0, 205, 133, 63
L -259.6, -61.0, 14.0, -252.4, -61.0, 14.0, 205, 133, 63
L -259.6, -66.0, 14.0, -252.4, -66.0, 14.0, 205, 133, 63
L -259.6, -71.0, 14.0, -256.0, -71.0, 14.0, 0, 0, 0
L -902.9, 69.0, 12.0, -902.9, 48.1, 12.0, 0, 0, 0
L -876.0, 22.1, 8.0, -902.9, 22.1, 8.0, 0, 0, 0
L -858.1, -45.0, 8.0, -858.1, -50.0, 8.0, 205, 133, 63
L -854.5, -40.0, 8.0, -850.9, -40.0, 8.0, 0, 0, 0
L -854.5, -40.0, 8.0, -854.5, -45.0, 8.0, 205, 133, 63
L -858.1, -45.0, 8.0, -850.9, -45.0, 8.0, 205, 133, 63
L -858.1, -50.0, 8.0, -854.5, -50.0, 8.0, 205, 133, 63
L -854.5, -50.0, 8.0, -850.9, -50.0, 8.0, 205, 133, 63
L -854.5, -55.0, 8.0, -858.1, -55.0, 8.0, 0, 0, 0
L -854.5, -50.0, 8.0, -854.5, -55.0, 8.0, 205, 133, 63
L -850.9, -45.0, 8.0, -850.9, -50.0, 8.0, 205, 133, 63
L -762.1, -73.9, 8.0, -808.8, -73.9, 8.0, 0, 0, 0
L -762.2, -33.1, 8.0, -808.8, -33.1, 8.0, 0, 0, 0
L -762.2, -33.1, 8.0, -762.1, -73.9, 8.0, 0, 0, 0
L -808.8, -73.9, 8.0, -808.8, -54.4, 8.0, 0, 0, 0
L -808.8, -40.6, 8.0, -808.8, -33.1, 8.0, 0, 0, 0
L -808.8, -40.6, 8.0, -819.9, -40.6, 8.0, 0, 0, 0
L -819.9, -54.4, 8.0, -808.8, -54.4, 8.0, 0, 0, 0
L -819.9, -40.6, 8.0, -819.9, -37.8, 8.0, 0, 0, 0
L -819.9, -54.4, 8.0, -819.9, -57.2, 8.0, 0, 0, 0
L -850.9, -65.8, 8.0, -819.9, -65.8, 8.0, 0, 0, 0
L -850.9, -29.1, 8.0, -819.9, -29.1, 8.0, 0, 0, 0
L -850.9, -55.0, 8.0, -850.9, -65.8, 8.0, 0, 0, 0
L -850.9, -40.0, 8.0, -850.9, -29.1, 8.0, 0, 0, 0
L -876.0, 14.9, 8.0, -878.9, 14.9, 8.0, 0, 0, 0
L -876.0, 18.5, 8.0, -876.0, 22.1, 8.0, 0, 0, 0
L -876.0, 18.5, 8.0, -871.0, 18.5, 8.0, 205, 133, 63
L -871.0, 14.9, 8.0, -871.0, 22.1, 8.0, 205, 133, 63
L -871.0, 14.9, 8.0, -866.0, 14.9, 8.0, 205, 133, 63
L -871.0, 22.1, 8.0, -866.0, 22.1, 8.0, 205, 133, 63
L -866.0, 14.9, 8.0, -866.0, 18.5, 8.0, 205, 133, 63
L -866.0, 18.5, 8.0, -866.0, 22.1, 8.0, 205, 133, 63
L -861.0, 18.5, 8.0, -861.0, 14.9, 8.0, 0, 0, 0
L -866.0, 18.5, 8.0, -861.0, 18.5, 8.0, 205, 133, 63
L -910.1, 79.0, 12.0, -910.1, 74.0, 12.0, 205, 133, 63
L -906.5, 84.0, 12.0, -910.1, 84.0, 12.0, 0, 0, 0
L -906.5, 84.0, 12.0, -906.5, 79.0, 12.0, 205, 133, 63
L -910.1, 79.0, 12.0, -902.9, 79.0, 12.0, 205, 133, 63
L -910.1, 74.0, 12.0, -906.5, 74.0, 12.0, 205, 133, 63
L -906.5, 74.0, 12.0, -902.9, 74.0, 12.0, 205, 133, 63
L -906.5, 69.0, 12.0, -910.1, 69.0, 12.0, 0, 0, 0
L -906.5, 74.0, 12.0, -906.5, 69.0, 12.0, 205, 133, 63
L -902.9, 79.0, 12.0, -902.9, 74.0, 12.0, 205, 133, 63
L -941.6, 66.1, 12.0, -941.6, 61.5, 12.0, 0, 0, 0
L -941.6, 35.5, 12.0, -941.6, 31.0, 12.0, 0, 0, 0
L -941.6, 61.5, 12.0, -941.6, 35.5, 12.0, 0, 0, 0
L -913.0, 31.0, 12.0, -920.0, 31.0, 12.0, 0, 0, 0
L -920.0, 31.0, 12.0, -929.0, 31.0, 12.0, 0, 0, 0
L -929.0, 31.0, 12.0, -939.0, 31.0, 12.0, 0, 0, 0
L -939.0, 31.0, 12.0, -941.6, 31.0, 12.0, 0, 0, 0
L -910.1, 66.1, 12.0, -941.6, 66.1, 12.0, 0, 0, 0
L -913.0, 13.0, 12.0, -946.0, 13.0, 12.0, 0, 0, 0
L -946.0, 13.0, 12.0, -976.0, 13.0, 12.0, 0, 0, 0
L -976.0, 13.0, 12.0, -1026.4, 13.0, 12.0, 0, 0, 0
L -1026.4, 87.9, 12.0, -1026.4, 57.0, 12.0, 0, 0, 0
L -1026.4, 42.0, 12.0, -1026.4, 13.0, 12.0, 0, 0, 0
L -1033.6, 19.1, 12.0, -1092.0, 19.1, 12.0, 0, 0, 0
L -1026.4, 57.0, 12.0, -1030.0, 57.0, 12.0, 0, 0, 0
L -1026.4, 42.0, 12.0, -1030.0, 42.0, 12.0, 0, 0, 0
L -1033.6, 19.1, 12.0, -1033.6, 42.0, 12.0, 0, 0, 0
L -1033.6, 57.0, 12.0, -1033.6, 78.0, 12.0, 0, 0, 0
L -1033.6, 52.0, 12.0, -1033.6, 47.0, 12.0, 205, 133, 63
L -1030.0, 57.0, 12.0, -1033.6, 57.0, 12.0, 0, 0, 0
L -1030.0, 57.0, 12.0, -1030.0, 52.0, 12.0, 205, 133, 63
L -1033.6, 52.0, 12.0, -1026.4, 52.0, 12.0, 205, 133, 63
L -1033.6, 47.0, 12.0, -1030.0, 47.0, 12.0, 205, 133, 63
L -1030.0, 47.0, 12.0, -1026.4, 47.0, 12.0, 205, 133, 63
L -1030.0, 42.0, 12.0, -1033.6, 42.0, 12.0, 0, 0, 0
L -1030.0, 47.0, 12.0, -1030.0, 42.0, 12.0, 205, 133, 63
L -1026.4, 52.0, 12.0, -1026.4, 47.0, 12.0, 205, 133, 63
L -861.0, 22.1, 8.0, -809.1, 22.1, 8.0, 0, 0, 0
L -788.0, 41.0, 8.0, -809.1, 22.1, 8.0, 0, 0, 0
L -526.1, 85.0, 8.0, -526.1, 58.1, 8.0, 0, 0, 0
L -574.1, -5.9, 8.0, -574.1, 58.1, 8.0, 0, 0, 0
L -526.1, 58.1, 8.0, -574.1, 58.1, 8.0, 0, 0, 0
L -526.1, 95.0, 8.0, -522.5, 95.0, 8.0, 0, 0, 0
L -526.1, 95.0, 8.0, -526.1, 126.9, 8.0, 0, 0, 0
L -518.9, 62.4, 8.0, -518.9, 85.0, 8.0, 0, 0, 0
L -518.9, 95.0, 8.0, -518.9, 127.1, 8.0, 0, 0, 0
L -505.0, 141.0, 8.0, -518.9, 127.1, 8.0, 0, 0, 0
L -526.1, 91.7, 8.0, -526.1, 88.3, 8.0, 205, 133, 63
L -522.5, 95.0, 8.0, -518.9, 95.0, 8.0, 0, 0, 0
L -522.5, 95.0, 8.0, -522.5, 91.7, 8.0, 205, 133, 63
L -526.1, 91.7, 8.0, -518.9, 91.7, 8.0, 205, 133, 63
L -526.1, 88.3, 8.0, -522.5, 88.3, 8.0, 205, 133, 63
L -522.5, 88.3, 8.0, -518.9, 88.3, 8.0, 205, 133, 63
L -522.5, 85.0, 8.0, -526.1, 85.0, 8.0, 0, 0, 0
L -522.5, 88.3, 8.0, -522.5, 85.0, 8.0, 205, 133, 63
L -518.9, 91.7, 8.0, -518.9, 88.3, 8.0, 205, 133, 63
L -634.9, -5.9, 8.0, -634.9, 85.0, 8.0, 0, 0, 0
L -634.9, 100.0, 8.0, -634.9, 126.9, 8.0, 0, 0, 0
L -634.9, 85.0, 8.0, -638.5, 85.0, 8.0, 0, 0, 0
L -634.9, 100.0, 8.0, -638.5, 100.0, 8.0, 0, 0, 0
L -642.1, 95.0, 8.0, -642.1, 90.0, 8.0, 205, 133, 63
L -638.5, 100.0, 8.0, -642.1, 100.0, 8.0, 0, 0, 0
L -638.5, 100.0, 8.0, -638.5, 95.0, 8.0, 205, 133, 63
L -642.1, 95.0, 8.0, -634.9, 95.0, 8.0, 205, 133, 63
L -642.1, 90.0, 8.0, -638.5, 90.0, 8.0, 205, 133, 63
L -638.5, 90.0, 8.0, -634.9, 90.0, 8.0, 205, 133, 63
L -638.5, 85.0, 8.0, -642.1, 85.0, 8.0, 0, 0, 0
L -638.5, 90.0, 8.0, -638.5, 85.0, 8.0, 205, 133, 63
L -634.9, 95.0, 8.0, -634.9, 90.0, 8.0, 205, 133, 63
L -642.1, 100.0, 8.0, -642.1, 129.2, 8.0, 0, 0, 0
L -657.3, 146.9, 8.0, -642.1, 129.2, 8.0, 0, 0, 0
L -642.1, 85.0, 8.0, -642.1, 56.8, 8.0, 0, 0, 0
L -662.1, 38.1, 8.0, -642.1, 56.8, 8.0, 0, 0, 0
L -758.9, 166.9, 8.0, -758.9, 38.1, 8.0, 0, 0, 0
L -657.3, 146.9, 8.0, -690.1, 146.9, 8.0, 0, 0, 0
L -690.1, 166.9, 8.0, -690.1, 146.9, 8.0, 0, 0, 0
L -732.0, 166.9, 8.0, -732.0, 170.5, 8.0, 0, 0, 0
L -717.0, 174.1, 8.0, -717.0, 170.5, 8.0, 0, 0, 0
L -732.0, 170.5, 8.0, -732.0, 174.1, 8.0, 0, 0, 0
L -732.0, 170.5, 8.0, -727.0, 170.5, 8.0, 205, 133, 63
L -727.0, 166.9, 8.0, -727.0, 174.1, 8.0, 205, 133, 63
L -727.0, 166.9, 8.0, -722.0, 166.9, 8.0, 205, 133, 63
L -727.0, 174.1, 8.0, -722.0, 174.1, 8.0, 205, 133, 63
L -722.0, 166.9, 8.0, -722.0, 170.5, 8.0, 205, 133, 63
L -722.0, 170.5, 8.0, -722.0, 174.1, 8.0, 205, 133, 63
L -717.0, 170.5, 8.0, -717.0, 166.9, 8.0, 0, 0, 0
L -722.0, 170.5, 8.0, -717.0, 170.5, 8.0, 205, 133, 63
L -706.9, 226.1, 8.0, -706.9, 229.0, 8.0, 0, 0, 0
L -706.9, 244.0, 8.0, -710.5, 244.0, 8.0, 0, 0, 0
L -706.9, 244.0, 8.0, -706.9, 246.9, 8.0, 0, 0, 0
L -714.1, 239.0, 8.0, -714.1, 234.0, 8.0, 205, 133, 63
L -710.5, 244.0, 8.0, -714.1, 244.0, 8.0, 0, 0, 0
L -710.5, 244.0, 8.0, -710.5, 239.0, 8.0, 205, 133, 63
L -714.1, 239.0, 8.0, -706.9, 239.0, 8.0, 205, 133, 63
L -714.1, 234.0, 8.0, -710.5, 234.0, 8.0, 205, 133, 63
L -710.5, 234.0, 8.0, -706.9, 234.0, 8.0, 205, 133, 63
L -710.5, 229.0, 8.0, -706.9, 229.0, 8.0, 0, 0, 0
L -710.5, 234.0, 8.0, -710.5, 229.0, 8.0, 205, 133, 63
L -706.9, 239.0, 8.0, -706.9, 234.0, 8.0, 205, 133, 63
L -742.1, 239.0, 8.0, -742.1, 234.0, 8.0, 205, 133, 63
L -738.5, 244.0, 8.0, -742.1, 244.0, 8.0, 0, 0, 0
L -738.5, 244.0, 8.0, -738.5, 239.0, 8.0, 205, 133, 63
L -742.1, 239.0, 8.0, -734.9, 239.0, 8.0, 205, 133, 63
L -742.1, 234.0, 8.0, -738.5, 234.0, 8.0, 205, 133, 63
L -738.5, 234.0, 8.0, -734.9, 234.0, 8.0, 205, 133, 63
L -738.5, 234.0, 8.0, -738.5, 229.1, 8.0, 205, 133, 63
L -734.9, 239.0, 8.0, -734.9, 234.0, 8.0, 205, 133, 63
L -706.9, 246.9, 8.0, -684.5, 246.9, 8.0, 0, 0, 0
L -742.1, 244.0, 8.0, -742.1, 264.7, 8.0, 0, 0, 0
L -810.9, 216.0, 8.0, -814.5, 216.0, 8.0, 0, 0, 0
L -818.1, 211.0, 8.0, -818.1, 206.0, 8.0, 205, 133, 63
L -814.5, 216.0, 8.0, -818.1, 216.0, 8.0, 0, 0, 0
L -814.5, 216.0, 8.0, -814.5, 211.0, 8.0, 205, 133, 63
L -818.1, 211.0, 8.0, -810.9, 211.0, 8.0, 205, 133, 63
L -818.1, 206.0, 8.0, -814.5, 206.0, 8.0, 205, 133, 63
L -814.5, 206.0, 8.0, -810.9, 206.0, 8.0, 205, 133, 63
L -814.5, 201.0, 8.0, -818.1, 201.0, 8.0, 0, 0, 0
L -814.5, 206.0, 8.0, -814.5, 201.0, 8.0, 205, 133, 63
L -810.9, 211.0, 8.0, -810.9, 206.0, 8.0, 205, 133, 63
L -810.9, 216.0, 8.0, -810.9, 263.9, 8.0, 0, 0, 0
L -861.0, 158.1, 8.0, -818.1, 158.1, 8.0, 0, 0, 0
L -818.1, 216.0, 8.0, -818.1, 226.0, 8.0, 0, 0, 0
L -834.0, 226.0, 8.0, -818.1, 226.0, 8.0, 0, 0, 0
L -917.0, 257.0, 8.0, -852.0, 257.0, 8.0, 0, 0, 0
L -852.0, 257.0, 8.0, -850.1, 257.0, 8.0, 0, 0, 0
L -850.1, 257.0, 8.0, -850.1, 241.1, 8.0, 0, 0, 0
L -850.1, 241.1, 8.0, -850.0, 241.0, 8.0, 0, 0, 0
L -850.0, 241.0, 8.0, -834.0, 226.0, 8.0, 0, 0, 0
L -876.0, 158.1, 8.0, -917.0, 158.1, 8.0, 0, 0, 0
L -917.0, 257.0, 8.0, -917.0, 158.1, 8.0, 0, 0, 0
L -876.0, 154.5, 8.0, -876.0, 150.9, 8.0, 0, 0, 0
L -876.0, 154.5, 8.0, -871.0, 154.5, 8.0, 205, 133, 63
L -871.0, 150.9, 8.0, -871.0, 158.1, 8.0, 205, 133, 63
L -871.0, 150.9, 8.0, -866.0, 150.9, 8.0, 205, 133, 63
L -871.0, 158.1, 8.0, -866.0, 158.1, 8.0, 205, 133, 63
L -866.0, 150.9, 8.0, -866.0, 154.5, 8.0, 205, 133, 63
L -866.0, 154.5, 8.0, -866.0, 158.1, 8.0, 205, 133, 63
L -861.0, 154.5, 8.0, -861.0, 150.9, 8.0, 0, 0, 0
L -866.0, 154.5, 8.0, -861.0, 154.5, 8.0, 205, 133, 63
L -834.1, 150.9, 8.0, -834.1, 128.0, 8.0, 0, 0, 0
L -801.0, 128.0, 8.0, -834.1, 128.0, 8.0, 0, 0, 0
L -429.0, 10.9, 8.0, -429.0, 14.5, 8.0, 0, 0, 0
L -444.0, 10.9, 8.0, -444.0, 14.5, 8.0, 0, 0, 0
L -444.0, 14.5, 8.0, -444.0, 18.1, 8.0, 0, 0, 0
L -444.0, 14.5, 8.0, -439.0, 14.5, 8.0, 205, 133, 63
L -439.0, 10.9, 8.0, -439.0, 18.1, 8.0, 205, 133, 63
L -439.0, 10.9, 8.0, -434.0, 10.9, 8.0, 205, 133, 63
L -439.0, 18.1, 8.0, -434.0, 18.1, 8.0, 205, 133, 63
L -434.0, 10.9, 8.0, -434.0, 14.5, 8.0, 205, 133, 63
L -434.0, 14.5, 8.0, -434.0, 18.1, 8.0, 205, 133, 63
L -429.0, 14.5, 8.0, -429.0, 18.1, 8.0, 0, 0, 0
L -434.0, 14.5, 8.0, -429.0, 14.5, 8.0, 205, 133, 63
L -444.0, 18.1, 8.0, -471.0, 18.1, 8.0, 0, 0, 0
L -471.0, 38.0, 8.0, -471.0, 18.1, 8.0, 0, 0, 0
L -471.0, 38.0, 8.0, -503.0, 38.0, 8.0, 0, 0, 0
L -518.9, 62.4, 8.0, -503.0, 38.0, 8.0, 0, 0, 0
L -505.0, 141.0, 8.0, -492.0, 146.0, 8.0, 0, 0, 0
L -492.0, 146.0, 8.0, -489.7, 146.9, 8.0, 0, 0, 0
L -360.4, -56.2, 14.0, -364.1, -56.2, 14.0, 0, 0, 0
L -367.8, -70.8, 14.0, -364.1, -70.8, 14.0, 0, 0, 0
L -367.8, -61.0, 14.0, -367.8, -65.9, 14.0, 205, 133, 63
L -364.1, -56.2, 14.0, -364.1, -61.0, 14.0, 205, 133, 63
L -367.8, -61.0, 14.0, -360.4, -61.0, 14.0, 205, 133, 63
L -367.8, -65.9, 14.0, -364.1, -65.9, 14.0, 205, 133, 63
L -364.1, -65.9, 14.0, -360.4, -65.9, 14.0, 205, 133, 63
L -364.1, -70.8, 14.0, -360.4, -70.8, 14.0, 0, 0, 0
L -364.1, -65.9, 14.0, -364.1, -70.8, 14.0, 205, 133, 63
L -360.4, -61.0, 14.0, -360.4, -65.9, 14.0, 205, 133, 63
L -360.4, -70.8, 14.0, -360.4, -74.1, 14.0, 0, 0, 0
L -360.4, -74.1, 14.0, -360.4, -112.0, 14.0, 0, 0, 0
L -364.1, -56.2, 14.0, -367.8, -56.2, 14.0, 0, 0, 0
L -360.4, -56.2, 14.0, -360.4, -46.0, 14.0, 0, 0, 0
L -344.0, -46.0, 14.0, -360.4, -46.0, 14.0, 0, 0, 0
L -344.0, -46.0, 14.0, -328.8, -30.8, 14.0, 0, 0, 0
L -328.8, -30.8, 14.0, -328.8, -15.0, 14.0, 0, 0, 0
L -291.0, -47.0, 14.0, -291.0, -15.0, 14.0, 0, 0, 0
L -328.8, -15.0, 14.0, -291.0, -15.0, 14.0, 0, 0, 0
L -360.4, -112.0, 14.0, -332.0, -112.0, 14.0, 0, 0, 0
L -332.0, -112.0, 14.0, -291.0, -112.0, 14.0, 0, 0, 0
L -259.6, -80.6, 14.0, -291.0, -112.0, 14.0, 0, 0, 0
L -444.0, 460.9, 4.0, -444.0, 464.8, 4.0, 0, 0, 0
L -429.7, 460.9, 4.0, -429.7, 464.8, 4.0, 0, 0, 0
L -444.0, 464.8, 4.0, -444.0, 468.6, 4.0, 0, 0, 0
L -444.0, 464.8, 4.0, -439.2, 464.8, 4.0, 205, 133, 63
L -439.2, 460.9, 4.0, -439.2, 468.6, 4.0, 205, 133, 63
L -439.2, 460.9, 4.0, -434.5, 460.9, 4.0, 205, 133, 63
L -439.2, 468.6, 4.0, -434.5, 468.6, 4.0, 205, 133, 63
L -434.5, 460.9, 4.0, -434.5, 464.8, 4.0, 205, 133, 63
L -434.5, 464.8, 4.0, -434.5, 468.6, 4.0, 205, 133, 63
L -429.7, 464.8, 4.0, -429.7, 468.6, 4.0, 0, 0, 0
L -434.5, 464.8, 4.0, -429.7, 464.8, 4.0, 205, 133, 63
L -429.7, 460.9, 4.0, -402.2, 460.9, 4.0, 0, 0, 0
L -175.5, -29.9, 16.4, -202.4, -29.9, 16.4, 0, 0, 0
L -202.4, -29.9, 16.4, -202.4, 78.4, 16.4, 0, 0, 0
L -133.6, 78.4, 16.4, -133.6, 29.0, 16.4, 0, 0, 0
L -69.6, 7.5, 16.4, -69.6, 29.0, 16.4, 0, 0, 0
L -133.6, 29.0, 16.4, -69.6, 29.0, 16.4, 0, 0, 0
L -69.6, -7.5, 16.4, -69.6, -30.4, 16.4, 0, 0, 0
L -69.6, 2.5, 16.4, -69.6, -2.5, 16.4, 205, 133, 63
L -66.0, 7.5, 16.4, -62.4, 7.5, 16.4, 0, 0, 0
L -66.0, 7.5, 16.4, -66.0, 2.5, 16.4, 205, 133, 63
L -69.6, 2.5, 16.4, -62.4, 2.5, 16.4, 205, 133, 63
L -69.6, -2.5, 16.4, -66.0, -2.5, 16.4, 205, 133, 63
L -66.0, -2.5, 16.4, -62.4, -2.5, 16.4, 205, 133, 63
L -66.0, -7.5, 16.4, -69.6, -7.5, 16.4, 0, 0, 0
L -66.0, -2.5, 16.4, -66.0, -7.5, 16.4, 205, 133, 63
L -62.4, 2.5, 16.4, -62.4, -2.5, 16.4, 205, 133, 63
L 3.6, -7.5, 0.0, -0.0, -7.5, 0.0, 0, 0, 0
L -3.6, 7.5, 0.0, -0.0, 7.5, 0.0, 0, 0, 0
L -3.6, 7.5, 0.0, -3.6, 10.4, 0.0, 0, 0, 0
L -3.6, 10.4, 0.0, -17.8, 10.4, 0.0, 0, 0, 0
L -49.1, 10.4, 16.4, -62.4, 10.4, 16.4, 0, 0, 0
L -62.4, 10.4, 16.4, -62.4, 7.5, 16.4, 0, 0, 0
L -62.4, -11.0, 16.4, -49.1, -11.0, 16.4, 0, 0, 0
L -3.6, -7.5, 0.0, -0.0, -7.5, 0.0, 0, 0, 0
L -3.6, 2.5, 0.0, -3.6, -2.5, 0.0, 205, 133, 63
L -0.0, 7.5, 0.0, 3.6, 7.5, 0.0, 0, 0, 0
L -0.0, 7.5, 0.0, -0.0, 2.5, 0.0, 205, 133, 63
L -3.6, 2.5, 0.0, 3.6, 2.5, 0.0, 205, 133, 63
L -3.6, -2.5, 0.0, -0.0, -2.5, 0.0, 205, 133, 63
L -0.0, -2.5, 0.0, 3.6, -2.5, 0.0, 205, 133, 63
L -0.0, -2.5, 0.0, -0.0, -7.5, 0.0, 205, 133, 63
L 3.6, 2.5, 0.0, 3.6, -2.5, 0.0, 205, 133, 63
L 3.6, 7.5, 0.0, 3.6, 32.0, 0.0, 0, 0, 0
L 57.0, 32.0, 0.0, 3.6, 32.0, 0.0, 0, 0, 0
L 3.6, -7.5, 0.0, 3.6, -34.0, 0.0, 0, 0, 0
L 52.0, -34.0, 0.0, 3.6, -34.0, 0.0, 0, 0, 0
L -17.8, 10.4, 0.0, -17.8, -11.0, 0.0, 150, 150, 150
L -17.8, -11.0, 0.0, -3.6, -11.0, 0.0, 0, 0, 0
L -3.6, -7.5, 0.0, -3.6, -11.0, 0.0, 0, 0, 0
L -49.1, 10.4, 16.4, -45.2, 10.4, 14.3, 0, 0, 0
L -49.1, 10.4, 16.4, -49.1, -11.0, 16.4, 150, 150, 150
L -49.1, -11.0, 16.4, -45.2, -11.0, 14.3, 0, 0, 0
L -33.4, 10.4, 8.2, -29.5, 10.4, 6.1, 0, 0, 0
L -33.4, -11.0, 8.2, -29.5, -11.0, 6.1, 0, 0, 0
L -33.4, 10.4, 8.2, -33.4, -11.0, 8.2, 150, 150, 150
L -41.3, 10.4, 12.3, -37.4, 10.4, 10.2, 0, 0, 0
L -41.3, -11.0, 12.3, -37.4, -11.0, 10.2, 0, 0, 0
L -41.3, 10.4, 12.3, -41.3, -11.0, 12.3, 150, 150, 150
L -45.2, 10.4, 14.3, -41.3, 10.4, 12.3, 0, 0, 0
L -45.2, -11.0, 14.3, -41.3, -11.0, 12.3, 0, 0, 0
L -45.2, 10.4, 14.3, -45.2, -11.0, 14.3, 150, 150, 150
L -37.4, 10.4, 10.2, -33.4, 10.4, 8.2, 0, 0, 0
L -37.4, -11.0, 10.2, -33.4, -11.0, 8.2, 0, 0, 0
L -37.4, 10.4, 10.2, -37.4, -11.0, 10.2, 150, 150, 150
L -25.6, 10.4, 4.1, -21.7, 10.4, 2.0, 0, 0, 0
L -25.6, -11.0, 4.1, -21.7, -11.0, 2.0, 0, 0, 0
L -25.6, 10.4, 4.1, -25.6, -11.0, 4.1, 150, 150, 150
L -29.5, 10.4, 6.1, -25.6, 10.4, 4.1, 0, 0, 0
L -29.5, -11.0, 6.1, -25.6, -11.0, 4.1, 0, 0, 0
L -29.5, 10.4, 6.1, -29.5, -11.0, 6.1, 150, 150, 150
L -21.7, 10.4, 2.0, -17.8, 10.4, 0.0, 0, 0, 0
L -21.7, -11.0, 2.0, -17.8, -11.0, 0.0, 0, 0, 0
L -21.7, 10.4, 2.0, -21.7, -11.0, 2.0, 150, 150, 150
L -690.9, 179.1, 8.0, -662.6, 179.1, 12.5, 0, 0, 0
L -662.6, 179.1, 12.5, -637.1, 202.1, 8.5, 0, 0, 0
L -637.1, 202.1, 8.5, -605.2, 202.1, 12.8, 0, 0, 0
L -605.2, 202.1, 12.8, -582.1, 229.1, 8.0, 0, 0, 0
L -582.1, 229.1, 8.0, -582.1, 243.9, 8.0, 0, 0, 0
L -810.9, 263.9, 8.0, -800.7, 277.3, 8.0, 0, 0, 0
L -800.7, 277.3, 8.0, -798.2, 275.6, 8.0, 150, 150, 150
L -798.2, 275.6, 8.0, -793.3, 274.0, 8.0, 150, 150, 150
L -793.3, 274.0, 8.0, -788.5, 273.4, 8.0, 150, 150, 150
L -788.5, 273.4, 8.0, -783.7, 274.0, 8.0, 150, 150, 150
L -783.7, 274.0, 8.0, -778.8, 275.6, 8.0, 150, 150, 150
L -778.8, 275.6, 8.0, -774.9, 278.4, 8.0, 150, 150, 150
L -774.9, 278.4, 8.0, -771.5, 282.9, 8.0, 150, 150, 150
L -771.5, 282.9, 8.0, -771.2, 285.3, 8.0, 150, 150, 150
L -771.2, 285.3, 8.0, -768.3, 285.0, 8.0, 150, 150, 150
L -768.3, 285.0, 8.0, -759.9, 281.7, 10.9, 150, 150, 150
L -759.9, 281.7, 10.9, -755.9, 279.1, 12.3, 150, 150, 150
L -755.9, 279.1, 12.3, -755.2, 277.4, 10.7, 150, 150, 150
L -755.2, 277.4, 10.7, -751.9, 267.9, 8.0, 150, 150, 150
L -751.9, 267.9, 8.0, -751.0, 264.7, 8.0, 150, 150, 150
L -751.0, 264.7, 8.0, -742.1, 264.4, 9.0, 150, 150, 150
L -742.1, 264.7, 9.0, -742.6, 270.2, 10.0, 0, 0, 0
L -742.6, 270.2, 10.0, -744.5, 275.9, 11.0, 0, 0, 0
L -744.5, 275.9, 11.0, -747.3, 281.6, 12.0, 0, 0, 0
L -747.3, 281.6, 12.0, -751.1, 285.9, 13.0, 0, 0, 0
L -751.1, 285.9, 13.0, -755.4, 289.7, 14.0, 0, 0, 0
L -755.4, 289.7, 14.0, -761.1, 292.5, 15.0, 0, 0, 0
L -761.1, 292.5, 15.0, -766.8, 294.4, 16.0, 0, 0, 0
L -766.8, 294.4, 16.0, -773.5, 295.0, 16.0, 0, 0, 0
L -775.9, 299.7, 16.0, -775.8, 299.7, 16.0, 0, 0, 0
L -775.8, 299.7, 16.0, -773.5, 295.0, 16.0, 0, 0, 0
L -775.8, 299.7, 16.0, -778.1, 302.9, 16.0, 0, 0, 0
L -778.1, 302.9, 16.0, -781.3, 305.1, 16.0, 0, 0, 0
L -781.3, 305.1, 16.0, -784.9, 306.5, 16.0, 0, 0, 0
L -784.9, 306.5, 16.0, -788.5, 306.9, 16.0, 0, 0, 0
L -788.5, 306.9, 16.0, -792.1, 306.5, 16.0, 0, 0, 0
L -792.1, 306.5, 16.0, -795.8, 305.1, 16.0, 0, 0, 0
L -795.8, 305.1, 16.0, -798.9, 302.9, 16.0, 0, 0, 0
L -798.9, 302.9, 16.0, -801.1, 299.7, 16.0, 0, 0, 0
L -801.1, 299.7, 16.0, -802.5, 296.1, 16.0, 0, 0, 0
L -802.5, 296.1, 16.0, -802.9, 292.5, 16.0, 0, 0, 0
L -802.9, 292.5, 16.0, -802.5, 288.9, 16.0, 0, 0, 0
L -802.5, 288.9, 16.0, -801.1, 285.3, 16.0, 0, 0, 0
L -801.1, 285.3, 16.0, -798.1, 281.0, 16.0, 0, 0, 0
L -798.1, 281.0, 16.0, -799.6, 278.8, 18.0, 0, 0, 0
L -799.6, 278.8, 18.0, -800.7, 277.3, 8.0, 0, 0, 0
L -1115.5, -209.4, 18.0, -1124.4, -209.4, 18.0, 0, 0, 0
L -1091.6, -209.4, 18.0, -1100.5, -209.4, 18.0, 0, 0, 0
L -637.1, 270.9, 8.0, -662.6, 293.9, 8.0, 0, 0, 0
L -690.9, 209.8, 8.0, -690.9, 179.1, 8.0, 0, 0, 0
L -690.9, 293.9, 8.0, -662.6, 293.9, 8.0, 0, 0, 0
L -690.9, 209.8, 8.0, -684.5, 217.1, 8.0, 0, 0, 0
L -684.5, 246.9, 8.0, -684.5, 257.8, 8.0, 0, 0, 0
L -684.5, 226.1, 8.0, -684.5, 217.1, 8.0, 0, 0, 0
L -684.5, 257.8, 8.0, -689.0, 265.0, 8.0, 0, 0, 0
L -690.9, 268.0, 8.0, -690.9, 293.9, 8.0, 0, 0, 0
L -689.0, 265.0, 8.0, -690.9, 268.0, 8.0, 0, 0, 0
L -582.1, 243.9, 8.0, -605.2, 270.9, 8.0, 0, 0, 0
L -605.2, 270.9, 8.0, -637.1, 270.9, 8.0, 0, 0, 0
L -1115.5, -26.6, 18.0, -1115.3, -19.2, 18.0, 0, 0, 0
L -1092.0, -9.0, 18.0, -1094.4, -12.0, 18.0, 0, 0, 0
L -1067.6, -108.4, 18.0, -1078.7, -119.4, 18.0, 0, 0, 0
L -1067.6, -97.7, 18.0, -1067.6, -108.4, 18.0, 0, 0, 0
L -1137.4, -173.4, 18.0, -1148.4, -162.3, 18.0, 0, 0, 0
L -1148.4, -162.3, 18.0, -1148.4, -151.7, 18.0, 0, 0, 0
L -1148.4, -151.7, 18.0, -1137.4, -140.6, 18.0, 0, 0, 0
L -1137.4, -140.6, 18.0, -1124.4, -140.6, 18.0, 0, 0, 0
L -1124.4, -140.6, 18.0, -1124.4, -119.4, 18.0, 0, 0, 0
L -1124.4, -119.4, 18.0, -1137.4, -119.4, 18.0, 0, 0, 0
L -1137.4, -119.4, 18.0, -1148.4, -108.3, 18.0, 0, 0, 0
L -1148.4, -108.3, 18.0, -1148.4, -97.6, 18.0, 0, 0, 0
L -1137.3, -86.6, 18.0, -1124.4, -86.6, 18.0, 0, 0, 0
L -1124.4, -86.6, 18.0, -1124.4, -65.5, 18.0, 0, 0, 0
L -1124.4, -173.4, 18.0, -1137.4, -173.4, 18.0, 0, 0, 0
L -1148.4, -97.6, 18.0, -1137.3, -86.6, 18.0, 0, 0, 0
L -1124.4, -209.4, 18.0, -1124.4, -173.4, 18.0, 0, 0, 0
L -1148.4, -43.7, 18.0, -1137.3, -32.6, 18.0, 0, 0, 0
L -1091.6, -119.4, 18.0, -1091.6, -140.6, 18.0, 0, 0, 0
L -1067.6, -43.7, 18.0, -1067.6, -54.4, 18.0, 0, 0, 0
L -1078.7, -65.4, 18.0, -1091.6, -65.4, 18.0, 0, 0, 0
L -1148.4, -54.3, 18.0, -1148.4, -43.7, 18.0, 0, 0, 0
L -1091.6, -86.6, 18.0, -1078.7, -86.6, 18.0, 0, 0, 0
L -1067.6, -54.4, 18.0, -1078.7, -65.4, 18.0, 0, 0, 0
L -1091.6, -65.4, 18.0, -1091.6, -86.6, 18.0, 0, 0, 0
L -1078.7, -140.6, 18.0, -1067.5, -151.7, 18.0, 0, 0, 0
L -1078.7, -32.6, 18.0, -1067.6, -43.7, 18.0, 0, 0, 0
L -1137.3, -32.6, 18.0, -1124.4, -32.6, 18.0, 0, 0, 0
L -1078.7, -119.4, 18.0, -1091.6, -119.4, 18.0, 0, 0, 0
L -1091.6, -140.6, 18.0, -1078.7, -140.6, 18.0, 0, 0, 0
L -1091.6, -32.6, 18.0, -1078.7, -32.6, 18.0, 0, 0, 0
L -1078.7, -86.6, 18.0, -1067.6, -97.7, 18.0, 0, 0, 0
L -1067.5, -151.7, 18.0, -1067.6, -162.3, 18.0, 0, 0, 0
L -1067.6, -162.3, 18.0, -1078.7, -173.4, 18.0, 0, 0, 0
L -1124.4, -26.6, 18.0, -1124.4, -32.6, 18.0, 0, 0, 0
L -1137.4, -65.4, 18.0, -1137.3, -65.4, 18.0, 0, 0, 0
L -1091.6, -26.6, 18.0, -1091.6, -32.6, 18.0, 0, 0, 0
L -1137.3, -65.4, 18.0, -1124.4, -65.5, 18.0, 0, 0, 0
L -1137.3, -65.4, 18.0, -1148.4, -54.3, 18.0, 0, 0, 0
L -1078.7, -173.4, 18.0, -1091.6, -173.4, 18.0, 0, 0, 0
L -1115.5, -26.6, 18.0, -1124.4, -26.6, 18.0, 0, 0, 0
L -1100.5, -26.6, 18.0, -1091.6, -26.6, 18.0, 0, 0, 0
L -1091.6, -173.4, 18.0, -1091.6, -209.4, 18.0, 0, 0, 0
L -1110.5, -26.6, 18.0, -1110.5, -22.9, 18.0, 205, 133, 63
L -1110.5, -22.9, 18.0, -1110.5, -19.2, 18.0, 205, 133, 63
L -1115.5, -22.9, 18.0, -1110.5, -22.9, 18.0, 205, 133, 63
L -1100.5, -26.6, 18.0, -1100.5, -22.9, 18.0, 0, 0, 0
L -1110.5, -26.6, 18.0, -1105.5, -26.6, 18.0, 205, 133, 63
L -1110.4, -19.2, 18.0, -1105.5, -19.2, 18.0, 205, 133, 63
L -1105.5, -26.6, 18.0, -1105.5, -22.9, 18.0, 205, 133, 63
L -1100.5, -19.2, 18.0, -1094.4, -12.0, 18.0, 0, 0, 0
L -1105.5, -22.9, 18.0, -1100.5, -22.9, 18.0, 205, 133, 63
L -1100.5, -22.9, 18.0, -1100.5, -19.2, 18.0, 0, 0, 0
L -1105.5, -22.9, 18.0, -1105.5, -19.2, 18.0, 205, 133, 63
L -1115.3, -19.2, 18.0, -1122.0, -12.0, 18.0, 0, 0, 0
L -1127.8, 19.1, 12.0, -1165.0, 19.1, 12.0, 0, 0, 0
L -1165.0, 78.0, 12.0, -1165.0, 19.1, 12.0, 0, 0, 0
L -1165.0, 78.0, 12.0, -1127.8, 78.0, 12.0, 0, 0, 0
L -1092.0, 78.0, 12.0, -1033.6, 78.0, 12.0, 0, 0, 0
L -1127.8, 78.0, 12.0, -1127.8, 89.3, 12.0, 0, 0, 0
L -1127.8, 19.1, 12.0, -1127.8, 8.8, 12.0, 0, 0, 0
L -1122.0, -12.0, 18.0, -1124.7, -9.0, 18.0, 0, 0, 0
L -1092.0, 8.8, 12.0, -1092.0, 19.1, 12.0, 0, 0, 0
L -1127.8, 8.8, 12.0, -1092.0, 8.8, 12.0, 150, 150, 150
L -1092.0, 78.0, 12.0, -1092.0, 89.3, 12.0, 0, 0, 0
L -1127.8, 89.3, 12.0, -1092.0, 89.3, 12.0, 150, 150, 150
L -1092.0, -9.0, 18.0, -1092.0, -4.6, 16.5, 0, 0, 0
L -1127.8, 8.8, 12.0, -1127.0, 4.3, 13.5, 0, 0, 0
L -1126.2, -0.1, 15.0, -1125.5, -4.6, 16.5, 0, 0, 0
L -1092.0, -0.1, 15.0, -1092.0, 4.3, 13.5, 0, 0, 0
L -1126.2, -0.1, 15.0, -1092.0, -0.1, 15.0, 150, 150, 150
L -1125.5, -4.6, 16.5, -1124.7, -9.0, 18.0, 0, 0, 0
L -1092.0, -4.6, 16.5, -1092.0, -0.1, 15.0, 0, 0, 0
L -1125.5, -4.6, 16.5, -1092.0, -4.6, 16.5, 150, 150, 150
L -1127.0, 4.3, 13.5, -1126.2, -0.1, 15.0, 0, 0, 0
L -1092.0, 4.3, 13.5, -1092.0, 8.8, 12.0, 0, 0, 0
L -1127.0, 4.3, 13.5, -1092.0, 4.3, 13.5, 150, 150, 150
L -1124.7, -9.0, 18.0, -1092.0, -9.0, 18.0, 150, 150, 150
L -1115.3, 117.0, 18.0, -1124.7, 104.2, 18.0, 0, 0, 0
L -1100.5, 117.0, 18.0, -1115.3, 117.0, 18.0, 0, 0, 0
L -1100.5, 117.0, 18.0, -1092.0, 104.2, 18.0, 0, 0, 0
L -1092.0, 89.3, 12.0, -1092.0, 93.0, 13.5, 0, 0, 0
L -1127.8, 89.3, 12.0, -1127.0, 93.0, 13.5, 0, 0, 0
L -1124.7, 104.2, 18.0, -1092.0, 104.2, 18.0, 150, 150, 150
L -1126.2, 96.8, 15.0, -1125.5, 100.5, 16.5, 0, 0, 0
L -1092.0, 96.8, 15.0, -1092.0, 100.5, 16.5, 0, 0, 0
L -1126.2, 96.8, 15.0, -1092.0, 96.8, 15.0, 150, 150, 150
L -1127.0, 93.0, 13.5, -1126.2, 96.8, 15.0, 0, 0, 0
L -1092.0, 93.0, 13.5, -1092.0, 96.8, 15.0, 0, 0, 0
L -1127.0, 93.0, 13.5, -1092.0, 93.0, 13.5, 150, 150, 150
L -1125.5, 100.5, 16.5, -1124.7, 104.2, 18.0, 0, 0, 0
L -1092.0, 100.5, 16.5, -1092.0, 104.2, 18.0, 0, 0, 0
L -1125.5, 100.5, 16.5, -1092.0, 100.5, 16.5, 150, 150, 150
L -476.9, 289.9, 8.0, -476.9, 279.1, 8.0, 0, 0, 0
L -444.0, 460.9, 4.0, -468.0, 460.9, 4.0, 0, 0, 0
L -382.1, 437.4, 4.0, -402.2, 460.9, 4.0, 0, 0, 0
L -510.9, 344.1, 4.0, -472.0, 344.1, 4.0, 0, 0, 0
L -510.9, 344.1, 4.0, -510.9, 412.9, 4.0, 0, 0, 0
L -382.1, 393.6, 4.0, -386.6, 383.6, 4.0, 0, 0, 0
L -386.6, 383.6, 4.0, -386.6, 370.9, 4.0, 0, 0, 0
L -382.1, 360.9, 4.0, -382.1, 344.1, 4.0, 0, 0, 0
L -382.1, 437.4, 4.0, -382.1, 393.6, 4.0, 0, 0, 0
L -490.9, 445.6, 4.0, -468.0, 460.9, 4.0, 0, 0, 0
L -386.6, 370.9, 4.0, -382.1, 360.9, 4.0, 0, 0, 0
L -510.9, 412.9, 4.0, -490.9, 412.9, 4.0, 0, 0, 0
L -490.9, 412.9, 4.0, -490.9, 445.6, 4.0, 0, 0, 0
L -382.1, 344.1, 4.0, -401.0, 344.1, 4.0, 0, 0, 0
L -472.0, 344.1, 4.0, -470.8, 353.3, 4.0, 150, 150, 150
L -470.8, 353.3, 4.0, -467.2, 361.9, 4.0, 150, 150, 150
L -467.2, 361.9, 4.0, -461.6, 369.2, 4.0, 150, 150, 150
L -461.6, 369.2, 4.0, -454.2, 374.8, 4.0, 150, 150, 150
L -454.2, 374.8, 4.0, -445.7, 378.4, 4.0, 150, 150, 150
L -445.7, 378.4, 4.0, -436.5, 379.6, 4.0, 150, 150, 150
L -436.5, 379.6, 4.0, -427.3, 378.4, 4.0, 150, 150, 150
L -427.3, 378.4, 4.0, -418.8, 374.8, 4.0, 150, 150, 150
L -418.8, 374.8, 4.0, -411.4, 369.2, 4.0, 150, 150, 150
L -411.4, 369.2, 4.0, -405.8, 361.9, 4.0, 150, 150, 150
L -405.8, 361.9, 4.0, -402.2, 353.3, 4.0, 150, 150, 150
L -402.2, 353.3, 4.0, -401.0, 344.1, 4.0, 150, 150, 150
L -476.9, 171.1, 8.0, -465.8, 160.1, 8.0, 0, 0, 0
L -444.0, 336.9, 8.0, -452.9, 336.9, 8.0, 0, 0, 0
L -429.1, 371.5, 8.0, -422.3, 368.7, 8.0, 150, 150, 150
L -464.9, 344.1, 8.0, -444.0, 344.1, 8.0, 0, 0, 0
L -456.6, 364.2, 8.0, -450.7, 368.7, 8.0, 150, 150, 150
L -443.9, 371.5, 8.0, -436.5, 372.5, 8.0, 150, 150, 150
L -464.9, 344.1, 8.0, -463.9, 351.5, 8.0, 150, 150, 150
L -409.1, 351.5, 8.0, -408.1, 344.1, 8.0, 150, 150, 150
L -436.5, 372.5, 8.0, -429.1, 371.5, 8.0, 150, 150, 150
L -411.9, 358.3, 8.0, -409.1, 351.5, 8.0, 150, 150, 150
L -463.9, 351.5, 8.0, -461.1, 358.3, 8.0, 150, 150, 150
L -416.4, 364.2, 8.0, -411.9, 358.3, 8.0, 150, 150, 150
L -461.1, 358.3, 8.0, -456.6, 364.2, 8.0, 150, 150, 150
L -450.7, 368.7, 8.0, -443.9, 371.5, 8.0, 150, 150, 150
L -422.3, 368.7, 8.0, -416.4, 364.2, 8.0, 150, 150, 150
L -439.0, 336.9, 8.0, -439.0, 340.5, 8.0, 205, 133, 63
L -439.0, 336.9, 8.0, -434.0, 336.9, 8.0, 205, 133, 63
L -452.9, 336.9, 8.0, -452.9, 300.9, 8.0, 0, 0, 0
L -452.9, 300.9, 8.0, -465.8, 300.9, 8.0, 0, 0, 0
L -476.9, 225.1, 8.0, -465.8, 214.1, 8.0, 0, 0, 0
L -452.9, 268.1, 8.0, -452.9, 246.9, 8.0, 0, 0, 0
L -434.0, 336.9, 8.0, -434.0, 340.5, 8.0, 205, 133, 63
L -465.9, 246.9, 8.0, -476.9, 235.8, 8.0, 0, 0, 0
L -434.0, 340.5, 8.0, -434.0, 344.1, 8.0, 205, 133, 63
L -434.0, 340.5, 8.0, -429.0, 340.5, 8.0, 205, 133, 63
L -452.9, 246.9, 8.0, -465.9, 246.9, 8.0, 0, 0, 0
L -476.9, 235.8, 8.0, -476.9, 225.1, 8.0, 0, 0, 0
L -444.0, 340.5, 8.0, -444.0, 344.1, 8.0, 0, 0, 0
L -465.8, 300.9, 8.0, -476.9, 289.9, 8.0, 0, 0, 0
L -452.9, 192.9, 8.0, -465.8, 192.9, 8.0, 0, 0, 0
L -444.0, 336.9, 8.0, -444.0, 340.5, 8.0, 0, 0, 0
L -444.0, 340.5, 8.0, -439.0, 340.5, 8.0, 205, 133, 63
L -452.9, 154.1, 8.0, -452.9, 160.1, 8.0, 0, 0, 0
L -434.0, 344.1, 8.0, -439.0, 344.1, 8.0, 205, 133, 63
L -465.8, 192.9, 8.0, -476.9, 181.9, 8.0, 0, 0, 0
L -439.0, 340.5, 8.0, -439.0, 344.1, 8.0, 205, 133, 63
L -439.0, 150.5, 8.0, -439.0, 154.1, 8.0, 205, 133, 63
L -476.9, 181.9, 8.0, -476.9, 171.1, 8.0, 0, 0, 0
L -429.0, 336.9, 8.0, -429.0, 344.1, 8.0, 0, 0, 0
L -465.8, 160.1, 8.0, -452.9, 160.1, 8.0, 0, 0, 0
L -429.0, 146.9, 8.0, -403.0, 146.9, 8.0, 0, 0, 0
L -452.9, 214.1, 8.0, -452.9, 192.9, 8.0, 0, 0, 0
L -465.8, 214.1, 8.0, -452.9, 214.1, 8.0, 0, 0, 0
L -443.9, 146.9, 8.0, -489.7, 146.9, 8.0, 0, 0, 0
L -407.1, 160.1, 8.0, -396.1, 171.2, 8.0, 0, 0, 0
L -420.1, 154.1, 8.0, -420.1, 160.1, 8.0, 0, 0, 0
L -420.1, 160.1, 8.0, -407.1, 160.1, 8.0, 0, 0, 0
L -429.0, 154.1, 8.0, -429.0, 150.5, 8.0, 0, 0, 0
L -476.9, 279.1, 8.0, -465.8, 268.1, 8.0, 0, 0, 0
L -465.8, 268.1, 8.0, -452.9, 268.1, 8.0, 0, 0, 0
L -444.0, 154.1, 8.0, -443.9, 146.9, 8.0, 0, 0, 0
L -443.9, 150.5, 8.0, -439.0, 150.5, 8.0, 205, 133, 63
L -439.0, 146.9, 8.0, -439.0, 150.5, 8.0, 205, 133, 63
L -439.0, 146.9, 8.0, -434.0, 146.9, 8.0, 205, 133, 63
L -439.0, 154.1, 8.0, -434.0, 154.1, 8.0, 205, 133, 63
L -396.1, 235.9, 8.0, -407.1, 246.9, 8.0, 0, 0, 0
L -434.0, 146.9, 8.0, -434.0, 150.5, 8.0, 205, 133, 63
L -396.1, 225.2, 8.0, -396.1, 235.9, 8.0, 0, 0, 0
L -434.0, 150.5, 8.0, -434.0, 154.1, 8.0, 205, 133, 63
L -407.1, 246.9, 8.0, -420.1, 246.9, 8.0, 0, 0, 0
L -429.0, 150.5, 8.0, -429.0, 146.9, 8.0, 0, 0, 0
L -407.1, 192.9, 8.0, -420.1, 193.3, 8.0, 0, 0, 0
L -407.1, 214.1, 8.0, -396.1, 225.2, 8.0, 0, 0, 0
L -444.0, 154.1, 8.0, -452.9, 154.1, 8.0, 0, 0, 0
L -420.1, 193.3, 8.0, -420.1, 214.1, 8.0, 0, 0, 0
L -396.1, 171.2, 8.0, -396.1, 181.8, 8.0, 0, 0, 0
L -420.1, 214.1, 8.0, -407.1, 214.1, 8.0, 0, 0, 0
L -434.0, 150.5, 8.0, -429.0, 150.5, 8.0, 205, 133, 63
L -429.0, 154.1, 8.0, -420.1, 154.1, 8.0, 0, 0, 0
L -396.1, 181.8, 8.0, -407.1, 192.9, 8.0, 0, 0, 0
L -396.1, 289.8, 8.0, -407.2, 300.9, 8.0, 0, 0, 0
L -420.1, 246.9, 8.0, -420.1, 268.1, 8.0, 0, 0, 0
L -407.2, 300.9, 8.0, -417.8, 300.9, 8.0, 0, 0, 0
L -407.1, 268.1, 8.0, -396.1, 279.2, 8.0, 0, 0, 0
L -420.1, 268.1, 8.0, -407.1, 268.1, 8.0, 0, 0, 0
L -396.1, 279.2, 8.0, -396.1, 289.8, 8.0, 0, 0, 0
L -407.2, 300.9, 8.0, -420.1, 300.9, 8.0, 0, 0, 0
L -429.0, 344.1, 8.0, -408.1, 344.1, 8.0, 0, 0, 0
L -464.9, 344.1, 8.0, -472.0, 344.1, 4.0, 0, 0, 0
L -401.0, 344.1, 4.0, -408.1, 344.1, 8.0, 0, 0, 0
L -459.1, 366.7, 6.0, -452.5, 371.8, 6.0, 150, 150, 150
L -420.5, 371.8, 6.0, -413.9, 366.7, 6.0, 150, 150, 150
L -452.5, 371.8, 6.0, -444.8, 375.0, 6.0, 150, 150, 150
L -464.2, 360.1, 6.0, -459.1, 366.7, 6.0, 150, 150, 150
L -436.5, 376.1, 6.0, -428.2, 375.0, 6.0, 150, 150, 150
L -467.4, 352.4, 6.0, -464.2, 360.1, 6.0, 150, 150, 150
L -405.6, 352.4, 6.0, -404.6, 344.1, 6.0, 150, 150, 150
L -468.4, 344.1, 6.0, -467.4, 352.4, 6.0, 150, 150, 150
L -413.9, 366.7, 6.0, -408.8, 360.1, 6.0, 150, 150, 150
L -444.8, 375.0, 6.0, -436.5, 376.1, 6.0, 150, 150, 150
L -428.2, 375.0, 6.0, -420.5, 371.8, 6.0, 150, 150, 150
L -408.8, 360.1, 6.0, -405.6, 352.4, 6.0, 150, 150, 150
L -888.7, 101.1, 12.0, -882.8, 96.6, 12.0, 150, 150, 150
L -885.1, 45.8, 8.0, -893.7, 42.2, 8.0, 150, 150, 150
L -894.6, 45.6, 10.0, -902.9, 44.6, 10.0, 150, 150, 150
L -885.1, 107.2, 8.0, -877.8, 101.6, 8.0, 150, 150, 150
L -868.6, 67.3, 8.0, -872.2, 58.7, 8.0, 150, 150, 150
L -870.9, 76.5, 10.0, -872.0, 68.2, 10.0, 150, 150, 150
L -902.9, 112.0, 8.0, -893.7, 110.8, 8.0, 150, 150, 150
L -880.3, 53.9, 10.0, -886.9, 48.8, 10.0, 150, 150, 150
L -875.2, 60.5, 10.0, -880.3, 53.9, 10.0, 150, 150, 150
L -882.8, 56.4, 12.0, -888.7, 51.9, 12.0, 150, 150, 150
L -878.3, 62.3, 12.0, -882.8, 56.4, 12.0, 150, 150, 150
L -872.0, 84.8, 10.0, -870.9, 76.5, 10.0, 150, 150, 150
L -902.9, 108.5, 10.0, -894.6, 107.4, 10.0, 150, 150, 150
L -894.6, 107.4, 10.0, -886.9, 104.2, 10.0, 150, 150, 150
L -888.7, 51.9, 12.0, -895.5, 49.1, 12.0, 150, 150, 150
L -886.9, 104.2, 10.0, -880.3, 99.1, 10.0, 150, 150, 150
L -895.5, 49.1, 12.0, -902.9, 48.1, 12.0, 150, 150, 150
L -875.5, 83.9, 12.0, -874.5, 76.5, 12.0, 150, 150, 150
L -874.5, 76.5, 12.0, -875.5, 69.1, 12.0, 150, 150, 150
L -875.5, 69.1, 12.0, -878.3, 62.3, 12.0, 150, 150, 150
L -886.9, 48.8, 10.0, -894.6, 45.6, 10.0, 150, 150, 150
L -868.6, 85.7, 8.0, -867.4, 76.5, 8.0, 150, 150, 150
L -877.8, 101.6, 8.0, -872.2, 94.2, 8.0, 150, 150, 150
L -872.0, 68.2, 10.0, -875.2, 60.5, 10.0, 150, 150, 150
L -895.5, 103.9, 12.0, -888.7, 101.1, 12.0, 150, 150, 150
L -880.3, 99.1, 10.0, -875.2, 92.5, 10.0, 150, 150, 150
L -902.9, 104.9, 12.0, -895.5, 103.9, 12.0, 150, 150, 150
L -867.4, 76.5, 8.0, -868.6, 67.3, 8.0, 150, 150, 150
L -872.2, 94.2, 8.0, -868.6, 85.7, 8.0, 150, 150, 150
L -878.3, 90.7, 12.0, -875.5, 83.9, 12.0, 150, 150, 150
L -872.2, 58.7, 8.0, -877.8, 51.4, 8.0, 150, 150, 150
L -875.2, 92.5, 10.0, -872.0, 84.8, 10.0, 150, 150, 150
L -877.8, 51.4, 8.0, -885.1, 45.8, 8.0, 150, 150, 150
L -893.7, 110.8, 8.0, -885.1, 107.2, 8.0, 150, 150, 150
L -882.8, 96.6, 12.0, -878.3, 90.7, 12.0, 150, 150, 150
L -893.7, 42.2, 8.0, -902.9, 41.0, 8.0, 150, 150, 150
L -902.9, 104.9, 12.0, -902.9, 112.0, 8.0, 0, 0, 0
L -902.9, 112.0, 8.0, -902.9, 150.9, 8.0, 0, 0, 0
L -902.9, 48.1, 12.0, -902.9, 41.0, 8.0, 0, 0, 0
L -902.9, 41.0, 8.0, -902.9, 22.1, 8.0, 0, 0, 0
L -429.0, 18.1, 8.0, -403.0, 18.1, 8.0, 0, 0, 0
L -403.0, 18.1, 8.0, -403.0, 146.9, 8.0, 0, 0, 0
L -228.6, -47.0, 15.2, -224.1, -47.0, 15.8, 0, 0, 0
L -228.6, -81.0, 15.2, -233.1, -81.0, 14.6, 0, 0, 0
L -228.6, -47.0, 15.2, -228.6, -81.0, 15.2, 150, 150, 150
L -233.1, -47.0, 14.6, -228.6, -47.0, 15.2, 0, 0, 0
L -233.1, -81.0, 14.6, -237.5, -81.0, 14.0, 0, 0, 0
L -233.1, -47.0, 14.6, -233.1, -81.0, 14.6, 150, 150, 150
L -224.1, -47.0, 15.8, -219.7, -47.0, 16.4, 0, 0, 0
L -224.1, -81.0, 15.8, -228.6, -81.0, 15.2, 0, 0, 0
L -224.1, -47.0, 15.8, -224.1, -81.0, 15.8, 150, 150, 150
L -157.0, -89.9, 16.4, -157.0, -37.6, 16.4, 0, 0, 0
L -127.6, -232.8, 16.4, -138.6, -243.9, 16.4, 0, 0, 0
L -151.6, -157.1, 16.4, -138.6, -157.1, 16.4, 0, 0, 0
L -138.7, -211.1, 16.4, -127.6, -222.2, 16.4, 0, 0, 0
L -138.6, -157.1, 16.4, -127.6, -168.2, 16.4, 0, 0, 0
L -138.7, -135.9, 16.4, -151.6, -135.9, 16.4, 0, 0, 0
L -151.6, -279.9, 16.4, -160.5, -279.9, 16.4, 0, 0, 0
L -127.6, -178.9, 16.4, -138.7, -189.9, 16.4, 0, 0, 0
L -138.6, -243.9, 16.4, -151.6, -243.9, 16.4, 0, 0, 0
L -127.6, -222.2, 16.4, -127.6, -232.8, 16.4, 0, 0, 0
L -151.6, -211.1, 16.4, -138.7, -211.1, 16.4, 0, 0, 0
L -151.6, -135.9, 16.4, -151.6, -157.1, 16.4, 0, 0, 0
L -127.6, -168.2, 16.4, -127.6, -178.9, 16.4, 0, 0, 0
L -151.6, -189.9, 16.4, -151.6, -211.1, 16.4, 0, 0, 0
L -138.7, -189.9, 16.4, -151.6, -189.9, 16.4, 0, 0, 0
L -151.6, -243.9, 16.4, -151.6, -279.9, 16.4, 0, 0, 0
L -127.6, -124.9, 16.4, -138.7, -135.9, 16.4, 0, 0, 0
L -151.6, -103.1, 16.4, -138.7, -103.1, 16.4, 0, 0, 0
L -208.4, -168.2, 16.4, -197.3, -157.1, 16.4, 0, 0, 0
L -184.4, -135.9, 16.4, -197.3, -135.9, 16.4, 0, 0, 0
L -208.4, -178.9, 16.4, -208.4, -168.2, 16.4, 0, 0, 0
L -197.3, -135.9, 16.4, -208.4, -124.8, 16.4, 0, 0, 0
L -197.3, -157.1, 16.4, -184.6, -157.1, 16.4, 0, 0, 0
L -160.5, -97.1, 16.4, -151.6, -97.1, 16.4, 0, 0, 0
L -208.4, -124.8, 16.4, -208.4, -114.2, 16.4, 0, 0, 0
L -197.4, -189.9, 16.4, -208.4, -178.9, 16.4, 0, 0, 0
L -184.6, -157.1, 16.4, -184.4, -135.9, 16.4, 0, 0, 0
L -208.4, -114.2, 16.4, -197.4, -103.1, 16.4, 0, 0, 0
L -197.4, -103.1, 16.4, -184.4, -103.1, 16.4, 0, 0, 0
L -184.4, -189.9, 16.4, -197.4, -189.9, 16.4, 0, 0, 0
L -151.6, -97.1, 16.4, -151.6, -103.1, 16.4, 0, 0, 0
L -138.7, -103.1, 16.4, -127.6, -114.1, 16.4, 0, 0, 0
L -127.6, -114.1, 16.4, -127.6, -124.9, 16.4, 0, 0, 0
L -184.4, -211.1, 16.4, -184.4, -189.9, 16.4, 0, 0, 0
L -197.4, -211.1, 16.4, -184.4, -211.1, 16.4, 0, 0, 0
L -160.5, -287.1, 16.4, -148.8, -287.1, 16.4, 0, 0, 0
L -170.5, -287.1, 16.4, -165.5, -287.1, 16.4, 205, 133, 63
L -170.5, -279.9, 16.4, -165.5, -279.9, 16.4, 205, 133, 63
L -197.3, -243.9, 16.4, -208.4, -232.8, 16.4, 0, 0, 0
L -208.4, -232.8, 16.4, -208.4, -222.2, 16.4, 0, 0, 0
L -170.5, -287.1, 16.4, -170.5, -283.5, 16.4, 205, 133, 63
L -208.4, -222.2, 16.4, -197.4, -211.1, 16.4, 0, 0, 0
L -175.4, -283.5, 16.4, -170.5, -283.5, 16.4, 205, 133, 63
L -182.4, -287.1, 16.4, -175.5, -287.1, 16.4, 0, 0, 0
L -175.5, -279.9, 16.4, -184.3, -279.9, 16.4, 0, 0, 0
L -175.5, -287.1, 16.4, -175.4, -287.1, 16.4, 0, 0, 0
L -184.4, -244.2, 16.4, -197.3, -243.9, 16.4, 0, 0, 0
L -184.3, -279.9, 16.4, -184.4, -244.2, 16.4, 0, 0, 0
L -179.0, -70.9, 16.4, -179.0, -89.9, 16.4, 0, 0, 0
L -184.4, -103.1, 16.4, -184.4, -97.1, 16.4, 0, 0, 0
L -184.4, -97.1, 16.4, -175.5, -97.1, 16.4, 0, 0, 0
L -175.5, -89.9, 16.4, -179.0, -89.9, 16.4, 0, 0, 0
L -165.5, -283.5, 16.4, -165.5, -279.9, 16.4, 205, 133, 63
L -165.5, -287.1, 16.4, -165.5, -283.5, 16.4, 205, 133, 63
L -160.5, -283.5, 16.4, -160.5, -287.1, 16.4, 0, 0, 0
L -170.5, -89.9, 16.4, -165.5, -89.9, 16.4, 205, 133, 63
L -165.5, -283.5, 16.4, -160.5, -283.5, 16.4, 205, 133, 63
L -170.5, -97.1, 16.4, -165.5, -97.1, 16.4, 205, 133, 63
L -165.5, -93.5, 16.4, -165.5, -89.9, 16.4, 205, 133, 63
L -160.5, -93.5, 16.4, -160.5, -96.5, 16.4, 0, 0, 0
L -165.5, -93.5, 16.4, -160.5, -93.5, 16.4, 205, 133, 63
L -170.5, -97.1, 16.4, -170.5, -93.5, 16.4, 205, 133, 63
L -170.5, -93.5, 16.4, -170.5, -89.9, 16.4, 205, 133, 63
L -175.5, -93.5, 16.4, -170.5, -93.5, 16.4, 205, 133, 63
L -165.5, -97.1, 16.4, -165.5, -93.5, 16.4, 205, 133, 63
L -160.5, -279.9, 16.4, -160.5, -279.3, 16.4, 0, 0, 0
L -160.5, -283.5, 16.4, -160.5, -279.9, 16.4, 0, 0, 0
L -175.4, -279.3, 16.4, -175.4, -287.1, 16.4, 0, 0, 0
L -170.5, -283.5, 16.4, -170.5, -279.9, 16.4, 205, 133, 63
L -175.5, -89.9, 16.4, -175.5, -96.5, 16.4, 0, 0, 0
L -1128.6, -370.6, 18.0, -1169.6, -370.6, 18.0, 0, 0, 0
L -1169.6, -327.6, 18.0, -1163.6, -327.6, 18.0, 0, 0, 0
L -1128.6, -364.6, 18.0, -1128.6, -370.6, 18.0, 0, 0, 0
L -1169.6, -288.6, 18.0, -1163.6, -288.6, 18.0, 0, 0, 0
L -1088.6, -251.6, 18.0, -1088.6, -245.6, 18.0, 0, 0, 0
L -1088.6, -245.6, 18.0, -1046.6, -245.6, 18.0, 0, 0, 0
L -1163.6, -327.6, 18.0, -1163.6, -364.6, 18.0, 0, 0, 0
L -1163.6, -251.6, 18.0, -1163.6, -288.6, 18.0, 0, 0, 0
L -1052.6, -327.6, 18.0, -1052.6, -364.6, 18.0, 0, 0, 0
L -1052.6, -364.6, 18.0, -1088.6, -364.6, 18.0, 0, 0, 0
L -1088.6, -251.6, 18.0, -1052.6, -251.6, 18.0, 0, 0, 0
L -1128.6, -251.6, 18.0, -1163.6, -251.6, 18.0, 0, 0, 0
L -1128.6, -364.6, 18.0, -1163.6, -364.6, 18.0, 0, 0, 0
L -1046.6, -288.6, 18.0, -1046.6, -245.6, 18.0, 0, 0, 0
L -1046.6, -370.6, 18.0, -1046.6, -327.6, 18.0, 0, 0, 0
L -1169.6, -288.6, 18.0, -1169.6, -245.6, 18.0, 0, 0, 0
L -1169.6, -370.6, 18.0, -1169.6, -327.6, 18.0, 0, 0, 0
L -1128.6, -245.6, 18.0, -1169.6, -245.6, 18.0, 0, 0, 0
L -1046.6, -370.6, 18.0, -1088.6, -370.6, 18.0, 0, 0, 0
L -1046.6, -288.6, 18.0, -1052.6, -288.6, 18.0, 0, 0, 0
L -1052.6, -327.6, 18.0, -1046.6, -327.6, 18.0, 0, 0, 0
L -1088.6, -370.6, 18.0, -1088.6, -364.6, 18.0, 0, 0, 0
L -1128.6, -251.6, 18.0, -1128.6, -245.6, 18.0, 0, 0, 0
L -1052.6, -251.6, 18.0, -1052.6, -288.6, 18.0, 0, 0, 0
L 266.6, -50.0, -0.3, 266.6, -16.5, -0.3, 150, 150, 150
L 169.0, -51.5, -3.3, 165.2, -50.7, -1.8, 0, 0, 0
L 271.0, -16.5, 1.2, 266.6, -16.5, -0.3, 0, 0, 0
L 242.9, -52.3, -4.8, 253.2, -52.3, -4.8, 0, 0, 0
L 184.0, -89.5, -4.8, 242.9, -89.5, -4.8, 0, 0, 0
L 157.8, -49.2, 1.2, 157.8, -16.5, 1.2, 150, 150, 150
L 172.7, -52.3, -4.8, 169.0, -51.5, -3.3, 0, 0, 0
L 165.2, -16.5, -1.8, 161.5, -16.5, -0.3, 0, 0, 0
L 271.0, -16.5, 1.2, 274.0, -18.9, 1.2, 0, 0, 0
L 242.9, 41.9, -4.8, 242.9, -16.5, -4.8, 0, 0, 0
L 165.2, -50.7, -1.8, 165.2, -16.5, -1.8, 150, 150, 150
L 161.5, -16.5, -0.3, 157.8, -16.5, 1.2, 0, 0, 0
L 172.7, -16.5, -4.8, 169.0, -16.5, -3.3, 0, 0, 0
L 281.2, -39.8, 1.2, 274.0, -46.5, 1.2, 0, 0, 0
L 242.9, -52.3, -4.8, 242.9, -89.5, -4.8, 0, 0, 0
L 172.7, -52.3, -4.8, 172.7, -16.5, -4.8, 150, 150, 150
L 257.7, -16.5, -3.3, 253.2, -16.5, -4.8, 0, 0, 0
L 281.2, -25.0, 1.2, 274.0, -18.9, 1.2, 0, 0, 0
L 266.6, -50.0, -0.3, 271.0, -49.2, 1.2, 0, 0, 0
L 262.1, -16.5, -1.8, 257.7, -16.5, -3.3, 0, 0, 0
L 262.1, -50.7, -1.8, 266.6, -50.0, -0.3, 0, 0, 0
L 271.0, -49.2, 1.2, 271.0, -16.5, 1.2, 150, 150, 150
L 161.5, -50.0, -0.3, 157.8, -49.2, 1.2, 0, 0, 0
L 257.7, -51.5, -3.3, 257.7, -16.5, -3.3, 150, 150, 150
L 169.0, -51.5, -3.3, 169.0, -16.5, -3.3, 150, 150, 150
L 161.5, -50.0, -0.3, 161.5, -16.5, -0.3, 150, 150, 150
L 242.9, 41.9, -4.8, 220.0, 41.9, -4.8, 0, 0, 0
L 165.2, -50.7, -1.8, 161.5, -50.0, -0.3, 0, 0, 0
L 205.0, 41.9, -4.8, 184.0, 41.9, -4.8, 0, 0, 0
L 184.0, -16.5, -4.8, 184.0, 41.9, -4.8, 0, 0, 0
L 169.0, -16.5, -3.3, 165.2, -16.5, -1.8, 0, 0, 0
L 274.0, -46.5, 1.2, 271.0, -49.2, 1.2, 0, 0, 0
L 253.2, -52.3, -4.8, 253.2, -16.5, -4.8, 150, 150, 150
L 184.0, -16.5, -4.8, 172.7, -16.5, -4.8, 0, 0, 0
L 145.0, -39.8, 1.2, 157.8, -49.2, 1.2, 0, 0, 0
L 184.0, -52.3, -4.8, 172.7, -52.3, -4.8, 0, 0, 0
L 184.0, -89.5, -4.8, 184.0, -52.3, -4.8, 0, 0, 0
L 266.6, -16.5, -0.3, 262.1, -16.5, -1.8, 0, 0, 0
L 145.0, -25.0, 1.2, 157.8, -16.5, 1.2, 0, 0, 0
L 253.2, -16.5, -4.8, 242.9, -16.5, -4.8, 0, 0, 0
L 257.7, -51.5, -3.3, 262.1, -50.7, -1.8, 0, 0, 0
L 262.1, -50.7, -1.8, 262.1, -16.5, -1.8, 150, 150, 150
L 253.2, -52.3, -4.8, 257.7, -51.5, -3.3, 0, 0, 0
L 281.2, -39.8, 1.2, 281.2, -25.0, 1.2, 0, 0, 0
L -386.9, -81.7, 11.0, -386.9, -47.5, 11.0, 150, 150, 150
L -476.3, -83.3, 8.0, -480.0, -82.5, 9.5, 0, 0, 0
L -367.8, -70.8, 14.0, -375.0, -77.5, 14.0, 0, 0, 0
L -406.1, -83.3, 8.0, -395.8, -83.3, 8.0, 0, 0, 0
L -480.0, -82.5, 9.5, -483.8, -81.7, 11.0, 0, 0, 0
L -465.0, -120.5, 8.0, -406.1, -120.5, 8.0, 0, 0, 0
L -391.3, -47.5, 9.5, -395.8, -47.5, 8.0, 0, 0, 0
L -382.4, -81.0, 12.5, -378.0, -80.2, 14.0, 0, 0, 0
L -375.0, -77.5, 14.0, -378.0, -80.2, 14.0, 0, 0, 0
L -487.5, -47.5, 12.5, -491.2, -47.5, 14.0, 0, 0, 0
L -476.3, -83.3, 8.0, -476.3, -47.5, 8.0, 150, 150, 150
L -444.0, 10.9, 8.0, -465.0, 10.9, 8.0, 0, 0, 0
L -406.1, -83.3, 8.0, -406.1, -120.5, 8.0, 0, 0, 0
L -504.0, -70.8, 14.0, -491.2, -80.2, 14.0, 0, 0, 0
L -395.8, -83.3, 8.0, -395.8, -47.5, 8.0, 150, 150, 150
L -395.8, -47.5, 8.0, -406.1, -47.5, 8.0, 0, 0, 0
L -378.0, -47.5, 14.0, -375.0, -49.9, 14.0, 0, 0, 0
L -504.0, -56.0, 14.0, -504.0, -70.8, 14.0, 0, 0, 0
L -367.8, -56.0, 14.0, -375.0, -49.9, 14.0, 0, 0, 0
L -465.0, -120.5, 8.0, -465.0, -83.3, 8.0, 0, 0, 0
L -465.0, -83.3, 8.0, -476.3, -83.3, 8.0, 0, 0, 0
L -386.9, -47.5, 11.0, -391.3, -47.5, 9.5, 0, 0, 0
L -465.0, -47.5, 8.0, -465.0, 10.9, 8.0, 0, 0, 0
L -378.0, -80.2, 14.0, -378.0, -47.5, 14.0, 150, 150, 150
L -395.8, -83.3, 8.0, -391.3, -82.5, 9.5, 0, 0, 0
L -483.8, -47.5, 11.0, -487.5, -47.5, 12.5, 0, 0, 0
L -487.5, -81.0, 12.5, -487.5, -47.5, 12.5, 150, 150, 150
L -386.9, -81.7, 11.0, -382.4, -81.0, 12.5, 0, 0, 0
L -491.2, -80.2, 14.0, -491.2, -47.5, 14.0, 150, 150, 150
L -476.3, -47.5, 8.0, -480.0, -47.5, 9.5, 0, 0, 0
L -465.0, -47.5, 8.0, -476.3, -47.5, 8.0, 0, 0, 0
L -406.1, 10.9, 8.0, -406.1, -47.5, 8.0, 0, 0, 0
L -406.1, 10.9, 8.0, -429.0, 10.9, 8.0, 0, 0, 0
L -382.4, -47.5, 12.5, -386.9, -47.5, 11.0, 0, 0, 0
L -391.3, -82.5, 9.5, -386.9, -81.7, 11.0, 0, 0, 0
L -483.8, -81.7, 11.0, -483.8, -47.5, 11.0, 150, 150, 150
L -483.8, -81.7, 11.0, -487.5, -81.0, 12.5, 0, 0, 0
L -480.0, -82.5, 9.5, -480.0, -47.5, 9.5, 150, 150, 150
L -504.0, -56.0, 14.0, -491.2, -47.5, 14.0, 0, 0, 0
L -382.4, -81.0, 12.5, -382.4, -47.5, 12.5, 150, 150, 150
L -378.0, -47.5, 14.0, -382.4, -47.5, 12.5, 0, 0, 0
L -391.3, -82.5, 9.5, -391.3, -47.5, 9.5, 150, 150, 150
L -480.0, -47.5, 9.5, -483.8, -47.5, 11.0, 0, 0, 0
L -487.5, -81.0, 12.5, -491.2, -80.2, 14.0, 0, 0, 0
L -429.0, 336.9, 8.0, -420.1, 336.9, 8.0, 0, 0, 0
L -420.1, 300.9, 8.0, -420.1, 336.9, 8.0, 0, 0, 0
L -382.5, 559.7, 10.0, -382.5, 527.0, 10.0, 150, 150, 150
L -408.7, 562.8, 4.0, -397.4, 562.8, 4.0, 0, 0, 0
L -389.9, 561.2, 7.0, -386.2, 560.5, 8.5, 0, 0, 0
L -397.4, 562.8, 4.0, -397.4, 527.0, 4.0, 150, 150, 150
L -386.2, 527.0, 8.5, -382.5, 527.0, 10.0, 0, 0, 0
L -393.7, 562.0, 5.5, -393.7, 527.0, 5.5, 150, 150, 150
L -467.6, 468.6, 4.0, -467.6, 600.0, 4.0, 0, 0, 0
L -369.7, 535.5, 10.0, -369.7, 550.3, 10.0, 0, 0, 0
L -429.7, 468.6, 4.0, -408.7, 468.6, 4.0, 0, 0, 0
L -369.7, 535.5, 10.0, -382.5, 527.0, 10.0, 0, 0, 0
L -393.7, 562.0, 5.5, -389.9, 561.2, 7.0, 0, 0, 0
L -408.7, 600.0, 4.0, -467.6, 600.0, 4.0, 0, 0, 0
L -393.7, 527.0, 5.5, -389.9, 527.0, 7.0, 0, 0, 0
L -397.4, 527.0, 4.0, -393.7, 527.0, 5.5, 0, 0, 0
L -369.7, 550.3, 10.0, -382.5, 559.7, 10.0, 0, 0, 0
L -408.7, 527.0, 4.0, -408.7, 468.6, 4.0, 0, 0, 0
L -386.2, 560.5, 8.5, -382.5, 559.7, 10.0, 0, 0, 0
L -397.4, 562.8, 4.0, -393.7, 562.0, 5.5, 0, 0, 0
L -467.6, 468.6, 4.0, -444.0, 468.6, 4.0, 0, 0, 0
L -408.7, 527.0, 4.0, -397.4, 527.0, 4.0, 0, 0, 0
L -408.7, 600.0, 4.0, -408.7, 562.8, 4.0, 0, 0, 0
L -389.9, 561.2, 7.0, -389.9, 527.0, 7.0, 150, 150, 150
L -389.9, 527.0, 7.0, -386.2, 527.0, 8.5, 0, 0, 0
L -386.2, 560.5, 8.5, -386.2, 527.0, 8.5, 150, 150, 150
L -819.9, -60.1, 8.0, -823.2, -59.7, 8.0, 150, 150, 150
L -823.2, -59.7, 8.0, -826.2, -58.4, 8.0, 150, 150, 150
L -826.2, -58.4, 8.0, -828.8, -56.4, 8.0, 150, 150, 150
L -828.8, -56.4, 8.0, -830.8, -53.8, 8.0, 150, 150, 150
L -830.8, -53.8, 8.0, -832.1, -50.8, 8.0, 150, 150, 150
L -832.1, -50.8, 8.0, -832.5, -47.5, 8.0, 150, 150, 150
L -832.5, -47.5, 8.0, -832.1, -44.2, 8.0, 150, 150, 150
L -832.1, -44.2, 8.0, -830.8, -41.2, 8.0, 150, 150, 150
L -830.8, -41.2, 8.0, -828.8, -38.6, 8.0, 150, 150, 150
L -828.8, -38.6, 8.0, -826.2, -36.6, 8.0, 150, 150, 150
L -826.2, -36.6, 8.0, -823.2, -35.3, 8.0, 150, 150, 150
L -823.2, -35.3, 8.0, -819.9, -34.9, 8.0, 150, 150, 150
L -819.9, -34.9, 8.0, -819.9, -29.1, 8.0, 0, 0, 0
L -819.9, -60.1, 8.0, -819.9, -65.8, 8.0, 0, 0, 0
L -819.9, -57.2, 8.0, -822.4, -56.9, 8.0, 150, 150, 150
L -822.4, -56.9, 8.0, -824.8, -55.9, 8.0, 150, 150, 150
L -824.8, -55.9, 8.0, -826.8, -54.4, 8.0, 150, 150, 150
L -826.8, -54.4, 8.0, -828.3, -52.4, 8.0, 150, 150, 150
L -828.3, -52.4, 8.0, -829.3, -50.0, 8.0, 150, 150, 150
L -829.3, -50.0, 8.0, -829.6, -47.5, 8.0, 150, 150, 150
L -829.6, -47.5, 8.0, -829.3, -45.0, 8.0, 150, 150, 150
L -829.3, -45.0, 8.0, -828.3, -42.6, 8.0, 150, 150, 150
L -828.3, -42.6, 8.0, -826.8, -40.6, 8.0, 150, 150, 150
L -826.8, -40.6, 8.0, -824.8, -39.1, 8.0, 150, 150, 150
L -824.8, -39.1, 8.0, -822.4, -38.1, 8.0, 150, 150, 150
L -822.4, -38.1, 8.0, -819.9, -37.8, 8.0, 150, 150, 150
L -819.9, -37.8, 8.0, -819.9, -34.9, 8.0, 0, 0, 0
L -819.9, -57.2, 8.0, -819.9, -60.1, 8.0, 0, 0, 0
