L 1000.0, 0.0, 0.0, 1000.0, -50.0, 0.0, 255, 0, 0
L -20.0, 50.0, 0.0, -50.0, 20.0, 0.0, 255, 0, 0
L 50.0, 20.0, 0.0, 20.0, 50.0, 0.0, 255, 0, 0
L 20.0, -50.0, 0.0, 50.0, -20.0, 0.0, 255, 0, 0
L -50.0, -20.0, 0.0, -20.0, -50.0, 0.0, 255, 0, 0
L -50.0, 20.0, 0.0, -50.0, -20.0, 0.0, 255, 0, 0
L 20.0, 50.0, 0.0, -20.0, 50.0, 0.0, 255, 0, 0
L 50.0, -20.0, 0.0, 50.0, 20.0, 0.0, 255, 0, 0
L -20.0, -50.0, 0.0, 20.0, -50.0, 0.0, 255, 0, 0
L 580.0, -20.0, 0.0, 540.0, -20.0, 0.0, 255, 0, 0
L 580.0, -90.0, 0.0, 580.0, -20.0, 0.0, 255, 0, 0
L 540.0, -90.0, 0.0, 580.0, -90.0, 0.0, 255, 0, 0
L 540.0, -20.0, 0.0, 540.0, -90.0, 0.0, 255, 0, 0
L 520.0, -20.0, 0.0, 480.0, -20.0, 0.0, 255, 0, 0
L 520.0, -90.0, 0.0, 520.0, -20.0, 0.0, 255, 0, 0
L 480.0, -90.0, 0.0, 520.0, -90.0, 0.0, 255, 0, 0
L 480.0, -20.0, 0.0, 480.0, -90.0, 0.0, 255, 0, 0
L 460.0, -90.0, 0.0, 450.0, -80.0, 0.0, 255, 0, 0
L 460.0, -20.0, 0.0, 460.0, -90.0, 0.0, 255, 0, 0
L 0.0, -250.0, 0.0, 0.0, 250.0, 0.0, 255, 0, 0
L -250.0, 0.0, 0.0, 1000.0, 0.0, 0.0, 255, 0, 0
L -120.0, -80.0, 0.0, -120.0, -60.0, 0.0, 255, 0, 0
L -120.0, -60.0, 0.0, -120.0, -40.0, 0.0, 255, 0, 0
L -100.0, -60.0, 0.0, -120.0, -60.0, 0.0, 255, 0, 0
L -120.0, -60.0, 0.0, -140.0, -60.0, 0.0, 255, 0, 0
L -90.0, -50.0, 0.0, -100.0, -30.0, 0.0, 255, 0, 0
L -60.0, -80.0, 0.0, -60.0, -60.0, 0.0, 255, 0, 0
L -60.0, -60.0, 0.0, -60.0, -40.0, 0.0, 255, 0, 0
L -40.0, -60.0, 0.0, -60.0, -60.0, 0.0, 255, 0, 0
L -60.0, -60.0, 0.0, -80.0, -60.0, 0.0, 255, 0, 0
L 100.0, 60.0, 0.0, 120.0, 60.0, 0.0, 255, 0, 0
L 120.0, 60.0, 0.0, 140.0, 60.0, 0.0, 255, 0, 0
L 90.0, 70.0, 0.0, 80.0, 90.0, 0.0, 255, 0, 0
L 40.0, 60.0, 0.0, 60.0, 60.0, 0.0, 255, 0, 0
L 60.0, 60.0, 0.0, 80.0, 60.0, 0.0, 255, 0, 0
L -100.0, 60.0, 0.0, -120.0, 60.0, 0.0, 255, 0, 0
L -120.0, 60.0, 0.0, -140.0, 60.0, 0.0, 255, 0, 0
L -90.0, 70.0, 0.0, -100.0, 90.0, 0.0, 255, 0, 0
L -60.0, 80.0, 0.0, -60.0, 60.0, 0.0, 255, 0, 0
L -60.0, 60.0, 0.0, -60.0, 40.0, 0.0, 255, 0, 0
L -40.0, 60.0, 0.0, -60.0, 60.0, 0.0, 255, 0, 0
L -60.0, 60.0, 0.0, -80.0, 60.0, 0.0, 255, 0, 0
L 100.0, -60.0, 0.0, 120.0, -60.0, 0.0, 255, 0, 0
L 120.0, -60.0, 0.0, 140.0, -60.0, 0.0, 255, 0, 0
L 90.0, -50.0, 0.0, 80.0, -30.0, 0.0, 255, 0, 0
L 60.0, -80.0, 0.0, 60.0, -60.0, 0.0, 255, 0, 0
L 60.0, -60.0, 0.0, 60.0, -40.0, 0.0, 255, 0, 0
L 40.0, -60.0, 0.0, 60.0, -60.0, 0.0, 255, 0, 0
L 60.0, -60.0, 0.0, 80.0, -60.0, 0.0, 255, 0, 0
L 599.0, -90.0, 0.0, 637.3, -90.0, 0.0, 255, 0, 0
L 599.0, -20.0, 0.0, 637.3, -20.0, 0.0, 255, 0, 0
L 599.0, -90.0, 0.0, 599.0, -20.0, 0.0, 255, 0, 0
L 637.3, -90.0, 0.0, 637.3, -20.0, 0.0, 255, 0, 0
L 1200, 1200, 0, 1200, 1260, 0, 0, 0, 0
L 1240, 1260, 0, 1200, 1260, 0, 0, 0, 0
L 1260, 1230, 0, 1290, 1230, 0, 0, 0, 0
L 1260, 1260, 0, 1290, 1260, 0, 0, 0, 0
L 1260, 1200, 0, 1260, 1260, 0, 0, 0, 0
L 1290, 1200, 0, 1260, 1200, 0, 0, 0, 0
L 1340, 1260, 0, 1310, 1260, 0, 0, 0, 0
L 1310, 1200, 0, 1340, 1200, 0, 0, 0, 0
L 1310, 1260, 0, 1310, 1200, 0, 0, 0, 0
L 1340, 1260, 0, 1340, 1230, 0, 0, 0, 0
L 1340, 1230, 0, 1320, 1230, 0, 0, 0, 0
L 1360, 1230, 0, 1390, 1230, 0, 0, 0, 0
L 1360, 1260, 0, 1390, 1260, 0, 0, 0, 0
L 1360, 1200, 0, 1360, 1260, 0, 0, 0, 0
L 1390, 1200, 0, 1360, 1200, 0, 0, 0, 0
L 1440, 1260, 0, 1440, 1200, 0, 0, 0, 0
L 1410, 1200, 0, 1440, 1260, 0, 0, 0, 0
L 1410, 1260, 0, 1410, 1200, 0, 0, 0, 0
L 1470, 1260, 0, 1470, 1200, 0, 0, 0, 0
L 1480, 1260, 0, 1460, 1260, 0, 0, 0, 0
L 1490, 1230, 0, 1480, 1260, 0, 0, 0, 0
L 1480, 1200, 0, 1490, 1230, 0, 0, 0, 0
L 1460, 1200, 0, 1480, 1200, 0, 0, 0, 0
L 1200, 1410, 0, 1260, 1410, 0, 0, 0, 0
L 1200, 1330, 0, 1260, 1330, 0, 0, 0, 0
L 1230, 1383, 0, 1230, 1357, 0, 205, 133, 63
L 1260, 1410, 0, 1320, 1410, 0, 0, 0, 0
L 1260, 1410, 0, 1260, 1383, 0, 205, 133, 63
L 1230, 1383, 0, 1290, 1383, 0, 205, 133, 63
L 1230, 1357, 0, 1260, 1357, 0, 205, 133, 63
L 1260, 1357, 0, 1290, 1357, 0, 205, 133, 63
L 1260, 1330, 0, 1320, 1330, 0, 0, 0, 0
L 1260, 1357, 0, 1260, 1330, 0, 205, 133, 63
L 1290, 1383, 0, 1290, 1357, 0, 205, 133, 63
L 1370, 1400, 0, 1370, 1340, 0, 0, 0, 0
L 1380, 1400, 0, 1360, 1400, 0, 0, 0, 0
L 1390, 1370, 0, 1380, 1400, 0, 0, 0, 0
L 1380, 1340, 0, 1390, 1370, 0, 0, 0, 0
L 1360, 1340, 0, 1380, 1340, 0, 0, 0, 0
L 1410, 1340, 0, 1440, 1340, 0, 0, 0, 0
L 1410, 1400, 0, 1440, 1400, 0, 0, 0, 0
L 1410, 1340, 0, 1410, 1400, 0, 0, 0, 0
L 1440, 1340, 0, 1440, 1400, 0, 0, 0, 0
L 1460, 1340, 0, 1490, 1340, 0, 0, 0, 0
L 1460, 1400, 0, 1490, 1400, 0, 0, 0, 0
L 1460, 1340, 0, 1460, 1400, 0, 0, 0, 0
L 1490, 1340, 0, 1490, 1400, 0, 0, 0, 0
L 1510, 1340, 0, 1510, 1370, 0, 0, 0, 0
L 1510, 1370, 0, 1510, 1400, 0, 0, 0, 0
L 1510, 1370, 0, 1530, 1370, 0, 0, 0, 0
L 1550, 1370, 0, 1550, 1340, 0, 0, 0, 0
L 1510, 1340, 0, 1550, 1340, 0, 0, 0, 0
L 1530, 1370, 0, 1550, 1370, 0, 0, 0, 0
L 1550, 1400, 0, 1530, 1370, 0, 0, 0, 0
L 1200, 1450, 0, 1200, 1480, 0, 255, 210, 0
L 1200, 1450, 0, 1220, 1450, 0, 255, 210, 0
L 1220, 1510, 0, 1200, 1510, 0, 255, 210, 0
L 1200, 1480, 0, 1200, 1510, 0, 255, 210, 0
L 1220, 1480, 0, 1200, 1480, 0, 255, 210, 0
L 1220, 1480, 0, 1240, 1465, 0, 255, 210, 0
L 1220, 1450, 0, 1240, 1465, 0, 255, 210, 0
L 1220, 1480, 0, 1240, 1495, 0, 255, 210, 0
L 1240, 1495, 0, 1220, 1510, 0, 255, 210, 0
L 1270, 1480, 0, 1290, 1480, 0, 255, 210, 0
L 1280, 1450, 0, 1300, 1510, 0, 255, 210, 0
L 1260, 1510, 0, 1280, 1450, 0, 255, 210, 0
L 1350, 1510, 0, 1350, 1450, 0, 255, 210, 0
L 1320, 1450, 0, 1350, 1510, 0, 255, 210, 0
L 1320, 1510, 0, 1320, 1450, 0, 255, 210, 0
L 1370, 1450, 0, 1370, 1480, 0, 255, 210, 0
L 1370, 1480, 0, 1370, 1510, 0, 255, 210, 0
L 1370, 1480, 0, 1410, 1510, 0, 255, 210, 0
L 1370, 1480, 0, 1410, 1450, 0, 255, 210, 0
L 1430, 1480, 0, 1460, 1480, 0, 255, 210, 0
L 1430, 1510, 0, 1460, 1510, 0, 255, 210, 0
L 1430, 1450, 0, 1430, 1510, 0, 255, 210, 0
L 1460, 1450, 0, 1430, 1450, 0, 255, 210, 0
L 1480, 1450, 0, 1480, 1480, 0, 255, 210, 0
L 1480, 1480, 0, 1480, 1510, 0, 255, 210, 0
L 1480, 1480, 0, 1500, 1480, 0, 255, 210, 0
L 1520, 1480, 0, 1520, 1450, 0, 255, 210, 0
L 1480, 1450, 0, 1520, 1450, 0, 255, 210, 0
L 1500, 1480, 0, 1520, 1480, 0, 255, 210, 0
L 1520, 1510, 0, 1500, 1480, 0, 255, 210, 0
L 1230, 1600, 0, 1200, 1600, 0, 255, 255, 255
L 1200, 1540, 0, 1230, 1540, 0, 255, 255, 255
L 1200, 1600, 0, 1200, 1540, 0, 255, 255, 255
L 1250, 1540, 0, 1280, 1540, 0, 255, 255, 255
L 1250, 1600, 0, 1280, 1600, 0, 255, 255, 255
L 1250, 1540, 0, 1250, 1600, 0, 255, 255, 255
L 1280, 1540, 0, 1280, 1600, 0, 255, 255, 255
L 1340, 1540, 0, 1340, 1600, 0, 255, 255, 255
L 1320, 1570, 0, 1340, 1540, 0, 255, 255, 255
L 1300, 1540, 0, 1320, 1570, 0, 255, 255, 255
L 1300, 1600, 0, 1300, 1540, 0, 255, 255, 255
L 1400, 1540, 0, 1400, 1600, 0, 255, 255, 255
L 1380, 1570, 0, 1400, 1540, 0, 255, 255, 255
L 1360, 1540, 0, 1380, 1570, 0, 255, 255, 255
L 1360, 1600, 0, 1360, 1540, 0, 255, 255, 255
L 1420, 1570, 0, 1450, 1570, 0, 255, 255, 255
L 1420, 1600, 0, 1450, 1600, 0, 255, 255, 255
L 1420, 1540, 0, 1420, 1600, 0, 255, 255, 255
L 1450, 1540, 0, 1420, 1540, 0, 255, 255, 255
L 1500, 1600, 0, 1500, 1540, 0, 255, 255, 255
L 1470, 1540, 0, 1500, 1600, 0, 255, 255, 255
L 1470, 1600, 0, 1470, 1540, 0, 255, 255, 255
L 1540, 1540, 0, 1540, 1600, 0, 255, 255, 255
L 1520, 1540, 0, 1560, 1540, 0, 255, 255, 255
L 1230, 1690, 0, 1200, 1690, 0, 0, 0, 0
L 1200, 1630, 0, 1230, 1630, 0, 0, 0, 0
L 1200, 1690, 0, 1200, 1630, 0, 0, 0, 0
L 1230, 1690, 0, 1230, 1660, 0, 0, 0, 0
L 1230, 1660, 0, 1210, 1660, 0, 0, 0, 0
L 1250, 1660, 0, 1280, 1660, 0, 0, 0, 0
L 1250, 1690, 0, 1280, 1690, 0, 0, 0, 0
L 1250, 1630, 0, 1250, 1690, 0, 0, 0, 0
L 1280, 1630, 0, 1250, 1630, 0, 0, 0, 0
L 1330, 1690, 0, 1330, 1630, 0, 0, 0, 0
L 1300, 1630, 0, 1330, 1690, 0, 0, 0, 0
L 1300, 1690, 0, 1300, 1630, 0, 0, 0, 0
L 1350, 1660, 0, 1380, 1660, 0, 0, 0, 0
L 1350, 1690, 0, 1380, 1690, 0, 0, 0, 0
L 1350, 1630, 0, 1350, 1690, 0, 0, 0, 0
L 1380, 1630, 0, 1350, 1630, 0, 0, 0, 0
L 1400, 1630, 0, 1400, 1660, 0, 0, 0, 0
L 1400, 1660, 0, 1400, 1690, 0, 0, 0, 0
L 1400, 1660, 0, 1420, 1660, 0, 0, 0, 0
L 1440, 1660, 0, 1440, 1630, 0, 0, 0, 0
L 1400, 1630, 0, 1440, 1630, 0, 0, 0, 0
L 1420, 1660, 0, 1440, 1660, 0, 0, 0, 0
L 1440, 1690, 0, 1420, 1660, 0, 0, 0, 0
L 1470, 1660, 0, 1490, 1660, 0, 0, 0, 0
L 1480, 1630, 0, 1500, 1690, 0, 0, 0, 0
L 1460, 1690, 0, 1480, 1630, 0, 0, 0, 0
L 1520, 1630, 0, 1520, 1690, 0, 0, 0, 0
L 1560, 1690, 0, 1520, 1690, 0, 0, 0, 0
L 1230, 1780, 0, 1200, 1780, 0, 0, 0, 255
L 1200, 1720, 0, 1230, 1720, 0, 0, 0, 255
L 1200, 1780, 0, 1200, 1720, 0, 0, 0, 255
L 1230, 1780, 0, 1230, 1750, 0, 0, 0, 255
L 1230, 1750, 0, 1210, 1750, 0, 0, 0, 255
L 1250, 1720, 0, 1250, 1750, 0, 0, 0, 255
L 1250, 1750, 0, 1250, 1780, 0, 0, 0, 255
L 1250, 1750, 0, 1270, 1750, 0, 0, 0, 255
L 1290, 1750, 0, 1290, 1720, 0, 0, 0, 255
L 1250, 1720, 0, 1290, 1720, 0, 0, 0, 255
L 1270, 1750, 0, 1290, 1750, 0, 0, 0, 255
L 1290, 1780, 0, 1270, 1750, 0, 0, 0, 255
L 1310, 1720, 0, 1340, 1720, 0, 0, 0, 255
L 1310, 1780, 0, 1340, 1780, 0, 0, 0, 255
L 1310, 1720, 0, 1310, 1780, 0, 0, 0, 255
L 1340, 1720, 0, 1340, 1780, 0, 0, 0, 255
L 1400, 1720, 0, 1400, 1780, 0, 0, 0, 255
L 1360, 1720, 0, 1360, 1780, 0, 0, 0, 255
L 1360, 1780, 0, 1400, 1780, 0, 0, 0, 255
L 1450, 1780, 0, 1450, 1720, 0, 0, 0, 255
L 1420, 1720, 0, 1450, 1780, 0, 0, 0, 255
L 1420, 1780, 0, 1420, 1720, 0, 0, 0, 255
L 1480, 1780, 0, 1480, 1720, 0, 0, 0, 255
L 1490, 1780, 0, 1470, 1780, 0, 0, 0, 255
L 1500, 1750, 0, 1490, 1780, 0, 0, 0, 255
L 1490, 1720, 0, 1500, 1750, 0, 0, 0, 255
L 1470, 1720, 0, 1490, 1720, 0, 0, 0, 255
L 1580, 1720, 0, 1580, 1750, 0, 0, 0, 255
L 1580, 1780, 0, 1620, 1780, 0, 0, 0, 255
L 1620, 1750, 0, 1580, 1750, 0, 0, 0, 255
L 1580, 1720, 0, 1620, 1720, 0, 0, 0, 255
L 1620, 1750, 0, 1620, 1780, 0, 0, 0, 255
L 1670, 1750, 0, 1640, 1750, 0, 0, 0, 255
L 1670, 1720, 0, 1670, 1750, 0, 0, 0, 255
L 1640, 1720, 0, 1670, 1720, 0, 0, 0, 255
L 1640, 1780, 0, 1640, 1720, 0, 0, 0, 255
L 1700, 1750, 0, 1720, 1750, 0, 0, 0, 255
L 1710, 1720, 0, 1730, 1780, 0, 0, 0, 255
L 1690, 1780, 0, 1710, 1720, 0, 0, 0, 255
L 1780, 1780, 0, 1790, 1720, 0, 0, 0, 255
L 1770, 1750, 0, 1780, 1780, 0, 0, 0, 255
L 1760, 1780, 0, 1770, 1750, 0, 0, 0, 255
L 1750, 1720, 0, 1760, 1780, 0, 0, 0, 255
L 1840, 1780, 0, 1840, 1720, 0, 0, 0, 255
L 1810, 1720, 0, 1840, 1780, 0, 0, 0, 255
L 1810, 1780, 0, 1810, 1720, 0, 0, 0, 255
L 1230, 1870, 0, 1200, 1870, 0, 128, 128, 128
L 1200, 1810, 0, 1230, 1810, 0, 128, 128, 128
L 1200, 1870, 0, 1200, 1810, 0, 128, 128, 128
L 1230, 1870, 0, 1230, 1840, 0, 128, 128, 128
L 1230, 1840, 0, 1210, 1840, 0, 128, 128, 128
L 1290, 1810, 0, 1290, 1870, 0, 128, 128, 128
L 1250, 1810, 0, 1250, 1870, 0, 128, 128, 128
L 1250, 1870, 0, 1290, 1870, 0, 128, 128, 128
L 1310, 1810, 0, 1310, 1870, 0, 128, 128, 128
L 1330, 1810, 0, 1330, 1870, 0, 128, 128, 128
L 1370, 1870, 0, 1330, 1870, 0, 128, 128, 128
L 1400, 1870, 0, 1400, 1810, 0, 128, 128, 128
L 1410, 1870, 0, 1390, 1870, 0, 128, 128, 128
L 1420, 1840, 0, 1410, 1870, 0, 128, 128, 128
L 1410, 1810, 0, 1420, 1840, 0, 128, 128, 128
L 1390, 1810, 0, 1410, 1810, 0, 128, 128, 128
L 1540, 1810, 0, 1540, 1870, 0, 128, 128, 128
L 1520, 1840, 0, 1540, 1810, 0, 128, 128, 128
L 1500, 1810, 0, 1520, 1840, 0, 128, 128, 128
L 1500, 1870, 0, 1500, 1810, 0, 128, 128, 128
L 1570, 1840, 0, 1590, 1840, 0, 128, 128, 128
L 1580, 1810, 0, 1600, 1870, 0, 128, 128, 128
L 1560, 1870, 0, 1580, 1810, 0, 128, 128, 128
L 1620, 1810, 0, 1620, 1840, 0, 128, 128, 128
L 1620, 1870, 0, 1660, 1870, 0, 128, 128, 128
L 1660, 1840, 0, 1620, 1840, 0, 128, 128, 128
L 1620, 1810, 0, 1660, 1810, 0, 128, 128, 128
L 1660, 1840, 0, 1660, 1870, 0, 128, 128, 128
L 1700, 1810, 0, 1700, 1870, 0, 128, 128, 128
L 1680, 1810, 0, 1720, 1810, 0, 128, 128, 128
L 1740, 1840, 0, 1770, 1840, 0, 128, 128, 128
L 1740, 1870, 0, 1770, 1870, 0, 128, 128, 128
L 1740, 1810, 0, 1740, 1870, 0, 128, 128, 128
L 1770, 1810, 0, 1740, 1810, 0, 128, 128, 128
L 1790, 1810, 0, 1790, 1840, 0, 128, 128, 128
L 1790, 1840, 0, 1790, 1870, 0, 128, 128, 128
L 1790, 1840, 0, 1810, 1840, 0, 128, 128, 128
L 1830, 1840, 0, 1830, 1810, 0, 128, 128, 128
L 1790, 1810, 0, 1830, 1810, 0, 128, 128, 128
L 1810, 1840, 0, 1830, 1840, 0, 128, 128, 128
L 1830, 1870, 0, 1810, 1840, 0, 128, 128, 128
L 1200, 1900, 0, 1200, 1930, 0, 127, 64, 0
L 1240, 1960, 0, 1240, 1930, 0, 127, 64, 0
L 1200, 1930, 0, 1200, 1960, 0, 127, 64, 0
L 1240, 1930, 0, 1240, 1900, 0, 127, 64, 0
L 1200, 1930, 0, 1240, 1930, 0, 127, 64, 0
L 1300, 1900, 0, 1300, 1960, 0, 127, 64, 0
L 1260, 1900, 0, 1260, 1960, 0, 127, 64, 0
L 1260, 1960, 0, 1300, 1960, 0, 127, 64, 0
L 1350, 1960, 0, 1350, 1900, 0, 127, 64, 0
L 1320, 1900, 0, 1350, 1960, 0, 127, 64, 0
L 1320, 1960, 0, 1320, 1900, 0, 127, 64, 0
L 1390, 1900, 0, 1390, 1960, 0, 127, 64, 0
L 1370, 1900, 0, 1410, 1900, 0, 127, 64, 0
L 1430, 1930, 0, 1460, 1930, 0, 127, 64, 0
L 1430, 1960, 0, 1460, 1960, 0, 127, 64, 0
L 1430, 1900, 0, 1430, 1960, 0, 127, 64, 0
L 1460, 1900, 0, 1430, 1900, 0, 127, 64, 0
L 1480, 1900, 0, 1480, 1930, 0, 127, 64, 0
L 1480, 1930, 0, 1480, 1960, 0, 127, 64, 0
L 1480, 1930, 0, 1500, 1930, 0, 127, 64, 0
L 1520, 1930, 0, 1520, 1900, 0, 127, 64, 0
L 1480, 1900, 0, 1520, 1900, 0, 127, 64, 0
L 1500, 1930, 0, 1520, 1930, 0, 127, 64, 0
L 1520, 1960, 0, 1500, 1930, 0, 127, 64, 0
L 1240, 1990, 0, 1240, 2050, 0, 0, 127, 0
L 1220, 2020, 0, 1240, 1990, 0, 0, 127, 0
L 1200, 1990, 0, 1220, 2020, 0, 0, 127, 0
L 1200, 2050, 0, 1200, 1990, 0, 0, 127, 0
L 1260, 2020, 0, 1290, 2020, 0, 0, 127, 0
L 1260, 2050, 0, 1290, 2050, 0, 0, 127, 0
L 1260, 1990, 0, 1260, 2050, 0, 0, 127, 0
L 1290, 1990, 0, 1260, 1990, 0, 0, 127, 0
L 1310, 1990, 0, 1310, 2020, 0, 0, 127, 0
L 1310, 2020, 0, 1310, 2050, 0, 0, 127, 0
L 1310, 2020, 0, 1330, 2020, 0, 0, 127, 0
L 1350, 2020, 0, 1350, 1990, 0, 0, 127, 0
L 1310, 1990, 0, 1350, 1990, 0, 0, 127, 0
L 1330, 2020, 0, 1350, 2020, 0, 0, 127, 0
L 1350, 2050, 0, 1330, 2020, 0, 0, 127, 0
L 1400, 2050, 0, 1370, 2050, 0, 0, 127, 0
L 1370, 1990, 0, 1400, 1990, 0, 0, 127, 0
L 1370, 2050, 0, 1370, 1990, 0, 0, 127, 0
L 1420, 1990, 0, 1420, 2020, 0, 0, 127, 0
L 1460, 2050, 0, 1460, 2020, 0, 0, 127, 0
L 1420, 2020, 0, 1420, 2050, 0, 0, 127, 0
L 1460, 2020, 0, 1460, 1990, 0, 0, 127, 0
L 1420, 2020, 0, 1460, 2020, 0, 0, 127, 0
L 1490, 2020, 0, 1510, 2020, 0, 0, 127, 0
L 1500, 1990, 0, 1520, 2050, 0, 0, 127, 0
L 1480, 2050, 0, 1500, 1990, 0, 0, 127, 0
L 1570, 2050, 0, 1570, 1990, 0, 0, 127, 0
L 1540, 1990, 0, 1570, 2050, 0, 0, 127, 0
L 1540, 2050, 0, 1540, 1990, 0, 0, 127, 0
L 1610, 1990, 0, 1610, 2050, 0, 0, 127, 0
L 1590, 1990, 0, 1630, 1990, 0, 0, 127, 0
L 1240, 2080, 0, 1240, 2140, 0, 0, 127, 127
L 1220, 2110, 0, 1240, 2080, 0, 0, 127, 127
L 1200, 2080, 0, 1220, 2110, 0, 0, 127, 127
L 1200, 2140, 0, 1200, 2080, 0, 0, 127, 127
L 1260, 2080, 0, 1260, 2140, 0, 0, 127, 127
L 1280, 2080, 0, 1280, 2110, 0, 0, 127, 127
L 1280, 2140, 0, 1320, 2140, 0, 0, 127, 127
L 1320, 2110, 0, 1280, 2110, 0, 0, 127, 127
L 1280, 2080, 0, 1320, 2080, 0, 0, 127, 127
L 1320, 2110, 0, 1320, 2140, 0, 0, 127, 127
L 1340, 2080, 0, 1340, 2110, 0, 0, 127, 127
L 1340, 2140, 0, 1380, 2140, 0, 0, 127, 127
L 1380, 2110, 0, 1340, 2110, 0, 0, 127, 127
L 1340, 2080, 0, 1380, 2080, 0, 0, 127, 127
L 1380, 2110, 0, 1380, 2140, 0, 0, 127, 127
L 1400, 2080, 0, 1400, 2140, 0, 0, 127, 127
L 1420, 2080, 0, 1450, 2080, 0, 0, 127, 127
L 1420, 2140, 0, 1450, 2140, 0, 0, 127, 127
L 1420, 2080, 0, 1420, 2140, 0, 0, 127, 127
L 1450, 2080, 0, 1450, 2140, 0, 0, 127, 127
L 1500, 2140, 0, 1500, 2080, 0, 0, 127, 127
L 1470, 2080, 0, 1500, 2140, 0, 0, 127, 127
L 1470, 2140, 0, 1470, 2080, 0, 0, 127, 127
L 1230, 2230, 0, 1230, 2170, 0, 127, 64, 0
L 1200, 2170, 0, 1230, 2230, 0, 127, 64, 0
L 1200, 2230, 0, 1200, 2170, 0, 127, 64, 0
L 1260, 2200, 0, 1280, 2200, 0, 127, 64, 0
L 1270, 2170, 0, 1290, 2230, 0, 127, 64, 0
L 1250, 2230, 0, 1270, 2170, 0, 127, 64, 0
L 1350, 2170, 0, 1350, 2230, 0, 127, 64, 0
L 1330, 2200, 0, 1350, 2170, 0, 127, 64, 0
L 1310, 2170, 0, 1330, 2200, 0, 127, 64, 0
L 1310, 2230, 0, 1310, 2170, 0, 127, 64, 0
L 1370, 2200, 0, 1400, 2200, 0, 127, 64, 0
L 1370, 2230, 0, 1400, 2230, 0, 127, 64, 0
L 1370, 2170, 0, 1370, 2230, 0, 127, 64, 0
L 1400, 2170, 0, 1370, 2170, 0, 127, 64, 0
L 1430, 2230, 0, 1430, 2170, 0, 127, 64, 0
L 1440, 2230, 0, 1420, 2230, 0, 127, 64, 0
L 1450, 2200, 0, 1440, 2230, 0, 127, 64, 0
L 1440, 2170, 0, 1450, 2200, 0, 127, 64, 0
L 1420, 2170, 0, 1440, 2170, 0, 127, 64, 0
L 1230, 2290, 0, 1200, 2290, 0, 0, 255, 0
L 1230, 2260, 0, 1230, 2290, 0, 0, 255, 0
L 1200, 2260, 0, 1230, 2260, 0, 0, 255, 0
L 1200, 2320, 0, 1200, 2260, 0, 0, 255, 0
L 1260, 2290, 0, 1280, 2290, 0, 0, 255, 0
L 1270, 2260, 0, 1290, 2320, 0, 0, 255, 0
L 1250, 2320, 0, 1270, 2260, 0, 0, 255, 0
L 1310, 2260, 0, 1310, 2290, 0, 0, 255, 0
L 1310, 2290, 0, 1310, 2320, 0, 0, 255, 0
L 1310, 2290, 0, 1330, 2290, 0, 0, 255, 0
L 1350, 2290, 0, 1350, 2260, 0, 0, 255, 0
L 1310, 2260, 0, 1350, 2260, 0, 0, 255, 0
L 1330, 2290, 0, 1350, 2290, 0, 0, 255, 0
L 1350, 2320, 0, 1330, 2290, 0, 0, 255, 0
L 1400, 2320, 0, 1370, 2320, 0, 0, 255, 0
L 1370, 2260, 0, 1400, 2260, 0, 0, 255, 0
L 1370, 2320, 0, 1370, 2260, 0, 0, 255, 0
L 1420, 2290, 0, 1450, 2290, 0, 0, 255, 0
L 1420, 2320, 0, 1450, 2320, 0, 0, 255, 0
L 1420, 2260, 0, 1420, 2320, 0, 0, 255, 0
L 1450, 2260, 0, 1420, 2260, 0, 0, 255, 0
L 1470, 2260, 0, 1470, 2320, 0, 0, 255, 0
L 1510, 2320, 0, 1470, 2320, 0, 0, 255, 0
L 1530, 2260, 0, 1530, 2290, 0, 0, 255, 0
L 1530, 2320, 0, 1570, 2320, 0, 0, 255, 0
L 1570, 2290, 0, 1530, 2290, 0, 0, 255, 0
L 1530, 2260, 0, 1570, 2260, 0, 0, 255, 0
L 1570, 2290, 0, 1570, 2320, 0, 0, 255, 0
L 1200, 2350, 0, 1200, 2380, 0, 0, 240, 240
L 1200, 2380, 0, 1200, 2410, 0, 0, 240, 240
L 1200, 2380, 0, 1220, 2380, 0, 0, 240, 240
L 1240, 2380, 0, 1240, 2350, 0, 0, 240, 240
L 1200, 2350, 0, 1240, 2350, 0, 0, 240, 240
L 1220, 2380, 0, 1240, 2380, 0, 0, 240, 240
L 1240, 2410, 0, 1220, 2380, 0, 0, 240, 240
L 1270, 2380, 0, 1290, 2380, 0, 0, 240, 240
L 1280, 2350, 0, 1300, 2410, 0, 0, 240, 240
L 1260, 2410, 0, 1280, 2350, 0, 0, 240, 240
L 1320, 2350, 0, 1320, 2410, 0, 0, 240, 240
L 1350, 2410, 0, 1350, 2350, 0, 0, 240, 240
L 1360, 2410, 0, 1340, 2410, 0, 0, 240, 240
L 1370, 2380, 0, 1360, 2410, 0, 0, 240, 240
L 1360, 2350, 0, 1370, 2380, 0, 0, 240, 240
L 1340, 2350, 0, 1360, 2350, 0, 0, 240, 240
L 1200, 2440, 0, 1200, 2470, 0, 0, 255, 0
L 1200, 2500, 0, 1240, 2500, 0, 0, 255, 0
L 1240, 2470, 0, 1200, 2470, 0, 0, 255, 0
L 1200, 2440, 0, 1240, 2440, 0, 0, 255, 0
L 1240, 2470, 0, 1240, 2500, 0, 0, 255, 0
L 1290, 2470, 0, 1260, 2470, 0, 0, 255, 0
L 1290, 2440, 0, 1290, 2470, 0, 0, 255, 0
L 1260, 2440, 0, 1290, 2440, 0, 0, 255, 0
L 1260, 2500, 0, 1260, 2440, 0, 0, 255, 0
L 1310, 2470, 0, 1340, 2470, 0, 0, 255, 0
L 1310, 2500, 0, 1340, 2500, 0, 0, 255, 0
L 1310, 2440, 0, 1310, 2500, 0, 0, 255, 0
L 1340, 2440, 0, 1310, 2440, 0, 0, 255, 0
L 1390, 2500, 0, 1360, 2500, 0, 0, 255, 0
L 1360, 2440, 0, 1390, 2440, 0, 0, 255, 0
L 1360, 2500, 0, 1360, 2440, 0, 0, 255, 0
L 1410, 2440, 0, 1410, 2500, 0, 0, 255, 0
L 1440, 2470, 0, 1460, 2470, 0, 0, 255, 0
L 1450, 2440, 0, 1470, 2500, 0, 0, 255, 0
L 1430, 2500, 0, 1450, 2440, 0, 0, 255, 0
L 1490, 2440, 0, 1490, 2500, 0, 0, 255, 0
L 1530, 2500, 0, 1490, 2500, 0, 0, 255, 0
L 1640, 2500, 0, 1610, 2500, 0, 0, 255, 0
L 1610, 2440, 0, 1640, 2440, 0, 0, 255, 0
L 1610, 2500, 0, 1610, 2440, 0, 0, 255, 0
L 1700, 2440, 0, 1700, 2500, 0, 0, 255, 0
L 1660, 2440, 0, 1660, 2500, 0, 0, 255, 0
L 1660, 2500, 0, 1700, 2500, 0, 0, 255, 0
L 1720, 2440, 0, 1720, 2470, 0, 0, 255, 0
L 1720, 2470, 0, 1720, 2500, 0, 0, 255, 0
L 1720, 2470, 0, 1740, 2470, 0, 0, 255, 0
L 1760, 2470, 0, 1760, 2440, 0, 0, 255, 0
L 1720, 2440, 0, 1760, 2440, 0, 0, 255, 0
L 1740, 2470, 0, 1760, 2470, 0, 0, 255, 0
L 1760, 2500, 0, 1740, 2470, 0, 0, 255, 0
L 1780, 2440, 0, 1780, 2470, 0, 0, 255, 0
L 1780, 2470, 0, 1780, 2500, 0, 0, 255, 0
L 1780, 2470, 0, 1800, 2470, 0, 0, 255, 0
L 1820, 2470, 0, 1820, 2440, 0, 0, 255, 0
L 1780, 2440, 0, 1820, 2440, 0, 0, 255, 0
L 1800, 2470, 0, 1820, 2470, 0, 0, 255, 0
L 1820, 2500, 0, 1800, 2470, 0, 0, 255, 0
L 1840, 2470, 0, 1870, 2470, 0, 0, 255, 0
L 1840, 2500, 0, 1870, 2500, 0, 0, 255, 0
L 1840, 2440, 0, 1840, 2500, 0, 0, 255, 0
L 1870, 2440, 0, 1840, 2440, 0, 0, 255, 0
L 1920, 2500, 0, 1920, 2440, 0, 0, 255, 0
L 1890, 2440, 0, 1920, 2500, 0, 0, 255, 0
L 1890, 2500, 0, 1890, 2440, 0, 0, 255, 0
L 1970, 2500, 0, 1940, 2500, 0, 0, 255, 0
L 1940, 2440, 0, 1970, 2440, 0, 0, 255, 0
L 1940, 2500, 0, 1940, 2440, 0, 0, 255, 0
L 2010, 2470, 0, 2010, 2500, 0, 0, 255, 0
L 2010, 2470, 0, 2030, 2440, 0, 0, 255, 0
L 1990, 2440, 0, 2010, 2470, 0, 0, 255, 0
L 1200, 2530, 0, 1200, 2560, 0, 255, 0, 0
L 1200, 2590, 0, 1240, 2590, 0, 255, 0, 0
L 1240, 2560, 0, 1200, 2560, 0, 255, 0, 0
L 1200, 2530, 0, 1240, 2530, 0, 255, 0, 0
L 1240, 2560, 0, 1240, 2590, 0, 255, 0, 0
L 1300, 2530, 0, 1300, 2590, 0, 255, 0, 0
L 1260, 2530, 0, 1260, 2590, 0, 255, 0, 0
L 1260, 2590, 0, 1300, 2590, 0, 255, 0, 0
L 1350, 2590, 0, 1320, 2590, 0, 255, 0, 0
L 1320, 2530, 0, 1350, 2530, 0, 255, 0, 0
L 1320, 2590, 0, 1320, 2530, 0, 255, 0, 0
L 1400, 2590, 0, 1370, 2590, 0, 255, 0, 0
L 1370, 2530, 0, 1400, 2530, 0, 255, 0, 0
L 1370, 2590, 0, 1370, 2530, 0, 255, 0, 0
L 1420, 2530, 0, 1450, 2530, 0, 255, 0, 0
L 1420, 2590, 0, 1450, 2590, 0, 255, 0, 0
L 1420, 2530, 0, 1420, 2590, 0, 255, 0, 0
L 1450, 2530, 0, 1450, 2590, 0, 255, 0, 0
L 1470, 2530, 0, 1470, 2560, 0, 255, 0, 0
L 1470, 2560, 0, 1470, 2590, 0, 255, 0, 0
L 1470, 2560, 0, 1490, 2560, 0, 255, 0, 0
L 1510, 2560, 0, 1510, 2530, 0, 255, 0, 0
L 1470, 2530, 0, 1510, 2530, 0, 255, 0, 0
L 1490, 2560, 0, 1510, 2560, 0, 255, 0, 0
L 1510, 2590, 0, 1490, 2560, 0, 255, 0, 0
L 1220, 2620, 0, 1220, 2680, 0, 255, 255, 0
L 1200, 2620, 0, 1240, 2620, 0, 255, 255, 0
L 1260, 2650, 0, 1290, 2650, 0, 255, 255, 0
L 1260, 2680, 0, 1290, 2680, 0, 255, 255, 0
L 1260, 2620, 0, 1260, 2680, 0, 255, 255, 0
L 1290, 2620, 0, 1260, 2620, 0, 255, 255, 0
L 1310, 2620, 0, 1310, 2680, 0, 255, 255, 0
L 1350, 2680, 0, 1310, 2680, 0, 255, 255, 0
L 1370, 2650, 0, 1400, 2650, 0, 255, 255, 0
L 1370, 2680, 0, 1400, 2680, 0, 255, 255, 0
L 1370, 2620, 0, 1370, 2680, 0, 255, 255, 0
L 1400, 2620, 0, 1370, 2620, 0, 255, 255, 0
L 1450, 2650, 0, 1420, 2650, 0, 255, 255, 0
L 1450, 2620, 0, 1450, 2650, 0, 255, 255, 0
L 1420, 2620, 0, 1450, 2620, 0, 255, 255, 0
L 1420, 2680, 0, 1420, 2620, 0, 255, 255, 0
L 1470, 2620, 0, 1500, 2620, 0, 255, 255, 0
L 1470, 2680, 0, 1500, 2680, 0, 255, 255, 0
L 1470, 2620, 0, 1470, 2680, 0, 255, 255, 0
L 1500, 2620, 0, 1500, 2680, 0, 255, 255, 0
L 1520, 2620, 0, 1520, 2650, 0, 255, 255, 0
L 1520, 2650, 0, 1520, 2680, 0, 255, 255, 0
L 1520, 2650, 0, 1540, 2650, 0, 255, 255, 0
L 1560, 2650, 0, 1560, 2620, 0, 255, 255, 0
L 1520, 2620, 0, 1560, 2620, 0, 255, 255, 0
L 1540, 2650, 0, 1560, 2650, 0, 255, 255, 0
L 1560, 2680, 0, 1540, 2650, 0, 255, 255, 0
L 1600, 2620, 0, 1600, 2680, 0, 255, 255, 0
L 1580, 2620, 0, 1620, 2620, 0, 255, 255, 0
L 1220, 2710, 0, 1220, 2770, 0, 128, 0, 128
L 1200, 2710, 0, 1240, 2710, 0, 128, 0, 128
L 1260, 2710, 0, 1260, 2740, 0, 128, 0, 128
L 1260, 2740, 0, 1260, 2770, 0, 128, 0, 128
L 1260, 2740, 0, 1280, 2740, 0, 128, 0, 128
L 1300, 2740, 0, 1300, 2710, 0, 128, 0, 128
L 1260, 2710, 0, 1300, 2710, 0, 128, 0, 128
L 1280, 2740, 0, 1300, 2740, 0, 128, 0, 128
L 1300, 2770, 0, 1280, 2740, 0, 128, 0, 128
L 1330, 2740, 0, 1350, 2740, 0, 128, 0, 128
L 1340, 2710, 0, 1360, 2770, 0, 128, 0, 128
L 1320, 2770, 0, 1340, 2710, 0, 128, 0, 128
L 1390, 2770, 0, 1390, 2710, 0, 128, 0, 128
L 1400, 2770, 0, 1380, 2770, 0, 128, 0, 128
L 1410, 2740, 0, 1400, 2770, 0, 128, 0, 128
L 1400, 2710, 0, 1410, 2740, 0, 128, 0, 128
L 1380, 2710, 0, 1400, 2710, 0, 128, 0, 128
L 1430, 2740, 0, 1460, 2740, 0, 128, 0, 128
L 1430, 2770, 0, 1460, 2770, 0, 128, 0, 128
L 1430, 2710, 0, 1430, 2770, 0, 128, 0, 128
L 1460, 2710, 0, 1430, 2710, 0, 128, 0, 128
L 1480, 2710, 0, 1480, 2740, 0, 128, 0, 128
L 1480, 2770, 0, 1520, 2770, 0, 128, 0, 128
L 1520, 2740, 0, 1480, 2740, 0, 128, 0, 128
L 1480, 2710, 0, 1520, 2710, 0, 128, 0, 128
L 1520, 2740, 0, 1520, 2770, 0, 128, 0, 128
L 1540, 2710, 0, 1540, 2740, 0, 128, 0, 128
L 1540, 2740, 0, 1540, 2770, 0, 128, 0, 128
L 1540, 2740, 0, 1580, 2770, 0, 128, 0, 128
L 1540, 2740, 0, 1580, 2710, 0, 128, 0, 128
L 1600, 2710, 0, 1600, 2770, 0, 128, 0, 128
L 1620, 2710, 0, 1620, 2770, 0, 128, 0, 128
L 1660, 2770, 0, 1620, 2770, 0, 128, 0, 128
L 1680, 2710, 0, 1680, 2770, 0, 128, 0, 128
L 1720, 2770, 0, 1680, 2770, 0, 128, 0, 128
L 1830, 2770, 0, 1800, 2770, 0, 128, 0, 128
L 1800, 2710, 0, 1830, 2710, 0, 128, 0, 128
L 1800, 2770, 0, 1800, 2710, 0, 128, 0, 128
L 1850, 2710, 0, 1880, 2710, 0, 128, 0, 128
L 1850, 2770, 0, 1880, 2770, 0, 128, 0, 128
L 1850, 2710, 0, 1850, 2770, 0, 128, 0, 128
L 1880, 2710, 0, 1880, 2770, 0, 128, 0, 128
L 1930, 2770, 0, 1930, 2710, 0, 128, 0, 128
L 1900, 2710, 0, 1930, 2770, 0, 128, 0, 128
L 1900, 2770, 0, 1900, 2710, 0, 128, 0, 128
L 1970, 2710, 0, 1970, 2770, 0, 128, 0, 128
L 1950, 2710, 0, 1990, 2710, 0, 128, 0, 128
L 2020, 2740, 0, 2040, 2740, 0, 128, 0, 128
L 2030, 2710, 0, 2050, 2770, 0, 128, 0, 128
L 2010, 2770, 0, 2030, 2710, 0, 128, 0, 128
L 2070, 2710, 0, 2070, 2770, 0, 128, 0, 128
L 2120, 2770, 0, 2120, 2710, 0, 128, 0, 128
L 2090, 2710, 0, 2120, 2770, 0, 128, 0, 128
L 2090, 2770, 0, 2090, 2710, 0, 128, 0, 128
L 2140, 2740, 0, 2170, 2740, 0, 128, 0, 128
L 2140, 2770, 0, 2170, 2770, 0, 128, 0, 128
L 2140, 2710, 0, 2140, 2770, 0, 128, 0, 128
L 2170, 2710, 0, 2140, 2710, 0, 128, 0, 128
L 2190, 2710, 0, 2190, 2740, 0, 128, 0, 128
L 2190, 2740, 0, 2190, 2770, 0, 128, 0, 128
L 2190, 2740, 0, 2210, 2740, 0, 128, 0, 128
L 2230, 2740, 0, 2230, 2710, 0, 128, 0, 128
L 2190, 2710, 0, 2230, 2710, 0, 128, 0, 128
L 2210, 2740, 0, 2230, 2740, 0, 128, 0, 128
L 2230, 2770, 0, 2210, 2740, 0, 128, 0, 128
L 1220, 2800, 0, 1220, 2860, 0, 255, 255, 0
L 1200, 2800, 0, 1240, 2800, 0, 255, 255, 0
L 1260, 2800, 0, 1260, 2830, 0, 255, 255, 0
L 1260, 2830, 0, 1260, 2860, 0, 255, 255, 0
L 1260, 2830, 0, 1280, 2830, 0, 255, 255, 0
L 1300, 2830, 0, 1300, 2800, 0, 255, 255, 0
L 1260, 2800, 0, 1300, 2800, 0, 255, 255, 0
L 1280, 2830, 0, 1300, 2830, 0, 255, 255, 0
L 1300, 2860, 0, 1280, 2830, 0, 255, 255, 0
L 1330, 2830, 0, 1350, 2830, 0, 255, 255, 0
L 1340, 2800, 0, 1360, 2860, 0, 255, 255, 0
L 1320, 2860, 0, 1340, 2800, 0, 255, 255, 0
L 1410, 2830, 0, 1380, 2830, 0, 255, 255, 0
L 1410, 2800, 0, 1410, 2830, 0, 255, 255, 0
L 1380, 2800, 0, 1410, 2800, 0, 255, 255, 0
L 1380, 2860, 0, 1380, 2800, 0, 255, 255, 0
L 1230, 2890, 0, 1200, 2890, 0, 255, 0, 0
L 1200, 2950, 0, 1230, 2890, 0, 255, 0, 0
L 1200, 2950, 0, 1230, 2950, 0, 255, 0, 0
L 1250, 2890, 0, 1280, 2890, 0, 255, 0, 0
L 1250, 2950, 0, 1280, 2950, 0, 255, 0, 0
L 1250, 2890, 0, 1250, 2950, 0, 255, 0, 0
L 1280, 2890, 0, 1280, 2950, 0, 255, 0, 0
L 1330, 2950, 0, 1330, 2890, 0, 255, 0, 0
L 1300, 2890, 0, 1330, 2950, 0, 255, 0, 0
L 1300, 2950, 0, 1300, 2890, 0, 255, 0, 0
L 1350, 2920, 0, 1380, 2920, 0, 255, 0, 0
L 1350, 2950, 0, 1380, 2950, 0, 255, 0, 0
L 1350, 2890, 0, 1350, 2950, 0, 255, 0, 0
L 1380, 2890, 0, 1350, 2890, 0, 255, 0, 0
P 200, 1200, 0, 0, 0, 0, 2, The_Fading_Temple_(TAKC)
P 200, 1400, 0, 0, 0, 0, 2, Original_Map:_Brewall_Rainsinger_(Cazic-Thule)
P 200, 1600, 0, 0, 0, 0, 2, http://www.eqmaps.info
P 200, 1800, 0, 0, 0, 0, 2, Return_of_the_Exiled_(www.roteguild.org)
P 200, 2000, 0, 127, 64, 0, 2, Age-Old_Tree_Spirit
P 200, 2200, 0, 127, 64, 0, 2, Amethyst_Summoning
P 200, 2400, 0, 127, 64, 0, 2, Chaotic_Manifestation
P 200, 2600, 0, 127, 64, 0, 2, Enraged_Roughbark
P 200, 2800, 0, 127, 64, 0, 2, Ferocious_Sand_Digger
P 200, 3000, 0, 127, 64, 0, 2, Flowkeeper_Structure_Attendant
P 200, 3200, 0, 127, 64, 0, 2, Geomantic_Compact_Repairer
P 200, 3400, 0, 127, 64, 0, 2, Geomantic_Compact_Timekeeper
P 200, 3600, 0, 127, 64, 0, 2, Hollow_Flowkeeper_Sage
P 200, 3800, 0, 127, 64, 0, 2, Idle_Jeweled_Guard_Champion
P 200, 4000, 0, 127, 64, 0, 2, Intimidating_Sand_Burrower
P 200, 4200, 0, 127, 64, 0, 2, Jeweled_Guard_Captain
P 200, 4400, 0, 127, 64, 0, 2, Jeweled_Guard_Chieftan
P 200, 4600, 0, 127, 64, 0, 2, Multifaceted_Summoning
P 200, 4800, 0, 127, 64, 0, 2, Observant_Monolith
P 200, 5000, 0, 127, 64, 0, 2, Panicked_Summoning
P 200, 5200, 0, 127, 64, 0, 2, Petrifying_Frog
P 200, 5400, 0, 127, 64, 0, 2, Raving_Rock_Thrower
P 200, 5600, 0, 127, 64, 0, 2, Reanimated_Flowkeeper
P 200, 5800, 0, 127, 64, 0, 2, Reticent_Virtuoso
P 200, 6000, 0, 127, 64, 0, 2, Royal_Priest
P 200, 6200, 0, 127, 64, 0, 2, Sand_Tide_Guardian
P 200, 6400, 0, 127, 64, 0, 2, Sand_Tide_Overseer
P 200, 6600, 0, 127, 64, 0, 2, Sparkling_Summoning
P 200, 6800, 0, 127, 64, 0, 2, Splintered_Thornwood
P 200, 7000, 0, 127, 64, 0, 2, Swaying_Sand_Shaper
P 200, 7200, 0, 127, 64, 0, 2, Whipping_Sandstorm
