P 235.1993, -398.3892, 2.1360, 255, 0, 0, 3, to_North_Desert_of_Ro
P -170.0000, 1085.0000, -8.0000, 255, 255, 0, 1, TRAP
P -215.0000, 921.0000, -8.0000, 255, 255, 0, 1, TRAP
P 443.3800, 508.7862, 0.0020, 240, 240, 0, 1, TRAP
P -127.5611, 678.3793, 6.0020, 240, 240, 0, 1, TRAP
P 78.2225, 591.8680, 0.0020, 240, 240, 0, 1, TRAP
P -85.5350, -442.4367, -1.9980, 240, 240, 0, 1, TRAP
P 363.3888, 228.7794, 0.0020, 240, 240, 0, 1, TRAP
P 42.8386, 323.7672, 22.5020, 240, 240, 0, 1, TRAP
P -207.9122, 2.1790, 0.0020, 240, 240, 0, 1, TRAP
P -234.3870, 1098.0670, -4.9930, 0, 0, 0, 2, Zelifa_Corollaire_(Boss)
P 366.8640, 515.0160, 2.0010, 0, 0, 0, 2, High_Preservationist_Dorjan_(Boss)
P -235.4206, 1092.7457, -4.9923, 0, 0, 0, 2, Lord_Pasreet_(Boss)
P -46.0000, 191.0000, 23.0000, 128, 64, 0, 2, Boss
P -171.9340, 362.2425, 22.5020, 127, 64, 0, 2, Intimidating_Sand_Burrower_(Hunter)
P -274.4754, 142.0772, 2.0020, 127, 64, 0, 2, Sand_Tide_Guardian_(Hunter)
P 549.0237, 519.2767, 0.0020, 127, 64, 0, 2, Idle_Jeweled_Guard_Champion_(Hunter)
P -125.3870, 250.8147, 25.5357, 0, 0, 0, 2, Zelifa_Corollaire_(Boss)
