P -2946.0000, -723.0000, 374.6810,  255, 0, 0,  3,  Zone_In
P -1710.6443, -2301.2366, 747.2413,  240, 0, 0,  3,  to_Deathknell_(click_Statue)
P -2903.6541, -714.2665, 377.9002,  0, 127, 127,  2,  Eodue_the_Pure_(Mission)
P -3799.6580, -1993.0297, 13.1199,  240, 240, 240,  2,  Shadowmanes
P -4069.3555, -1641.6482, 20.0794,  240, 240, 240,  2,  Husks
P -898.9133, -3076.4524, 353.1481,  240, 240, 240,  2,  Shadowmanes
P -715.6116, -806.5309, 344.7416,  0, 0, 0,  2,  Maestro_Tan`lor
P -2861.6580, -1187.7278, 237.8570,  0, 0, 240,  1,  GS:_Psilocybe_of_Blood
P -3321.4639, -1151.9063, 290.5995,  0, 0, 240,  1,  GS:_Psilocybe_of_Blood
P -4038.2581, -1071.8113, 4.9201,  0, 0, 240,  1,  GS:_Psilocybe_of_Blood
P -3935.5369, -2042.9076, 18.4846,  0, 0, 240,  1,  GS:_Psilocybe_of_Blood
P -3026.5093, -2403.5093, 334.4869,  0, 0, 240,  1,  GS:_Psilocybe_of_Blood
P -1884.4507, -1272.1426, -202.1376,  0, 0, 240,  1,  GS:_Psilocybe_of_Blood
P -1162.8926, -1488.0525, 223.6013,  0, 0, 240,  1,  GS:_Psilocybe_of_Blood
P -1325.8694, -1534.6935, 210.5746,  0, 0, 240,  1,  GS:_Psilocybe_of_Blood
P -656.4501, -1507.3727, 252.3359,  0, 0, 240,  1,  GS:_Psilocybe_of_Blood
P -2861.8184, -1720.2853, 149.5250,  0, 0, 0,  2,  Gnarlbramble
P -2072.7688, -2302.3931, 742.7020,  0, 0, 0,  2,  Mad_Marry-Anne
P 357.7150, -3116.2527, 161.1830,  0, 0, 0,  2,  Valik_the_Cruel
P -3523.2151, -2196.9871, 293.2130,  0, 0, 0,  2,  Vasela_Fireblood
P -3298.9629, -1961.6471, 337.8646,  127, 64, 0,  2,  Aesthir_the_Delusioner_(Hunter)
P -1299.8761, -2234.5569, 155.9625,  127, 64, 0,  2,  Anastasia_the_Thought_Drinker_(Hunter)
P -3267.5159, -2046.6753, 336.8491,  127, 64, 0,  2,  Belinda_Baleheart_(Hunter)
P -1489.7433, -364.3752, -33.2427,  127, 64, 0,  2,  Bleeding_Storm_(Hunter)
P -3833.6392, -1173.0359, 19.5205,  127, 64, 0,  2,  Fangore_Boneclaw_(Hunter)
P -392.9753, -1574.7349, 313.9492,  127, 64, 0,  2,  Illixis,_the_Dark_Dream_(Hunter)
P -849.4117, -2725.9170, 160.4496,  127, 64, 0,  2,  Leafrot_(Hunter)
P -662.1536, -1094.4406, 406.2590,  127, 64, 0,  2,  Lilia,_the_Rancid_(Hunter)
P -639.7219, -1980.7345, 371.9943,  127, 64, 0,  2,  Master_Chrichus_(Hunter)
P -430.6224, -2055.2361, 372.0663,  127, 64, 0,  2,  Mistress_of_Malady_(Hunter)
P -2484.5347, -2497.2720, 516.3063,  127, 64, 0,  2,  Painscreecher_(Hunter)
P -2692.6370, -2502.7847, 360.3440,  127, 64, 0,  2,  Painscreecher_(Hunter)
P -2358.4324, -2406.0291, 627.4594,  127, 64, 0,  2,  Shatterstyr_(Hunter)
P -3847.9595, -1271.0918, 13.7790,  127, 64, 0,  2,  Sir_Savagery_(Hunter)
P -1202.4778, -2045.3119, 149.4970,  127, 64, 0,  2,  Soulwail_(Hunter)
P -1292.4177, -2993.3770, 294.6629,  127, 64, 0,  2,  Talili_(Hunter)
P -2602.9954, -1585.0381, 160.7576,  127, 64, 0,  2,  The_Festering_(Hunter)
P -1231.0851, -1420.3389, 238.2309,  127, 64, 0,  2,  The_Skeletal_Steed_(Hunter)
P -1241.0436, -2040.5601, 149.4970,  128, 64, 0,  2,  The_Skeletal_Steed_(Hunter)
