P -1100, 1400, 0, 0, 0, 0, 2, Revised_Map:_Brewall_Rainsinger_(Cazic-Thule)
P -1100, 1600, 0, 0, 0, 0, 2, http://www.eqmaps.info
P -1100, 1800, 0, 0, 0, 0, 2, Return_of_the_Exiled_(www.roteguild.org)
L 717.0, 356.0, -59.0, 686.0, 356.0, -59.0, 0, 0, 0
L 686.0, 356.0, -59.0, 684.0, 260.0, -59.0, 0, 0, 0
L 684.0, 260.0, -59.0, 626.0, 260.0, -59.0, 0, 0, 0
L 626.0, 260.0, -59.0, 622.0, 268.0, -57.0, 0, 0, 0
L 622.0, 268.0, -57.0, 596.0, 254.0, -56.0, 0, 0, 0
L 596.0, 254.0, -56.0, 557.0, 246.0, -57.0, 0, 0, 0
L 557.0, 246.0, -57.0, 520.0, 255.0, -58.0, 0, 0, 0
L 520.0, 255.0, -58.0, 467.0, 273.0, -57.0, 0, 0, 0
L 467.0, 273.0, -57.0, 430.0, 287.0, -55.0, 0, 0, 0
L 430.0, 287.0, -55.0, 391.0, 301.0, -56.0, 0, 0, 0
L 391.0, 301.0, -56.0, 367.0, 315.0, -55.0, 0, 0, 0
L 367.0, 315.0, -55.0, 355.0, 293.0, -55.0, 0, 0, 0
L 355.0, 293.0, -55.0, 342.0, 270.0, -58.0, 0, 0, 0
L 342.0, 270.0, -58.0, 326.0, 240.0, -54.0, 0, 0, 0
L 326.0, 240.0, -54.0, 319.0, 209.0, -56.0, 0, 0, 0
L 319.0, 209.0, -56.0, 310.0, 178.0, -58.0, 0, 0, 0
L 310.0, 178.0, -58.0, 302.0, 143.0, -59.0, 0, 0, 0
L 302.0, 143.0, -59.0, 285.0, 115.0, -59.0, 0, 0, 0
L 285.0, 115.0, -59.0, 290.0, 104.0, -59.0, 0, 0, 0
L 290.0, 104.0, -59.0, 293.0, 67.0, -52.0, 0, 0, 0
L 293.0, 67.0, -52.0, 283.0, 52.0, -52.0, 0, 0, 0
L 283.0, 52.0, -52.0, 246.0, 12.0, -55.0, 0, 0, 0
L 246.0, 12.0, -55.0, 221.0, -2.0, -54.0, 0, 0, 0
L 221.0, -2.0, -54.0, 187.0, -5.0, -59.0, 0, 0, 0
L 187.0, -5.0, -59.0, 148.0, 6.0, -58.0, 0, 0, 0
L 148.0, 6.0, -58.0, 134.0, 10.0, -57.0, 0, 0, 0
L 134.0, 10.0, -57.0, 102.0, 21.0, -55.0, 0, 0, 0
L 102.0, 21.0, -55.0, 67.0, 34.0, -55.0, 0, 0, 0
L 67.0, 34.0, -55.0, 48.0, 43.0, -51.0, 0, 0, 0
L -1.0, 94.0, -55.0, -22.0, 132.0, -58.0, 0, 0, 0
L -22.0, 132.0, -58.0, -38.0, 179.0, -53.0, 0, 0, 0
L -38.0, 179.0, -53.0, -38.0, 191.0, -49.0, 0, 0, 0
L -38.0, 191.0, -49.0, -16.0, 233.0, -51.0, 0, 0, 0
L -16.0, 233.0, -51.0, 11.0, 257.0, -54.0, 0, 0, 0
L 11.0, 257.0, -54.0, 33.0, 271.0, -53.0, 0, 0, 0
L 33.0, 271.0, -53.0, 55.0, 279.0, -51.0, 0, 0, 0
L 55.0, 279.0, -51.0, 79.0, 277.0, -51.0, 0, 0, 0
L 79.0, 277.0, -51.0, 80.0, 254.0, -59.0, 0, 0, 0
L 80.0, 254.0, -59.0, 72.0, 234.0, -59.0, 0, 0, 0
L 72.0, 234.0, -59.0, 51.0, 226.0, -54.0, 0, 0, 0
L 51.0, 226.0, -54.0, 23.0, 218.0, -49.0, 0, 0, 0
L 23.0, 218.0, -49.0, 20.0, 197.0, -48.0, 0, 0, 0
L 20.0, 197.0, -48.0, 15.0, 177.0, -49.0, 0, 0, 0
L 15.0, 177.0, -49.0, 12.0, 150.0, -52.0, 0, 0, 0
L 12.0, 150.0, -52.0, 35.0, 108.0, -54.0, 0, 0, 0
L 35.0, 108.0, -54.0, 50.0, 84.0, -54.0, 0, 0, 0
L 50.0, 84.0, -54.0, 79.0, 76.0, -56.0, 0, 0, 0
L 79.0, 76.0, -56.0, 92.0, 71.0, -55.0, 0, 0, 0
L 92.0, 71.0, -55.0, 134.0, 57.0, -52.0, 0, 0, 0
L 134.0, 57.0, -52.0, 152.0, 49.0, -53.0, 0, 0, 0
L 152.0, 49.0, -53.0, 175.0, 41.0, -47.0, 0, 0, 0
L 175.0, 41.0, -47.0, 201.0, 41.0, -53.0, 0, 0, 0
L 201.0, 41.0, -53.0, 224.0, 52.0, -49.0, 0, 0, 0
L 224.0, 52.0, -49.0, 241.0, 50.0, -55.0, 0, 0, 0
L 241.0, 50.0, -55.0, 244.0, 63.0, -57.0, 0, 0, 0
L 244.0, 63.0, -57.0, 242.0, 73.0, -55.0, 0, 0, 0
L 242.0, 73.0, -55.0, 244.0, 85.0, -52.0, 0, 0, 0
L 244.0, 85.0, -52.0, 249.0, 101.0, -56.0, 0, 0, 0
L 249.0, 101.0, -56.0, 257.0, 140.0, -54.0, 0, 0, 0
L 257.0, 140.0, -54.0, 265.0, 164.0, -57.0, 0, 0, 0
L 265.0, 164.0, -57.0, 274.0, 204.0, -58.0, 0, 0, 0
L 274.0, 204.0, -58.0, 288.0, 240.0, -55.0, 0, 0, 0
L 288.0, 240.0, -55.0, 299.0, 270.0, -59.0, 0, 0, 0
L 299.0, 270.0, -59.0, 317.0, 307.0, -55.0, 0, 0, 0
L 727.0, 414.0, -59.0, 686.0, 414.0, -59.0, 0, 0, 0
L 626.0, 414.0, -59.0, 625.0, 303.0, -59.0, 0, 0, 0
L 625.0, 303.0, -59.0, 593.0, 299.0, -58.0, 0, 0, 0
L 593.0, 299.0, -58.0, 560.0, 289.0, -56.0, 0, 0, 0
L 560.0, 289.0, -56.0, 545.0, 294.0, -53.0, 0, 0, 0
L 545.0, 294.0, -53.0, 539.0, 283.0, -54.0, 0, 0, 0
L 539.0, 283.0, -54.0, 529.0, 278.0, -56.0, 0, 0, 0
L 529.0, 278.0, -56.0, 521.0, 282.0, -56.0, 0, 0, 0
L 521.0, 282.0, -56.0, 526.0, 299.0, -55.0, 0, 0, 0
L 526.0, 299.0, -55.0, 509.0, 301.0, -57.0, 0, 0, 0
L 509.0, 301.0, -57.0, 499.0, 303.0, -56.0, 0, 0, 0
L 499.0, 303.0, -56.0, 476.0, 316.0, -53.0, 0, 0, 0
L 476.0, 316.0, -53.0, 471.0, 317.0, -53.0, 0, 0, 0
L 471.0, 317.0, -53.0, 446.0, 327.0, -52.0, 0, 0, 0
L 446.0, 327.0, -52.0, 388.0, 348.0, -56.0, 0, 0, 0
L 388.0, 348.0, -56.0, 365.0, 352.0, -55.0, 0, 0, 0
L 366.0, 351.0, -57.0, 353.0, 380.0, -53.0, 0, 0, 0
L 353.0, 380.0, -53.0, 341.0, 401.0, -55.0, 0, 0, 0
L 341.0, 401.0, -55.0, 324.0, 422.0, -58.0, 0, 0, 0
L 324.0, 422.0, -58.0, 321.0, 429.0, -60.0, 0, 0, 0
L 321.0, 429.0, -60.0, 314.0, 476.0, -70.0, 0, 0, 0
L 314.0, 476.0, -70.0, 312.0, 496.0, -73.0, 0, 0, 0
L 312.0, 496.0, -73.0, 322.0, 535.0, -83.0, 0, 0, 0
L 322.0, 535.0, -83.0, 323.0, 549.0, -89.0, 0, 0, 0
L 323.0, 549.0, -89.0, 329.0, 586.0, -91.0, 0, 0, 0
L 329.0, 586.0, -91.0, 328.0, 620.0, -91.0, 0, 0, 0
L 328.0, 620.0, -91.0, 324.0, 680.0, -88.0, 0, 0, 0
L 324.0, 680.0, -88.0, 355.0, 697.0, -84.0, 0, 0, 0
L 355.0, 697.0, -84.0, 377.0, 706.0, -86.0, 0, 0, 0
L 377.0, 706.0, -86.0, 388.0, 719.0, -89.0, 0, 0, 0
L 388.0, 719.0, -89.0, 398.0, 721.0, -86.0, 0, 0, 0
L 398.0, 721.0, -86.0, 416.0, 718.0, -87.0, 0, 0, 0
L 416.0, 718.0, -87.0, 444.0, 713.0, -89.0, 0, 0, 0
L 444.0, 713.0, -89.0, 459.0, 709.0, -84.0, 0, 0, 0
L 459.0, 709.0, -84.0, 464.0, 689.0, -85.0, 0, 0, 0
L 464.0, 689.0, -85.0, 472.0, 667.0, -86.0, 0, 0, 0
L 472.0, 667.0, -86.0, 484.0, 654.0, -91.0, 0, 0, 0
L 484.0, 654.0, -91.0, 493.0, 648.0, -91.0, 0, 0, 0
L 493.0, 648.0, -91.0, 513.0, 651.0, -91.0, 0, 0, 0
L 513.0, 651.0, -91.0, 514.0, 668.0, -89.0, 0, 0, 0
L 514.0, 668.0, -89.0, 499.0, 669.0, -89.0, 0, 0, 0
L 499.0, 669.0, -89.0, 489.0, 678.0, -87.0, 0, 0, 0
L 489.0, 678.0, -87.0, 500.0, 716.0, -87.0, 0, 0, 0
L 500.0, 716.0, -87.0, 466.0, 742.0, -87.0, 0, 0, 0
L 466.0, 742.0, -87.0, 452.0, 754.0, -87.0, 0, 0, 0
L 452.0, 754.0, -87.0, 408.0, 764.0, -88.0, 0, 0, 0
L 408.0, 764.0, -88.0, 376.0, 752.0, -88.0, 0, 0, 0
L 376.0, 752.0, -88.0, 354.0, 741.0, -91.0, 0, 0, 0
L 354.0, 741.0, -91.0, 320.0, 732.0, -88.0, 0, 0, 0
L 320.0, 732.0, -88.0, 292.0, 732.0, -87.0, 0, 0, 0
L 292.0, 732.0, -87.0, 279.0, 732.0, -88.0, 0, 0, 0
L 279.0, 732.0, -88.0, 249.0, 747.0, -86.0, 0, 0, 0
L 249.0, 747.0, -86.0, 226.0, 758.0, -84.0, 0, 0, 0
L 226.0, 758.0, -84.0, 197.0, 764.0, -89.0, 0, 0, 0
L 197.0, 764.0, -89.0, 189.0, 761.0, -91.0, 0, 0, 0
L 189.0, 761.0, -91.0, 185.0, 759.0, -91.0, 0, 0, 0
L 185.0, 759.0, -91.0, 167.0, 756.0, -90.0, 0, 0, 0
L 167.0, 756.0, -90.0, 158.0, 748.0, -91.0, 0, 0, 0
L 158.0, 748.0, -91.0, 155.0, 747.0, -91.0, 0, 0, 0
L 155.0, 747.0, -91.0, 128.0, 722.0, -91.0, 0, 0, 0
L 128.0, 722.0, -91.0, 110.0, 700.0, -90.0, 0, 0, 0
L 110.0, 700.0, -90.0, 100.0, 685.0, -90.0, 0, 0, 0
L 100.0, 685.0, -90.0, 100.0, 681.0, -90.0, 0, 0, 0
L 100.0, 681.0, -90.0, 98.0, 645.0, -83.0, 0, 0, 0
L 98.0, 645.0, -83.0, 78.0, 610.0, -84.0, 0, 0, 0
L 78.0, 610.0, -84.0, 69.0, 591.0, -86.0, 0, 0, 0
L 69.0, 591.0, -86.0, 58.0, 569.0, -89.0, 0, 0, 0
L 58.0, 569.0, -89.0, 26.0, 575.0, -89.0, 0, 0, 0
L 26.0, 575.0, -89.0, 1.0, 576.0, -88.0, 0, 0, 0
L 1.0, 576.0, -88.0, -43.0, 576.0, -88.0, 0, 0, 0
L -43.0, 576.0, -88.0, -66.0, 569.0, -91.0, 0, 0, 0
L -66.0, 569.0, -91.0, -77.0, 577.0, -83.0, 0, 0, 0
L -77.0, 577.0, -83.0, -89.0, 576.0, -87.0, 0, 0, 0
L -89.0, 576.0, -87.0, -100.0, 579.0, -88.0, 0, 0, 0
L -100.0, 579.0, -88.0, -128.0, 579.0, -89.0, 0, 0, 0
L -128.0, 579.0, -89.0, -137.0, 590.0, -89.0, 0, 0, 0
L -137.0, 590.0, -89.0, -135.0, 603.0, -88.0, 0, 0, 0
L -135.0, 603.0, -88.0, -143.0, 626.0, -89.0, 0, 0, 0
L -143.0, 626.0, -89.0, -146.0, 651.0, -88.0, 0, 0, 0
L -146.0, 651.0, -88.0, -138.0, 665.0, -85.0, 0, 0, 0
L -138.0, 665.0, -85.0, -126.0, 707.0, -76.0, 0, 0, 0
L -126.0, 707.0, -76.0, -124.0, 716.0, -73.0, 0, 0, 0
L -124.0, 716.0, -73.0, -122.0, 728.0, -69.0, 0, 0, 0
L -122.0, 728.0, -69.0, -112.0, 757.0, -62.0, 0, 0, 0
L -112.0, 757.0, -62.0, -109.0, 780.0, -56.0, 0, 0, 0
L -109.0, 780.0, -56.0, -108.0, 809.0, -56.0, 0, 0, 0
L -108.0, 809.0, -56.0, -119.0, 832.0, -55.0, 0, 0, 0
L -119.0, 832.0, -55.0, -127.0, 850.0, -55.0, 0, 0, 0
L -127.0, 850.0, -55.0, -158.0, 880.0, -55.0, 0, 0, 0
L -158.0, 880.0, -55.0, -182.0, 893.0, -56.0, 0, 0, 0
L -182.0, 893.0, -56.0, -215.0, 894.0, -59.0, 0, 0, 0
L -215.0, 894.0, -59.0, -257.0, 896.0, -58.0, 0, 0, 0
L -257.0, 896.0, -58.0, -287.0, 899.0, -57.0, 0, 0, 0
L -287.0, 899.0, -57.0, -295.0, 897.0, -56.0, 0, 0, 0
L -295.0, 897.0, -56.0, -323.0, 887.0, -55.0, 0, 0, 0
L -323.0, 887.0, -55.0, -357.0, 868.0, -58.0, 0, 0, 0
L -357.0, 868.0, -58.0, -373.0, 864.0, -54.0, 0, 0, 0
L -373.0, 864.0, -54.0, -409.0, 866.0, -57.0, 0, 0, 0
L -409.0, 866.0, -57.0, -445.0, 863.0, -56.0, 0, 0, 0
L -445.0, 863.0, -56.0, -442.0, 850.0, -55.0, 0, 0, 0
L -442.0, 850.0, -55.0, -446.0, 819.0, -55.0, 0, 0, 0
L -446.0, 819.0, -55.0, -416.0, 820.0, -55.0, 0, 0, 0
L -416.0, 820.0, -55.0, -378.0, 829.0, -58.0, 0, 0, 0
L -378.0, 829.0, -58.0, -342.0, 836.0, -59.0, 0, 0, 0
L -342.0, 836.0, -59.0, -327.0, 845.0, -58.0, 0, 0, 0
L -327.0, 845.0, -58.0, -317.0, 858.0, -56.0, 0, 0, 0
L -317.0, 858.0, -56.0, -299.0, 855.0, -56.0, 0, 0, 0
L -299.0, 855.0, -56.0, -262.0, 854.0, -55.0, 0, 0, 0
L -262.0, 854.0, -55.0, -231.0, 850.0, -51.0, 0, 0, 0
L -231.0, 850.0, -51.0, -199.0, 846.0, -50.0, 0, 0, 0
L -199.0, 846.0, -50.0, -164.0, 836.0, -48.0, 0, 0, 0
L -164.0, 836.0, -48.0, -157.0, 820.0, -56.0, 0, 0, 0
L -157.0, 820.0, -56.0, -156.0, 816.0, -55.0, 0, 0, 0
L -156.0, 816.0, -55.0, -149.0, 769.0, -55.0, 0, 0, 0
L -149.0, 769.0, -55.0, -154.0, 753.0, -64.0, 0, 0, 0
L -154.0, 753.0, -64.0, -165.0, 721.0, -71.0, 0, 0, 0
L -165.0, 721.0, -71.0, -185.0, 661.0, -81.0, 0, 0, 0
L -185.0, 661.0, -81.0, -189.0, 637.0, -86.0, 0, 0, 0
L -189.0, 637.0, -86.0, -178.0, 590.0, -83.0, 0, 0, 0
L -178.0, 590.0, -83.0, -171.0, 580.0, -84.0, 0, 0, 0
L -171.0, 580.0, -84.0, -133.0, 543.0, -83.0, 0, 0, 0
L -133.0, 543.0, -83.0, -118.0, 532.0, -82.0, 0, 0, 0
L -118.0, 532.0, -82.0, -81.0, 529.0, -89.0, 0, 0, 0
L -81.0, 529.0, -89.0, -26.0, 532.0, -89.0, 0, 0, 0
L -26.0, 532.0, -89.0, 14.0, 530.0, -88.0, 0, 0, 0
L 14.0, 530.0, -88.0, 40.0, 530.0, -87.0, 0, 0, 0
L 40.0, 530.0, -87.0, 74.0, 528.0, -88.0, 0, 0, 0
L 109.0, 525.0, -89.0, 110.0, 530.0, -88.0, 0, 0, 0
L 110.0, 530.0, -88.0, 112.0, 581.0, -81.0, 0, 0, 0
L 112.0, 581.0, -81.0, 118.0, 595.0, -80.0, 0, 0, 0
L 118.0, 595.0, -80.0, 133.0, 626.0, -86.0, 0, 0, 0
L 133.0, 626.0, -86.0, 134.0, 632.0, -87.0, 0, 0, 0
L 134.0, 632.0, -87.0, 140.0, 664.0, -91.0, 0, 0, 0
L 140.0, 664.0, -91.0, 149.0, 705.0, -85.0, 0, 0, 0
L 149.0, 705.0, -85.0, 157.0, 717.0, -90.0, 0, 0, 0
L 157.0, 717.0, -90.0, 173.0, 712.0, -88.0, 0, 0, 0
L 173.0, 712.0, -88.0, 179.0, 715.0, -88.0, 0, 0, 0
L 179.0, 715.0, -88.0, 210.0, 718.0, -86.0, 0, 0, 0
L 210.0, 718.0, -86.0, 239.0, 706.0, -89.0, 0, 0, 0
L 239.0, 706.0, -89.0, 286.0, 684.0, -89.0, 0, 0, 0
L 286.0, 684.0, -89.0, 284.0, 658.0, -88.0, 0, 0, 0
L 284.0, 658.0, -88.0, 284.0, 639.0, -91.0, 0, 0, 0
L 284.0, 639.0, -91.0, 287.0, 592.0, -91.0, 0, 0, 0
L 287.0, 592.0, -91.0, 287.0, 566.0, -90.0, 0, 0, 0
L 287.0, 566.0, -90.0, 285.0, 550.0, -84.0, 0, 0, 0
L 285.0, 550.0, -84.0, 278.0, 524.0, -82.0, 0, 0, 0
L 278.0, 524.0, -82.0, 268.0, 490.0, -73.0, 0, 0, 0
L 268.0, 490.0, -73.0, 279.0, 448.0, -62.0, 0, 0, 0
L 279.0, 448.0, -62.0, 288.0, 426.0, -55.0, 0, 0, 0
L 288.0, 426.0, -55.0, 296.0, 404.0, -58.0, 0, 0, 0
L 296.0, 404.0, -58.0, 315.0, 365.0, -56.0, 0, 0, 0
L 315.0, 365.0, -56.0, 316.0, 342.0, -55.0, 0, 0, 0
L 316.0, 342.0, -55.0, 318.0, 307.0, -55.0, 0, 0, 0
L -1.0, 93.0, -55.0, -3.0, 35.0, -55.0, 0, 0, 0
L -3.0, 35.0, -55.0, -22.0, -1.0, -58.0, 0, 0, 0
L -22.0, -1.0, -58.0, -32.0, -28.0, -55.0, 0, 0, 0
L -32.0, -28.0, -55.0, -36.0, -49.0, -59.0, 0, 0, 0
L -36.0, -49.0, -59.0, -37.0, -77.0, -59.0, 0, 0, 0
L -37.0, -77.0, -59.0, -40.0, -123.0, -52.0, 0, 0, 0
L -40.0, -123.0, -52.0, -39.0, -153.0, -55.0, 0, 0, 0
L -39.0, -153.0, -55.0, -38.0, -177.0, -58.0, 0, 0, 0
L -38.0, -177.0, -58.0, -39.0, -222.0, -49.0, 0, 0, 0
L 2.0, -212.0, -57.0, 4.0, -199.0, -56.0, 0, 0, 0
L 4.0, -199.0, -56.0, 6.0, -160.0, -55.0, 0, 0, 0
L 6.0, -160.0, -55.0, 6.0, -136.0, -55.0, 0, 0, 0
L 6.0, -136.0, -55.0, 6.0, -99.0, -50.0, 0, 0, 0
L 6.0, -99.0, -50.0, 7.0, -66.0, -59.0, 0, 0, 0
L 7.0, -66.0, -59.0, 28.0, 10.0, -57.0, 0, 0, 0
L 28.0, 10.0, -57.0, 41.0, 36.0, -56.0, 0, 0, 0
L 41.0, 36.0, -56.0, 48.0, 44.0, -53.0, 0, 0, 0
L -39.0, -222.0, -49.0, -86.0, -227.0, -59.0, 0, 0, 0
L -86.0, -227.0, -59.0, -114.0, -230.0, -60.0, 0, 0, 0
L -114.0, -230.0, -60.0, -129.0, -218.0, -56.0, 0, 0, 0
L -129.0, -218.0, -56.0, -169.0, -205.0, -55.0, 0, 0, 0
L -169.0, -205.0, -55.0, -207.0, -191.0, -58.0, 0, 0, 0
L -207.0, -191.0, -58.0, -231.0, -183.0, -56.0, 0, 0, 0
L -231.0, -183.0, -56.0, -256.0, -141.0, -56.0, 0, 0, 0
L -256.0, -141.0, -56.0, -271.0, -116.0, -54.0, 0, 0, 0
L -271.0, -116.0, -54.0, -288.0, -84.0, -61.0, 0, 0, 0
L -288.0, -84.0, -61.0, -305.0, -47.0, -57.0, 0, 0, 0
L -356.0, 1.0, -54.0, -375.0, 15.0, -58.0, 0, 0, 0
L -375.0, 15.0, -58.0, -402.0, 32.0, -58.0, 0, 0, 0
L -402.0, 32.0, -58.0, -439.0, 56.0, -59.0, 0, 0, 0
L -439.0, 56.0, -59.0, -461.0, 74.0, -60.0, 0, 0, 0
L -461.0, 74.0, -60.0, -477.0, 83.0, -60.0, 0, 0, 0
L -1160.0, -335.0, -59.0, -1158.0, -293.0, -60.0, 0, 0, 0
L -1158.0, -293.0, -60.0, -1177.0, -275.0, -60.0, 0, 0, 0
L -1177.0, -275.0, -60.0, -1175.0, -187.0, -60.0, 0, 0, 0
L -1175.0, -187.0, -60.0, -1156.0, -118.0, -60.0, 0, 0, 0
L -1156.0, -118.0, -60.0, -1175.0, -51.0, -60.0, 0, 0, 0
L -1175.0, -51.0, -60.0, -1194.0, -10.0, -60.0, 0, 0, 0
L -1176.0, 83.0, -60.0, -1189.0, 131.0, -60.0, 0, 0, 0
L -1189.0, 131.0, -60.0, -1182.0, 134.0, -60.0, 0, 0, 0
L -1182.0, 134.0, -60.0, -1180.0, 151.0, -60.0, 0, 0, 0
L -1180.0, 151.0, -60.0, -1181.0, 198.0, -60.0, 0, 0, 0
L -1181.0, 198.0, -60.0, -1176.0, 221.0, -60.0, 0, 0, 0
L -1176.0, 221.0, -60.0, -1195.0, 287.0, -60.0, 0, 0, 0
L -1195.0, 287.0, -60.0, -1171.0, 335.0, -60.0, 0, 0, 0
L -1171.0, 335.0, -60.0, -1182.0, 392.0, -60.0, 0, 0, 0
L -1182.0, 392.0, -60.0, -1157.0, 445.0, -60.0, 0, 0, 0
L -1157.0, 445.0, -60.0, -1171.0, 491.0, -60.0, 0, 0, 0
L -1171.0, 491.0, -60.0, -1198.0, 559.0, -51.0, 0, 0, 0
L -1198.0, 559.0, -51.0, -1207.0, 568.0, -52.0, 0, 0, 0
L -1207.0, 568.0, -52.0, -1236.0, 591.0, -60.0, 0, 0, 0
L -1236.0, 591.0, -60.0, -1278.0, 623.0, -58.0, 0, 0, 0
L -1278.0, 623.0, -58.0, -1334.0, 638.0, -57.0, 0, 0, 0
L -1334.0, 638.0, -57.0, -1385.0, 672.0, -51.0, 0, 0, 0
L -1385.0, 672.0, -51.0, -1420.0, 705.0, -38.0, 0, 0, 0
L -1420.0, 705.0, -38.0, -1459.0, 718.0, -26.0, 0, 0, 0
L -1459.0, 718.0, -26.0, -1482.0, 729.0, -14.0, 0, 0, 0
L -1482.0, 729.0, -14.0, -1536.0, 727.0, -17.0, 0, 0, 0
L -1536.0, 727.0, -17.0, -1606.0, 729.0, -15.0, 0, 0, 0
L -1606.0, 729.0, -15.0, -1614.0, 724.0, -10.0, 0, 0, 0
L -1614.0, 724.0, -10.0, -1617.0, 646.0, -24.0, 0, 0, 0
L -1617.0, 646.0, -24.0, -1607.0, 622.0, -32.0, 0, 0, 0
L -1607.0, 622.0, -32.0, -1600.0, 593.0, -40.0, 0, 0, 0
L -1600.0, 593.0, -40.0, -1587.0, 545.0, -55.0, 0, 0, 0
L -1587.0, 545.0, -55.0, -1580.0, 517.0, -59.0, 0, 0, 0
L -1580.0, 517.0, -59.0, -1583.0, 490.0, -57.0, 0, 0, 0
L -1583.0, 490.0, -57.0, -1602.0, 458.0, -57.0, 0, 0, 0
L -1602.0, 458.0, -57.0, -1639.0, 426.0, -56.0, 0, 0, 0
L -1639.0, 426.0, -56.0, -1684.0, 415.0, -61.0, 0, 0, 0
L -1684.0, 415.0, -61.0, -1703.0, 418.0, -60.0, 0, 0, 0
L -1703.0, 418.0, -60.0, -1744.0, 411.0, -59.0, 0, 0, 0
L -1744.0, 411.0, -59.0, -1780.0, 411.0, -58.0, 0, 0, 0
L -1780.0, 411.0, -58.0, -1829.0, 409.0, -48.0, 0, 0, 0
L -1828.0, 453.0, -58.0, -1841.0, 482.0, -54.0, 0, 0, 0
L -1841.0, 482.0, -54.0, -1866.0, 527.0, -52.0, 0, 0, 0
L -1866.0, 527.0, -52.0, -1864.0, 543.0, -59.0, 0, 0, 0
L -1864.0, 543.0, -59.0, -1866.0, 554.0, -59.0, 0, 0, 0
L -1866.0, 554.0, -59.0, -1878.0, 581.0, -60.0, 0, 0, 0
L -1878.0, 581.0, -60.0, -1883.0, 594.0, -59.0, 0, 0, 0
L -1883.0, 594.0, -59.0, -1909.0, 621.0, -59.0, 0, 0, 0
L -1909.0, 621.0, -59.0, -1926.0, 632.0, -58.0, 0, 0, 0
L -1926.0, 632.0, -58.0, -1931.0, 636.0, -58.0, 0, 0, 0
L -1931.0, 636.0, -58.0, -1974.0, 647.0, -58.0, 0, 0, 0
L -1974.0, 647.0, -58.0, -2012.0, 633.0, -56.0, 0, 0, 0
L -2012.0, 633.0, -56.0, -2033.0, 622.0, -57.0, 0, 0, 0
L -2033.0, 622.0, -57.0, -2050.0, 614.0, -57.0, 0, 0, 0
L -2050.0, 614.0, -57.0, -2072.0, 615.0, -57.0, 0, 0, 0
L -2072.0, 615.0, -57.0, -2106.0, 614.0, -59.0, 0, 0, 0
L -2106.0, 614.0, -59.0, -2141.0, 632.0, -61.0, 0, 0, 0
L -2141.0, 632.0, -61.0, -2168.0, 638.0, -61.0, 0, 0, 0
L -2168.0, 638.0, -61.0, -2194.0, 645.0, -59.0, 0, 0, 0
L -2194.0, 645.0, -59.0, -2210.0, 654.0, -55.0, 0, 0, 0
L -2210.0, 654.0, -55.0, -2229.0, 658.0, -51.0, 0, 0, 0
L -2229.0, 658.0, -51.0, -2236.0, 682.0, -58.0, 0, 0, 0
L -2236.0, 682.0, -58.0, -2241.0, 719.0, -51.0, 0, 0, 0
L -2241.0, 719.0, -51.0, -2231.0, 736.0, -57.0, 0, 0, 0
L -2231.0, 736.0, -57.0, -2214.0, 771.0, -59.0, 0, 0, 0
L -2214.0, 771.0, -59.0, -2218.0, 797.0, -58.0, 0, 0, 0
L -2218.0, 797.0, -58.0, -2226.0, 813.0, -58.0, 0, 0, 0
L -2273.0, 846.0, -53.0, -2281.0, 855.0, -47.0, 0, 0, 0
L -2281.0, 855.0, -47.0, -2339.0, 877.0, -23.0, 0, 0, 0
L -2339.0, 877.0, -23.0, -2367.0, 895.0, -30.0, 0, 0, 0
L -2367.0, 895.0, -30.0, -2437.0, 857.0, -21.0, 0, 0, 0
L -2437.0, 857.0, -21.0, -2459.0, 868.0, -28.0, 0, 0, 0
L -2459.0, 868.0, -28.0, -2510.0, 921.0, -17.0, 0, 0, 0
L -2510.0, 921.0, -17.0, -2510.0, 939.0, -23.0, 0, 0, 0
L -2510.0, 939.0, -23.0, -2528.0, 959.0, -37.0, 0, 0, 0
L -2528.0, 959.0, -37.0, -2549.0, 981.0, -57.0, 0, 0, 0
L -2549.0, 981.0, -57.0, -2557.0, 979.0, -54.0, 0, 0, 0
L -2557.0, 979.0, -54.0, -2580.0, 983.0, -58.0, 0, 0, 0
L -2580.0, 983.0, -58.0, -2617.0, 994.0, -58.0, 0, 0, 0
L -2617.0, 994.0, -58.0, -2656.0, 984.0, -61.0, 0, 0, 0
L -2656.0, 984.0, -61.0, -2681.0, 977.0, -53.0, 0, 0, 0
L -2681.0, 977.0, -53.0, -2687.0, 974.0, -55.0, 0, 0, 0
L -2687.0, 974.0, -55.0, -2756.0, 958.0, -88.0, 0, 0, 0
L -2756.0, 958.0, -88.0, -2793.0, 946.0, -96.0, 0, 0, 0
L -2793.0, 946.0, -96.0, -2834.0, 936.0, -108.0, 0, 0, 0
L -2834.0, 936.0, -108.0, -2875.0, 928.0, -116.0, 0, 0, 0
L -2875.0, 928.0, -116.0, -2906.0, 918.0, -119.0, 0, 0, 0
L -2906.0, 918.0, -119.0, -2943.0, 905.0, -112.0, 0, 0, 0
L -2943.0, 905.0, -112.0, -2946.0, 803.0, -123.0, 0, 0, 0
L -2946.0, 803.0, -123.0, -3008.0, 802.0, -123.0, 0, 0, 0
L -3045.0, 860.0, -123.0, -3008.0, 860.0, -123.0, 0, 0, 0
L -3008.0, 860.0, -123.0, -3005.0, 956.0, -123.0, 0, 0, 0
L -3005.0, 956.0, -123.0, -2946.0, 957.0, -125.0, 0, 0, 0
L -2946.0, 957.0, -125.0, -2945.0, 948.0, -125.0, 0, 0, 0
L -2945.0, 948.0, -125.0, -2910.0, 963.0, -121.0, 0, 0, 0
L -2910.0, 963.0, -121.0, -2836.0, 983.0, -111.0, 0, 0, 0
L -2836.0, 983.0, -111.0, -2804.0, 991.0, -99.0, 0, 0, 0
L -2804.0, 991.0, -99.0, -2784.0, 996.0, -98.0, 0, 0, 0
L -2784.0, 996.0, -98.0, -2743.0, 1005.0, -83.0, 0, 0, 0
L -2743.0, 1005.0, -83.0, -2697.0, 1019.0, -62.0, 0, 0, 0
L -2697.0, 1019.0, -62.0, -2678.0, 1024.0, -50.0, 0, 0, 0
L -2678.0, 1024.0, -50.0, -2611.0, 1038.0, -59.0, 0, 0, 0
L -2611.0, 1038.0, -59.0, -2575.0, 1029.0, -58.0, 0, 0, 0
L -2575.0, 1029.0, -58.0, -2552.0, 1025.0, -47.0, 0, 0, 0
L -20.0, -272.0, -59.0, -45.0, -271.0, -59.0, 0, 0, 0
L -45.0, -271.0, -59.0, -78.0, -272.0, -59.0, 0, 0, 0
L -78.0, -272.0, -59.0, -111.0, -267.0, -56.0, 0, 0, 0
L -111.0, -267.0, -56.0, -139.0, -261.0, -58.0, 0, 0, 0
L -139.0, -261.0, -58.0, -170.0, -249.0, -56.0, 0, 0, 0
L -170.0, -249.0, -56.0, -209.0, -235.0, -56.0, 0, 0, 0
L -209.0, -235.0, -56.0, -233.0, -216.0, -58.0, 0, 0, 0
L -287.0, -176.0, -55.0, -306.0, -135.0, -58.0, 0, 0, 0
L -306.0, -135.0, -58.0, -320.0, -109.0, -48.0, 0, 0, 0
L -320.0, -109.0, -48.0, -336.0, -76.0, -52.0, 0, 0, 0
L -336.0, -76.0, -52.0, -355.0, -37.0, -55.0, 0, 0, 0
L -355.0, -37.0, -55.0, -372.0, -31.0, -56.0, 0, 0, 0
L -372.0, -31.0, -56.0, -402.0, -11.0, -53.0, 0, 0, 0
L -402.0, -11.0, -53.0, -434.0, 9.0, -56.0, 0, 0, 0
L -434.0, 9.0, -56.0, -437.0, 10.0, -55.0, 0, 0, 0
L -437.0, 10.0, -55.0, -450.0, 18.0, -48.0, 0, 0, 0
L -450.0, 18.0, -48.0, -497.0, 18.0, -58.0, 0, 0, 0
L -1157.0, -259.0, -58.0, -1136.0, -192.0, -58.0, 150, 150, 150
L -1136.0, -192.0, -58.0, -1127.0, -132.0, -63.0, 150, 150, 150
L -1127.0, -132.0, -63.0, -1133.0, -54.0, -58.0, 150, 150, 150
L -1133.0, -54.0, -58.0, -1083.0, 12.0, -63.0, 150, 150, 150
L -1083.0, 12.0, -63.0, -1092.0, 145.0, -63.0, 150, 150, 150
L -1092.0, 145.0, -63.0, -1132.0, 214.0, -58.0, 150, 150, 150
L -1132.0, 214.0, -58.0, -1159.0, 285.0, -58.0, 150, 150, 150
L -1159.0, 285.0, -58.0, -1129.0, 466.0, -63.0, 150, 150, 150
L -1129.0, 466.0, -63.0, -1139.0, 595.0, -63.0, 150, 150, 150
L -1139.0, 595.0, -63.0, -1136.0, 612.0, -62.0, 150, 150, 150
L -1136.0, 612.0, -62.0, -1141.0, 612.0, -61.0, 0, 0, 0
L -1141.0, 612.0, -61.0, -1145.0, 604.0, -61.0, 0, 0, 0
L -1145.0, 604.0, -61.0, -1167.0, 612.0, -49.0, 0, 0, 0
L -1167.0, 612.0, -49.0, -1197.0, 611.0, -52.0, 0, 0, 0
L -1197.0, 611.0, -52.0, -1210.0, 619.0, -50.0, 0, 0, 0
L -1210.0, 619.0, -50.0, -1241.0, 640.0, -55.0, 0, 0, 0
L -1241.0, 640.0, -55.0, -1279.0, 666.0, -57.0, 0, 0, 0
L -1279.0, 666.0, -57.0, -1326.0, 681.0, -58.0, 0, 0, 0
L -1326.0, 681.0, -58.0, -1354.0, 691.0, -48.0, 0, 0, 0
L -1354.0, 691.0, -48.0, -1381.0, 713.0, -48.0, 0, 0, 0
L -1381.0, 713.0, -48.0, -1418.0, 746.0, -37.0, 0, 0, 0
L -1418.0, 746.0, -37.0, -1450.0, 762.0, -24.0, 0, 0, 0
L -1450.0, 762.0, -24.0, -1487.0, 773.0, -12.0, 0, 0, 0
L -1487.0, 773.0, -12.0, -1519.0, 775.0, -12.0, 0, 0, 0
L -1519.0, 775.0, -12.0, -1566.0, 774.0, -18.0, 0, 0, 0
L -1566.0, 774.0, -18.0, -1575.0, 773.0, -19.0, 0, 0, 0
L -1575.0, 773.0, -19.0, -1595.0, 773.0, -16.0, 0, 0, 0
L -1595.0, 773.0, -16.0, -1612.0, 775.0, -7.0, 0, 0, 0
L -1662.0, 774.0, -19.0, -1662.0, 727.0, -19.0, 0, 0, 0
L -1662.0, 727.0, -19.0, -1663.0, 686.0, -19.0, 0, 0, 0
L -1663.0, 686.0, -19.0, -1658.0, 652.0, -18.0, 0, 0, 0
L -1658.0, 652.0, -18.0, -1654.0, 629.0, -26.0, 0, 0, 0
L -1654.0, 629.0, -26.0, -1646.0, 605.0, -34.0, 0, 0, 0
L -1646.0, 605.0, -34.0, -1634.0, 556.0, -50.0, 0, 0, 0
L -1634.0, 556.0, -50.0, -1628.0, 531.0, -48.0, 0, 0, 0
L -1628.0, 531.0, -48.0, -1639.0, 476.0, -48.0, 0, 0, 0
L -1639.0, 476.0, -48.0, -1659.0, 468.0, -49.0, 0, 0, 0
L -1659.0, 468.0, -49.0, -1680.0, 463.0, -50.0, 0, 0, 0
L -1680.0, 463.0, -50.0, -1700.0, 458.0, -49.0, 0, 0, 0
L -1700.0, 458.0, -49.0, -1734.0, 458.0, -55.0, 0, 0, 0
L -1734.0, 458.0, -55.0, -1764.0, 457.0, -56.0, 0, 0, 0
L -1764.0, 457.0, -56.0, -1800.0, 458.0, -57.0, 0, 0, 0
L -1800.0, 458.0, -57.0, -1828.0, 453.0, -58.0, 0, 0, 0
L -1879.0, 460.0, -50.0, -1904.0, 511.0, -54.0, 0, 0, 0
L -1904.0, 511.0, -54.0, -1910.0, 536.0, -58.0, 0, 0, 0
L -1910.0, 536.0, -58.0, -1911.0, 554.0, -58.0, 0, 0, 0
L -1911.0, 554.0, -58.0, -1925.0, 587.0, -47.0, 0, 0, 0
L -1925.0, 587.0, -47.0, -1953.0, 593.0, -50.0, 0, 0, 0
L -1953.0, 593.0, -50.0, -1963.0, 595.0, -50.0, 0, 0, 0
L -1963.0, 595.0, -50.0, -1986.0, 602.0, -53.0, 0, 0, 0
L -1986.0, 602.0, -53.0, -2035.0, 576.0, -58.0, 0, 0, 0
L -2035.0, 576.0, -58.0, -2056.0, 565.0, -57.0, 0, 0, 0
L -2135.0, 583.0, -53.0, -2166.0, 598.0, -49.0, 0, 0, 0
L -2166.0, 598.0, -49.0, -2201.0, 602.0, -56.0, 0, 0, 0
L -2201.0, 602.0, -56.0, -2241.0, 615.0, -49.0, 0, 0, 0
L -2241.0, 615.0, -49.0, -2263.0, 636.0, -49.0, 0, 0, 0
L -2263.0, 636.0, -49.0, -2275.0, 653.0, -50.0, 0, 0, 0
L -2275.0, 653.0, -50.0, -2287.0, 681.0, -53.0, 0, 0, 0
L -2287.0, 681.0, -53.0, -2287.0, 711.0, -55.0, 0, 0, 0
L -2287.0, 711.0, -55.0, -2274.0, 740.0, -58.0, 0, 0, 0
L -2274.0, 740.0, -58.0, -2259.0, 763.0, -56.0, 0, 0, 0
L -2259.0, 763.0, -56.0, -2268.0, 811.0, -48.0, 0, 0, 0
L -2268.0, 811.0, -48.0, -2267.0, 828.0, -53.0, 0, 0, 0
L -2267.0, 828.0, -53.0, -2274.0, 847.0, -51.0, 0, 0, 0
L -509.0, -1156.0, -65.0, -472.0, -1148.0, -65.0, 150, 150, 150
L -472.0, -1148.0, -65.0, -339.0, -1157.0, -65.0, 150, 150, 150
L -339.0, -1157.0, -65.0, -301.0, -1147.0, -65.0, 150, 150, 150
L -301.0, -1147.0, -65.0, -302.0, -1075.0, -65.0, 150, 150, 150
L -302.0, -1075.0, -65.0, -290.0, -831.0, -62.0, 150, 150, 150
L -290.0, -831.0, -62.0, -331.0, -829.0, -68.0, 150, 150, 150
L -331.0, -829.0, -68.0, -440.0, -765.0, -82.0, 150, 150, 150
L -440.0, -765.0, -82.0, -467.0, -703.0, -69.0, 150, 150, 150
L -467.0, -703.0, -69.0, -470.0, -621.0, -64.0, 150, 150, 150
L -470.0, -620.0, -64.0, -462.0, -642.0, -69.0, 0, 0, 0
L -462.0, -642.0, -69.0, -433.0, -673.0, -59.0, 0, 0, 0
L -433.0, -673.0, -59.0, -367.0, -688.0, -59.0, 0, 0, 0
L -367.0, -688.0, -59.0, -339.0, -697.0, -42.0, 0, 0, 0
L -339.0, -697.0, -42.0, -301.0, -778.0, -59.0, 0, 0, 0
L -301.0, -778.0, -59.0, -276.0, -781.0, -59.0, 0, 0, 0
L -276.0, -781.0, -59.0, -245.0, -778.0, -50.0, 0, 0, 0
L -245.0, -778.0, -50.0, -212.0, -778.0, -54.0, 0, 0, 0
L -212.0, -778.0, -54.0, -194.0, -777.0, -48.0, 0, 0, 0
L -194.0, -777.0, -48.0, -134.0, -749.0, -57.0, 0, 0, 0
L -134.0, -749.0, -57.0, -129.0, -742.0, -48.0, 0, 0, 0
L -129.0, -742.0, -48.0, -130.0, -676.0, -49.0, 0, 0, 0
L -130.0, -676.0, -49.0, -128.0, -637.0, -56.0, 0, 0, 0
L -128.0, -637.0, -56.0, -128.0, -600.0, -58.0, 0, 0, 0
L -128.0, -600.0, -58.0, -137.0, -569.0, -51.0, 0, 0, 0
L -137.0, -569.0, -51.0, -164.0, -550.0, -49.0, 0, 0, 0
L -164.0, -550.0, -49.0, -199.0, -543.0, -48.0, 0, 0, 0
L -199.0, -543.0, -48.0, -234.0, -545.0, -48.0, 0, 0, 0
L -234.0, -545.0, -48.0, -259.0, -537.0, -47.0, 0, 0, 0
L -259.0, -537.0, -47.0, -307.0, -487.0, -51.0, 0, 0, 0
L -307.0, -487.0, -51.0, -321.0, -456.0, -52.0, 0, 0, 0
L -321.0, -456.0, -52.0, -322.0, -426.0, -49.0, 0, 0, 0
L -322.0, -426.0, -49.0, -330.0, -383.0, -56.0, 0, 0, 0
L -330.0, -383.0, -56.0, -339.0, -355.0, -46.0, 0, 0, 0
L -339.0, -355.0, -46.0, -329.0, -323.0, -51.0, 0, 0, 0
L -329.0, -323.0, -51.0, -317.0, -285.0, -49.0, 0, 0, 0
L -317.0, -285.0, -49.0, -301.0, -256.0, -54.0, 0, 0, 0
L -301.0, -256.0, -54.0, -289.0, -230.0, -49.0, 0, 0, 0
L -289.0, -230.0, -49.0, -287.0, -176.0, -55.0, 0, 0, 0
L -233.0, -216.0, -58.0, -247.0, -245.0, -54.0, 0, 0, 0
L -247.0, -245.0, -54.0, -262.0, -275.0, -55.0, 0, 0, 0
L -262.0, -275.0, -55.0, -271.0, -292.0, -48.0, 0, 0, 0
L -271.0, -292.0, -48.0, -277.0, -314.0, -53.0, 0, 0, 0
L -277.0, -314.0, -53.0, -290.0, -357.0, -52.0, 0, 0, 0
L -290.0, -357.0, -52.0, -282.0, -397.0, -59.0, 0, 0, 0
L -282.0, -397.0, -59.0, -261.0, -476.0, -49.0, 0, 0, 0
L -261.0, -476.0, -49.0, -198.0, -494.0, -49.0, 0, 0, 0
L -198.0, -494.0, -49.0, -149.0, -500.0, -52.0, 0, 0, 0
L -149.0, -500.0, -52.0, -99.0, -539.0, -50.0, 0, 0, 0
L -99.0, -539.0, -50.0, -85.0, -563.0, -52.0, 0, 0, 0
L -85.0, -563.0, -52.0, -78.0, -608.0, -49.0, 0, 0, 0
L -78.0, -608.0, -49.0, -81.0, -651.0, -56.0, 0, 0, 0
L -81.0, -651.0, -56.0, -79.0, -701.0, -51.0, 0, 0, 0
L -79.0, -701.0, -51.0, -79.0, -741.0, -47.0, 0, 0, 0
L -79.0, -741.0, -47.0, -56.0, -755.0, -53.0, 0, 0, 0
L -56.0, -755.0, -53.0, -14.0, -777.0, -48.0, 0, 0, 0
L -14.0, -777.0, -48.0, 7.0, -777.0, -54.0, 0, 0, 0
L 7.0, -777.0, -54.0, 40.0, -770.0, -52.0, 0, 0, 0
L 40.0, -770.0, -52.0, 47.0, -763.0, -47.0, 0, 0, 0
L 47.0, -763.0, -47.0, 56.0, -719.0, -51.0, 0, 0, 0
L 56.0, -719.0, -51.0, 59.0, -704.0, -48.0, 0, 0, 0
L 59.0, -704.0, -48.0, 55.0, -685.0, -49.0, 0, 0, 0
L 55.0, -685.0, -49.0, 44.0, -640.0, -31.0, 0, 0, 0
L 44.0, -640.0, -31.0, 51.0, -611.0, -18.0, 0, 0, 0
L 51.0, -611.0, -18.0, 59.0, -580.0, 4.0, 0, 0, 0
L 59.0, -580.0, 4.0, 72.0, -541.0, 0.0, 0, 0, 0
L 72.0, -541.0, 0.0, 85.0, -503.0, 3.0, 0, 0, 0
L 85.0, -503.0, 3.0, 108.0, -449.0, 0.0, 0, 0, 0
L 108.0, -449.0, 0.0, 124.0, -406.0, -25.0, 0, 0, 0
L 124.0, -406.0, -25.0, 144.0, -352.0, -46.0, 0, 0, 0
L 144.0, -352.0, -46.0, 144.0, -317.0, -52.0, 0, 0, 0
L 144.0, -317.0, -52.0, 136.0, -290.0, -48.0, 0, 0, 0
L 136.0, -290.0, -48.0, 72.0, -274.0, -48.0, 0, 0, 0
L 72.0, -274.0, -48.0, 22.0, -273.0, -58.0, 0, 0, 0
L 22.0, -273.0, -58.0, -20.0, -272.0, -59.0, 0, 0, 0
L 2.0, -212.0, -57.0, 2.0, -225.0, -56.0, 0, 0, 0
L 2.0, -225.0, -56.0, 16.0, -226.0, -52.0, 0, 0, 0
L 16.0, -226.0, -52.0, 71.0, -225.0, -49.0, 0, 0, 0
L 71.0, -225.0, -49.0, 143.0, -244.0, -56.0, 0, 0, 0
L 143.0, -244.0, -56.0, 175.0, -273.0, -54.0, 0, 0, 0
L 175.0, -273.0, -54.0, 184.0, -291.0, -55.0, 0, 0, 0
L 184.0, -291.0, -55.0, 193.0, -325.0, -57.0, 0, 0, 0
L 193.0, -325.0, -57.0, 189.0, -349.0, -54.0, 0, 0, 0
L 189.0, -349.0, -54.0, 177.0, -386.0, -36.0, 0, 0, 0
L 177.0, -386.0, -36.0, 163.0, -417.0, -21.0, 0, 0, 0
L 163.0, -417.0, -21.0, 144.0, -453.0, -1.0, 0, 0, 0
L 144.0, -453.0, -1.0, 135.0, -490.0, 2.0, 0, 0, 0
L 135.0, -490.0, 2.0, 124.0, -529.0, 3.0, 0, 0, 0
L 124.0, -529.0, 3.0, 119.0, -542.0, -1.0, 0, 0, 0
L 119.0, -542.0, -1.0, 101.0, -590.0, -3.0, 0, 0, 0
L 101.0, -590.0, -3.0, 92.0, -636.0, -17.0, 0, 0, 0
L 92.0, -636.0, -17.0, 90.0, -654.0, -34.0, 0, 0, 0
L 90.0, -654.0, -34.0, 104.0, -695.0, -48.0, 0, 0, 0
L 104.0, -695.0, -48.0, 107.0, -719.0, -58.0, 0, 0, 0
L 107.0, -719.0, -58.0, 100.0, -743.0, -60.0, 0, 0, 0
L 100.0, -743.0, -60.0, 83.0, -774.0, -60.0, 0, 0, 0
L 83.0, -774.0, -60.0, 68.0, -795.0, -56.0, 0, 0, 0
L 68.0, -795.0, -56.0, 41.0, -815.0, -55.0, 0, 0, 0
L 41.0, -815.0, -55.0, 17.0, -826.0, -54.0, 0, 0, 0
L 17.0, -826.0, -54.0, 6.0, -827.0, -52.0, 0, 0, 0
L 6.0, -827.0, -52.0, -28.0, -819.0, -51.0, 0, 0, 0
L -28.0, -819.0, -51.0, -60.0, -803.0, -50.0, 0, 0, 0
L -60.0, -803.0, -50.0, -78.0, -791.0, -50.0, 0, 0, 0
L -78.0, -791.0, -50.0, -110.0, -795.0, -53.0, 0, 0, 0
L -110.0, -795.0, -53.0, -130.0, -795.0, -49.0, 0, 0, 0
L -130.0, -795.0, -49.0, -164.0, -806.0, -56.0, 0, 0, 0
L -164.0, -806.0, -56.0, -196.0, -820.0, -56.0, 0, 0, 0
L -196.0, -820.0, -56.0, -231.0, -827.0, -53.0, 0, 0, 0
L -231.0, -827.0, -53.0, -274.0, -825.0, -53.0, 0, 0, 0
L -274.0, -825.0, -53.0, -277.0, -829.0, -59.0, 0, 0, 0
L -277.0, -829.0, -59.0, -290.0, -929.0, -60.0, 0, 0, 0
L -290.0, -929.0, -60.0, -272.0, -1024.0, -59.0, 0, 0, 0
L -272.0, -1024.0, -59.0, -291.0, -1159.0, -51.0, 0, 0, 0
L -291.0, -1159.0, -51.0, -344.0, -1183.0, -59.0, 0, 0, 0
L -344.0, -1183.0, -59.0, -412.0, -1160.0, -61.0, 0, 0, 0
L -412.0, -1160.0, -61.0, -447.0, -1153.0, -63.0, 0, 0, 0
L -447.0, -1153.0, -63.0, -472.0, -1167.0, -62.0, 0, 0, 0
L -472.0, -1167.0, -62.0, -509.0, -1156.0, -65.0, 0, 0, 0
L 109.0, 525.0, -89.0, 124.0, 496.0, -90.0, 0, 0, 0
L 124.0, 496.0, -90.0, 143.0, 456.0, -84.0, 0, 0, 0
L 143.0, 456.0, -84.0, 145.0, 435.0, -84.0, 0, 0, 0
L 145.0, 435.0, -84.0, 132.0, 398.0, -82.0, 0, 0, 0
L 132.0, 398.0, -82.0, 96.0, 360.0, -84.0, 0, 0, 0
L 96.0, 360.0, -84.0, 68.0, 343.0, -84.0, 0, 0, 0
L 68.0, 343.0, -84.0, 27.0, 339.0, -80.0, 0, 0, 0
L 27.0, 339.0, -80.0, -23.0, 330.0, -78.0, 0, 0, 0
L -23.0, 330.0, -78.0, -95.0, 312.0, -55.0, 0, 0, 0
L -95.0, 312.0, -55.0, -129.0, 303.0, -57.0, 0, 0, 0
L -129.0, 303.0, -57.0, -167.0, 284.0, -57.0, 0, 0, 0
L -167.0, 284.0, -57.0, -173.0, 283.0, -55.0, 0, 0, 0
L -173.0, 283.0, -55.0, -251.0, 291.0, -55.0, 0, 0, 0
L -251.0, 291.0, -55.0, -288.0, 296.0, -50.0, 0, 0, 0
L -288.0, 296.0, -50.0, -304.0, 308.0, -51.0, 0, 0, 0
L -304.0, 308.0, -51.0, -338.0, 347.0, -54.0, 0, 0, 0
L -338.0, 347.0, -54.0, -349.0, 403.0, -57.0, 0, 0, 0
L -349.0, 403.0, -57.0, -357.0, 442.0, -53.0, 0, 0, 0
L -357.0, 442.0, -53.0, -364.0, 470.0, -49.0, 0, 0, 0
L -364.0, 470.0, -49.0, -399.0, 480.0, -54.0, 0, 0, 0
L -399.0, 480.0, -54.0, -432.0, 482.0, -50.0, 0, 0, 0
L -432.0, 482.0, -50.0, -481.0, 452.0, -49.0, 0, 0, 0
L -481.0, 452.0, -49.0, -500.0, 445.0, -51.0, 0, 0, 0
L -500.0, 445.0, -51.0, -504.0, 441.0, -51.0, 0, 0, 0
L -504.0, 441.0, -51.0, -508.0, 390.0, -61.0, 0, 0, 0
L -508.0, 390.0, -61.0, -509.0, 345.0, -59.0, 0, 0, 0
L -509.0, 345.0, -59.0, -505.0, 331.0, -61.0, 0, 0, 0
L -505.0, 331.0, -61.0, -505.0, 325.0, -58.0, 0, 0, 0
L -505.0, 325.0, -58.0, -499.0, 294.0, -56.0, 0, 0, 0
L -499.0, 294.0, -56.0, -498.0, 226.0, -59.0, 0, 0, 0
L -498.0, 226.0, -59.0, -478.0, 151.0, -59.0, 0, 0, 0
L -478.0, 151.0, -59.0, -477.0, 83.0, -60.0, 0, 0, 0
L -356.0, 1.0, -54.0, -334.0, 39.0, -57.0, 0, 0, 0
L -334.0, 39.0, -57.0, -322.0, 71.0, -48.0, 0, 0, 0
L -322.0, 71.0, -48.0, -316.0, 124.0, -51.0, 0, 0, 0
L -316.0, 124.0, -51.0, -298.0, 151.0, -51.0, 0, 0, 0
L -298.0, 151.0, -51.0, -278.0, 171.0, -50.0, 0, 0, 0
L -278.0, 171.0, -50.0, -241.0, 194.0, -49.0, 0, 0, 0
L -241.0, 194.0, -49.0, -203.0, 192.0, -52.0, 0, 0, 0
L -203.0, 192.0, -52.0, -151.0, 186.0, -55.0, 0, 0, 0
L -151.0, 186.0, -55.0, -128.0, 169.0, -56.0, 0, 0, 0
L -128.0, 169.0, -56.0, -101.0, 146.0, -55.0, 0, 0, 0
L -101.0, 146.0, -55.0, -86.0, 122.0, -53.0, 0, 0, 0
L -86.0, 122.0, -53.0, -77.0, 84.0, -48.0, 0, 0, 0
L -77.0, 84.0, -48.0, -118.0, 75.0, -60.0, 0, 0, 0
L -118.0, 75.0, -60.0, -130.0, 99.0, -52.0, 0, 0, 0
L -130.0, 99.0, -52.0, -140.0, 128.0, -47.0, 0, 0, 0
L -140.0, 128.0, -47.0, -180.0, 141.0, -48.0, 0, 0, 0
L -180.0, 141.0, -48.0, -199.0, 144.0, -48.0, 0, 0, 0
L -199.0, 144.0, -48.0, -232.0, 140.0, -52.0, 0, 0, 0
L -232.0, 140.0, -52.0, -264.0, 128.0, -52.0, 0, 0, 0
L -264.0, 128.0, -52.0, -273.0, 100.0, -56.0, 0, 0, 0
L -273.0, 100.0, -56.0, -276.0, 80.0, -57.0, 0, 0, 0
L -276.0, 80.0, -57.0, -291.0, 36.0, -59.0, 0, 0, 0
L -291.0, 36.0, -59.0, -300.0, 15.0, -51.0, 0, 0, 0
L -300.0, 15.0, -51.0, -305.0, -47.0, -57.0, 0, 0, 0
L -594.0, 86.0, -72.0, -551.0, 154.0, -65.0, 150, 150, 150
L -551.0, 154.0, -65.0, -540.0, 215.0, -59.0, 150, 150, 150
L -540.0, 215.0, -59.0, -514.0, 284.0, -59.0, 150, 150, 150
L -514.0, 284.0, -59.0, -532.0, 388.0, -65.0, 150, 150, 150
L -532.0, 388.0, -65.0, -554.0, 468.0, -65.0, 150, 150, 150
L -554.0, 468.0, -65.0, -545.0, 598.0, -65.0, 150, 150, 150
L -545.0, 598.0, -65.0, -557.0, 641.0, -65.0, 150, 150, 150
L -557.0, 641.0, -65.0, -660.0, 639.0, -59.0, 150, 150, 150
L -660.0, 639.0, -59.0, -806.0, 647.0, -63.0, 150, 150, 150
L -806.0, 647.0, -63.0, -748.0, 651.0, -59.0, 0, 0, 0
L -748.0, 651.0, -59.0, -731.0, 657.0, -59.0, 0, 0, 0
L -731.0, 657.0, -59.0, -575.0, 656.0, -60.0, 0, 0, 0
L -575.0, 656.0, -60.0, -556.0, 653.0, -61.0, 0, 0, 0
L -556.0, 653.0, -61.0, -536.0, 597.0, -63.0, 0, 0, 0
L -536.0, 597.0, -63.0, -535.0, 540.0, -59.0, 0, 0, 0
L -535.0, 540.0, -59.0, -523.0, 526.0, -50.0, 0, 0, 0
L -523.0, 526.0, -50.0, -504.0, 493.0, -59.0, 0, 0, 0
L -504.0, 493.0, -59.0, -499.0, 493.0, -49.0, 0, 0, 0
L -499.0, 493.0, -49.0, -460.0, 509.0, -59.0, 0, 0, 0
L -460.0, 509.0, -59.0, -436.0, 521.0, -58.0, 0, 0, 0
L -436.0, 521.0, -58.0, -421.0, 526.0, -54.0, 0, 0, 0
L -421.0, 526.0, -54.0, -373.0, 527.0, -48.0, 0, 0, 0
L -373.0, 527.0, -48.0, -352.0, 512.0, -50.0, 0, 0, 0
L -352.0, 512.0, -50.0, -327.0, 489.0, -49.0, 0, 0, 0
L -327.0, 489.0, -49.0, -306.0, 461.0, -48.0, 0, 0, 0
L -306.0, 461.0, -48.0, -303.0, 410.0, -48.0, 0, 0, 0
L -303.0, 410.0, -48.0, -290.0, 346.0, -48.0, 0, 0, 0
L -290.0, 346.0, -48.0, -238.0, 340.0, -49.0, 0, 0, 0
L -238.0, 340.0, -49.0, -225.0, 337.0, -48.0, 0, 0, 0
L -225.0, 337.0, -48.0, -185.0, 332.0, -49.0, 0, 0, 0
L -185.0, 332.0, -49.0, -170.0, 331.0, -46.0, 0, 0, 0
L -170.0, 331.0, -46.0, -130.0, 346.0, -53.0, 0, 0, 0
L -130.0, 346.0, -53.0, -85.0, 363.0, -54.0, 0, 0, 0
L -85.0, 363.0, -54.0, -17.0, 379.0, -73.0, 0, 0, 0
L -17.0, 379.0, -73.0, 44.0, 393.0, -82.0, 0, 0, 0
L 44.0, 393.0, -82.0, 73.0, 401.0, -81.0, 0, 0, 0
L 73.0, 401.0, -81.0, 95.0, 451.0, -89.0, 0, 0, 0
L 95.0, 451.0, -89.0, 94.0, 460.0, -80.0, 0, 0, 0
L 94.0, 460.0, -80.0, 81.0, 488.0, -86.0, 0, 0, 0
L 81.0, 488.0, -86.0, 69.0, 512.0, -87.0, 0, 0, 0
L 69.0, 512.0, -87.0, 74.0, 528.0, -88.0, 0, 0, 0
L -1092.0, -415.0, -64.0, -1060.0, -498.0, -64.0, 150, 150, 150
L -1060.0, -498.0, -64.0, -1026.0, -570.0, -64.0, 150, 150, 150
L -1026.0, -570.0, -64.0, -1065.0, -636.0, -63.0, 150, 150, 150
L -1065.0, -636.0, -63.0, -1067.0, -699.0, -64.0, 150, 150, 150
L -1067.0, -699.0, -64.0, -1086.0, -762.0, -76.0, 150, 150, 150
L -1086.0, -762.0, -76.0, -1155.0, -830.0, -65.0, 150, 150, 150
L -1155.0, -830.0, -65.0, -1127.0, -1016.0, -65.0, 150, 150, 150
L -1127.0, -1016.0, -65.0, -1134.0, -1142.0, -65.0, 150, 150, 150
L -1134.0, -1142.0, -65.0, -1121.0, -1187.0, -65.0, 150, 150, 150
L -1121.0, -1187.0, -65.0, -1130.0, -1129.0, -98.0, 0, 255, 0
L -1130.0, -1129.0, -98.0, -1127.0, -1092.0, -116.0, 0, 255, 0
L -1127.0, -1092.0, -116.0, -1130.0, -1041.0, -139.0, 0, 255, 0
L -1130.0, -1041.0, -139.0, -1136.0, -1013.0, -155.0, 0, 255, 0
L -1136.0, -1013.0, -155.0, -1161.0, -980.0, -168.0, 0, 255, 0
L -1161.0, -980.0, -168.0, -1164.0, -929.0, -192.0, 0, 255, 0
L -1164.0, -929.0, -192.0, -1173.0, -899.0, -195.0, 0, 255, 0
L -1173.0, -899.0, -195.0, -1175.0, -876.0, -197.0, 0, 255, 0
L -1175.0, -876.0, -197.0, -1177.0, -847.0, -201.0, 0, 255, 0
L -1177.0, -847.0, -201.0, -1168.0, -810.0, -214.0, 0, 255, 0
L -1168.0, -810.0, -214.0, -1151.0, -785.0, -224.0, 0, 255, 0
L -1151.0, -785.0, -224.0, -1133.0, -771.0, -230.0, 0, 255, 0
L -1133.0, -771.0, -230.0, -1139.0, -750.0, -237.0, 0, 255, 0
L -1139.0, -750.0, -237.0, -1131.0, -719.0, -236.0, 0, 255, 0
L -1131.0, -719.0, -236.0, -1118.0, -692.0, -254.0, 0, 255, 0
L -1118.0, -692.0, -254.0, -1097.0, -657.0, -268.0, 0, 255, 0
L -1097.0, -657.0, -268.0, -1087.0, -635.0, -285.0, 0, 255, 0
L -1087.0, -635.0, -285.0, -1071.0, -603.0, -293.0, 0, 255, 0
L -1071.0, -603.0, -293.0, -1051.0, -589.0, -313.0, 0, 255, 0
L -1044.0, -602.0, -314.0, -1050.0, -654.0, -277.0, 0, 255, 0
L -1050.0, -654.0, -277.0, -1087.0, -727.0, -246.0, 0, 255, 0
L -1087.0, -727.0, -246.0, -1115.0, -770.0, -233.0, 0, 255, 0
L -1115.0, -770.0, -233.0, -1119.0, -819.0, -217.0, 0, 255, 0
L -1119.0, -819.0, -217.0, -1145.0, -891.0, -200.0, 0, 255, 0
L -1145.0, -891.0, -200.0, -1117.0, -972.0, -181.0, 0, 255, 0
L -1117.0, -972.0, -181.0, -1109.0, -1058.0, -131.0, 0, 255, 0
L -1109.0, -1058.0, -131.0, -1077.0, -1130.0, -104.0, 0, 255, 0
L -1077.0, -1130.0, -104.0, -1070.0, -1183.0, -65.0, 0, 255, 0
L -1070.0, -1183.0, -65.0, -828.0, -1193.0, -65.0, 150, 150, 150
L -828.0, -1193.0, -65.0, -657.0, -1182.0, -59.0, 150, 150, 150
L -657.0, -1182.0, -59.0, -558.0, -1164.0, -65.0, 150, 150, 150
L -558.0, -1164.0, -65.0, -554.0, -1193.0, -60.0, 0, 0, 0
L -554.0, -1193.0, -60.0, -574.0, -1201.0, -59.0, 0, 0, 0
L -574.0, -1201.0, -59.0, -600.0, -1193.0, -59.0, 0, 0, 0
L -600.0, -1193.0, -59.0, -655.0, -1209.0, -59.0, 0, 0, 0
L -655.0, -1209.0, -59.0, -743.0, -1196.0, -59.0, 0, 0, 0
L -743.0, -1196.0, -59.0, -835.0, -1209.0, -59.0, 0, 0, 0
L -835.0, -1209.0, -59.0, -918.0, -1197.0, -60.0, 0, 0, 0
L -918.0, -1197.0, -60.0, -1133.0, -1193.0, -59.0, 0, 0, 0
L -1133.0, -1193.0, -59.0, -1159.0, -1144.0, -59.0, 0, 0, 0
L -1159.0, -1144.0, -59.0, -1146.0, -1096.0, -59.0, 0, 0, 0
L -1146.0, -1096.0, -59.0, -1169.0, -1040.0, -59.0, 0, 0, 0
L -1169.0, -1040.0, -59.0, -1158.0, -993.0, -59.0, 0, 0, 0
L -1158.0, -993.0, -59.0, -1182.0, -933.0, -59.0, 0, 0, 0
L -1182.0, -933.0, -59.0, -1185.0, -896.0, -59.0, 0, 0, 0
L -1185.0, -896.0, -59.0, -1215.0, -887.0, -51.0, 0, 0, 0
L -1215.0, -887.0, -51.0, -1271.0, -913.0, -53.0, 0, 0, 0
L -1271.0, -913.0, -53.0, -1298.0, -922.0, -50.0, 0, 0, 0
L -1298.0, -922.0, -50.0, -1347.0, -934.0, -51.0, 0, 0, 0
L -1347.0, -934.0, -51.0, -1416.0, -946.0, -50.0, 0, 0, 0
L -1416.0, -946.0, -50.0, -1454.0, -945.0, -50.0, 0, 0, 0
L -1454.0, -945.0, -50.0, -1514.0, -940.0, -53.0, 0, 0, 0
L -1514.0, -940.0, -53.0, -1531.0, -935.0, -53.0, 0, 0, 0
L -1531.0, -935.0, -53.0, -1579.0, -913.0, -49.0, 0, 0, 0
L -1579.0, -913.0, -49.0, -1632.0, -913.0, -49.0, 0, 0, 0
L -1632.0, -913.0, -49.0, -1673.0, -924.0, -54.0, 0, 0, 0
L -1673.0, -924.0, -54.0, -1709.0, -933.0, -56.0, 0, 0, 0
L -1709.0, -933.0, -56.0, -1768.0, -945.0, -53.0, 0, 0, 0
L -1768.0, -945.0, -53.0, -1806.0, -934.0, -49.0, 0, 0, 0
L -1806.0, -934.0, -49.0, -1843.0, -903.0, -50.0, 0, 0, 0
L -1843.0, -903.0, -50.0, -1867.0, -857.0, -49.0, 0, 0, 0
L -1867.0, -857.0, -49.0, -1866.0, -826.0, -47.0, 0, 0, 0
L -1866.0, -826.0, -47.0, -1879.0, -791.0, -58.0, 0, 0, 0
L -1879.0, -791.0, -58.0, -1907.0, -751.0, -54.0, 0, 0, 0
L -1907.0, -751.0, -54.0, -1947.0, -756.0, -54.0, 0, 0, 0
L -1947.0, -756.0, -54.0, -1967.0, -757.0, -52.0, 0, 0, 0
L -1967.0, -757.0, -52.0, -2027.0, -756.0, -49.0, 0, 0, 0
L -2027.0, -756.0, -49.0, -2044.0, -753.0, -47.0, 0, 0, 0
L -2044.0, -753.0, -47.0, -2093.0, -738.0, -38.0, 0, 0, 0
L -2093.0, -738.0, -38.0, -2138.0, -747.0, -28.0, 0, 0, 0
L -2138.0, -747.0, -28.0, -2176.0, -748.0, -19.0, 0, 0, 0
L -2176.0, -748.0, -19.0, -2214.0, -744.0, -17.0, 0, 0, 0
L -2214.0, -744.0, -17.0, -2299.0, -720.0, -17.0, 0, 0, 0
L -2299.0, -720.0, -17.0, -2341.0, -695.0, -32.0, 0, 0, 0
L -2341.0, -695.0, -32.0, -2393.0, -664.0, -48.0, 0, 0, 0
L -2393.0, -664.0, -48.0, -2442.0, -661.0, -51.0, 0, 0, 0
L -2442.0, -661.0, -51.0, -2484.0, -627.0, -51.0, 0, 0, 0
L -2484.0, -627.0, -51.0, -2513.0, -565.0, -55.0, 0, 0, 0
L -2513.0, -565.0, -55.0, -2514.0, -528.0, -54.0, 0, 0, 0
L -2514.0, -528.0, -54.0, -2535.0, -482.0, -60.0, 0, 0, 0
L -2535.0, -482.0, -60.0, -2543.0, -425.0, -52.0, 0, 0, 0
L -2543.0, -425.0, -52.0, -2523.0, -388.0, -52.0, 0, 0, 0
L -2523.0, -388.0, -52.0, -2510.0, -371.0, -48.0, 0, 0, 0
L -2510.0, -371.0, -48.0, -2487.0, -354.0, -49.0, 0, 0, 0
L -2487.0, -354.0, -49.0, -2451.0, -340.0, -48.0, 0, 0, 0
L -2451.0, -340.0, -48.0, -2428.0, -342.0, -49.0, 0, 0, 0
L -2428.0, -342.0, -49.0, -2397.0, -345.0, -57.0, 0, 0, 0
L -2397.0, -345.0, -57.0, -2382.0, -344.0, -57.0, 0, 0, 0
L -2382.0, -344.0, -57.0, -2354.0, -312.0, -59.0, 0, 0, 0
L -2354.0, -312.0, -59.0, -2357.0, -289.0, -53.0, 0, 0, 0
L -2357.0, -289.0, -53.0, -2358.0, -253.0, -50.0, 0, 0, 0
L -2358.0, -253.0, -50.0, -2357.0, -214.0, -47.0, 0, 0, 0
L -2357.0, -214.0, -47.0, -2351.0, -144.0, -50.0, 0, 0, 0
L -2351.0, -144.0, -50.0, -2333.0, -104.0, -51.0, 0, 0, 0
L -2333.0, -104.0, -51.0, -2320.0, -74.0, -51.0, 0, 0, 0
L -2320.0, -74.0, -51.0, -2319.0, -51.0, -56.0, 0, 0, 0
L -2319.0, -51.0, -56.0, -2320.0, -33.0, -55.0, 0, 0, 0
L -2320.0, -33.0, -55.0, -2333.0, 7.0, -60.0, 0, 0, 0
L -2333.0, 7.0, -60.0, -2353.0, 55.0, -56.0, 0, 0, 0
L -2353.0, 55.0, -56.0, -2364.0, 92.0, -48.0, 0, 0, 0
L -2364.0, 92.0, -48.0, -2389.0, 105.0, -52.0, 0, 0, 0
L -2389.0, 105.0, -52.0, -2416.0, 108.0, -49.0, 0, 0, 0
L -2416.0, 108.0, -49.0, -2422.0, 120.0, -52.0, 0, 0, 0
L -2422.0, 120.0, -52.0, -2422.0, 149.0, -60.0, 0, 0, 0
L -2422.0, 149.0, -60.0, -2413.0, 162.0, -48.0, 0, 0, 0
L -2413.0, 162.0, -48.0, -2399.0, 163.0, -48.0, 0, 0, 0
L -2399.0, 163.0, -48.0, -2386.0, 160.0, -50.0, 0, 0, 0
L -2386.0, 160.0, -50.0, -2360.0, 150.0, -48.0, 0, 0, 0
L -2360.0, 150.0, -48.0, -2324.0, 116.0, -50.0, 0, 0, 0
L -2324.0, 116.0, -50.0, -2313.0, 98.0, -49.0, 0, 0, 0
L -2313.0, 98.0, -49.0, -2303.0, 37.0, -49.0, 0, 0, 0
L -2303.0, 37.0, -49.0, -2282.0, -4.0, -53.0, 0, 0, 0
L -2282.0, -4.0, -53.0, -2271.0, -23.0, -49.0, 0, 0, 0
L -2271.0, -23.0, -49.0, -2248.0, -36.0, -55.0, 0, 0, 0
L -2248.0, -36.0, -55.0, -2218.0, -46.0, -53.0, 0, 0, 0
L -2218.0, -46.0, -53.0, -2184.0, -58.0, -50.0, 0, 0, 0
L -2184.0, -58.0, -50.0, -2134.0, -75.0, -51.0, 0, 0, 0
L -2134.0, -75.0, -51.0, -2104.0, -69.0, -50.0, 0, 0, 0
L -2104.0, -69.0, -50.0, -2076.0, -63.0, -52.0, 0, 0, 0
L -2076.0, -63.0, -52.0, -2074.0, -45.0, -55.0, 0, 0, 0
L -2074.0, -45.0, -55.0, -2070.0, -8.0, -49.0, 0, 0, 0
L -2070.0, -8.0, -49.0, -2075.0, 33.0, -63.0, 0, 0, 0
L -2075.0, 33.0, -63.0, -2089.0, 81.0, -66.0, 0, 0, 0
L -2089.0, 81.0, -66.0, -2103.0, 129.0, -65.0, 0, 0, 0
L -2103.0, 129.0, -65.0, -2133.0, 187.0, -65.0, 0, 0, 0
L -2133.0, 187.0, -65.0, -2137.0, 191.0, -64.0, 0, 0, 0
L -2137.0, 191.0, -64.0, -2164.0, 200.0, -67.0, 0, 0, 0
L -2164.0, 200.0, -67.0, -2212.0, 218.0, -66.0, 0, 0, 0
L -2212.0, 218.0, -66.0, -2261.0, 237.0, -64.0, 0, 0, 0
L -2261.0, 237.0, -64.0, -2303.0, 250.0, -67.0, 0, 0, 0
L -2303.0, 250.0, -67.0, -2326.0, 255.0, -54.0, 0, 0, 0
L -2326.0, 255.0, -54.0, -2371.0, 247.0, -61.0, 0, 0, 0
L -2371.0, 247.0, -61.0, -2390.0, 247.0, -59.0, 0, 0, 0
L -2390.0, 247.0, -59.0, -2390.0, 285.0, -53.0, 0, 0, 0
L -2390.0, 285.0, -53.0, -2318.0, 302.0, -63.0, 0, 0, 0
L -2318.0, 302.0, -63.0, -2299.0, 298.0, -62.0, 0, 0, 0
L -2299.0, 298.0, -62.0, -2249.0, 282.0, -66.0, 0, 0, 0
L -2249.0, 282.0, -66.0, -2212.0, 269.0, -68.0, 0, 0, 0
L -2212.0, 269.0, -68.0, -2142.0, 243.0, -65.0, 0, 0, 0
L -2142.0, 243.0, -65.0, -2125.0, 252.0, -72.0, 0, 0, 0
L -2125.0, 252.0, -72.0, -2110.0, 288.0, -71.0, 0, 0, 0
L -2110.0, 288.0, -71.0, -2096.0, 325.0, -65.0, 0, 0, 0
L -2096.0, 325.0, -65.0, -2084.0, 363.0, -63.0, 0, 0, 0
L -2084.0, 363.0, -63.0, -2094.0, 426.0, -58.0, 0, 0, 0
L -2094.0, 426.0, -58.0, -2100.0, 463.0, -57.0, 0, 0, 0
L -2100.0, 463.0, -57.0, -2098.0, 524.0, -59.0, 0, 0, 0
L -2098.0, 524.0, -59.0, -2101.0, 567.0, -49.0, 0, 0, 0
L -2226.0, 813.0, -58.0, -2189.0, 852.0, -25.0, 0, 0, 0
L -2189.0, 852.0, -25.0, -2153.0, 863.0, -18.0, 0, 0, 0
L -2153.0, 863.0, -18.0, -2134.0, 870.0, -9.0, 0, 0, 0
L -2134.0, 870.0, -9.0, -2109.0, 910.0, -17.0, 0, 0, 0
L -2109.0, 910.0, -17.0, -2109.0, 919.0, -23.0, 0, 0, 0
L -2109.0, 919.0, -23.0, -2123.0, 960.0, -28.0, 0, 0, 0
L -2123.0, 960.0, -28.0, -2153.0, 997.0, -30.0, 0, 0, 0
L -2153.0, 997.0, -30.0, -2141.0, 1030.0, -22.0, 0, 0, 0
L -2141.0, 1030.0, -22.0, -2139.0, 1038.0, -23.0, 0, 0, 0
L -2139.0, 1038.0, -23.0, -2130.0, 1096.0, -13.0, 0, 0, 0
L -2130.0, 1096.0, -13.0, -2148.0, 1111.0, -14.0, 0, 0, 0
L -2148.0, 1111.0, -14.0, -2175.0, 1136.0, -12.0, 0, 0, 0
L -2175.0, 1136.0, -12.0, -2215.0, 1133.0, -28.0, 0, 0, 0
L -2215.0, 1133.0, -28.0, -2247.0, 1124.0, -29.0, 0, 0, 0
L -2247.0, 1124.0, -29.0, -2298.0, 1168.0, -22.0, 0, 0, 0
L -2298.0, 1168.0, -22.0, -2310.0, 1178.0, -23.0, 0, 0, 0
L -2310.0, 1178.0, -23.0, -2326.0, 1162.0, -27.0, 0, 0, 0
L -2326.0, 1162.0, -27.0, -2348.0, 1141.0, -30.0, 0, 0, 0
L -2348.0, 1141.0, -30.0, -2377.0, 1117.0, -31.0, 0, 0, 0
L -2377.0, 1117.0, -31.0, -2412.0, 1133.0, -23.0, 0, 0, 0
L -2412.0, 1133.0, -23.0, -2449.0, 1138.0, -18.0, 0, 0, 0
L -2449.0, 1138.0, -18.0, -2475.0, 1130.0, -8.0, 0, 0, 0
L -2475.0, 1130.0, -8.0, -2501.0, 1103.0, -7.0, 0, 0, 0
L -2501.0, 1103.0, -7.0, -2506.0, 1084.0, -19.0, 0, 0, 0
L -2506.0, 1084.0, -19.0, -2512.0, 1050.0, -28.0, 0, 0, 0
L -2512.0, 1050.0, -28.0, -2534.0, 1026.0, -45.0, 0, 0, 0
L -2534.0, 1026.0, -45.0, -2552.0, 1024.0, -47.0, 0, 0, 0
L -2056.0, 565.0, -57.0, -2054.0, 534.0, -58.0, 0, 0, 0
L -2054.0, 534.0, -58.0, -2052.0, 501.0, -54.0, 0, 0, 0
L -2052.0, 501.0, -54.0, -2052.0, 492.0, -54.0, 0, 0, 0
L -2052.0, 492.0, -54.0, -2051.0, 431.0, -48.0, 0, 0, 0
L -2051.0, 431.0, -48.0, -2040.0, 379.0, -64.0, 0, 0, 0
L -2040.0, 379.0, -64.0, -2044.0, 334.0, -67.0, 0, 0, 0
L -2044.0, 334.0, -67.0, -2052.0, 307.0, -64.0, 0, 0, 0
L -2052.0, 307.0, -64.0, -2062.0, 285.0, -67.0, 0, 0, 0
L -2062.0, 285.0, -67.0, -2080.0, 250.0, -67.0, 0, 0, 0
L -2080.0, 250.0, -67.0, -2085.0, 220.0, -72.0, 0, 0, 0
L -2085.0, 220.0, -72.0, -2064.0, 138.0, -75.0, 0, 0, 0
L -2064.0, 138.0, -75.0, -2049.0, 108.0, -69.0, 0, 0, 0
L -2049.0, 108.0, -69.0, -2037.0, 62.0, -62.0, 0, 0, 0
L -2037.0, 62.0, -62.0, -2031.0, 41.0, -59.0, 0, 0, 0
L -2031.0, 41.0, -59.0, -2023.0, -16.0, -60.0, 0, 0, 0
L -2023.0, -16.0, -60.0, -2027.0, -45.0, -57.0, 0, 0, 0
L -2027.0, -45.0, -57.0, -2041.0, -81.0, -51.0, 0, 0, 0
L -2041.0, -81.0, -51.0, -2069.0, -107.0, -53.0, 0, 0, 0
L -2069.0, -107.0, -53.0, -2100.0, -123.0, -53.0, 0, 0, 0
L -2100.0, -123.0, -53.0, -2119.0, -125.0, -51.0, 0, 0, 0
L -2119.0, -125.0, -51.0, -2190.0, -105.0, -55.0, 0, 0, 0
L -2190.0, -105.0, -55.0, -2248.0, -83.0, -56.0, 0, 0, 0
L -2248.0, -83.0, -56.0, -2269.0, -77.0, -47.0, 0, 0, 0
L -2269.0, -77.0, -47.0, -2283.0, -101.0, -57.0, 0, 0, 0
L -2283.0, -101.0, -57.0, -2299.0, -136.0, -50.0, 0, 0, 0
L -2299.0, -136.0, -50.0, -2311.0, -180.0, -60.0, 0, 0, 0
L -2311.0, -180.0, -60.0, -2310.0, -221.0, -53.0, 0, 0, 0
L -2310.0, -221.0, -53.0, -2308.0, -259.0, -56.0, 0, 0, 0
L -2308.0, -259.0, -56.0, -2306.0, -333.0, -49.0, 0, 0, 0
L -2306.0, -333.0, -49.0, -2267.0, -345.0, -56.0, 0, 0, 0
L -2267.0, -345.0, -56.0, -2233.0, -344.0, -50.0, 0, 0, 0
L -2233.0, -344.0, -50.0, -2198.0, -344.0, -49.0, 0, 0, 0
L -2198.0, -344.0, -49.0, -2179.0, -353.0, -49.0, 0, 0, 0
L -2179.0, -353.0, -49.0, -2143.0, -388.0, -53.0, 0, 0, 0
L -2143.0, -388.0, -53.0, -2133.0, -404.0, -53.0, 0, 0, 0
L -2133.0, -404.0, -53.0, -2119.0, -443.0, -53.0, 0, 0, 0
L -2119.0, -443.0, -53.0, -2119.0, -475.0, -54.0, 0, 0, 0
L -2119.0, -475.0, -54.0, -2113.0, -508.0, -54.0, 0, 0, 0
L -2113.0, -508.0, -54.0, -2096.0, -528.0, -51.0, 0, 0, 0
L -2096.0, -528.0, -51.0, -2072.0, -535.0, -53.0, 0, 0, 0
L -2072.0, -535.0, -53.0, -2044.0, -538.0, -53.0, 0, 0, 0
L -2044.0, -538.0, -53.0, -2012.0, -520.0, -58.0, 0, 0, 0
L -2012.0, -520.0, -58.0, -1997.0, -511.0, -55.0, 0, 0, 0
L -1997.0, -511.0, -55.0, -1983.0, -508.0, -57.0, 0, 0, 0
L -1983.0, -508.0, -57.0, -1911.0, -505.0, -52.0, 0, 0, 0
L -1911.0, -505.0, -52.0, -1905.0, -510.0, -52.0, 0, 0, 0
L -1905.0, -510.0, -52.0, -1846.0, -579.0, -49.0, 0, 0, 0
L -1846.0, -579.0, -49.0, -1846.0, -588.0, -50.0, 0, 0, 0
L -1846.0, -588.0, -50.0, -1849.0, -625.0, -51.0, 0, 0, 0
L -1849.0, -625.0, -51.0, -1848.0, -692.0, -54.0, 0, 0, 0
L -1848.0, -692.0, -54.0, -1857.0, -707.0, -56.0, 0, 0, 0
L -1857.0, -707.0, -56.0, -1847.0, -727.0, -53.0, 0, 0, 0
L -1847.0, -727.0, -53.0, -1846.0, -754.0, -49.0, 0, 0, 0
L -1846.0, -754.0, -49.0, -1842.0, -771.0, -51.0, 0, 0, 0
L -1842.0, -771.0, -51.0, -1830.0, -797.0, -56.0, 0, 0, 0
L -1830.0, -797.0, -56.0, -1814.0, -837.0, -54.0, 0, 0, 0
L -1814.0, -837.0, -54.0, -1806.0, -880.0, -50.0, 0, 0, 0
L -1806.0, -880.0, -50.0, -1795.0, -886.0, -50.0, 0, 0, 0
L -1795.0, -886.0, -50.0, -1750.0, -894.0, -49.0, 0, 0, 0
L -1750.0, -894.0, -49.0, -1736.0, -896.0, -52.0, 0, 0, 0
L -1736.0, -896.0, -52.0, -1701.0, -888.0, -57.0, 0, 0, 0
L -1701.0, -888.0, -57.0, -1646.0, -866.0, -50.0, 0, 0, 0
L -1646.0, -866.0, -50.0, -1626.0, -861.0, -52.0, 0, 0, 0
L -1626.0, -861.0, -52.0, -1625.0, -836.0, -58.0, 0, 0, 0
L -1625.0, -836.0, -58.0, -1629.0, -793.0, -51.0, 0, 0, 0
L -1629.0, -793.0, -51.0, -1630.0, -759.0, -50.0, 0, 0, 0
L -1630.0, -759.0, -50.0, -1630.0, -722.0, -51.0, 0, 0, 0
L -1630.0, -722.0, -51.0, -1631.0, -701.0, -50.0, 0, 0, 0
L -1631.0, -701.0, -50.0, -1622.0, -677.0, -50.0, 0, 0, 0
L -1622.0, -677.0, -50.0, -1590.0, -638.0, -50.0, 0, 0, 0
L -1590.0, -638.0, -50.0, -1556.0, -615.0, -52.0, 0, 0, 0
L -1556.0, -615.0, -52.0, -1536.0, -609.0, -51.0, 0, 0, 0
L -1536.0, -609.0, -51.0, -1503.0, -612.0, -49.0, 0, 0, 0
L -1503.0, -612.0, -49.0, -1472.0, -604.0, -48.0, 0, 0, 0
L -1472.0, -604.0, -48.0, -1465.0, -602.0, -48.0, 0, 0, 0
L -1465.0, -602.0, -48.0, -1440.0, -570.0, -53.0, 0, 0, 0
L -1440.0, -570.0, -53.0, -1433.0, -534.0, -52.0, 0, 0, 0
L -1433.0, -534.0, -52.0, -1426.0, -506.0, -56.0, 0, 0, 0
L -1426.0, -506.0, -56.0, -1420.0, -474.0, -47.0, 0, 0, 0
L -1420.0, -474.0, -47.0, -1429.0, -437.0, -57.0, 0, 0, 0
L -1429.0, -437.0, -57.0, -1432.0, -424.0, -53.0, 0, 0, 0
L -1432.0, -424.0, -53.0, -1439.0, -406.0, -49.0, 0, 0, 0
L -1439.0, -406.0, -49.0, -1456.0, -371.0, -57.0, 0, 0, 0
L -1456.0, -371.0, -57.0, -1470.0, -344.0, -51.0, 0, 0, 0
L -1470.0, -344.0, -51.0, -1493.0, -337.0, -54.0, 0, 0, 0
L -1493.0, -337.0, -54.0, -1517.0, -329.0, -55.0, 0, 0, 0
L -1517.0, -329.0, -55.0, -1548.0, -318.0, -54.0, 0, 0, 0
L -1548.0, -318.0, -54.0, -1597.0, -301.0, -49.0, 0, 0, 0
L -1597.0, -301.0, -49.0, -1614.0, -304.0, -48.0, 0, 0, 0
L -1614.0, -304.0, -48.0, -1653.0, -318.0, -44.0, 0, 0, 0
L -1653.0, -318.0, -44.0, -1694.0, -374.0, -45.0, 0, 0, 0
L -1694.0, -374.0, -45.0, -1773.0, -378.0, -30.0, 0, 0, 0
L -1773.0, -378.0, -30.0, -1790.0, -387.0, -32.0, 0, 0, 0
L -1790.0, -387.0, -32.0, -1832.0, -407.0, -33.0, 0, 0, 0
L -1832.0, -407.0, -33.0, -1842.0, -397.0, -41.0, 0, 0, 0
L -1842.0, -397.0, -41.0, -1856.0, -378.0, -34.0, 0, 0, 0
L -1856.0, -378.0, -34.0, -1898.0, -335.0, -23.0, 0, 0, 0
L -1898.0, -335.0, -23.0, -1893.0, -323.0, -22.0, 0, 0, 0
L -1893.0, -323.0, -22.0, -1873.0, -275.0, -30.0, 0, 0, 0
L -1873.0, -275.0, -30.0, -1891.0, -227.0, -45.0, 0, 0, 0
L -1891.0, -227.0, -45.0, -1891.0, -191.0, -41.0, 0, 0, 0
L -1891.0, -191.0, -41.0, -1864.0, -169.0, -43.0, 0, 0, 0
L -1864.0, -169.0, -43.0, -1819.0, -115.0, -37.0, 0, 0, 0
L -1819.0, -115.0, -37.0, -1807.0, -62.0, -67.0, 0, 0, 0
L -1807.0, -62.0, -67.0, -1810.0, -38.0, -62.0, 0, 0, 0
L -1810.0, -38.0, -62.0, -1807.0, -16.0, -73.0, 0, 0, 0
L -1807.0, -16.0, -73.0, -1809.0, 23.0, -75.0, 0, 0, 0
L -1809.0, 23.0, -75.0, -1808.0, 49.0, -83.0, 0, 0, 0
L -1808.0, 49.0, -83.0, -1808.0, 79.0, -81.0, 0, 0, 0
L -1808.0, 79.0, -81.0, -1810.0, 128.0, -78.0, 0, 0, 0
L -1810.0, 128.0, -78.0, -1809.0, 145.0, -76.0, 0, 0, 0
L -1809.0, 145.0, -76.0, -1761.0, 145.0, -79.0, 0, 0, 0
L -1761.0, 145.0, -79.0, -1758.0, 131.0, -78.0, 0, 0, 0
L -1758.0, 131.0, -78.0, -1759.0, 85.0, -77.0, 0, 0, 0
L -1759.0, 85.0, -77.0, -1758.0, 38.0, -78.0, 0, 0, 0
L -1758.0, 38.0, -78.0, -1758.0, -9.0, -67.0, 0, 0, 0
L -1758.0, -9.0, -67.0, -1759.0, -36.0, -65.0, 0, 0, 0
L -1759.0, -36.0, -65.0, -1759.0, -81.0, -54.0, 0, 0, 0
L -1759.0, -81.0, -54.0, -1757.0, -100.0, -46.0, 0, 0, 0
L -1757.0, -100.0, -46.0, -1746.0, -126.0, -38.0, 0, 0, 0
L -1746.0, -126.0, -38.0, -1726.0, -142.0, -32.0, 0, 0, 0
L -1726.0, -142.0, -32.0, -1673.0, -174.0, -25.0, 0, 0, 0
L -1673.0, -174.0, -25.0, -1640.0, -226.0, -24.0, 0, 0, 0
L -1640.0, -226.0, -24.0, -1603.0, -257.0, -55.0, 0, 0, 0
L -1603.0, -257.0, -55.0, -1586.0, -260.0, -56.0, 0, 0, 0
L -1586.0, -260.0, -56.0, -1541.0, -271.0, -50.0, 0, 0, 0
L -1541.0, -271.0, -50.0, -1515.0, -280.0, -51.0, 0, 0, 0
L -1515.0, -280.0, -51.0, -1466.0, -297.0, -49.0, 0, 0, 0
L -1466.0, -297.0, -49.0, -1457.0, -272.0, -54.0, 0, 0, 0
L -1457.0, -272.0, -54.0, -1450.0, -255.0, -55.0, 0, 0, 0
L -1450.0, -255.0, -55.0, -1436.0, -228.0, -48.0, 0, 0, 0
L -1436.0, -228.0, -48.0, -1436.0, -200.0, -58.0, 0, 0, 0
L -1436.0, -200.0, -58.0, -1437.0, -166.0, -51.0, 0, 0, 0
L -1437.0, -166.0, -51.0, -1435.0, -140.0, -56.0, 0, 0, 0
L -1435.0, -140.0, -56.0, -1419.0, -94.0, -58.0, 0, 0, 0
L -1419.0, -94.0, -58.0, -1405.0, -64.0, -50.0, 0, 0, 0
L -1405.0, -64.0, -50.0, -1404.0, -33.0, -56.0, 0, 0, 0
L -1404.0, -33.0, -56.0, -1405.0, -10.0, -51.0, 0, 0, 0
L -1405.0, -10.0, -51.0, -1410.0, 1.0, -51.0, 0, 0, 0
L -1410.0, 1.0, -51.0, -1435.0, 54.0, -50.0, 0, 0, 0
L -1435.0, 54.0, -50.0, -1447.0, 102.0, -49.0, 0, 0, 0
L -1447.0, 102.0, -49.0, -1453.0, 133.0, -57.0, 0, 0, 0
L -1453.0, 133.0, -57.0, -1480.0, 128.0, -56.0, 0, 0, 0
L -1480.0, 128.0, -56.0, -1507.0, 125.0, -47.0, 0, 0, 0
L -1507.0, 125.0, -47.0, -1543.0, 122.0, -54.0, 0, 0, 0
L -1543.0, 122.0, -54.0, -1562.0, 117.0, -50.0, 0, 0, 0
L -1562.0, 117.0, -50.0, -1575.0, 99.0, -56.0, 0, 0, 0
L -1575.0, 99.0, -56.0, -1591.0, 57.0, -60.0, 0, 0, 0
L -1591.0, 57.0, -60.0, -1626.0, 57.0, -53.0, 0, 0, 0
L -1626.0, 57.0, -53.0, -1628.0, 101.0, -48.0, 0, 0, 0
L -1628.0, 101.0, -48.0, -1623.0, 111.0, -49.0, 0, 0, 0
L -1623.0, 111.0, -49.0, -1600.0, 139.0, -51.0, 0, 0, 0
L -1600.0, 139.0, -51.0, -1566.0, 161.0, -54.0, 0, 0, 0
L -1566.0, 161.0, -54.0, -1535.0, 170.0, -58.0, 0, 0, 0
L -1535.0, 170.0, -58.0, -1490.0, 171.0, -59.0, 0, 0, 0
L -1490.0, 171.0, -59.0, -1450.0, 167.0, -50.0, 0, 0, 0
L -1450.0, 167.0, -50.0, -1431.0, 152.0, -52.0, 0, 0, 0
L -1431.0, 152.0, -52.0, -1394.0, 113.0, -48.0, 0, 0, 0
L -1394.0, 113.0, -48.0, -1388.0, 91.0, -52.0, 0, 0, 0
L -1388.0, 91.0, -52.0, -1387.0, 52.0, -50.0, 0, 0, 0
L -1387.0, 52.0, -50.0, -1372.0, 22.0, -57.0, 0, 0, 0
L -1372.0, 22.0, -57.0, -1355.0, -8.0, -49.0, 0, 0, 0
L -1355.0, -8.0, -49.0, -1313.0, 2.0, -56.0, 0, 0, 0
L -1313.0, 2.0, -56.0, -1285.0, 11.0, -56.0, 0, 0, 0
L -1285.0, 11.0, -56.0, -1279.0, 13.0, -57.0, 0, 0, 0
L -1279.0, 13.0, -57.0, -1217.0, 36.0, -48.0, 0, 0, 0
L -1217.0, 36.0, -48.0, -1194.0, 35.0, -53.0, 0, 0, 0
L -1194.0, 35.0, -53.0, -1176.0, 83.0, -60.0, 0, 0, 0
L -1194.0, -10.0, -60.0, -1207.0, -8.0, -47.0, 0, 0, 0
L -1207.0, -8.0, -47.0, -1240.0, -16.0, -55.0, 0, 0, 0
L -1240.0, -16.0, -55.0, -1261.0, -27.0, -53.0, 0, 0, 0
L -1261.0, -27.0, -53.0, -1276.0, -32.0, -52.0, 0, 0, 0
L -1276.0, -32.0, -52.0, -1312.0, -46.0, -53.0, 0, 0, 0
L -1312.0, -46.0, -53.0, -1351.0, -60.0, -48.0, 0, 0, 0
L -1351.0, -60.0, -48.0, -1372.0, -90.0, -53.0, 0, 0, 0
L -1372.0, -90.0, -53.0, -1386.0, -126.0, -48.0, 0, 0, 0
L -1386.0, -126.0, -48.0, -1387.0, -184.0, -52.0, 0, 0, 0
L -1387.0, -184.0, -52.0, -1388.0, -213.0, -55.0, 0, 0, 0
L -1388.0, -213.0, -55.0, -1392.0, -227.0, -53.0, 0, 0, 0
L -1392.0, -227.0, -53.0, -1420.0, -296.0, -51.0, 0, 0, 0
L -1420.0, -296.0, -51.0, -1419.0, -331.0, -54.0, 0, 0, 0
L -1419.0, -331.0, -54.0, -1418.0, -343.0, -50.0, 0, 0, 0
L -1418.0, -343.0, -50.0, -1408.0, -376.0, -59.0, 0, 0, 0
L -1408.0, -376.0, -59.0, -1384.0, -427.0, -53.0, 0, 0, 0
L -1384.0, -427.0, -53.0, -1376.0, -475.0, -57.0, 0, 0, 0
L -1376.0, -475.0, -57.0, -1376.0, -492.0, -56.0, 0, 0, 0
L -1376.0, -492.0, -56.0, -1387.0, -540.0, -47.0, 0, 0, 0
L -1387.0, -540.0, -47.0, -1388.0, -551.0, -53.0, 0, 0, 0
L -1388.0, -551.0, -53.0, -1405.0, -608.0, -51.0, 0, 0, 0
L -1405.0, -608.0, -51.0, -1449.0, -645.0, -56.0, 0, 0, 0
L -1449.0, -645.0, -56.0, -1495.0, -662.0, -53.0, 0, 0, 0
L -1495.0, -662.0, -53.0, -1518.0, -663.0, -49.0, 0, 0, 0
L -1518.0, -663.0, -49.0, -1543.0, -667.0, -49.0, 0, 0, 0
L -1543.0, -667.0, -49.0, -1567.0, -673.0, -48.0, 0, 0, 0
L -1567.0, -673.0, -48.0, -1575.0, -705.0, -48.0, 0, 0, 0
L -1575.0, -705.0, -48.0, -1579.0, -737.0, -48.0, 0, 0, 0
L -1579.0, -737.0, -48.0, -1578.0, -765.0, -50.0, 0, 0, 0
L -1578.0, -765.0, -50.0, -1579.0, -796.0, -49.0, 0, 0, 0
L -1579.0, -796.0, -49.0, -1579.0, -831.0, -52.0, 0, 0, 0
L -1579.0, -831.0, -52.0, -1566.0, -875.0, -57.0, 0, 0, 0
L -1566.0, -875.0, -57.0, -1543.0, -881.0, -59.0, 0, 0, 0
L -1543.0, -881.0, -59.0, -1511.0, -896.0, -47.0, 0, 0, 0
L -1511.0, -896.0, -47.0, -1485.0, -898.0, -58.0, 0, 0, 0
L -1485.0, -898.0, -58.0, -1448.0, -897.0, -57.0, 0, 0, 0
L -1448.0, -897.0, -57.0, -1405.0, -895.0, -51.0, 0, 0, 0
L -1405.0, -895.0, -51.0, -1372.0, -890.0, -51.0, 0, 0, 0
L -1372.0, -890.0, -51.0, -1339.0, -881.0, -49.0, 0, 0, 0
L -1339.0, -881.0, -49.0, -1284.0, -868.0, -48.0, 0, 0, 0
L -1284.0, -868.0, -48.0, -1255.0, -859.0, -57.0, 0, 0, 0
L -1255.0, -859.0, -57.0, -1218.0, -847.0, -59.0, 0, 0, 0
L -1218.0, -847.0, -59.0, -1195.0, -834.0, -55.0, 0, 0, 0
L -1195.0, -834.0, -55.0, -1157.0, -766.0, -60.0, 0, 0, 0
L -1157.0, -766.0, -60.0, -1125.0, -739.0, -60.0, 0, 0, 0
L -1125.0, -739.0, -60.0, -1123.0, -731.0, -59.0, 0, 0, 0
L -1123.0, -731.0, -59.0, -1116.0, -697.0, -52.0, 0, 0, 0
L -1116.0, -697.0, -52.0, -1091.0, -676.0, -59.0, 0, 0, 0
L -1091.0, -676.0, -59.0, -1091.0, -642.0, -52.0, 0, 0, 0
L -1091.0, -642.0, -52.0, -1059.0, -602.0, -53.0, 0, 0, 0
L -1059.0, -602.0, -53.0, -1054.0, -538.0, -59.0, 0, 0, 0
L -1054.0, -538.0, -59.0, -1091.0, -495.0, -52.0, 0, 0, 0
L -1091.0, -495.0, -52.0, -1088.0, -455.0, -60.0, 0, 0, 0
L -1088.0, -455.0, -60.0, -1126.0, -415.0, -59.0, 0, 0, 0
L -1126.0, -415.0, -59.0, -1123.0, -378.0, -59.0, 0, 0, 0
L -1123.0, -378.0, -59.0, -1160.0, -335.0, -59.0, 0, 0, 0
L -1898.0, -706.0, -49.0, -1896.0, -686.0, -54.0, 0, 0, 0
L -1896.0, -686.0, -54.0, -1896.0, -624.0, -51.0, 0, 0, 0
L -1896.0, -624.0, -51.0, -1901.0, -589.0, -48.0, 0, 0, 0
L -1901.0, -589.0, -48.0, -1906.0, -561.0, -49.0, 0, 0, 0
L -1906.0, -561.0, -49.0, -1914.0, -554.0, -49.0, 0, 0, 0
L -1914.0, -554.0, -49.0, -1965.0, -546.0, -48.0, 0, 0, 0
L -1965.0, -546.0, -48.0, -1997.0, -558.0, -57.0, 0, 0, 0
L -1997.0, -558.0, -57.0, -2048.0, -583.0, -49.0, 0, 0, 0
L -2048.0, -583.0, -49.0, -2080.0, -587.0, -49.0, 0, 0, 0
L -2080.0, -587.0, -49.0, -2094.0, -581.0, -51.0, 0, 0, 0
L -2094.0, -581.0, -51.0, -2139.0, -547.0, -52.0, 0, 0, 0
L -2139.0, -547.0, -52.0, -2158.0, -524.0, -51.0, 0, 0, 0
L -2158.0, -524.0, -51.0, -2171.0, -475.0, -48.0, 0, 0, 0
L -2171.0, -475.0, -48.0, -2171.0, -442.0, -51.0, 0, 0, 0
L -2171.0, -442.0, -51.0, -2180.0, -408.0, -48.0, 0, 0, 0
L -2180.0, -408.0, -48.0, -2201.0, -393.0, -57.0, 0, 0, 0
L -2201.0, -393.0, -57.0, -2258.0, -391.0, -54.0, 0, 0, 0
L -2258.0, -391.0, -54.0, -2323.0, -393.0, -52.0, 0, 0, 0
L -2323.0, -393.0, -52.0, -2352.0, -393.0, -52.0, 0, 0, 0
L -2352.0, -393.0, -52.0, -2414.0, -392.0, -51.0, 0, 0, 0
L -2414.0, -392.0, -51.0, -2436.0, -395.0, -51.0, 0, 0, 0
L -2436.0, -395.0, -51.0, -2480.0, -402.0, -50.0, 0, 0, 0
L -2480.0, -402.0, -50.0, -2487.0, -414.0, -51.0, 0, 0, 0
L -2487.0, -414.0, -51.0, -2493.0, -451.0, -50.0, 0, 0, 0
L -2493.0, -451.0, -50.0, -2488.0, -484.0, -57.0, 0, 0, 0
L -2488.0, -484.0, -57.0, -2468.0, -540.0, -54.0, 0, 0, 0
L -2468.0, -540.0, -54.0, -2456.0, -579.0, -49.0, 0, 0, 0
L -2456.0, -579.0, -49.0, -2456.0, -596.0, -53.0, 0, 0, 0
L -2456.0, -596.0, -53.0, -2450.0, -602.0, -46.0, 0, 0, 0
L -2450.0, -602.0, -46.0, -2395.0, -626.0, -60.0, 0, 0, 0
L -2395.0, -626.0, -60.0, -2353.0, -640.0, -43.0, 0, 0, 0
L -2353.0, -640.0, -43.0, -2334.0, -652.0, -35.0, 0, 0, 0
L -2334.0, -652.0, -35.0, -2283.0, -682.0, -11.0, 0, 0, 0
L -2283.0, -682.0, -11.0, -2263.0, -689.0, -19.0, 0, 0, 0
L -2263.0, -689.0, -19.0, -2199.0, -704.0, -20.0, 0, 0, 0
L -2199.0, -704.0, -20.0, -2162.0, -707.0, -10.0, 0, 0, 0
L -2162.0, -707.0, -10.0, -2090.0, -693.0, -39.0, 0, 0, 0
L -2090.0, -693.0, -39.0, -2045.0, -702.0, -46.0, 0, 0, 0
L -2045.0, -702.0, -46.0, -2007.0, -707.0, -51.0, 0, 0, 0
L -2007.0, -707.0, -51.0, -1987.0, -706.0, -50.0, 0, 0, 0
L -1987.0, -706.0, -50.0, -1938.0, -707.0, -51.0, 0, 0, 0
L -1938.0, -707.0, -51.0, -1903.0, -707.0, -48.0, 0, 0, 0
L -1903.0, -707.0, -48.0, -1898.0, -705.0, -48.0, 0, 0, 0
L -1879.0, 460.0, -50.0, -1879.0, 435.0, -54.0, 0, 0, 0
L -1879.0, 435.0, -54.0, -1894.0, 376.0, -60.0, 0, 0, 0
L -1894.0, 376.0, -60.0, -1911.0, 347.0, -48.0, 0, 0, 0
L -1911.0, 347.0, -48.0, -1917.0, 322.0, -49.0, 0, 0, 0
L -1917.0, 322.0, -49.0, -1915.0, 314.0, -49.0, 0, 0, 0
L -1915.0, 314.0, -49.0, -1891.0, 265.0, -49.0, 0, 0, 0
L -1891.0, 265.0, -49.0, -1869.0, 242.0, -49.0, 0, 0, 0
L -1869.0, 242.0, -49.0, -1847.0, 227.0, -48.0, 0, 0, 0
L -1847.0, 227.0, -48.0, -1831.0, 222.0, -48.0, 0, 0, 0
L -1831.0, 222.0, -48.0, -1811.0, 219.0, -49.0, 0, 0, 0
L -1811.0, 219.0, -49.0, -1769.0, 227.0, -50.0, 0, 0, 0
L -1769.0, 227.0, -50.0, -1753.0, 231.0, -52.0, 0, 0, 0
L -1753.0, 231.0, -52.0, -1657.0, 253.0, -51.0, 0, 0, 0
L -1657.0, 253.0, -51.0, -1598.0, 267.0, -49.0, 0, 0, 0
L -1598.0, 267.0, -49.0, -1577.0, 261.0, -56.0, 0, 0, 0
L -1577.0, 261.0, -56.0, -1555.0, 246.0, -54.0, 0, 0, 0
L -1555.0, 246.0, -54.0, -1539.0, 238.0, -46.0, 0, 0, 0
L -1539.0, 238.0, -46.0, -1492.0, 245.0, -53.0, 0, 0, 0
L -1492.0, 245.0, -53.0, -1430.0, 249.0, -50.0, 0, 0, 0
L -1430.0, 249.0, -50.0, -1420.0, 255.0, -51.0, 0, 0, 0
L -1420.0, 255.0, -51.0, -1358.0, 314.0, -48.0, 0, 0, 0
L -1358.0, 314.0, -48.0, -1355.0, 365.0, -48.0, 0, 0, 0
L -1355.0, 365.0, -48.0, -1373.0, 365.0, -60.0, 0, 0, 0
L -1373.0, 365.0, -60.0, -1409.0, 343.0, -47.0, 0, 0, 0
L -1409.0, 343.0, -47.0, -1416.0, 311.0, -47.0, 0, 0, 0
L -1416.0, 311.0, -47.0, -1431.0, 305.0, -48.0, 0, 0, 0
L -1431.0, 305.0, -48.0, -1473.0, 297.0, -49.0, 0, 0, 0
L -1473.0, 297.0, -49.0, -1538.0, 289.0, -46.0, 0, 0, 0
L -1538.0, 289.0, -46.0, -1563.0, 296.0, -58.0, 0, 0, 0
L -1563.0, 296.0, -58.0, -1614.0, 313.0, -50.0, 0, 0, 0
L -1614.0, 313.0, -50.0, -1678.0, 298.0, -53.0, 0, 0, 0
L -1678.0, 298.0, -53.0, -1741.0, 283.0, -51.0, 0, 0, 0
L -1741.0, 283.0, -51.0, -1775.0, 272.0, -57.0, 0, 0, 0
L -1775.0, 272.0, -57.0, -1797.0, 271.0, -51.0, 0, 0, 0
L -1797.0, 271.0, -51.0, -1845.0, 284.0, -48.0, 0, 0, 0
L -1845.0, 284.0, -48.0, -1855.0, 300.0, -51.0, 0, 0, 0
L -1855.0, 300.0, -51.0, -1861.0, 329.0, -50.0, 0, 0, 0
L -1861.0, 329.0, -50.0, -1847.0, 385.0, -59.0, 0, 0, 0
L -1847.0, 385.0, -59.0, -1829.0, 410.0, -48.0, 0, 0, 0
L -1662.0, 774.0, -19.0, -1665.0, 818.0, -12.0, 0, 0, 0
L -1665.0, 818.0, -12.0, -1666.0, 855.0, -10.0, 0, 0, 0
L -1666.0, 855.0, -10.0, -1675.0, 895.0, -9.0, 0, 0, 0
L -1675.0, 895.0, -9.0, -1694.0, 913.0, -16.0, 0, 0, 0
L -1694.0, 913.0, -16.0, -1733.0, 914.0, -10.0, 0, 0, 0
L -1733.0, 914.0, -10.0, -1764.0, 912.0, -12.0, 0, 0, 0
L -1764.0, 912.0, -12.0, -1786.0, 907.0, -13.0, 0, 0, 0
L -1786.0, 907.0, -13.0, -1795.0, 903.0, -8.0, 0, 0, 0
L -1795.0, 903.0, -8.0, -1806.0, 875.0, -16.0, 0, 0, 0
L -1806.0, 875.0, -16.0, -1814.0, 845.0, -18.0, 0, 0, 0
L -1814.0, 845.0, -18.0, -1852.0, 845.0, -15.0, 0, 0, 0
L -1852.0, 845.0, -15.0, -1854.0, 892.0, -11.0, 0, 0, 0
L -1854.0, 892.0, -11.0, -1836.0, 914.0, -12.0, 0, 0, 0
L -1836.0, 914.0, -12.0, -1813.0, 942.0, -12.0, 0, 0, 0
L -1813.0, 942.0, -12.0, -1778.0, 962.0, -12.0, 0, 0, 0
L -1778.0, 962.0, -12.0, -1737.0, 962.0, -10.0, 0, 0, 0
L -1737.0, 962.0, -10.0, -1690.0, 960.0, -13.0, 0, 0, 0
L -1690.0, 960.0, -13.0, -1668.0, 947.0, -12.0, 0, 0, 0
L -1668.0, 947.0, -12.0, -1637.0, 921.0, -10.0, 0, 0, 0
L -1637.0, 921.0, -10.0, -1625.0, 905.0, -8.0, 0, 0, 0
L -1625.0, 905.0, -8.0, -1614.0, 845.0, -8.0, 0, 0, 0
L -1614.0, 845.0, -8.0, -1615.0, 797.0, -14.0, 0, 0, 0
L -1615.0, 797.0, -14.0, -1612.0, 774.0, -9.0, 0, 0, 0
L -495.0, 17.0, -59.0, -498.0, 17.0, -59.0, 0, 0, 0
L -498.0, 17.0, -59.0, -499.0, -52.0, -59.0, 0, 0, 0
L -499.0, -52.0, -59.0, -489.0, -90.0, -51.0, 0, 0, 0
L -489.0, -90.0, -51.0, -500.0, -121.0, -59.0, 0, 0, 0
L -500.0, -121.0, -59.0, -491.0, -138.0, -59.0, 0, 0, 0
L -491.0, -138.0, -59.0, -516.0, -176.0, -59.0, 0, 0, 0
L -2101.0, 567.0, -49.0, -2135.0, 583.0, -53.0, 0, 0, 0
L -806.0, 647.0, -63.0, -1136.0, 612.0, -62.0, 0, 0, 0
L -554.0, -1193.0, -60.0, -509.0, -1156.0, -65.0, 0, 0, 0
L -3008.0, 802.0, -123.0, -3049.0, 802.0, -123.0, 0, 0, 0
L -3008.0, 860.0, -123.0, -3008.0, 802.0, -123.0, 199, 21, 133
L 686.0, 414.0, -59.0, 626.0, 414.0, -59.0, 0, 0, 0
L 686.0, 356.0, -59.0, 686.0, 414.0, -59.0, 199, 21, 133
L -586.0, -121.0, -72.0, -594.0, 86.0, -72.0, 150, 150, 150
L -556.0, -147.0, -72.0, -586.0, -121.0, -72.0, 150, 150, 150
L -556.0, -147.0, -72.0, -516.0, -176.0, -59.0, 150, 150, 150
L -1115.0, -319.0, -72.0, -1157.0, -259.0, -58.0, 150, 150, 150
L -1101.0, -349.0, -72.0, -1115.0, -319.0, -72.0, 150, 150, 150
L -586.0, -121.0, -72.0, -1115.0, -319.0, -72.0, 255, 255, 0
L -1101.0, -349.0, -72.0, -556.0, -147.0, -72.0, 255, 255, 0
L -1101.0, -349.0, -72.0, -1092.0, -415.0, -64.0, 150, 150, 150
