L 57.3, 138.5, 27.7, 45.5, 142.1, 27.0, 0, 0, 0
L 45.5, 142.1, 27.0, 39.6, 154.2, 27.0, 0, 0, 0
L 39.6, 154.2, 27.0, 40.9, 166.0, 27.0, 0, 0, 0
L 40.9, 166.0, 27.0, 45.8, 174.2, 27.0, 0, 0, 0
L 45.8, 174.2, 27.0, 50.7, 186.5, 27.0, 0, 0, 0
L 50.7, 186.5, 27.0, 63.9, 189.0, 27.0, 0, 0, 0
L 63.9, 189.0, 27.0, 82.0, 188.0, 27.0, 0, 0, 0
L 82.0, 188.0, 27.0, 93.1, 179.5, 27.0, 0, 0, 0
L 93.1, 179.5, 27.0, 107.9, 171.6, 27.0, 0, 0, 0
L 107.9, 171.6, 27.0, 113.4, 159.1, 27.0, 0, 0, 0
L 113.4, 159.1, 27.0, 110.6, 145.6, 27.0, 0, 0, 0
L 110.6, 145.6, 27.0, 110.2, 135.5, 27.0, 0, 0, 0
L 110.2, 135.5, 27.0, 98.9, 125.8, 27.0, 0, 0, 0
L 98.9, 125.8, 27.0, 84.2, 120.7, 27.0, 0, 0, 0
L 84.2, 120.7, 27.0, 72.3, 129.9, 27.7, 0, 0, 0
L 72.3, 129.9, 27.7, 59.6, 116.7, 23.0, 0, 0, 0
L 59.6, 116.7, 23.0, 50.3, 112.3, 21.5, 0, 0, 0
L 50.3, 112.3, 21.5, 42.3, 103.7, 19.5, 0, 0, 0
L 42.3, 103.7, 19.5, 32.8, 98.7, 14.5, 0, 0, 0
L 32.8, 98.7, 14.5, 19.4, 83.5, -5.2, 0, 0, 0
L 27.5, 73.0, -4.5, 19.4, 83.5, -5.2, 0, 0, 0
L 27.5, 73.0, -4.5, 61.4, 47.7, -0.3, 0, 0, 0
L 61.4, 47.7, -0.3, 81.6, 64.1, -1.5, 0, 0, 0
L 81.6, 64.1, -1.5, 91.6, 60.8, -1.4, 0, 0, 0
L 91.6, 60.8, -1.4, 114.7, 40.6, -1.4, 0, 0, 0
L 114.7, 40.6, -1.4, 129.1, 8.5, -1.4, 0, 0, 0
L 129.1, 8.5, -1.4, 134.4, -16.0, -1.6, 0, 0, 0
L 134.4, -16.0, -1.6, 135.2, -36.9, -2.0, 0, 0, 0
L 135.2, -36.9, -2.0, 129.2, -57.0, -0.5, 0, 0, 0
L 129.2, -57.0, -0.5, 123.0, -66.9, -0.3, 0, 0, 0
L 123.0, -66.9, -0.3, 109.3, -67.3, -0.1, 0, 0, 0
L 109.3, -67.3, -0.1, 84.4, -60.1, -1.4, 0, 0, 0
L 84.4, -60.1, -1.4, 82.9, -66.5, -5.7, 0, 0, 0
L 82.9, -66.5, -5.7, 74.7, -83.6, -4.8, 0, 0, 0
L 74.7, -83.6, -4.8, 88.5, -96.9, -3.6, 0, 0, 0
L 88.5, -96.9, -3.6, 95.4, -106.9, -2.7, 0, 0, 0
L 95.4, -106.9, -2.7, 83.6, -121.4, -0.9, 0, 0, 0
L 83.6, -121.4, -0.9, 68.4, -130.7, -0.4, 0, 0, 0
L 68.4, -130.7, -0.4, 59.7, -134.2, -0.4, 0, 0, 0
L 59.7, -134.2, -0.4, 47.0, -132.1, -0.6, 0, 0, 0
L 47.0, -132.1, -0.6, 37.3, -118.1, -2.4, 0, 0, 0
L 37.3, -118.1, -2.4, 28.6, -106.7, -6.3, 0, 0, 0
L 28.6, -106.7, -6.3, -6.5, -103.7, -0.7, 0, 0, 0
L -6.5, -103.7, -0.7, -12.7, -114.4, 0.3, 0, 0, 0
L -12.7, -114.4, 0.3, -19.7, -122.9, 1.6, 0, 0, 0
L -19.7, -122.9, 1.6, -23.2, -126.6, 3.1, 0, 0, 0
L -41.1, -126.9, 0.4, -53.0, -120.7, 0.4, 0, 0, 0
L -53.0, -120.7, 0.4, -58.1, -114.2, 0.3, 0, 0, 0
L -58.1, -114.2, 0.3, -59.1, -111.0, 3.1, 0, 0, 0
L 56.9, 138.0, 27.6, 45.5, 127.0, 23.6, 0, 0, 0
L 45.5, 127.0, 23.6, 39.1, 118.8, 20.4, 0, 0, 0
L 39.1, 118.8, 20.4, 29.6, 113.0, 17.0, 0, 0, 0
L 29.6, 113.0, 17.0, 22.8, 107.3, 14.1, 0, 0, 0
L 22.8, 107.3, 14.1, 19.8, 105.8, 12.1, 0, 0, 0
L 19.8, 105.8, 12.1, 10.6, 94.8, 9.8, 0, 0, 0
L 10.6, 94.8, 9.8, 4.2, 82.8, 5.8, 0, 0, 0
L 4.2, 82.8, 5.8, -6.7, 77.6, -3.8, 0, 0, 0
L -6.7, 77.6, -3.8, -28.9, 67.8, -5.5, 0, 0, 0
L -28.9, 67.8, -5.5, -42.7, 62.2, -4.5, 0, 0, 0
L -42.7, 62.2, -4.5, -55.4, 61.7, -4.2, 0, 0, 0
L -55.4, 61.7, -4.2, -61.3, 59.2, -3.5, 0, 0, 0
L -61.3, 59.2, -3.5, -81.4, 79.9, -3.2, 0, 0, 0
L -81.4, 79.9, -3.2, -94.7, 74.5, -2.8, 0, 0, 0
L -94.7, 74.5, -2.8, -105.8, 60.1, -2.8, 0, 0, 0
L -105.8, 60.1, -2.8, -110.2, 49.5, -2.5, 0, 0, 0
L -110.2, 49.5, -2.5, -104.5, 40.6, -2.5, 0, 0, 0
L -104.5, 40.6, -2.5, -86.5, 28.0, -4.2, 0, 0, 0
L -86.5, 28.0, -4.2, -89.6, 12.6, -4.4, 0, 0, 0
L -89.6, 12.6, -4.4, -81.6, -17.6, -4.3, 0, 0, 0
L -81.6, -17.6, -4.3, -72.8, -33.1, -2.7, 0, 0, 0
L -72.8, -33.1, -2.7, -85.2, -37.0, 0.4, 0, 0, 0
L -85.2, -37.0, 0.4, -94.9, -39.6, -2.2, 0, 0, 0
L -94.9, -39.6, -2.2, -102.9, -46.1, -1.2, 0, 0, 0
L -102.9, -46.1, -1.2, -101.5, -56.6, -1.1, 0, 0, 0
L -101.5, -56.6, -1.1, -96.1, -68.4, -1.4, 0, 0, 0
L -84.1, -78.8, -1.7, -62.1, -70.4, -2.1, 0, 0, 0
L -62.1, -70.4, -2.1, -57.5, -78.1, -4.9, 0, 0, 0
L -57.5, -78.1, -4.9, -45.6, -81.8, -3.0, 0, 0, 0
L -56.0, -107.0, 3.1, -59.1, -111.0, 3.1, 0, 0, 0
L -59.1, -111.0, 3.1, -45.6, -116.9, 3.1, 0, 0, 0
L -23.7, -126.4, 3.1, -23.8, -120.3, 3.1, 0, 0, 0
L -23.8, -120.3, 3.1, -29.8, -117.8, 3.3, 0, 0, 0
L -43.4, -112.2, 3.9, -45.6, -116.9, 3.1, 0, 0, 0
L -31.6, -123.0, 3.1, -29.8, -117.8, 3.3, 0, 0, 0
L -39.6, -82.1, -1.2, -32.2, -84.9, -0.5, 150, 150, 150
L -32.2, -84.9, -0.5, -26.2, -84.5, -1.6, 150, 150, 150
L -26.2, -84.5, -1.6, -21.1, -89.9, 0.0, 150, 150, 150
L -21.1, -89.9, 0.0, -16.1, -89.8, -1.5, 150, 150, 150
L -16.1, -89.8, -1.5, -13.5, -94.0, -0.4, 150, 150, 150
L -13.5, -94.0, -0.4, -14.3, -95.7, 0.1, 150, 150, 150
L -14.3, -95.7, 0.1, -22.0, -95.8, 1.0, 150, 150, 150
L -22.0, -95.8, 1.0, -27.4, -90.2, 1.1, 150, 150, 150
L -27.4, -90.2, 1.1, -34.0, -87.2, 1.0, 150, 150, 150
L -34.0, -87.2, 1.0, -42.2, -86.1, 1.1, 150, 150, 150
L -42.2, -86.1, 1.1, -43.0, -86.1, 1.1, 150, 150, 150
L -43.0, -86.1, 1.1, -43.2, -88.9, 2.1, 150, 150, 150
L -43.2, -88.9, 2.1, -36.1, -92.9, 2.1, 150, 150, 150
L -36.1, -92.9, 2.1, -29.8, -93.9, 2.1, 150, 150, 150
L -29.8, -93.9, 2.1, -26.8, -98.5, 2.1, 150, 150, 150
L -26.8, -98.5, 2.1, -19.7, -101.5, 2.1, 150, 150, 150
L -19.7, -101.5, 2.1, -15.2, -101.1, 1.1, 150, 150, 150
L -15.2, -101.1, 1.1, -13.6, -99.6, 2.1, 150, 150, 150
L -13.6, -99.6, 2.1, -13.3, -102.7, 3.1, 150, 150, 150
L -13.3, -102.7, 3.1, -15.8, -104.6, 3.1, 150, 150, 150
L -15.8, -104.6, 3.1, -19.5, -104.8, 3.1, 150, 150, 150
L -19.5, -104.8, 3.1, -27.5, -102.5, 3.1, 150, 150, 150
L -27.5, -102.5, 3.1, -32.6, -97.2, 3.1, 150, 150, 150
L -32.6, -97.2, 3.1, -38.5, -97.5, 3.1, 150, 150, 150
L -38.5, -97.5, 3.1, -45.9, -91.4, 3.1, 150, 150, 150
L -45.9, -91.4, 3.1, -46.0, -88.4, 3.0, 150, 150, 150
L -46.0, -88.4, 3.0, -52.2, -95.5, 3.1, 150, 150, 150
L -52.2, -95.5, 3.1, -55.0, -105.7, 3.1, 150, 150, 150
L -55.0, -105.7, 3.1, -59.1, -111.0, 3.1, 150, 150, 150
L -59.1, -111.0, 3.1, -44.6, -123.6, 3.1, 150, 150, 150
L -44.6, -123.6, 3.1, -37.1, -124.0, 3.1, 150, 150, 150
L -37.1, -124.0, 3.1, -30.9, -128.7, 3.1, 150, 150, 150
L -30.9, -128.7, 3.1, -23.2, -126.6, 3.1, 0, 0, 0
L -23.2, -126.6, 3.1, -20.9, -121.1, 3.0, 150, 150, 150
L -20.9, -121.1, 3.0, -14.1, -111.3, 3.1, 150, 150, 150
L -14.1, -111.3, 3.1, -13.3, -102.7, 3.1, 150, 150, 150
L 86.3, -6.6, 0.8, 89.3, -4.3, 2.7, 150, 150, 150
L 91.7, 0.7, 3.7, 92.6, 4.1, 3.7, 150, 150, 150
L 92.6, 4.1, 3.7, 91.4, 7.3, 3.7, 150, 150, 150
L 91.4, 7.3, 3.7, 88.0, 8.4, 3.7, 150, 150, 150
L 88.0, 8.4, 3.7, 83.1, 15.8, 3.7, 150, 150, 150
L 83.1, 15.8, 3.7, 68.9, 27.3, 3.7, 150, 150, 150
L 68.9, 27.3, 3.7, 65.6, 25.9, 2.7, 150, 150, 150
L 65.6, 25.9, 2.7, 80.2, 13.5, 2.7, 150, 150, 150
L 80.2, 13.5, 2.7, 84.5, 7.5, 2.7, 150, 150, 150
L 84.5, 7.5, 2.7, 82.0, 5.0, 1.7, 150, 150, 150
L 82.0, 5.0, 1.7, 77.5, 11.8, 1.7, 150, 150, 150
L 77.5, 11.8, 1.7, 63.7, 23.3, 1.7, 150, 150, 150
L 72.8, 28.7, 4.7, 85.6, 17.6, 4.7, 150, 150, 150
L 85.6, 17.6, 4.7, 94.1, 4.5, 4.7, 150, 150, 150
L 96.6, 6.3, 5.7, 88.2, 20.0, 5.7, 150, 150, 150
L 88.2, 20.0, 5.7, 76.7, 29.3, 5.7, 150, 150, 150
L 76.7, 29.3, 5.7, 81.9, 32.2, 5.7, 150, 150, 150
L 81.9, 32.2, 5.7, 85.4, 37.1, 5.7, 150, 150, 150
L 85.4, 37.1, 5.7, 82.1, 45.2, 5.7, 150, 150, 150
L 82.1, 45.2, 5.7, 89.4, 53.8, 5.7, 150, 150, 150
L 89.4, 53.8, 5.7, 108.7, 38.0, 5.7, 150, 150, 150
L 108.7, 38.0, 5.7, 122.0, 16.0, 5.6, 150, 150, 150
L 122.0, 16.0, 5.6, 128.0, -8.3, 5.7, 150, 150, 150
L 128.0, -8.3, 5.7, 126.4, -33.1, 5.7, 150, 150, 150
L 126.4, -33.1, 5.7, 116.9, -57.0, 5.7, 150, 150, 150
L 39.7, -99.2, -0.4, 38.8, -96.3, -1.4, 150, 150, 150
L 38.8, -96.3, -1.4, 39.4, -91.9, -2.2, 150, 150, 150
L 39.4, -91.9, -2.2, 46.2, -91.2, -2.3, 150, 150, 150
L 46.2, -91.2, -2.3, 52.9, -87.2, -2.3, 150, 150, 150
L 52.9, -87.2, -2.3, 57.9, -87.1, -2.2, 150, 150, 150
L 57.9, -87.1, -2.2, 64.0, -84.5, -2.1, 150, 150, 150
L 64.0, -84.5, -2.1, 66.1, -86.4, -0.4, 150, 150, 150
L 66.1, -86.4, -0.4, 57.8, -90.2, -0.4, 150, 150, 150
L 57.8, -90.2, -0.4, 51.4, -91.0, -0.4, 150, 150, 150
L 51.4, -91.0, -0.4, 47.0, -95.6, -0.4, 150, 150, 150
L 47.0, -95.6, -0.4, 39.7, -99.2, -0.4, 150, 150, 150
L 39.7, -99.2, -0.4, 39.1, -102.3, 0.6, 150, 150, 150
L 39.1, -102.3, 0.6, 41.1, -103.6, 0.6, 150, 150, 150
L 41.1, -103.6, 0.6, 44.0, -102.0, 0.6, 150, 150, 150
L 44.0, -102.0, 0.6, 50.5, -100.3, 0.6, 150, 150, 150
L 50.5, -100.3, 0.6, 54.0, -94.8, 0.6, 150, 150, 150
L 54.0, -94.8, 0.6, 59.4, -93.7, 0.4, 150, 150, 150
L 59.4, -93.7, 0.4, 67.7, -89.6, 0.6, 150, 150, 150
L 67.7, -89.6, 0.6, 67.6, -86.4, 0.6, 150, 150, 150
L 67.6, -86.4, 0.6, 70.7, -88.1, 1.6, 150, 150, 150
L 70.7, -88.1, 1.6, 70.7, -91.1, 1.6, 150, 150, 150
L 70.7, -91.1, 1.6, 60.5, -95.5, 1.6, 150, 150, 150
L 60.5, -95.5, 1.6, 57.7, -101.0, 1.4, 150, 150, 150
L 57.7, -101.0, 1.4, 51.7, -102.4, 1.5, 150, 150, 150
L 51.7, -102.4, 1.5, 46.6, -106.3, 1.5, 150, 150, 150
L 46.6, -106.3, 1.5, 39.3, -105.9, 1.6, 150, 150, 150
L 39.3, -105.9, 1.6, 41.5, -115.5, 1.6, 150, 150, 150
L 41.5, -115.5, 1.6, 48.1, -127.4, 2.7, 150, 150, 150
L 48.1, -127.4, 2.7, 51.5, -128.9, 1.6, 150, 150, 150
L 51.5, -128.9, 1.6, 59.0, -130.4, 1.6, 150, 150, 150
L 59.0, -130.4, 1.6, 64.2, -125.1, 1.6, 150, 150, 150
L 64.2, -125.1, 1.6, 72.4, -124.2, 1.6, 150, 150, 150
L 72.4, -124.2, 1.6, 77.2, -117.6, 1.6, 150, 150, 150
L 77.2, -117.6, 1.6, 84.9, -112.7, 1.6, 150, 150, 150
L 84.9, -112.7, 1.6, 85.2, -106.8, 1.6, 150, 150, 150
L 85.2, -106.8, 1.6, 77.2, -95.0, 1.6, 150, 150, 150
L 77.2, -95.0, 1.6, 70.7, -88.1, 1.6, 150, 150, 150
L 80.2, -101.6, 1.6, 85.2, -106.8, 1.5, 0, 0, 0
L 85.2, -106.8, 1.6, 82.2, -109.5, 1.6, 0, 0, 0
L 80.2, -101.6, 1.6, 76.6, -104.9, 1.6, 0, 0, 0
L 77.4, -105.9, 1.6, 76.6, -104.9, 1.6, 0, 0, 0
L 77.4, -105.9, 1.6, 72.5, -110.0, 1.6, 0, 0, 0
L 58.2, -118.2, 2.5, 46.8, -123.3, 2.7, 0, 0, 0
L 46.8, -123.3, 2.7, 48.1, -127.4, 2.7, 0, 0, 0
L 48.1, -127.4, 2.7, 60.6, -122.8, 1.6, 0, 0, 0
L -58.4, -60.7, -1.4, -56.6, -59.8, -2.4, 150, 150, 150
L -56.6, -59.8, -2.4, -55.3, -55.8, -2.4, 150, 150, 150
L -55.3, -55.8, -2.4, -59.4, -52.0, -2.4, 150, 150, 150
L -59.4, -52.0, -2.4, -62.1, -45.8, -2.4, 150, 150, 150
L -62.1, -45.8, -2.4, -65.0, -42.8, -2.4, 150, 150, 150
L -65.0, -42.8, -2.4, -68.6, -36.6, -2.5, 150, 150, 150
L -68.6, -36.6, -2.5, -70.6, -36.7, -1.6, 150, 150, 150
L -70.6, -36.7, -1.6, -67.4, -44.2, -1.4, 150, 150, 150
L -67.4, -44.2, -1.4, -62.8, -49.3, -1.4, 150, 150, 150
L -62.8, -49.3, -1.4, -62.0, -54.5, -1.4, 150, 150, 150
L -62.0, -54.5, -1.4, -60.5, -58.1, -1.4, 150, 150, 150
L -60.5, -58.1, -1.4, -58.4, -60.7, -1.4, 150, 150, 150
L -58.4, -60.7, -1.4, -59.4, -63.6, -0.5, 150, 150, 150
L -59.4, -63.6, -0.5, -62.1, -63.7, -0.6, 150, 150, 150
L -62.1, -63.7, -0.6, -63.7, -60.5, -0.5, 150, 150, 150
L -63.7, -60.5, -0.5, -67.4, -55.8, -0.5, 150, 150, 150
L -67.4, -55.8, -0.5, -66.9, -50.0, -0.5, 150, 150, 150
L -66.9, -50.0, -0.5, -70.1, -46.4, -0.5, 150, 150, 150
L -70.1, -46.4, -0.5, -73.4, -37.7, -0.5, 150, 150, 150
L -73.4, -37.7, -0.5, -72.7, -35.9, -0.5, 150, 150, 150
L -72.7, -35.9, -0.5, -75.0, -35.4, 0.4, 150, 150, 150
L -75.0, -35.4, 0.4, -77.1, -37.5, 0.4, 150, 150, 150
L -77.1, -37.5, 0.4, -72.0, -46.8, 0.4, 150, 150, 150
L -72.0, -46.8, 0.4, -73.5, -52.3, 0.4, 150, 150, 150
L -73.5, -52.3, 0.4, -69.4, -56.5, 0.3, 150, 150, 150
L -69.4, -56.5, 0.3, -68.0, -62.7, 0.4, 150, 150, 150
L -68.0, -62.7, 0.4, -62.2, -66.6, 0.4, 150, 150, 150
L -62.2, -66.6, 0.4, -69.5, -72.7, 0.4, 150, 150, 150
L -69.5, -72.7, 0.4, -77.9, -76.2, 0.4, 150, 150, 150
L -77.9, -76.2, 0.4, -84.0, -76.8, 0.4, 150, 150, 150
L -84.0, -76.8, 0.4, -90.8, -73.4, 0.4, 150, 150, 150
L -90.8, -73.4, 0.4, -91.8, -66.7, 0.4, 150, 150, 150
L -91.8, -66.7, 0.4, -97.0, -61.0, 0.4, 150, 150, 150
L -97.0, -61.0, 0.4, -96.8, -53.5, 0.4, 150, 150, 150
L -96.8, -53.5, 0.4, -99.5, -45.6, 0.4, 150, 150, 150
L -92.4, -39.6, 0.4, -83.9, -37.0, 0.4, 150, 150, 150
L -83.9, -37.0, 0.4, -75.0, -35.4, 0.4, 150, 150, 150
L -88.2, -53.1, 0.4, -88.9, -49.9, 1.7, 0, 0, 0
L -88.9, -49.9, 1.7, -89.2, -49.8, 1.8, 0, 0, 0
L -89.2, -49.8, 1.8, -89.5, -47.4, 1.8, 0, 0, 0
L -89.5, -47.4, 1.8, -90.0, -40.5, 0.4, 0, 0, 0
L -90.0, -40.5, 0.4, -94.0, -40.0, 1.8, 0, 0, 0
L -94.0, -40.0, 1.8, -93.8, -48.3, 1.8, 0, 0, 0
L -93.8, -48.3, 1.8, -93.5, -50.5, 1.8, 0, 0, 0
L -93.5, -50.5, 1.8, -93.0, -54.6, 0.4, 0, 0, 0
L -87.6, -66.9, 0.4, -85.4, -70.0, 0.4, 0, 0, 0
L -85.4, -70.0, 0.4, -85.0, -69.9, 1.8, 0, 0, 0
L -85.0, -69.9, 1.8, -83.4, -71.9, 1.8, 0, 0, 0
L -83.4, -71.9, 1.8, -79.0, -76.0, 1.7, 0, 0, 0
L -79.0, -76.0, 1.7, -76.3, -72.5, 1.8, 0, 0, 0
L -76.3, -72.5, 1.8, -80.3, -68.6, 1.8, 0, 0, 0
L -80.3, -68.6, 1.8, -83.0, -64.5, 0.4, 0, 0, 0
L -84.7, 63.3, 2.3, -80.6, 65.2, 2.3, 0, 0, 0
L -80.6, 65.2, 2.3, -74.5, 66.6, 0.9, 0, 0, 0
L -74.5, 66.6, 0.9, -73.7, 70.4, 0.9, 0, 0, 0
L -73.7, 70.4, 0.9, -82.0, 69.5, 2.3, 0, 0, 0
L -82.0, 69.5, 2.3, -87.8, 67.8, 0.9, 0, 0, 0
L -98.2, 55.5, 2.2, -99.3, 52.1, 0.9, 0, 0, 0
L -99.3, 52.1, 0.9, -99.5, 48.6, 2.3, 0, 0, 0
L -99.5, 48.6, 2.3, -99.0, 40.3, 2.3, 0, 0, 0
L -99.0, 40.3, 2.3, -94.6, 41.7, 2.3, 0, 0, 0
L -94.6, 41.7, 2.3, -95.1, 47.7, 2.3, 0, 0, 0
L -95.1, 47.7, 2.3, -93.5, 53.2, 2.2, 0, 0, 0
L -62.5, 48.8, -1.1, -61.4, 47.6, -2.1, 150, 150, 150
L -61.4, 47.6, -2.1, -62.3, 44.0, -2.1, 150, 150, 150
L -62.3, 44.0, -2.1, -67.0, 40.8, -2.1, 150, 150, 150
L -67.0, 40.8, -2.1, -69.1, 36.0, -2.1, 150, 150, 150
L -69.1, 36.0, -2.1, -74.0, 34.4, -2.1, 150, 150, 150
L -74.0, 34.4, -2.1, -78.7, 30.6, -2.1, 150, 150, 150
L -78.7, 30.6, -2.1, -81.5, 31.7, -1.2, 150, 150, 150
L -81.5, 31.7, -1.2, -75.7, 35.3, -1.2, 150, 150, 150
L -75.7, 35.3, -1.2, -70.9, 40.3, -1.1, 150, 150, 150
L -70.9, 40.3, -1.1, -68.4, 46.5, -1.1, 150, 150, 150
L -68.4, 46.5, -1.1, -62.5, 48.8, -1.2, 150, 150, 150
L -62.5, 48.8, -1.2, -62.5, 51.8, -0.1, 150, 150, 150
L -62.5, 51.8, -0.1, -64.3, 53.0, -0.1, 150, 150, 150
L -64.3, 53.0, -0.1, -67.7, 51.9, -0.1, 150, 150, 150
L -67.7, 51.9, -0.1, -73.5, 47.4, -0.1, 150, 150, 150
L -73.5, 47.4, -0.1, -73.9, 42.1, -0.2, 150, 150, 150
L -73.9, 42.1, -0.2, -78.5, 39.9, -0.1, 150, 150, 150
L -78.5, 39.9, -0.1, -84.0, 34.1, -0.1, 150, 150, 150
L -84.0, 34.1, -0.1, -83.3, 31.7, -0.1, 150, 150, 150
L -83.3, 31.7, -0.1, -86.1, 32.6, 0.9, 150, 150, 150
L -86.1, 32.6, 0.9, -86.4, 34.9, 0.7, 150, 150, 150
L -86.4, 34.9, 0.7, -81.9, 42.5, 0.9, 150, 150, 150
L -81.9, 42.5, 0.9, -77.2, 44.5, 0.9, 150, 150, 150
L -77.2, 44.5, 0.9, -74.9, 50.1, 0.9, 150, 150, 150
L -74.9, 50.1, 0.9, -69.9, 54.1, 0.9, 150, 150, 150
L -69.9, 54.1, 0.9, -66.7, 55.5, 0.9, 150, 150, 150
L -66.7, 55.5, 0.9, -64.7, 55.9, 0.9, 150, 150, 150
L -64.7, 55.9, 0.9, -67.1, 61.6, 0.9, 150, 150, 150
L -67.1, 61.6, 0.9, -70.6, 65.4, 0.9, 150, 150, 150
L -79.0, 72.5, 0.9, -86.5, 70.7, 0.9, 150, 150, 150
L -86.5, 70.7, 0.9, -90.3, 65.5, -0.4, 150, 150, 150
L -90.3, 65.5, -0.4, -96.2, 62.2, 0.8, 150, 150, 150
L -96.2, 62.2, 0.8, -100.0, 54.2, -0.4, 150, 150, 150
L -100.0, 54.2, -0.4, -103.5, 46.0, 0.9, 150, 150, 150
L -103.5, 46.0, 0.9, -101.0, 40.6, 0.9, 150, 150, 150
L -101.0, 40.6, 0.9, -86.1, 32.6, 0.9, 150, 150, 150
L 15.5, -5.4, 0.6, 12.2, -8.7, 2.3, 0, 0, 0
L 12.2, -8.7, 2.3, 10.7, -9.6, 2.3, 0, 0, 0
L 10.7, -9.6, 2.3, 5.0, -12.0, 0.6, 0, 0, 0
L 4.9, -18.0, -0.4, 4.9, -16.7, -0.1, 0, 0, 0
L 4.9, -18.0, -0.4, 13.4, -15.3, -0.4, 0, 0, 0
L 13.4, -15.3, -0.4, 14.4, -14.5, -0.2, 0, 0, 0
L 19.9, -9.9, 0.6, 15.5, -5.4, 0.6, 0, 0, 0
L 20.7, 5.5, 0.6, 26.5, 5.0, 1.8, 0, 0, 0
L 26.5, 5.0, 1.8, 25.5, 14.0, 2.3, 0, 0, 0
L 25.5, 13.8, 2.3, 21.2, 22.7, 0.6, 0, 0, 0
L 21.2, 22.7, 0.6, 18.6, 21.2, 0.6, 0, 0, 0
L 18.6, 21.2, 0.6, 20.8, 12.9, 2.3, 0, 0, 0
L 20.8, 12.9, 2.3, 20.7, 5.5, 0.6, 0, 0, 0
L -24.7, 16.0, -3.0, -22.8, 15.0, -2.1, 150, 150, 150
L -18.3, 12.9, 0.6, -18.7, 9.7, 0.6, 150, 150, 150
L -18.7, 9.7, 0.6, -19.8, 8.4, 0.2, 150, 150, 150
L -25.1, 1.7, -2.4, -22.4, -8.1, -2.4, 150, 150, 150
L -22.4, -8.1, -2.4, -11.5, -19.5, -2.4, 150, 150, 150
L -11.5, -19.5, -2.4, 4.0, -23.9, -3.4, 150, 150, 150
L 4.0, -23.9, -3.4, 19.7, -19.7, -2.4, 150, 150, 150
L 19.7, -19.7, -2.4, 31.3, -8.4, -2.4, 150, 150, 150
L 31.3, -8.4, -2.4, 35.8, 7.1, -2.4, 150, 150, 150
L 35.8, 7.1, -2.4, 31.6, 22.8, -2.4, 150, 150, 150
L 31.6, 22.8, -2.4, 20.9, 34.5, -3.4, 150, 150, 150
L 20.9, 34.5, -3.4, 17.7, 35.1, -1.4, 150, 150, 150
L 14.5, 35.7, 0.6, 13.0, 43.2, 0.6, 150, 150, 150
L 13.0, 43.2, 0.6, 13.2, 52.7, 0.6, 150, 150, 150
L 13.2, 52.7, 0.6, 12.2, 66.9, 0.8, 150, 150, 150
L 12.2, 66.9, 0.8, 7.0, 62.8, 1.2, 150, 150, 150
L 7.0, 62.8, 1.2, 2.6, 63.9, 0.9, 150, 150, 150
L 2.6, 63.9, 0.9, -1.2, 65.5, 0.6, 150, 150, 150
L -1.2, 65.5, 0.6, -3.7, 52.5, 0.6, 150, 150, 150
L -3.7, 52.5, 0.6, -3.7, 42.9, 0.6, 150, 150, 150
L -3.7, 42.9, 0.6, -5.9, 35.8, 0.6, 150, 150, 150
L -5.9, 35.8, 0.6, -11.2, 34.0, -2.4, 150, 150, 150
L -11.2, 34.0, -2.4, -22.5, 22.9, -2.4, 150, 150, 150
L -22.5, 22.9, -2.4, -24.7, 16.0, -3.0, 150, 150, 150
L -22.8, 15.0, -2.1, -20.8, 21.8, -1.6, 150, 150, 150
L -20.8, 21.8, -1.6, -10.2, 32.4, -1.4, 150, 150, 150
L -10.2, 32.4, -1.4, -6.6, 33.3, 0.6, 150, 150, 150
L -5.9, 35.8, 0.6, -6.6, 33.3, 0.6, 150, 150, 150
L -20.5, 13.8, -1.0, -18.7, 20.8, -0.4, 150, 150, 150
L -18.7, 20.8, -0.4, -9.1, 30.7, -1.4, 150, 150, 150
L -9.1, 30.7, -1.4, -7.2, 31.0, 0.6, 150, 150, 150
L -7.9, 28.6, 0.6, -7.5, 28.2, 0.6, 150, 150, 150
L -7.5, 28.2, 0.6, -16.7, 19.7, 0.6, 150, 150, 150
L -16.7, 19.7, 0.6, -18.3, 12.9, 0.6, 150, 150, 150
L -23.8, 3.4, -1.7, -20.5, -7.1, -1.4, 150, 150, 150
L -20.5, -7.1, -1.4, -10.1, -17.7, -1.4, 150, 150, 150
L -10.1, -17.7, -1.4, 4.3, -21.5, -1.4, 150, 150, 150
L 4.3, -21.5, -1.4, 18.7, -17.5, -1.4, 150, 150, 150
L 18.7, -17.5, -1.4, 29.5, -6.9, -1.4, 150, 150, 150
L 29.5, -6.9, -1.4, 33.5, 7.1, -1.4, 150, 150, 150
L 33.5, 7.1, -1.4, 29.8, 21.5, -1.4, 150, 150, 150
L 29.8, 21.5, -1.4, 19.6, 32.0, -1.4, 150, 150, 150
L 19.6, 32.0, -1.4, 16.5, 33.1, -1.4, 150, 150, 150
L 11.7, 38.4, 1.7, 8.7, 35.3, 1.7, 150, 150, 150
L 8.7, 35.3, 1.7, 5.2, 32.9, 1.7, 150, 150, 150
L 5.2, 32.9, 1.7, 6.7, 31.6, 1.7, 150, 150, 150
L 6.7, 31.6, 1.7, 10.5, 25.1, 1.6, 150, 150, 150
L 10.5, 25.1, 1.6, 11.6, 25.3, 1.7, 150, 150, 150
L 11.6, 25.3, 1.7, 12.2, 28.2, 1.6, 150, 150, 150
L 12.2, 28.2, 1.6, 13.5, 28.5, 1.6, 150, 150, 150
L 13.5, 28.5, 1.6, 15.0, 30.4, 1.7, 150, 150, 150
L 15.0, 30.4, 1.7, 11.7, 38.4, 1.7, 150, 150, 150
L 16.6, 31.8, -0.8, 18.1, 31.3, -1.4, 150, 150, 150
L 18.1, 31.3, -1.4, 28.0, 20.5, -0.5, 150, 150, 150
L 28.0, 20.5, -0.5, 31.1, 7.3, -0.4, 150, 150, 150
L 31.1, 7.3, -0.4, 27.6, -6.0, -0.4, 150, 150, 150
L 27.6, -6.0, -0.4, 17.7, -15.5, -0.4, 150, 150, 150
L 17.7, -15.5, -0.4, 4.3, -19.2, -0.4, 150, 150, 150
L 4.3, -19.2, -0.4, -8.5, -15.5, -0.4, 150, 150, 150
L -8.5, -15.5, -0.4, -18.2, -5.6, -0.4, 150, 150, 150
L -18.2, -5.6, -0.4, -21.6, 6.1, -0.7, 150, 150, 150
L -19.8, 8.4, 0.2, -16.4, -5.0, 0.6, 150, 150, 150
L -16.4, -5.0, 0.6, -7.7, -13.7, 0.6, 150, 150, 150
L -7.7, -13.7, 0.6, 4.9, -16.7, -0.1, 150, 150, 150
L 16.9, -13.7, 0.6, 25.7, -5.0, 0.6, 150, 150, 150
L 25.7, -5.0, 0.6, 29.1, 7.4, 0.6, 150, 150, 150
L 29.1, 7.4, 0.6, 25.9, 19.5, 0.6, 150, 150, 150
L 25.9, 19.5, 0.6, 16.9, 28.4, 0.6, 150, 150, 150
L 16.9, 28.4, 0.6, 16.6, 31.8, -0.8, 150, 150, 150
L 117.0, -39.4, 7.2, 114.9, -45.6, 7.3, 0, 0, 0
L 114.9, -45.6, 7.3, 111.4, -53.9, 6.0, 0, 0, 0
L 111.4, -53.9, 6.0, 115.3, -55.1, 7.3, 0, 0, 0
L 115.3, -55.1, 7.3, 121.9, -41.2, 5.8, 0, 0, 0
L 121.9, -41.2, 5.8, 117.0, -39.4, 7.2, 0, 0, 0
L 124.6, -28.3, 5.7, 120.6, -27.5, 7.2, 0, 0, 0
L 120.6, -27.5, 7.2, 122.4, -20.0, 5.7, 0, 0, 0
L 122.4, -20.0, 5.7, 125.0, -17.8, 5.7, 0, 0, 0
L 125.0, -17.8, 5.7, 124.6, -28.3, 5.7, 0, 0, 0
L 124.3, -0.5, 5.7, 119.8, -2.0, 5.7, 0, 0, 0
L 119.8, -2.0, 5.7, 115.7, 10.5, 5.7, 0, 0, 0
L 115.7, 10.5, 5.7, 121.3, 12.6, 5.7, 0, 0, 0
L 108.2, 25.4, 5.7, 104.9, 30.0, 5.8, 0, 0, 0
L 104.9, 30.0, 5.8, 103.7, 29.6, 5.7, 0, 0, 0
L 103.7, 29.6, 5.7, 100.8, 33.1, 5.7, 0, 0, 0
L 100.8, 33.1, 5.7, 101.5, 33.8, 5.7, 0, 0, 0
L 101.5, 33.8, 5.7, 100.4, 35.1, 5.7, 0, 0, 0
L 100.4, 35.1, 5.7, 104.4, 38.5, 5.7, 0, 0, 0
L 104.4, 38.5, 5.7, 105.6, 37.1, 5.7, 0, 0, 0
L 105.6, 37.1, 5.7, 106.6, 37.9, 5.7, 0, 0, 0
L 106.6, 37.9, 5.7, 109.5, 34.1, 5.7, 0, 0, 0
L 109.5, 34.1, 5.7, 108.6, 33.0, 5.8, 0, 0, 0
L 108.6, 33.0, 5.8, 112.3, 27.9, 5.8, 0, 0, 0
L 112.3, 27.9, 5.8, 108.2, 25.4, 5.7, 0, 0, 0
L 90.9, 44.0, 5.7, 89.6, 45.0, 5.7, 0, 0, 0
L 89.6, 45.0, 5.7, 89.1, 44.3, 5.7, 0, 0, 0
L 89.1, 44.3, 5.7, 85.4, 46.9, 5.7, 0, 0, 0
L 85.4, 46.9, 5.7, 89.4, 52.5, 5.7, 0, 0, 0
L 89.4, 52.5, 5.7, 93.2, 49.9, 5.7, 0, 0, 0
L 93.2, 49.9, 5.7, 92.8, 49.2, 5.7, 0, 0, 0
L 92.8, 49.2, 5.7, 94.2, 48.0, 5.7, 0, 0, 0
L 94.2, 48.0, 5.7, 90.9, 44.0, 5.7, 0, 0, 0
L 8.8, 7.6, 0.4, 6.8, 11.3, 0.5, 0, 0, 0
L 6.8, 11.3, 0.5, 2.3, 11.6, 0.5, 0, 0, 0
L 2.3, 11.6, 0.5, 0.5, 8.1, 0.5, 0, 0, 0
L 0.5, 8.1, 0.5, 2.7, 4.3, 0.2, 0, 0, 0
L 2.7, 4.3, 0.2, 6.3, 3.8, 0.2, 0, 0, 0
L 6.3, 3.8, 0.2, 8.8, 7.6, 0.4, 0, 0, 0
L 94.1, 172.8, 27.0, 97.0, 171.1, 27.0, 0, 0, 0
L 97.0, 171.1, 27.0, 101.6, 167.7, 27.9, 0, 0, 0
L 101.6, 167.7, 27.9, 103.9, 170.9, 27.0, 0, 0, 0
L 103.9, 170.9, 27.0, 99.5, 174.7, 27.0, 0, 0, 0
L 99.5, 174.7, 27.0, 96.0, 176.8, 27.0, 0, 0, 0
L 86.8, 181.9, 27.0, 80.9, 183.8, 27.0, 0, 0, 0
L 80.9, 183.8, 27.0, 78.7, 184.3, 27.0, 0, 0, 0
L 78.7, 184.3, 27.0, 77.7, 180.6, 27.0, 0, 0, 0
L 77.7, 180.6, 27.0, 85.0, 177.8, 27.0, 0, 0, 0
L 104.7, 154.7, 27.0, 104.3, 159.8, 28.3, 0, 0, 0
L 104.3, 159.8, 28.3, 102.4, 165.1, 27.0, 0, 0, 0
L 102.4, 165.1, 27.0, 106.8, 166.7, 28.2, 0, 0, 0
L 106.8, 166.7, 28.2, 109.9, 154.7, 27.0, 0, 0, 0
L 109.9, 154.7, 27.0, 104.7, 154.7, 27.0, 0, 0, 0
L 103.6, 142.0, 27.0, 102.3, 137.2, 28.3, 0, 0, 0
L 102.3, 137.2, 28.3, 99.3, 130.5, 27.0, 0, 0, 0
L 99.3, 130.5, 27.0, 102.4, 129.1, 27.0, 0, 0, 0
L 102.4, 129.1, 27.0, 106.6, 136.0, 28.3, 0, 0, 0
L 106.6, 136.0, 28.3, 108.6, 140.8, 27.0, 0, 0, 0
L 108.6, 140.8, 27.0, 103.6, 142.1, 27.0, 0, 0, 0
L 74.6, 183.0, 29.9, 69.0, 182.4, 28.6, 0, 0, 0
L 69.0, 182.4, 28.6, 63.2, 180.9, 28.6, 0, 0, 0
L 63.2, 180.9, 28.6, 61.6, 186.8, 27.0, 0, 0, 0
L 61.6, 186.8, 27.0, 69.1, 187.2, 28.6, 0, 0, 0
L 69.1, 187.2, 28.6, 72.6, 186.8, 28.6, 0, 0, 0
L 52.7, 171.7, 28.6, 49.9, 166.0, 28.6, 0, 0, 0
L 49.9, 166.0, 28.6, 49.2, 158.2, 27.0, 0, 0, 0
L 49.2, 158.2, 27.0, 44.9, 157.8, 27.0, 0, 0, 0
L 44.9, 157.8, 27.0, 45.4, 167.6, 28.6, 0, 0, 0
L 45.4, 167.6, 28.6, 47.7, 175.7, 27.0, 0, 0, 0
L 47.7, 175.7, 27.0, 52.7, 171.7, 28.6, 0, 0, 0
L -219.4, 210.0, -71.6, -237.7, 196.2, -68.9, 0, 0, 0
L -237.7, 196.2, -68.9, -241.4, 193.8, -63.8, 0, 0, 0
L -241.4, 193.8, -63.8, -244.3, 201.3, -62.8, 0, 0, 0
L -244.3, 201.3, -62.8, -250.4, 213.5, -67.4, 0, 0, 0
L -250.4, 213.5, -67.4, -259.1, 213.5, -67.9, 0, 0, 0
L -259.1, 213.5, -67.9, -270.7, 206.7, -68.9, 0, 0, 0
L -270.7, 206.7, -68.9, -277.0, 198.7, -68.6, 0, 0, 0
L -277.0, 198.7, -68.6, -274.6, 189.0, -69.2, 0, 0, 0
L -274.6, 189.0, -69.2, -267.6, 179.7, -70.7, 0, 0, 0
L -267.6, 179.7, -70.7, -268.6, 169.5, -73.7, 0, 0, 0
L -268.6, 169.5, -73.7, -281.3, 169.0, -70.1, 0, 0, 0
L -281.3, 169.0, -70.1, -287.8, 160.6, -69.2, 0, 0, 0
L -287.8, 160.6, -69.2, -291.3, 147.9, -69.5, 0, 0, 0
L -291.3, 147.9, -69.5, -290.6, 136.9, -69.3, 0, 0, 0
L -290.6, 136.9, -69.3, -284.9, 132.6, -70.0, 0, 0, 0
L -284.9, 132.6, -70.0, -273.5, 130.1, -70.4, 0, 0, 0
L -273.5, 130.1, -70.4, -268.0, 127.7, -70.8, 0, 0, 0
L -268.0, 127.7, -70.8, -261.9, 118.6, -72.3, 0, 0, 0
L -261.9, 118.6, -72.3, -260.4, 113.8, -72.2, 0, 0, 0
L -260.4, 113.8, -72.2, -251.4, 97.9, -72.3, 0, 0, 0
L -251.4, 97.9, -72.3, -230.1, 87.7, -72.0, 0, 0, 0
L -230.1, 87.7, -72.0, -234.6, 75.5, -69.7, 0, 0, 0
L -234.6, 75.5, -69.7, -233.3, 66.2, -68.5, 0, 0, 0
L -233.3, 66.2, -68.5, -225.1, 61.2, -68.1, 0, 0, 0
L -225.1, 61.2, -68.1, -212.6, 58.7, -68.5, 0, 0, 0
L -212.6, 58.7, -68.5, -202.0, 59.6, -68.4, 0, 0, 0
L -202.0, 59.6, -68.4, -197.4, 68.3, -67.9, 0, 0, 0
L -197.4, 68.3, -67.9, -195.8, 77.9, -70.6, 0, 0, 0
L -195.8, 77.9, -70.6, -189.2, 86.6, -70.6, 0, 0, 0
L -189.2, 86.6, -70.6, -181.8, 99.6, -72.2, 0, 0, 0
L -181.8, 99.6, -72.2, -172.0, 104.7, -72.1, 0, 0, 0
L -172.0, 104.7, -72.1, -165.0, 94.8, -71.2, 0, 0, 0
L -165.0, 94.8, -71.2, -156.2, 91.6, -69.1, 0, 0, 0
L -156.2, 91.6, -69.1, -146.4, 95.4, -70.8, 0, 0, 0
L -146.4, 95.4, -70.8, -138.5, 105.0, -71.0, 0, 0, 0
L -138.5, 105.0, -71.0, -136.6, 113.7, -68.1, 0, 0, 0
L -136.6, 113.7, -68.1, -140.4, 123.0, -67.8, 0, 0, 0
L -140.4, 123.0, -67.8, -146.8, 130.4, -71.7, 0, 0, 0
L -146.8, 130.4, -71.7, -150.3, 136.4, -71.1, 0, 0, 0
L -150.3, 136.4, -71.1, -138.3, 155.5, -69.4, 0, 0, 0
L -138.3, 155.5, -69.4, -144.2, 172.6, -69.2, 0, 0, 0
L -144.2, 172.6, -69.2, -144.2, 175.4, -70.4, 0, 0, 0
L -144.2, 175.4, -70.4, -136.3, 177.2, -72.4, 0, 0, 0
L -136.3, 177.2, -72.4, -124.7, 184.9, -70.5, 0, 0, 0
L -124.7, 184.9, -70.5, -126.6, 193.5, -68.9, 0, 0, 0
L -126.6, 193.5, -68.9, -129.5, 201.9, -69.2, 0, 0, 0
L -129.5, 201.9, -69.2, -136.3, 214.2, -70.6, 0, 0, 0
L -136.3, 214.2, -70.6, -146.0, 215.1, -71.7, 0, 0, 0
L -146.0, 215.1, -71.7, -158.1, 209.9, -72.9, 0, 0, 0
L -158.1, 209.9, -72.9, -170.5, 216.8, -72.6, 0, 0, 0
L -170.5, 216.8, -72.6, -186.8, 211.6, -72.2, 0, 0, 0
L -186.8, 211.6, -72.2, -203.7, 213.1, -70.7, 0, 0, 0
L -203.7, 213.1, -70.7, -219.4, 210.0, -71.6, 0, 0, 0
L -275.6, 156.7, -63.0, -275.0, 159.3, -62.2, 0, 0, 0
L -275.0, 159.3, -62.2, -273.0, 165.7, -63.0, 0, 0, 0
L -273.0, 165.7, -63.0, -276.8, 165.5, -62.3, 0, 0, 0
L -276.8, 165.5, -62.3, -279.9, 158.3, -63.0, 0, 0, 0
L -281.8, 145.8, -63.0, -282.7, 140.4, -63.0, 0, 0, 0
L -282.7, 140.4, -63.0, -283.8, 139.4, -63.1, 0, 0, 0
L -283.8, 139.4, -63.1, -283.8, 137.0, -63.0, 0, 0, 0
L -283.8, 137.0, -63.0, -277.9, 137.2, -63.0, 0, 0, 0
L -277.9, 137.2, -63.0, -277.9, 140.0, -63.0, 0, 0, 0
L -277.9, 140.0, -63.0, -278.7, 140.2, -63.0, 0, 0, 0
L -149.8, 115.7, -63.0, -144.4, 119.9, -64.9, 0, 0, 0
L -144.4, 119.9, -64.9, -143.2, 117.3, -63.1, 0, 0, 0
L -143.2, 117.3, -63.1, -147.1, 112.1, -63.0, 0, 0, 0
L -153.6, 104.6, -63.0, -161.4, 99.0, -62.0, 0, 0, 0
L -161.4, 99.0, -62.0, -163.1, 102.0, -62.1, 0, 0, 0
L -163.1, 102.0, -62.1, -156.9, 107.3, -63.0, 0, 0, 0
L -138.4, 193.6, -63.0, -137.9, 191.3, -61.8, 0, 0, 0
L -137.9, 191.3, -61.8, -137.9, 186.5, -60.9, 0, 0, 0
L -137.9, 186.5, -60.9, -135.4, 185.2, -61.8, 0, 0, 0
L -135.4, 185.2, -61.8, -134.3, 189.0, -61.8, 0, 0, 0
L -134.3, 189.0, -61.8, -134.0, 194.9, -63.0, 0, 0, 0
L -140.6, 205.2, -63.1, -145.4, 207.8, -63.0, 0, 0, 0
L -145.4, 207.8, -63.0, -151.3, 209.2, -63.0, 0, 0, 0
L -151.3, 209.2, -63.0, -150.8, 204.9, -61.8, 0, 0, 0
L -150.8, 204.9, -61.8, -146.8, 203.9, -61.9, 0, 0, 0
L -146.8, 203.9, -61.9, -143.7, 201.8, -63.0, 0, 0, 0
L -172.7, -88.7, -25.3, -174.2, -85.8, -25.3, 0, 0, 0
L -174.2, -85.8, -25.3, -176.4, -83.0, -25.3, 0, 0, 0
L -170.2, -97.4, -25.3, -169.8, -100.8, -25.2, 0, 0, 0
L -169.8, -100.8, -25.2, -169.9, -105.0, -24.4, 0, 0, 0
L -169.9, -105.0, -24.4, -166.4, -105.0, -25.2, 0, 0, 0
L -166.4, -105.0, -25.2, -166.0, -100.4, -25.3, 0, 0, 0
L -166.0, -100.4, -25.3, -166.0, -96.8, -25.3, 0, 0, 0
L -168.8, -86.7, -25.3, -172.8, -88.5, -25.3, 0, 0, 0
L -173.2, -80.9, -25.3, -168.8, -86.7, -25.3, 0, 0, 0
L -186.4, -79.0, -31.3, -195.3, -76.4, -32.2, 0, 0, 0
L -195.3, -76.4, -32.2, -209.6, -75.2, -33.8, 0, 0, 0
L -209.6, -75.2, -33.8, -218.3, -68.6, -34.9, 0, 0, 0
L -218.3, -68.6, -34.9, -217.9, -60.4, -29.5, 0, 0, 0
L -217.9, -60.4, -29.5, -213.4, -50.0, -30.7, 0, 0, 0
L -213.4, -50.0, -30.7, -220.6, -42.5, -30.8, 0, 0, 0
L -220.6, -42.5, -30.8, -234.0, -39.2, -30.3, 0, 0, 0
L -234.0, -39.2, -30.3, -245.1, -39.0, -30.5, 0, 0, 0
L -245.1, -39.0, -30.5, -251.1, -47.3, -31.2, 0, 0, 0
L -251.1, -47.3, -31.2, -253.0, -56.4, -33.9, 0, 0, 0
L -253.0, -56.4, -33.9, -256.7, -61.8, -33.2, 0, 0, 0
L -256.7, -61.8, -33.2, -280.7, -57.6, -32.3, 0, 0, 0
L -280.7, -57.6, -32.3, -295.4, -71.2, -35.6, 0, 0, 0
L -295.4, -71.2, -35.6, -299.7, -64.8, -35.6, 0, 0, 0
L -299.7, -64.8, -35.6, -311.4, -57.3, -35.1, 0, 0, 0
L -311.4, -57.3, -35.1, -322.2, -62.7, -33.8, 0, 0, 0
L -322.2, -62.7, -33.8, -331.0, -73.4, -34.4, 0, 0, 0
L -331.0, -73.4, -34.4, -331.2, -84.2, -29.9, 0, 0, 0
L -331.2, -84.2, -29.9, -328.6, -90.9, -31.1, 0, 0, 0
L -328.6, -90.9, -31.1, -317.2, -100.9, -32.5, 0, 0, 0
L -317.2, -100.9, -32.5, -319.4, -113.5, -31.8, 0, 0, 0
L -319.4, -113.5, -31.8, -308.1, -126.4, -32.2, 0, 0, 0
L -308.1, -126.4, -32.2, -302.2, -142.0, -31.2, 0, 0, 0
L -302.2, -142.0, -31.2, -289.3, -162.6, -34.1, 0, 0, 0
L -289.3, -162.6, -34.1, -258.6, -181.8, -32.0, 0, 0, 0
L -258.6, -181.8, -32.0, -235.8, -182.7, -36.3, 0, 0, 0
L -235.8, -182.7, -36.3, -228.4, -193.2, -29.8, 0, 0, 0
L -228.4, -193.2, -29.8, -219.7, -196.0, -30.5, 0, 0, 0
L -219.7, -196.0, -30.5, -207.4, -194.2, -31.2, 0, 0, 0
L -207.4, -194.2, -31.2, -199.2, -188.7, -30.1, 0, 0, 0
L -199.2, -188.7, -30.1, -197.7, -176.6, -31.6, 0, 0, 0
L -197.7, -176.6, -31.6, -200.5, -165.8, -31.5, 0, 0, 0
L -200.5, -165.8, -31.5, -194.6, -150.0, -29.7, 0, 0, 0
L -194.6, -150.0, -29.7, -181.6, -134.7, -31.1, 0, 0, 0
L -181.6, -134.7, -31.1, -179.8, -113.5, -32.4, 0, 0, 0
L -179.8, -113.5, -32.4, -166.5, -111.6, -30.2, 0, 0, 0
L -166.5, -111.6, -30.2, -159.0, -107.3, -30.0, 0, 0, 0
L -159.0, -107.3, -30.0, -157.2, -94.7, -30.7, 0, 0, 0
L -157.2, -94.7, -30.7, -166.8, -76.5, -30.0, 0, 0, 0
L -166.8, -76.5, -30.0, -175.2, -75.5, -30.5, 0, 0, 0
L -175.2, -75.5, -30.5, -186.4, -79.0, -32.4, 0, 0, 0
L -319.4, -83.4, -25.2, -322.0, -89.9, -25.2, 0, 0, 0
L -322.0, -89.9, -25.2, -327.2, -86.8, -25.2, 0, 0, 0
L -327.2, -86.8, -25.2, -322.5, -80.4, -25.2, 0, 0, 0
L -84.7, -342.2, 37.2, -82.9, -342.9, 36.9, 0, 0, 0
L -82.9, -342.9, 36.9, -78.6, -343.9, 36.9, 0, 0, 0
L -78.6, -343.9, 36.9, -79.6, -347.6, 36.9, 0, 0, 0
L -79.6, -347.6, 36.9, -83.1, -346.9, 36.9, 0, 0, 0
L -83.1, -346.9, 36.9, -87.1, -345.8, 36.9, 0, 0, 0
L -96.0, -339.9, 36.9, -101.6, -333.3, 36.9, 0, 0, 0
L -101.6, -333.3, 36.9, -97.6, -331.9, 37.9, 0, 0, 0
L -97.6, -331.9, 37.9, -95.0, -335.1, 36.9, 0, 0, 0
L -95.0, -335.1, 36.9, -91.8, -338.2, 37.1, 0, 0, 0
L -94.3, -318.2, 29.9, -106.0, -327.9, 30.5, 0, 0, 0
L -106.0, -327.9, 30.5, -109.9, -337.2, 30.3, 0, 0, 0
L -109.9, -337.2, 30.3, -103.5, -346.7, 30.6, 0, 0, 0
L -103.5, -346.7, 30.6, -90.6, -352.8, 31.9, 0, 0, 0
L -90.6, -352.8, 31.9, -82.5, -355.8, 31.8, 0, 0, 0
L -82.5, -355.8, 31.8, -75.8, -351.3, 31.3, 0, 0, 0
L -75.8, -351.3, 31.3, -69.4, -343.5, 29.3, 0, 0, 0
L -69.4, -343.5, 29.3, -62.0, -338.5, 29.1, 0, 0, 0
L -62.0, -338.5, 29.1, -52.3, -344.0, 29.0, 0, 0, 0
L -52.3, -344.0, 29.0, -45.5, -348.1, 30.0, 0, 0, 0
L 148.8, -176.8, -10.3, 151.0, -175.2, -9.3, 0, 0, 0
L 151.0, -175.2, -9.3, 155.9, -174.0, -9.4, 0, 0, 0
L 155.9, -174.0, -9.4, 155.1, -170.4, -9.3, 0, 0, 0
L 155.1, -170.4, -9.3, 150.7, -171.0, -9.4, 0, 0, 0
L 150.7, -171.0, -9.4, 146.2, -173.1, -10.3, 0, 0, 0
L 139.3, -183.8, -10.3, 139.0, -188.9, -10.3, 0, 0, 0
L 139.0, -188.9, -10.3, 139.8, -194.5, -10.3, 0, 0, 0
L 145.0, -198.2, -15.0, 144.1, -193.3, -10.3, 0, 0, 0
L 144.1, -193.3, -10.3, 143.2, -188.7, -9.3, 0, 0, 0
L 143.2, -188.7, -9.3, 143.8, -184.8, -10.3, 0, 0, 0
L 287.9, -176.2, -10.2, 287.0, -168.1, -14.6, 0, 0, 0
L 287.0, -168.1, -14.6, 290.1, -167.8, -14.6, 0, 0, 0
L 290.1, -167.8, -14.6, 292.5, -176.7, -10.2, 0, 0, 0
L 292.9, -186.8, -10.2, 291.8, -196.6, -10.2, 0, 0, 0
L 146.2, -201.4, -16.6, 149.2, -215.4, -17.7, 0, 0, 0
L 149.2, -215.4, -17.7, 149.8, -219.9, -17.1, 0, 0, 0
L 149.8, -219.9, -17.1, 152.0, -238.1, -17.8, 0, 0, 0
L 152.0, -238.1, -17.8, 169.8, -254.4, -16.8, 0, 0, 0
L 169.8, -254.4, -16.8, 160.2, -265.8, -15.5, 0, 0, 0
L 160.2, -265.8, -15.5, 158.2, -274.0, -15.3, 0, 0, 0
L 158.2, -274.0, -15.3, 164.1, -282.1, -15.4, 0, 0, 0
L 164.1, -282.1, -15.4, 175.0, -287.1, -14.9, 0, 0, 0
L 175.0, -287.1, -14.9, 185.9, -289.1, -15.1, 0, 0, 0
L 185.9, -289.1, -15.1, 196.7, -271.5, -15.2, 0, 0, 0
L 196.7, -271.5, -15.2, 209.5, -259.4, -14.3, 0, 0, 0
L 209.5, -259.4, -14.3, 228.9, -252.0, -14.1, 0, 0, 0
L 228.9, -252.0, -14.1, 232.8, -268.8, -15.0, 0, 0, 0
L 232.8, -268.8, -15.0, 238.7, -274.6, -14.4, 0, 0, 0
L 238.7, -274.6, -14.4, 248.8, -274.1, -14.8, 0, 0, 0
L 248.8, -274.1, -14.8, 261.8, -263.5, -13.9, 0, 0, 0
L 261.8, -263.5, -13.9, 265.8, -255.3, -15.5, 0, 0, 0
L 265.8, -255.3, -15.5, 258.2, -240.6, -16.9, 0, 0, 0
L 258.2, -240.6, -16.9, 259.4, -230.9, -14.9, 0, 0, 0
L 259.4, -230.9, -14.9, 270.2, -219.5, -13.8, 0, 0, 0
L 270.2, -219.5, -13.8, 274.3, -206.6, -14.5, 0, 0, 0
L 274.3, -206.6, -14.5, 283.3, -202.6, -20.3, 0, 0, 0
L 283.3, -202.6, -20.3, 290.6, -198.4, -14.8, 0, 0, 0
L 290.6, -198.4, -14.8, 293.6, -198.0, -14.7, 0, 0, 0
L 293.6, -198.0, -14.7, 295.5, -193.4, -12.9, 0, 0, 0
L 295.5, -193.4, -12.9, 296.6, -187.1, -12.9, 0, 0, 0
L 296.6, -187.1, -12.9, 298.0, -184.9, -13.3, 0, 0, 0
L 298.0, -184.9, -13.3, 297.3, -179.5, -13.3, 0, 0, 0
L 297.3, -179.5, -13.3, 295.6, -173.1, -13.2, 0, 0, 0
L 295.6, -173.1, -13.2, 293.0, -169.6, -13.8, 0, 0, 0
L 284.6, -166.2, -16.3, 277.6, -166.2, -17.7, 0, 0, 0
L 277.6, -166.2, -17.7, 266.9, -162.1, -14.9, 0, 0, 0
L 266.9, -162.1, -14.9, 248.5, -157.0, -15.4, 0, 0, 0
L 248.5, -157.0, -15.4, 236.7, -152.2, -14.5, 0, 0, 0
L 236.7, -152.2, -14.5, 210.6, -146.4, -15.2, 0, 0, 0
L 210.6, -146.4, -15.2, 177.3, -155.1, -13.8, 0, 0, 0
L 177.3, -155.1, -13.8, 164.3, -164.1, -15.3, 0, 0, 0
L 164.3, -164.1, -15.3, 160.6, -173.5, -16.5, 0, 0, 0
L 160.6, -173.5, -16.5, 157.5, -168.7, -16.4, 0, 0, 0
L 157.5, -168.7, -16.4, 146.7, -163.6, -15.1, 0, 0, 0
L 146.7, -163.6, -15.1, 139.0, -167.4, -15.7, 0, 0, 0
L 139.0, -167.4, -15.7, 132.1, -179.6, -15.0, 0, 0, 0
L 132.1, -179.6, -15.0, 129.0, -187.7, -15.5, 0, 0, 0
L 129.0, -187.7, -15.5, 133.7, -195.7, -16.6, 0, 0, 0
L 133.7, -195.7, -16.6, 146.2, -201.4, -16.0, 0, 0, 0
L -66.4, -202.2, 36.9, -70.8, -201.8, 36.9, 0, 0, 0
L -70.8, -201.8, 36.9, -70.9, -202.6, 36.9, 0, 0, 0
L -70.9, -202.6, 36.9, -74.1, -202.5, 36.9, 0, 0, 0
L -74.1, -202.5, 36.9, -73.8, -195.9, 34.0, 0, 0, 0
L -73.8, -195.9, 34.0, -70.9, -196.1, 35.3, 0, 0, 0
L -70.9, -196.1, 35.3, -70.5, -197.8, 36.9, 0, 0, 0
L -70.5, -197.8, 36.9, -63.7, -198.7, 36.9, 0, 0, 0
L -53.4, -201.1, 36.9, -45.7, -204.3, 36.9, 0, 0, 0
L -45.7, -204.3, 36.9, -47.2, -208.6, 36.9, 0, 0, 0
L -47.2, -208.6, 36.9, -50.8, -206.7, 37.9, 0, 0, 0
L -50.8, -206.7, 37.9, -54.5, -205.5, 36.9, 0, 0, 0
L -45.5, -348.1, 30.0, -17.8, -338.3, 31.9, 0, 0, 0
L -17.8, -338.3, 31.9, -15.6, -350.3, 29.6, 0, 0, 0
L -15.6, -350.3, 29.6, -8.2, -358.5, 31.0, 0, 0, 0
L -8.2, -358.5, 31.0, 3.0, -356.8, 31.9, 0, 0, 0
L 3.0, -356.8, 31.9, 13.6, -351.2, 31.3, 0, 0, 0
L 13.6, -351.2, 31.3, 20.9, -346.7, 29.8, 0, 0, 0
L 20.9, -346.7, 29.8, 17.8, -332.6, 29.8, 0, 0, 0
L 17.8, -332.6, 29.8, 15.8, -326.5, 27.7, 0, 0, 0
L 15.8, -326.5, 27.7, 11.8, -311.3, 33.3, 0, 0, 0
L 9.4, -299.2, 33.2, 7.6, -282.7, 33.3, 0, 0, 0
L 7.6, -282.7, 33.3, -2.8, -247.8, 32.1, 0, 0, 0
L -2.8, -247.8, 32.1, -8.8, -238.9, 32.5, 0, 0, 0
L -8.8, -238.9, 32.5, 3.0, -226.3, 33.3, 0, 0, 0
L 3.0, -226.3, 33.3, 5.6, -223.5, 33.3, 0, 0, 0
L 5.6, -223.5, 33.3, 2.8, -214.3, 33.1, 0, 0, 0
L 2.8, -214.3, 33.1, -0.1, -210.6, 32.9, 0, 0, 0
L -0.1, -210.6, 32.9, -9.0, -202.4, 32.1, 0, 0, 0
L -9.0, -202.4, 32.1, -16.0, -205.6, 31.9, 0, 0, 0
L -16.0, -205.6, 31.9, -26.8, -214.6, 31.7, 0, 0, 0
L -26.8, -214.6, 31.7, -36.7, -215.4, 31.2, 0, 0, 0
L -36.7, -215.4, 31.2, -44.7, -224.3, 32.3, 0, 0, 0
L -44.7, -224.3, 32.3, -52.9, -219.9, 33.3, 0, 0, 0
L -52.9, -219.9, 33.3, -48.4, -210.1, 33.6, 0, 0, 0
L -43.8, -200.3, 34.0, -45.7, -195.8, 33.1, 0, 0, 0
L -45.7, -195.8, 33.1, -50.5, -191.2, 32.0, 0, 0, 0
L -50.5, -191.2, 32.0, -63.2, -189.1, 31.7, 0, 0, 0
L -63.2, -189.1, 31.7, -74.1, -189.6, 31.4, 0, 0, 0
L -74.1, -189.6, 31.4, -79.1, -198.7, 31.4, 0, 0, 0
L -79.1, -198.7, 31.4, -80.4, -207.5, 29.5, 0, 0, 0
L -80.4, -207.5, 29.5, -80.1, -214.8, 30.6, 0, 0, 0
L -80.1, -214.8, 30.6, -89.2, -224.5, 30.7, 0, 0, 0
L -89.2, -224.5, 30.7, -110.3, -238.2, 30.9, 0, 0, 0
L -110.3, -238.2, 30.9, -118.4, -261.5, 31.2, 0, 0, 0
L -118.4, -261.5, 31.2, -135.0, -257.4, 32.0, 0, 0, 0
L -135.0, -257.4, 32.0, -143.6, -259.6, 32.5, 0, 0, 0
L -143.6, -259.6, 32.5, -147.6, -268.6, 32.8, 0, 0, 0
L -147.6, -268.6, 32.8, -149.2, -280.2, 32.0, 0, 0, 0
L -149.2, -280.2, 32.0, -146.5, -291.3, 32.3, 0, 0, 0
L -146.5, -291.3, 32.3, -139.7, -294.6, 31.9, 0, 0, 0
L -139.7, -294.6, 31.9, -129.1, -293.8, 31.2, 0, 0, 0
L -129.1, -293.8, 31.2, -121.5, -297.7, 31.1, 0, 0, 0
L -121.5, -297.7, 31.1, -115.9, -301.7, 30.5, 0, 0, 0
L -115.9, -301.7, 30.5, -101.0, -306.8, 31.2, 0, 0, 0
L -101.0, -306.8, 31.2, -94.3, -318.2, 30.4, 0, 0, 0
L 74.6, 183.0, 29.9, 72.6, 186.8, 28.6, 0, 0, 0
L 85.0, 177.8, 27.0, 86.8, 181.9, 27.0, 0, 0, 0
L 94.1, 172.8, 27.0, 96.0, 176.8, 27.0, 0, 0, 0
L 96.0, 176.8, 27.0, 86.8, 181.9, 27.0, 199, 21, 133
L 94.1, 172.8, 27.0, 85.0, 177.8, 27.0, 199, 21, 133
L 94.2, 48.0, 5.7, 104.4, 38.5, 5.7, 199, 21, 133
L 100.4, 35.1, 5.7, 90.9, 44.0, 5.7, 199, 21, 133
L 121.3, 12.6, 5.7, 124.3, -0.5, 5.7, 0, 0, 0
L 92.4, -2.5, 3.7, 91.7, 0.7, 3.7, 150, 150, 150
L 89.3, -4.3, 2.7, 92.4, -2.5, 3.7, 150, 150, 150
L 84.5, 7.5, 2.7, 88.0, 8.4, 3.7, 150, 150, 150
L 79.0, -42.0, 0.8, 86.3, -24.6, 0.8, 150, 150, 150
L 87.6, -11.9, 0.8, 86.3, -6.6, 0.8, 150, 150, 150
L 86.3, -24.6, 0.8, 87.6, -11.9, 0.8, 150, 150, 150
L 91.3, -11.5, 2.7, 90.3, -25.2, 2.7, 150, 150, 150
L 89.3, -4.3, 2.7, 91.3, -11.5, 2.7, 150, 150, 150
L 90.3, -25.2, 2.7, 82.5, -43.4, 2.7, 150, 150, 150
L 79.0, -42.0, 0.8, 82.5, -43.4, 2.7, 150, 150, 150
L 94.1, -10.9, 3.6, 92.4, -2.5, 3.6, 150, 150, 150
L 85.4, -44.5, 3.6, 93.5, -25.7, 3.6, 150, 150, 150
L 94.1, -10.9, 3.6, 93.5, -25.7, 3.6, 150, 150, 150
L 82.5, -43.4, 2.7, 85.4, -44.5, 3.6, 150, 150, 150
L 94.1, 4.5, 4.7, 97.5, -10.9, 4.7, 150, 150, 150
L 96.7, -26.2, 4.7, 88.4, -45.7, 4.7, 150, 150, 150
L 97.5, -10.9, 4.7, 96.7, -26.2, 4.7, 150, 150, 150
L 100.9, -10.8, 5.7, 96.6, 6.3, 5.7, 150, 150, 150
L 92.6, -44.4, 5.7, 100.1, -26.7, 5.7, 150, 150, 150
L 100.9, -10.8, 5.7, 100.1, -26.7, 5.7, 150, 150, 150
L 85.4, -44.5, 3.6, 88.4, -45.7, 4.7, 150, 150, 150
L 116.9, -57.0, 5.7, 90.1, -46.4, 5.7, 150, 150, 150
L 92.6, -44.4, 5.7, 90.1, -46.4, 5.7, 150, 150, 150
L 88.4, -45.7, 4.7, 90.1, -46.4, 5.7, 150, 150, 150
L -93.5, 53.2, 2.2, -98.2, 55.5, 2.2, 0, 0, 0
L -98.2, 55.5, 2.2, -87.8, 67.8, 0.9, 255, 255, 0
L -84.7, 63.3, 2.3, -87.8, 67.8, 0.9, 0, 0, 0
L -84.7, 63.3, 2.3, -93.5, 53.2, 2.2, 255, 255, 0
L -79.0, 72.5, 0.9, -73.7, 70.4, 0.9, 150, 150, 150
L -73.7, 70.4, 0.9, -70.6, 65.4, 0.9, 150, 150, 150
L -81.5, 31.7, -1.2, -83.3, 31.7, -0.1, 150, 150, 150
L -64.7, 55.9, 0.9, -64.3, 53.0, -0.1, 150, 150, 150
L -147.1, 112.1, -63.0, -149.8, 115.7, -63.0, 0, 0, 0
L -153.6, 104.6, -63.0, -156.9, 107.3, -63.0, 0, 0, 0
L -149.8, 115.7, -63.0, -156.9, 107.3, -63.0, 255, 255, 0
L -153.6, 104.6, -63.0, -147.1, 112.1, -63.0, 255, 255, 0
L -134.0, 194.9, -63.0, -138.4, 193.6, -63.0, 0, 0, 0
L -138.4, 193.6, -63.0, -143.7, 201.8, -63.0, 199, 21, 133
L -143.7, 201.8, -63.0, -140.6, 205.2, -63.1, 0, 0, 0
L -140.6, 205.2, -63.1, -134.0, 194.9, -63.0, 199, 21, 133
L -275.6, 156.7, -63.0, -279.9, 158.3, -63.0, 0, 0, 0
L -279.9, 158.3, -63.0, -281.8, 145.8, -63.0, 199, 21, 133
L -281.8, 145.8, -63.0, -277.8, 145.8, -63.0, 0, 0, 0
L -275.6, 156.7, -63.0, -277.8, 145.8, -63.0, 199, 21, 133
L -277.8, 145.8, -63.0, -278.7, 140.2, -63.0, 0, 0, 0
L -173.2, -80.9, -25.3, -176.4, -83.0, -25.3, 0, 0, 0
L -166.0, -96.8, -25.3, -170.2, -97.4, -25.3, 0, 0, 0
L -170.2, -97.4, -25.3, -172.7, -88.7, -25.3, 255, 255, 0
L -168.8, -86.7, -25.3, -166.0, -96.8, -25.3, 255, 255, 0
L -319.4, -83.4, -25.2, -322.5, -80.4, -25.2, 0, 0, 0
L -322.5, -80.4, -25.2, -315.4, -70.8, -25.3, 199, 21, 133
L -319.4, -83.4, -25.2, -312.7, -74.3, -25.3, 199, 21, 133
L -312.7, -74.3, -25.3, -315.4, -70.8, -25.3, 0, 0, 0
L -315.4, -70.8, -25.3, -310.7, -64.5, -25.4, 0, 0, 0
L -312.7, -74.3, -25.3, -307.6, -67.5, -25.3, 0, 0, 0
L -307.6, -67.5, -25.3, -310.7, -64.5, -25.4, 0, 0, 0
L -96.1, -68.4, -1.4, -90.8, -73.4, 0.4, 0, 0, 0
L -90.8, -73.4, 0.4, -84.1, -78.8, -1.7, 0, 0, 0
L -99.5, -45.6, 0.4, -94.0, -40.0, 1.8, 150, 150, 150
L -94.0, -40.0, 1.8, -92.4, -39.6, 0.4, 150, 150, 150
L -88.2, -53.1, 0.4, -93.0, -54.6, 0.4, 0, 0, 0
L -93.0, -54.6, 0.4, -87.6, -66.9, 0.4, 255, 255, 0
L -87.6, -66.9, 0.4, -83.0, -64.5, 0.4, 0, 0, 0
L -83.0, -64.5, 0.4, -88.2, -53.1, 0.4, 255, 255, 0
L -70.6, -36.7, -1.6, -72.7, -35.9, -0.5, 150, 150, 150
L -62.1, -63.7, -0.6, -62.2, -66.6, 0.4, 150, 150, 150
L -45.6, -116.9, 3.1, -31.6, -123.0, 3.1, 255, 255, 0
L -43.4, -112.2, 3.9, -56.0, -107.0, 3.1, 0, 0, 0
L -29.8, -117.8, 3.3, -43.4, -112.2, 3.9, 255, 255, 0
L -31.6, -123.0, 3.1, -23.7, -126.4, 3.1, 0, 0, 0
L -59.1, -111.0, 3.1, -53.0, -95.2, 3.1, 0, 0, 0
L -53.0, -95.2, 3.1, -45.6, -81.8, -3.0, 0, 0, 0
L -41.1, -126.9, 0.4, -30.9, -128.7, 3.1, 0, 0, 0
L -39.6, -82.1, -1.2, -43.0, -86.1, 1.1, 150, 150, 150
L -43.0, -86.1, 1.1, -46.0, -88.4, 3.0, 150, 150, 150
L -14.3, -95.7, 0.1, -13.6, -99.6, 2.1, 150, 150, 150
L 72.5, -110.0, 1.6, 75.6, -113.6, 1.6, 0, 0, 0
L 75.6, -113.6, 1.6, 81.3, -108.8, 1.6, 0, 0, 0
L 81.3, -108.8, 1.6, 82.2, -109.5, 1.6, 0, 0, 0
L 60.6, -122.8, 1.6, 58.2, -118.2, 2.5, 0, 0, 0
L 58.2, -118.2, 2.5, 72.5, -110.0, 1.6, 255, 255, 0
L 60.6, -122.8, 1.6, 75.6, -113.6, 1.6, 255, 255, 0
L 66.1, -86.4, -0.4, 67.6, -86.4, 0.6, 150, 150, 150
L 39.1, -102.3, 0.6, 39.3, -105.9, 1.6, 150, 150, 150
L 76.7, 29.3, 5.7, 72.8, 28.7, 4.7, 150, 150, 150
L 72.8, 28.7, 4.7, 68.9, 27.3, 3.7, 150, 150, 150
L 63.7, 23.3, 1.7, 65.6, 25.9, 2.7, 150, 150, 150
L 16.5, 33.1, -1.4, 17.7, 35.1, -1.4, 150, 150, 150
L 16.6, 31.8, -0.8, 16.5, 33.1, -1.4, 150, 150, 150
L -6.6, 33.3, 0.6, -7.2, 31.0, 0.6, 150, 150, 150
L -7.2, 31.0, 0.6, -7.9, 28.6, 0.6, 150, 150, 150
L -22.8, 15.0, -2.1, -20.5, 13.8, -1.0, 150, 150, 150
L -20.5, 13.8, -1.0, -18.3, 12.9, 0.6, 150, 150, 150
L -23.8, 3.4, -1.7, -25.1, 1.7, -2.4, 150, 150, 150
L -21.6, 6.1, -0.7, -23.8, 3.4, -1.7, 150, 150, 150
L -19.8, 8.4, 0.2, -21.6, 6.1, -0.7, 150, 150, 150
L 4.9, -16.7, -0.1, 5.0, -12.0, 0.6, 0, 0, 0
L 14.4, -14.5, -0.2, 19.9, -9.9, 0.6, 0, 0, 0
L 16.9, -13.7, 0.6, 14.4, -14.5, -0.2, 150, 150, 150
L 17.7, 35.1, -1.4, 14.5, 35.7, 0.6, 150, 150, 150
L 9.4, -299.2, 33.2, 11.8, -311.3, 33.3, 0, 0, 0
L -43.8, -200.3, 34.0, -45.1, -204.9, 34.0, 0, 0, 0
L -45.1, -204.9, 34.0, -46.3, -209.2, 34.0, 0, 0, 0
L -46.3, -209.2, 34.0, -48.4, -210.1, 33.6, 0, 0, 0
L -54.5, -205.5, 36.9, -53.4, -201.1, 36.9, 0, 0, 0
L -63.7, -198.7, 36.9, -64.7, -202.7, 36.9, 0, 0, 0
L -64.7, -202.7, 36.9, -66.4, -202.2, 36.9, 0, 0, 0
L -64.7, -202.7, 36.9, -54.5, -205.5, 36.9, 255, 255, 0
L -53.4, -201.1, 36.9, -63.7, -198.7, 36.9, 255, 255, 0
L -87.1, -345.8, 36.9, -84.7, -342.2, 37.2, 0, 0, 0
L -91.8, -338.2, 37.1, -96.0, -339.9, 36.9, 0, 0, 0
L -96.0, -339.9, 36.9, -87.1, -345.8, 36.9, 199, 21, 133
L -84.7, -342.2, 37.2, -91.8, -338.2, 37.1, 199, 21, 133
L 148.8, -176.8, -10.3, 146.2, -173.1, -10.3, 0, 0, 0
L 146.2, -173.1, -10.3, 139.3, -183.8, -10.3, 255, 255, 0
L 139.3, -183.8, -10.3, 143.8, -184.8, -10.3, 0, 0, 0
L 143.8, -184.8, -10.3, 148.8, -176.8, -10.3, 255, 255, 0
L 139.8, -194.5, -10.3, 145.0, -198.2, -15.0, 0, 0, 0
L 293.0, -169.6, -13.8, 290.1, -166.8, -14.6, 0, 0, 0
L 286.2, -166.8, -15.8, 284.6, -166.2, -16.3, 0, 0, 0
L 290.1, -166.8, -14.6, 286.2, -166.8, -15.8, 0, 0, 0
L 287.9, -176.2, -10.2, 292.5, -176.7, -10.2, 0, 0, 0
L 292.9, -186.8, -10.2, 287.9, -186.3, -10.2, 0, 0, 0
L 287.9, -186.3, -10.2, 287.9, -196.7, -10.2, 0, 0, 0
L 287.9, -196.7, -10.2, 291.8, -196.6, -10.2, 0, 0, 0
L 292.5, -176.7, -10.2, 292.9, -186.8, -10.2, 199, 21, 133
L 287.9, -186.3, -10.2, 287.9, -176.2, -10.2, 199, 21, 133
