P -882.4570, -13.8061, -24.9980,  0, 0, 240,  1,  GS:_Outcast's_Coal
P 66.1769, -668.5523, 58.9717,  0, 127, 127,  2,  Dain's_Historian_Duggans
P 0.0000, -600.0000, 0.0000,  255, 255, 255,  2,  The_Pit
P 68.0000, -744.0000, 0.0000,  255, 255, 255,  2,  Barracks
P 34.0000, -750.0000, 0.0000,  255, 255, 255,  2,  Guarded_Door
P -211.0000, -730.0000, 0.0000,  255, 255, 255,  2,  Hall_of_Ancestors
P 0.0000, -250.0000, 0.0000,  255, 0, 0,  2,  Succor
P -877.0000, 78.0000, 0.0000,  255, 0, 0,  3,  to_Great_Divide
P -42.0000, -103.0000, -0.9990,  255, 0, 0,  3,  to_Thurgadin
P 78.0000, 762.0000, -99.9677,  255, 0, 0,  3,  to_Thurgadin
