P -1308.2392, 197.9563, 49.2806, 240, 240, 240, 2, Kerra_Ridge
P -253.6481, 1692.3404, 29.7908, 255, 0, 0, 3, to_The_Plane_of_Knowledge_(Click_Book)
P 892.4151, -2304.8835, 40.1821, 255, 0, 0, 3, to_Erudin
P 2177.1003, 1142.5528, 125.9917, 255, 0, 0, 3, to_The_Barren_Coast
P 202.1961, 1996.6201, 46.7359, 255, 0, 0, 3, to_Paineel
P 1813.4941, -1908.0306, 121.5582, 255, 0, 0, 3, to_The_Plane_of_Knowledge_(Click_Book)
P 1143.6303, -963.0949, 25.5473, 255, 0, 0, 2, Druid_Ring
P 1664.8913, 1500.9124, 67.8187, 255, 0, 0, 2, Wizard_Spires
P 718.0000, -2102.0000, 21.8372, 255, 0, 0, 2, Succor
P -1177.2326, -2166.3618, 14.6791, 240, 240, 0, 2, Boat
P -1208.0000, 519.0000, 20.0000, 127, 127, 0, 2, Boat
P 1643.5932, 1501.3476, 68.8187, 255, 255, 255, 2, Nexus_Spires
P 1474.9570, -196.7224, 88.6875, 255, 255, 255, 2, Bridge
P 1251.8078, 1594.7923, 28.3832, 255, 255, 255, 2, Kobold_Camp
P -431.7393, 407.5694, 16.8841, 255, 255, 255, 2, Dock
P -2236.1318, 664.3489, -30.2142, 255, 255, 255, 2, Tiger_Pit
P 1320.0363, 1119.1336, 29.5338, 255, 255, 255, 2, Kobold_Camp
P 1589.1441, -1185.8355, 42.1832, 255, 255, 255, 2, Heretic_pet_house
P -2133.8657, -388.2662, 19.5691, 240, 240, 240, 2, Ladder
P -535.5331, -2152.3828, 71.8848, 0, 128, 0, 2, Islan_Hetston_(Merchant_and_Taskmaster)
P -568.2727, -2163.9912, 77.8848, 0, 128, 0, 2, Win_Kernam_(Smithing)
P 1153.0556, -953.6819, 24.8300, 0, 128, 0, 2, Martyn_Firechaser_(Druid_Spells)
P 1164.7553, -1413.8116, 28.2721, 0, 128, 0, 2, Cyria_Lorewhisper_(Jewelcrafting)
P 1181.7232, -1404.0777, 34.2721, 0, 128, 0, 2, Tran_Lilspin_(Reagents)
P -2053.0000, -624.0000, 56.0000, 0, 128, 0, 2, Melixis_(Fishing,Alchemy)
P -2158.0000, 280.0000, 19.0000, 0, 128, 0, 2, Raarrk_(General)
P 672.4818, -2000.2077, 32.7107, 0, 128, 0, 2, Stylla_Parsini_(Satchels)
P 709.1163, -1996.2774, 26.7107, 0, 128, 0, 2, Emil_Parsini_(Satchels)
P -1578.6585, 35.9827, 54.5691, 0, 0, 0, 2, Roary_Fishpouncer
P -1925.2143, 370.6086, 19.5919, 0, 0, 0, 2, Feren
P -1947.8913, 80.2385, 35.5627, 0, 0, 0, 2, Shazda_Asad
P -1961.0000, 415.0000, 20.0000, 0, 0, 0, 2, Thalith_Mumluk
P -1966.7011, 201.6153, 54.5691, 0, 0, 0, 2, Urkath_Greyface
P -2090.1645, 251.0368, 19.5691, 0, 0, 0, 2, Dozing_Ghulam
P -2102.3674, 355.6344, 19.0481, 0, 0, 0, 2, Wislen_Mamluk
P -2109.0000, 292.0000, 47.0000, 0, 0, 0, 2, Feskr_Drinkmaker
P -2121.0000, 277.0000, 22.0000, 0, 0, 0, 2, Iffir_Soulcaller
P -2122.6328, 301.1265, 21.8389, 0, 0, 0, 2, Drunken_Ghulam
P -2131.8581, 257.0491, 19.5691, 0, 0, 0, 2, Falthrik_Lothoro
P -2137.2082, -111.1360, 20.2645, 0, 0, 0, 2, Marl_Kastane
P -2152.1472, 282.4218, 19.5730, 0, 0, 0, 2, Erfer_Longclaw
P -2208.7473, 382.5382, 19.5691, 0, 0, 0, 2, Allix
P -2220.0000, 361.0000, 19.0000, 0, 0, 0, 2, Errrak_Thickshank
P -2224.3850, 373.0216, 19.5721, 0, 0, 0, 2, Graalf_Sharpclaw
P -2300.1472, -0.9933, -2.6636, 0, 0, 0, 2, Maugarim
P -2343.3076, 4.4201, -2.6637, 0, 0, 0, 2, a_banished_kerran
P -321.0932, 547.3927, 40.9427, 0, 0, 0, 2, Knarthenne_Skurl
P -324.3401, 766.8182, 14.3094, 0, 0, 0, 2, Sanidella_Syllvic
P -332.1253, 367.3560, 15.2384, 0, 0, 0, 2, Elial_Brook
P -391.3588, 1873.2735, 85.0605, 0, 0, 0, 2, Rungupp
P -970.4485, -2162.6672, 38.8763, 0, 0, 0, 2, Assistant_T`os
P 1125.9908, -826.2146, 26.9576, 0, 0, 0, 2, Telanku_Trailrunner
P 1258.0000, -1957.0000, 90.0000, 0, 0, 0, 2, Ricandrow_Starbourne
P 1259.7016, -966.9284, 24.3410, 0, 0, 0, 2, Illsiv_Gantrau
P 1366.9754, 352.6770, 35.2941, 0, 0, 0, 2, Poacher_Willa
P 1417.0357, -343.9660, 62.2737, 0, 0, 0, 2, Erudin_Emissary
P 1539.5899, 1535.4085, 60.4787, 0, 0, 0, 2, Kellkoan_Rishta
P 1550.8818, -371.9706, 15.4566, 0, 0, 0, 2, Friedalla_Dawncrest
P 1580.0517, -1532.0284, 76.0492, 0, 0, 0, 2, Jalen_Goldsinger
P 1622.7293, -1962.6119, 82.1840, 0, 0, 0, 2, Xyrlania_Rainsparkle
P 1638.8593, -1980.1530, 88.4003, 0, 128, 0, 2, Quana_Rainsparkle_(Merchant)
P 1657.3814, 1501.0069, 67.5892, 0, 0, 0, 2, Nexus_Scion
P 1671.6777, -1116.5578, 39.6605, 0, 0, 0, 2, Terago_Omath_(Task_Master)
P 1675.0445, -377.3669, 14.3914, 0, 0, 0, 2, Agithin_Dasmore
P 1697.0927, 1387.5909, 63.6236, 0, 0, 0, 2, Lanivon_Baxer
P 1771.2912, -450.2683, 14.7127, 0, 0, 0, 2, Shintar_Vinlail
P 1902.8056, -1152.2232, 45.1041, 0, 0, 0, 2, Verogone_Wayfinder
P 709.5176, 767.7957, 42.8835, 0, 0, 0, 2, Fittorin_Bladespur
P 841.2616, -2235.1577, 41.5569, 0, 0, 0, 2, Sentinel_Drom
P 859.0842, -2229.0356, 41.5569, 0, 0, 0, 2, Sentinel_Flavius
P 462.0350, -2026.4644, 22.7183, 0, 0, 0, 2, Reeking_Skunk_(Roam)
P -2186.0920, 174.5124, 20.2938, 127, 64, 0, 2, Alrik_Pasdar_(Hunter)
P -2095.6704, -470.4948, 21.5464, 127, 64, 0, 2, Hamed_Grarr_(Hunter)
P -2196.4355, -715.1756, 50.3768, 127, 64, 0, 2, Jo_Jo_(Hunter)
P -2217.9951, -798.5018, 27.6818, 127, 64, 0, 2, The_Kerran_Sha`rr_(Hunter)
P -2266.4272, -104.8501, 22.7453, 127, 64, 0, 2, Khonza_Mitty_of_Kerra_(Hunter)
P -2251.0903, -717.6799, 50.5141, 127, 64, 0, 2, Lord_Gongo_(Hunter)
P -1655.4793, 370.0648, 55.8738, 0, 0, 0, 2, Kirran_Mirrah
