P 740.0664, 1906.8835, 150.0010,  255, 0, 0,  3,  to_Vex_Thal
P -2115.0000, 725.0000, 0.0000,  255, 0, 0,  3,  to_Maiden's_Eye
P -1900.0000, 474.0000, 0.0000,  255, 0, 0,  2,  Succor
P -81.8619, -1587.3333, 4.0568,  0, 128, 128,  2,  remains_of_Vah_Kerrath_(Quest)
P 1271.1624, 708.7905, -23.2711,  0, 0, 0,  2,  Binkl_Dirkwafer
P -480.1855, -2260.8113, 298.0214,  128, 64, 0,  2,  Netherbian_Swarmcaller_(Named)
P -58.6134, -2897.7830, 348.1668,  128, 64, 0,  2,  Tawro_Icequake_(Named)
P 1177.9644, 1111.8298, -26.3458,  128, 64, 0,  2,  Netherbian_Swarmfiend_(Named)
P -202.8199, 299.6833, -5.1296,  240, 240, 240,  2,  Dark_Master_Camp
P -649.0324, -1542.1091, 12.5962,  240, 240, 240,  2,  Netherbian_Cave
P 1688.8755, -429.6143, 24.1586,  240, 240, 240,  2,  Alien_Caves
P 2027.7498, 770.3416, -19.6791,  127, 64, 0,  2,  Radir_Fireshower_(Named)
P 2044.2538, 827.2842, -15.4748,  240, 240, 240,  2,  Broken_Portal
P -1092.1287, -1185.1178, -10.6060,  127, 64, 0,  2,  Gantru_Dralkenr_(Named)
