P 557.1250, -237.3750, -187.1875,  255, 0, 0,  3,  to_Pellucid_Grotto
P -64.0000, 128.0000, -195.1875,  255, 0, 0,  3,  to_The_Foundation
P -261.0000, -25.0000, -197.1875,  255, 0, 0,  3,  to_Arthicrex
P -25.6250, -218.1250, -196.9375,  255, 0, 0,  3,  to_Brell`s_Rest
P 152.2271, 352.7784, -295.9634,  240, 240, 240,  2,  Southern_Stonequarry
P 134.4186, 706.9152, -368.9926,  240, 240, 240,  2,  Underquarry_Gold_Mine
P 762.5952, -184.6668, -198.2685,  240, 240, 240,  2,  Underquarry_Copper_Mine
P 605.5518, 475.0571, -423.3888,  240, 240, 240,  2,  Underquarry_Silver_Mine
P 67.5221, 30.8814, -369.5351,  240, 240, 240,  2,  Northern_Stone_Quarry_Room
P 144.4714, 596.5150, -262.8911,  240, 240, 240,  2,  Ptoleus_/_Tantalum_(Mission_Loc)
P 251.9012, 693.4111, -368.0259,  240, 240, 240,  2,  Gracho_/_Galvanite_(Mission_Loc)
P 1096.0237, 137.0296, -224.1894,  240, 240, 240,  2,  Aurdred_/_Periluminum_(Mission_Loc)
P 871.5342, -282.3821, -208.1207,  240, 240, 240,  2,  Trathon_/_Therium_(Mission_Loc)
P 361.5594, 55.2577, -199.0996,  0, 0, 0,  2,  Lady_Envy_(Mission_Loc)
P 299.9893, 443.5890, -294.0757,  240, 240, 240,  2,  Brath_#1
P 329.8667, 538.3985, -293.9099,  240, 240, 240,  2,  Brath_#2
P 63.3950, 577.6830, -295.6317,  240, 240, 240,  2,  Brath_#3
P -265.0547, 432.1992, -266.3137,  240, 240, 240,  2,  Brath_#4
P -164.5073, 455.6857, -295.6318,  240, 240, 240,  2,  Brath_#5
P -287.5481, 490.7305, -253.4169,  0, 0, 0,  2,  Goralf
P -213.2773, 9.0391, -200.4637,  0, 128, 128,  2,  a_lone_adventurer_(Quest)
P -155.6182, 26.7977, -197.8296,  0, 128, 128,  2,  Haeger_Stonecracker_(Quest)
P -149.3909, 27.2569, -196.6381,  0, 240, 240,  2,  Tenkar_Everhot_(Mission,Raid)
P -142.8164, 18.2328, -195.0003,  0, 128, 128,  2,  Peramin_Longbottle_(Quest)
P -159.4631, 16.9992, -196.8294,  0, 128, 128,  2,  Clontik_Beardburner_(Quest)
P 780.5709, 591.0070, -634.3683,  0, 0, 0,  2,  Keolyx
P 672.1974, 659.2495, -541.1656,  0, 0, 0,  2,  Protauris
P 559.3158, 4.5210, -200.5027,  0, 0, 0,  2,  Yolgund_Murkwader
P 455.0253, -132.3116, -200.5027,  0, 0, 0,  2,  Kronidar_Stoutaxe
P 558.0450, 80.6967, -199.4764,  0, 0, 0,  2,  Baslo_Crackhammer
P 1375.4622, 207.5439, -313.1266,  0, 0, 0,  2,  Lord_Ragarrh
P 173.8409, 589.4998, -264.1126,  0, 0, 0,  2,  Drekar_Darkhammer
P -46.2005, -18.0672, -366.6965,  127, 64, 0,  2,  a_flint_genati_(Hunter)
P 232.3304, -303.2512, -370.9874,  127, 64, 0,  2,  a_flint_genati_(Hunter)
P -1.1549, -298.0277, -365.6851,  127, 64, 0,  2,  a_flint_genati_(Hunter)
P 251.7878, 660.0090, -371.0742,  127, 64, 0,  2,  a_great_brass_golem_(Hunter)
P 239.3257, 770.0918, -366.5017,  127, 64, 0,  2,  a_great_brass_golem_(Hunter)
P 809.8669, 643.3149, -552.4646,  127, 64, 0,  2,  a_master_hunter_(Hunter)
P 870.0999, 297.3102, -489.7220,  127, 64, 0,  2,  a_master_scout_(Hunter)
P 860.8918, 866.6129, -501.0121,  127, 64, 0,  2,  a_master_scout_(Hunter)
P 913.6027, 827.5911, -509.5471,  127, 64, 0,  2,  a_master_soldier_(Hunter)
P 639.2303, 629.4899, -616.0607,  127, 64, 0,  2,  a_red_gold_golem_(Hunter)
P 634.1934, 554.8945, -608.6664,  127, 64, 0,  2,  a_red_gold_golem_(Hunter)
P -262.0900, 666.5483, -294.6440,  127, 64, 0,  2,  a_sand_genati_(Hunter)
P 334.4386, 648.4612, -290.0042,  127, 64, 0,  2,  a_sand_genati_(Hunter)
P -294.2827, 377.7484, -277.4828,  127, 64, 0,  2,  a_sand_genati_(Hunter)
P 336.4472, 480.9421, -290.4655,  127, 64, 0,  2,  a_sand_genati_(Hunter,Roam)
P 328.2879, 504.2069, -290.6338,  127, 64, 0,  2,  a_sand_genati_(Hunter)
P 1123.6038, 153.7881, -211.7070,  127, 64, 0,  2,  Envoy_Frindar_(Hunter)
P 850.2567, -229.4225, -209.0442,  127, 64, 0,  2,  Envoy_Gorta_(Hunter,Roam)
P 888.2963, -440.9873, -183.5022,  127, 64, 0,  2,  Envoy_Gorta_(Hunter)
P 881.9948, -295.6010, -206.9758,  127, 64, 0,  2,  Envoy_Gorta_(Hunter)
P 1190.1044, 732.5197, -495.1329,  127, 64, 0,  2,  Envoy_Therma_(Hunter)
P 1048.0243, 778.9033, -496.0115,  127, 64, 0,  2,  Envoy_Therma_(Hunter)
P 1085.9673, 745.7831, -520.5611,  127, 64, 0,  2,  Envoy_Therma_(Hunter)
P 1038.8185, 63.4783, -225.8930,  127, 64, 0,  2,  Grai_(Hunter)
P 1102.3805, 100.7398, -227.1997,  127, 64, 0,  2,  Grai_(Hunter)
P 1017.1769, -336.5092, -232.0575,  127, 64, 0,  2,  Regla_(Hunter,Roam)
P 1232.5165, -253.8782, -245.6677,  127, 64, 0,  2,  Regla_(Hunter)
P 946.1772, 477.3225, -482.7422,  127, 64, 0,  2,  Tracker_Eigorn_Skullsmasher_(Hunter,Roam,HS)
P 758.0024, 432.8453, -482.7457,  127, 64, 0,  2,  Tracker_Eigorn_Skullsmasher_(Hunter)
P 418.6297, 13.7011, -187.3494,  127, 64, 0,  2,  Tracker_Klarden_Valorstriker_(Hunter)
P 569.0851, 775.8376, -579.1790,  127, 64, 0,  2,  Tracker_Rocklin_Hammertaker_(Hunter)
P 1069.7837, 197.9012, -497.3842,  127, 64, 0,  2,  a_master_scout_(Hunter)
P 3.7705, -125.0653, -373.0663,  127, 64, 0,  2,  a_flint_genati_(Hunter)
