L 1000.0, 0.0, 0.0, 1000.0, -50.0, 0.0, 255, 0, 0
L -20.0, 50.0, 0.0, -50.0, 20.0, 0.0, 255, 0, 0
L 50.0, 20.0, 0.0, 20.0, 50.0, 0.0, 255, 0, 0
L 20.0, -50.0, 0.0, 50.0, -20.0, 0.0, 255, 0, 0
L -50.0, -20.0, 0.0, -20.0, -50.0, 0.0, 255, 0, 0
L -50.0, 20.0, 0.0, -50.0, -20.0, 0.0, 255, 0, 0
L 20.0, 50.0, 0.0, -20.0, 50.0, 0.0, 255, 0, 0
L 50.0, -20.0, 0.0, 50.0, 20.0, 0.0, 255, 0, 0
L -20.0, -50.0, 0.0, 20.0, -50.0, 0.0, 255, 0, 0
L 580.0, -20.0, 0.0, 540.0, -20.0, 0.0, 255, 0, 0
L 580.0, -90.0, 0.0, 580.0, -20.0, 0.0, 255, 0, 0
L 540.0, -90.0, 0.0, 580.0, -90.0, 0.0, 255, 0, 0
L 540.0, -20.0, 0.0, 540.0, -90.0, 0.0, 255, 0, 0
L 520.0, -20.0, 0.0, 480.0, -20.0, 0.0, 255, 0, 0
L 520.0, -90.0, 0.0, 520.0, -20.0, 0.0, 255, 0, 0
L 480.0, -90.0, 0.0, 520.0, -90.0, 0.0, 255, 0, 0
L 480.0, -20.0, 0.0, 480.0, -90.0, 0.0, 255, 0, 0
L 460.0, -90.0, 0.0, 450.0, -80.0, 0.0, 255, 0, 0
L 460.0, -20.0, 0.0, 460.0, -90.0, 0.0, 255, 0, 0
L 0.0, -250.0, 0.0, 0.0, 250.0, 0.0, 255, 0, 0
L -250.0, 0.0, 0.0, 1000.0, 0.0, 0.0, 255, 0, 0
L -120.0, -80.0, 0.0, -120.0, -60.0, 0.0, 255, 0, 0
L -120.0, -60.0, 0.0, -120.0, -40.0, 0.0, 255, 0, 0
L -100.0, -60.0, 0.0, -120.0, -60.0, 0.0, 255, 0, 0
L -120.0, -60.0, 0.0, -140.0, -60.0, 0.0, 255, 0, 0
L -90.0, -50.0, 0.0, -100.0, -30.0, 0.0, 255, 0, 0
L -60.0, -80.0, 0.0, -60.0, -60.0, 0.0, 255, 0, 0
L -60.0, -60.0, 0.0, -60.0, -40.0, 0.0, 255, 0, 0
L -40.0, -60.0, 0.0, -60.0, -60.0, 0.0, 255, 0, 0
L -60.0, -60.0, 0.0, -80.0, -60.0, 0.0, 255, 0, 0
L 100.0, 60.0, 0.0, 120.0, 60.0, 0.0, 255, 0, 0
L 120.0, 60.0, 0.0, 140.0, 60.0, 0.0, 255, 0, 0
L 90.0, 70.0, 0.0, 80.0, 90.0, 0.0, 255, 0, 0
L 40.0, 60.0, 0.0, 60.0, 60.0, 0.0, 255, 0, 0
L 60.0, 60.0, 0.0, 80.0, 60.0, 0.0, 255, 0, 0
L -100.0, 60.0, 0.0, -120.0, 60.0, 0.0, 255, 0, 0
L -120.0, 60.0, 0.0, -140.0, 60.0, 0.0, 255, 0, 0
L -90.0, 70.0, 0.0, -100.0, 90.0, 0.0, 255, 0, 0
L -60.0, 80.0, 0.0, -60.0, 60.0, 0.0, 255, 0, 0
L -60.0, 60.0, 0.0, -60.0, 40.0, 0.0, 255, 0, 0
L -40.0, 60.0, 0.0, -60.0, 60.0, 0.0, 255, 0, 0
L -60.0, 60.0, 0.0, -80.0, 60.0, 0.0, 255, 0, 0
L 100.0, -60.0, 0.0, 120.0, -60.0, 0.0, 255, 0, 0
L 120.0, -60.0, 0.0, 140.0, -60.0, 0.0, 255, 0, 0
L 90.0, -50.0, 0.0, 80.0, -30.0, 0.0, 255, 0, 0
L 60.0, -80.0, 0.0, 60.0, -60.0, 0.0, 255, 0, 0
L 60.0, -60.0, 0.0, 60.0, -40.0, 0.0, 255, 0, 0
L 40.0, -60.0, 0.0, 60.0, -60.0, 0.0, 255, 0, 0
L 60.0, -60.0, 0.0, 80.0, -60.0, 0.0, 255, 0, 0
L 599.0, -90.0, 0.0, 637.3, -90.0, 0.0, 255, 0, 0
L 599.0, -20.0, 0.0, 637.3, -20.0, 0.0, 255, 0, 0
L 599.0, -90.0, 0.0, 599.0, -20.0, 0.0, 255, 0, 0
L 637.3, -90.0, 0.0, 637.3, -20.0, 0.0, 255, 0, 0
L 1500, 3500, 0, 1500, 3560, 0, 0, 0, 0
L 1540, 3560, 0, 1500, 3560, 0, 0, 0, 0
L 1560, 3530, 0, 1590, 3530, 0, 0, 0, 0
L 1560, 3560, 0, 1590, 3560, 0, 0, 0, 0
L 1560, 3500, 0, 1560, 3560, 0, 0, 0, 0
L 1590, 3500, 0, 1560, 3500, 0, 0, 0, 0
L 1640, 3560, 0, 1610, 3560, 0, 0, 0, 0
L 1610, 3500, 0, 1640, 3500, 0, 0, 0, 0
L 1610, 3560, 0, 1610, 3500, 0, 0, 0, 0
L 1640, 3560, 0, 1640, 3530, 0, 0, 0, 0
L 1640, 3530, 0, 1620, 3530, 0, 0, 0, 0
L 1660, 3530, 0, 1690, 3530, 0, 0, 0, 0
L 1660, 3560, 0, 1690, 3560, 0, 0, 0, 0
L 1660, 3500, 0, 1660, 3560, 0, 0, 0, 0
L 1690, 3500, 0, 1660, 3500, 0, 0, 0, 0
L 1740, 3560, 0, 1740, 3500, 0, 0, 0, 0
L 1710, 3500, 0, 1740, 3560, 0, 0, 0, 0
L 1710, 3560, 0, 1710, 3500, 0, 0, 0, 0
L 1770, 3560, 0, 1770, 3500, 0, 0, 0, 0
L 1780, 3560, 0, 1760, 3560, 0, 0, 0, 0
L 1790, 3530, 0, 1780, 3560, 0, 0, 0, 0
L 1780, 3500, 0, 1790, 3530, 0, 0, 0, 0
L 1760, 3500, 0, 1780, 3500, 0, 0, 0, 0
L 1500, 3710, 0, 1560, 3710, 0, 0, 0, 0
L 1500, 3630, 0, 1560, 3630, 0, 0, 0, 0
L 1530, 3683, 0, 1530, 3657, 0, 205, 133, 63
L 1560, 3710, 0, 1620, 3710, 0, 0, 0, 0
L 1560, 3710, 0, 1560, 3683, 0, 205, 133, 63
L 1530, 3683, 0, 1590, 3683, 0, 205, 133, 63
L 1530, 3657, 0, 1560, 3657, 0, 205, 133, 63
L 1560, 3657, 0, 1590, 3657, 0, 205, 133, 63
L 1560, 3630, 0, 1620, 3630, 0, 0, 0, 0
L 1560, 3657, 0, 1560, 3630, 0, 205, 133, 63
L 1590, 3683, 0, 1590, 3657, 0, 205, 133, 63
L 1670, 3700, 0, 1670, 3640, 0, 0, 0, 0
L 1680, 3700, 0, 1660, 3700, 0, 0, 0, 0
L 1690, 3670, 0, 1680, 3700, 0, 0, 0, 0
L 1680, 3640, 0, 1690, 3670, 0, 0, 0, 0
L 1660, 3640, 0, 1680, 3640, 0, 0, 0, 0
L 1710, 3640, 0, 1740, 3640, 0, 0, 0, 0
L 1710, 3700, 0, 1740, 3700, 0, 0, 0, 0
L 1710, 3640, 0, 1710, 3700, 0, 0, 0, 0
L 1740, 3640, 0, 1740, 3700, 0, 0, 0, 0
L 1760, 3640, 0, 1790, 3640, 0, 0, 0, 0
L 1760, 3700, 0, 1790, 3700, 0, 0, 0, 0
L 1760, 3640, 0, 1760, 3700, 0, 0, 0, 0
L 1790, 3640, 0, 1790, 3700, 0, 0, 0, 0
L 1810, 3640, 0, 1810, 3670, 0, 0, 0, 0
L 1810, 3670, 0, 1810, 3700, 0, 0, 0, 0
L 1810, 3670, 0, 1830, 3670, 0, 0, 0, 0
L 1850, 3670, 0, 1850, 3640, 0, 0, 0, 0
L 1810, 3640, 0, 1850, 3640, 0, 0, 0, 0
L 1830, 3670, 0, 1850, 3670, 0, 0, 0, 0
L 1850, 3700, 0, 1830, 3670, 0, 0, 0, 0
L 1500, 3750, 0, 1500, 3780, 0, 255, 210, 0
L 1500, 3750, 0, 1520, 3750, 0, 255, 210, 0
L 1520, 3810, 0, 1500, 3810, 0, 255, 210, 0
L 1500, 3780, 0, 1500, 3810, 0, 255, 210, 0
L 1520, 3780, 0, 1500, 3780, 0, 255, 210, 0
L 1520, 3780, 0, 1540, 3765, 0, 255, 210, 0
L 1520, 3750, 0, 1540, 3765, 0, 255, 210, 0
L 1520, 3780, 0, 1540, 3795, 0, 255, 210, 0
L 1540, 3795, 0, 1520, 3810, 0, 255, 210, 0
L 1570, 3780, 0, 1590, 3780, 0, 255, 210, 0
L 1580, 3750, 0, 1600, 3810, 0, 255, 210, 0
L 1560, 3810, 0, 1580, 3750, 0, 255, 210, 0
L 1650, 3810, 0, 1650, 3750, 0, 255, 210, 0
L 1620, 3750, 0, 1650, 3810, 0, 255, 210, 0
L 1620, 3810, 0, 1620, 3750, 0, 255, 210, 0
L 1670, 3750, 0, 1670, 3780, 0, 255, 210, 0
L 1670, 3780, 0, 1670, 3810, 0, 255, 210, 0
L 1670, 3780, 0, 1710, 3810, 0, 255, 210, 0
L 1670, 3780, 0, 1710, 3750, 0, 255, 210, 0
L 1730, 3780, 0, 1760, 3780, 0, 255, 210, 0
L 1730, 3810, 0, 1760, 3810, 0, 255, 210, 0
L 1730, 3750, 0, 1730, 3810, 0, 255, 210, 0
L 1760, 3750, 0, 1730, 3750, 0, 255, 210, 0
L 1780, 3750, 0, 1780, 3780, 0, 255, 210, 0
L 1780, 3780, 0, 1780, 3810, 0, 255, 210, 0
L 1780, 3780, 0, 1800, 3780, 0, 255, 210, 0
L 1820, 3780, 0, 1820, 3750, 0, 255, 210, 0
L 1780, 3750, 0, 1820, 3750, 0, 255, 210, 0
L 1800, 3780, 0, 1820, 3780, 0, 255, 210, 0
L 1820, 3810, 0, 1800, 3780, 0, 255, 210, 0
L 1530, 3900, 0, 1500, 3900, 0, 255, 255, 255
L 1500, 3840, 0, 1530, 3840, 0, 255, 255, 255
L 1500, 3900, 0, 1500, 3840, 0, 255, 255, 255
L 1550, 3840, 0, 1580, 3840, 0, 255, 255, 255
L 1550, 3900, 0, 1580, 3900, 0, 255, 255, 255
L 1550, 3840, 0, 1550, 3900, 0, 255, 255, 255
L 1580, 3840, 0, 1580, 3900, 0, 255, 255, 255
L 1640, 3840, 0, 1640, 3900, 0, 255, 255, 255
L 1620, 3870, 0, 1640, 3840, 0, 255, 255, 255
L 1600, 3840, 0, 1620, 3870, 0, 255, 255, 255
L 1600, 3900, 0, 1600, 3840, 0, 255, 255, 255
L 1700, 3840, 0, 1700, 3900, 0, 255, 255, 255
L 1680, 3870, 0, 1700, 3840, 0, 255, 255, 255
L 1660, 3840, 0, 1680, 3870, 0, 255, 255, 255
L 1660, 3900, 0, 1660, 3840, 0, 255, 255, 255
L 1720, 3870, 0, 1750, 3870, 0, 255, 255, 255
L 1720, 3900, 0, 1750, 3900, 0, 255, 255, 255
L 1720, 3840, 0, 1720, 3900, 0, 255, 255, 255
L 1750, 3840, 0, 1720, 3840, 0, 255, 255, 255
L 1800, 3900, 0, 1800, 3840, 0, 255, 255, 255
L 1770, 3840, 0, 1800, 3900, 0, 255, 255, 255
L 1770, 3900, 0, 1770, 3840, 0, 255, 255, 255
L 1840, 3840, 0, 1840, 3900, 0, 255, 255, 255
L 1820, 3840, 0, 1860, 3840, 0, 255, 255, 255
L 1530, 3990, 0, 1500, 3990, 0, 0, 0, 0
L 1500, 3930, 0, 1530, 3930, 0, 0, 0, 0
L 1500, 3990, 0, 1500, 3930, 0, 0, 0, 0
L 1530, 3990, 0, 1530, 3960, 0, 0, 0, 0
L 1530, 3960, 0, 1510, 3960, 0, 0, 0, 0
L 1550, 3960, 0, 1580, 3960, 0, 0, 0, 0
L 1550, 3990, 0, 1580, 3990, 0, 0, 0, 0
L 1550, 3930, 0, 1550, 3990, 0, 0, 0, 0
L 1580, 3930, 0, 1550, 3930, 0, 0, 0, 0
L 1630, 3990, 0, 1630, 3930, 0, 0, 0, 0
L 1600, 3930, 0, 1630, 3990, 0, 0, 0, 0
L 1600, 3990, 0, 1600, 3930, 0, 0, 0, 0
L 1650, 3960, 0, 1680, 3960, 0, 0, 0, 0
L 1650, 3990, 0, 1680, 3990, 0, 0, 0, 0
L 1650, 3930, 0, 1650, 3990, 0, 0, 0, 0
L 1680, 3930, 0, 1650, 3930, 0, 0, 0, 0
L 1700, 3930, 0, 1700, 3960, 0, 0, 0, 0
L 1700, 3960, 0, 1700, 3990, 0, 0, 0, 0
L 1700, 3960, 0, 1720, 3960, 0, 0, 0, 0
L 1740, 3960, 0, 1740, 3930, 0, 0, 0, 0
L 1700, 3930, 0, 1740, 3930, 0, 0, 0, 0
L 1720, 3960, 0, 1740, 3960, 0, 0, 0, 0
L 1740, 3990, 0, 1720, 3960, 0, 0, 0, 0
L 1770, 3960, 0, 1790, 3960, 0, 0, 0, 0
L 1780, 3930, 0, 1800, 3990, 0, 0, 0, 0
L 1760, 3990, 0, 1780, 3930, 0, 0, 0, 0
L 1820, 3930, 0, 1820, 3990, 0, 0, 0, 0
L 1860, 3990, 0, 1820, 3990, 0, 0, 0, 0
L 1530, 4080, 0, 1500, 4080, 0, 0, 0, 255
L 1500, 4020, 0, 1530, 4020, 0, 0, 0, 255
L 1500, 4080, 0, 1500, 4020, 0, 0, 0, 255
L 1530, 4080, 0, 1530, 4050, 0, 0, 0, 255
L 1530, 4050, 0, 1510, 4050, 0, 0, 0, 255
L 1550, 4020, 0, 1550, 4050, 0, 0, 0, 255
L 1550, 4050, 0, 1550, 4080, 0, 0, 0, 255
L 1550, 4050, 0, 1570, 4050, 0, 0, 0, 255
L 1590, 4050, 0, 1590, 4020, 0, 0, 0, 255
L 1550, 4020, 0, 1590, 4020, 0, 0, 0, 255
L 1570, 4050, 0, 1590, 4050, 0, 0, 0, 255
L 1590, 4080, 0, 1570, 4050, 0, 0, 0, 255
L 1610, 4020, 0, 1640, 4020, 0, 0, 0, 255
L 1610, 4080, 0, 1640, 4080, 0, 0, 0, 255
L 1610, 4020, 0, 1610, 4080, 0, 0, 0, 255
L 1640, 4020, 0, 1640, 4080, 0, 0, 0, 255
L 1700, 4020, 0, 1700, 4080, 0, 0, 0, 255
L 1660, 4020, 0, 1660, 4080, 0, 0, 0, 255
L 1660, 4080, 0, 1700, 4080, 0, 0, 0, 255
L 1750, 4080, 0, 1750, 4020, 0, 0, 0, 255
L 1720, 4020, 0, 1750, 4080, 0, 0, 0, 255
L 1720, 4080, 0, 1720, 4020, 0, 0, 0, 255
L 1780, 4080, 0, 1780, 4020, 0, 0, 0, 255
L 1790, 4080, 0, 1770, 4080, 0, 0, 0, 255
L 1800, 4050, 0, 1790, 4080, 0, 0, 0, 255
L 1790, 4020, 0, 1800, 4050, 0, 0, 0, 255
L 1770, 4020, 0, 1790, 4020, 0, 0, 0, 255
L 1880, 4020, 0, 1880, 4050, 0, 0, 0, 255
L 1880, 4080, 0, 1920, 4080, 0, 0, 0, 255
L 1920, 4050, 0, 1880, 4050, 0, 0, 0, 255
L 1880, 4020, 0, 1920, 4020, 0, 0, 0, 255
L 1920, 4050, 0, 1920, 4080, 0, 0, 0, 255
L 1970, 4050, 0, 1940, 4050, 0, 0, 0, 255
L 1970, 4020, 0, 1970, 4050, 0, 0, 0, 255
L 1940, 4020, 0, 1970, 4020, 0, 0, 0, 255
L 1940, 4080, 0, 1940, 4020, 0, 0, 0, 255
L 2000, 4050, 0, 2020, 4050, 0, 0, 0, 255
L 2010, 4020, 0, 2030, 4080, 0, 0, 0, 255
L 1990, 4080, 0, 2010, 4020, 0, 0, 0, 255
L 2080, 4080, 0, 2090, 4020, 0, 0, 0, 255
L 2070, 4050, 0, 2080, 4080, 0, 0, 0, 255
L 2060, 4080, 0, 2070, 4050, 0, 0, 0, 255
L 2050, 4020, 0, 2060, 4080, 0, 0, 0, 255
L 2140, 4080, 0, 2140, 4020, 0, 0, 0, 255
L 2110, 4020, 0, 2140, 4080, 0, 0, 0, 255
L 2110, 4080, 0, 2110, 4020, 0, 0, 0, 255
L 1530, 4170, 0, 1500, 4170, 0, 128, 128, 128
L 1500, 4110, 0, 1530, 4110, 0, 128, 128, 128
L 1500, 4170, 0, 1500, 4110, 0, 128, 128, 128
L 1530, 4170, 0, 1530, 4140, 0, 128, 128, 128
L 1530, 4140, 0, 1510, 4140, 0, 128, 128, 128
L 1590, 4110, 0, 1590, 4170, 0, 128, 128, 128
L 1550, 4110, 0, 1550, 4170, 0, 128, 128, 128
L 1550, 4170, 0, 1590, 4170, 0, 128, 128, 128
L 1610, 4110, 0, 1610, 4170, 0, 128, 128, 128
L 1630, 4110, 0, 1630, 4170, 0, 128, 128, 128
L 1670, 4170, 0, 1630, 4170, 0, 128, 128, 128
L 1700, 4170, 0, 1700, 4110, 0, 128, 128, 128
L 1710, 4170, 0, 1690, 4170, 0, 128, 128, 128
L 1720, 4140, 0, 1710, 4170, 0, 128, 128, 128
L 1710, 4110, 0, 1720, 4140, 0, 128, 128, 128
L 1690, 4110, 0, 1710, 4110, 0, 128, 128, 128
L 1840, 4110, 0, 1840, 4170, 0, 128, 128, 128
L 1820, 4140, 0, 1840, 4110, 0, 128, 128, 128
L 1800, 4110, 0, 1820, 4140, 0, 128, 128, 128
L 1800, 4170, 0, 1800, 4110, 0, 128, 128, 128
L 1870, 4140, 0, 1890, 4140, 0, 128, 128, 128
L 1880, 4110, 0, 1900, 4170, 0, 128, 128, 128
L 1860, 4170, 0, 1880, 4110, 0, 128, 128, 128
L 1920, 4110, 0, 1920, 4140, 0, 128, 128, 128
L 1920, 4170, 0, 1960, 4170, 0, 128, 128, 128
L 1960, 4140, 0, 1920, 4140, 0, 128, 128, 128
L 1920, 4110, 0, 1960, 4110, 0, 128, 128, 128
L 1960, 4140, 0, 1960, 4170, 0, 128, 128, 128
L 2000, 4110, 0, 2000, 4170, 0, 128, 128, 128
L 1980, 4110, 0, 2020, 4110, 0, 128, 128, 128
L 2040, 4140, 0, 2070, 4140, 0, 128, 128, 128
L 2040, 4170, 0, 2070, 4170, 0, 128, 128, 128
L 2040, 4110, 0, 2040, 4170, 0, 128, 128, 128
L 2070, 4110, 0, 2040, 4110, 0, 128, 128, 128
L 2090, 4110, 0, 2090, 4140, 0, 128, 128, 128
L 2090, 4140, 0, 2090, 4170, 0, 128, 128, 128
L 2090, 4140, 0, 2110, 4140, 0, 128, 128, 128
L 2130, 4140, 0, 2130, 4110, 0, 128, 128, 128
L 2090, 4110, 0, 2130, 4110, 0, 128, 128, 128
L 2110, 4140, 0, 2130, 4140, 0, 128, 128, 128
L 2130, 4170, 0, 2110, 4140, 0, 128, 128, 128
L 1500, 4200, 0, 1500, 4230, 0, 127, 64, 0
L 1540, 4260, 0, 1540, 4230, 0, 127, 64, 0
L 1500, 4230, 0, 1500, 4260, 0, 127, 64, 0
L 1540, 4230, 0, 1540, 4200, 0, 127, 64, 0
L 1500, 4230, 0, 1540, 4230, 0, 127, 64, 0
L 1600, 4200, 0, 1600, 4260, 0, 127, 64, 0
L 1560, 4200, 0, 1560, 4260, 0, 127, 64, 0
L 1560, 4260, 0, 1600, 4260, 0, 127, 64, 0
L 1650, 4260, 0, 1650, 4200, 0, 127, 64, 0
L 1620, 4200, 0, 1650, 4260, 0, 127, 64, 0
L 1620, 4260, 0, 1620, 4200, 0, 127, 64, 0
L 1690, 4200, 0, 1690, 4260, 0, 127, 64, 0
L 1670, 4200, 0, 1710, 4200, 0, 127, 64, 0
L 1730, 4230, 0, 1760, 4230, 0, 127, 64, 0
L 1730, 4260, 0, 1760, 4260, 0, 127, 64, 0
L 1730, 4200, 0, 1730, 4260, 0, 127, 64, 0
L 1760, 4200, 0, 1730, 4200, 0, 127, 64, 0
L 1780, 4200, 0, 1780, 4230, 0, 127, 64, 0
L 1780, 4230, 0, 1780, 4260, 0, 127, 64, 0
L 1780, 4230, 0, 1800, 4230, 0, 127, 64, 0
L 1820, 4230, 0, 1820, 4200, 0, 127, 64, 0
L 1780, 4200, 0, 1820, 4200, 0, 127, 64, 0
L 1800, 4230, 0, 1820, 4230, 0, 127, 64, 0
L 1820, 4260, 0, 1800, 4230, 0, 127, 64, 0
L 1540, 4290, 0, 1540, 4350, 0, 0, 127, 0
L 1520, 4320, 0, 1540, 4290, 0, 0, 127, 0
L 1500, 4290, 0, 1520, 4320, 0, 0, 127, 0
L 1500, 4350, 0, 1500, 4290, 0, 0, 127, 0
L 1560, 4320, 0, 1590, 4320, 0, 0, 127, 0
L 1560, 4350, 0, 1590, 4350, 0, 0, 127, 0
L 1560, 4290, 0, 1560, 4350, 0, 0, 127, 0
L 1590, 4290, 0, 1560, 4290, 0, 0, 127, 0
L 1610, 4290, 0, 1610, 4320, 0, 0, 127, 0
L 1610, 4320, 0, 1610, 4350, 0, 0, 127, 0
L 1610, 4320, 0, 1630, 4320, 0, 0, 127, 0
L 1650, 4320, 0, 1650, 4290, 0, 0, 127, 0
L 1610, 4290, 0, 1650, 4290, 0, 0, 127, 0
L 1630, 4320, 0, 1650, 4320, 0, 0, 127, 0
L 1650, 4350, 0, 1630, 4320, 0, 0, 127, 0
L 1700, 4350, 0, 1670, 4350, 0, 0, 127, 0
L 1670, 4290, 0, 1700, 4290, 0, 0, 127, 0
L 1670, 4350, 0, 1670, 4290, 0, 0, 127, 0
L 1720, 4290, 0, 1720, 4320, 0, 0, 127, 0
L 1760, 4350, 0, 1760, 4320, 0, 0, 127, 0
L 1720, 4320, 0, 1720, 4350, 0, 0, 127, 0
L 1760, 4320, 0, 1760, 4290, 0, 0, 127, 0
L 1720, 4320, 0, 1760, 4320, 0, 0, 127, 0
L 1790, 4320, 0, 1810, 4320, 0, 0, 127, 0
L 1800, 4290, 0, 1820, 4350, 0, 0, 127, 0
L 1780, 4350, 0, 1800, 4290, 0, 0, 127, 0
L 1870, 4350, 0, 1870, 4290, 0, 0, 127, 0
L 1840, 4290, 0, 1870, 4350, 0, 0, 127, 0
L 1840, 4350, 0, 1840, 4290, 0, 0, 127, 0
L 1910, 4290, 0, 1910, 4350, 0, 0, 127, 0
L 1890, 4290, 0, 1930, 4290, 0, 0, 127, 0
L 1540, 4380, 0, 1540, 4440, 0, 0, 127, 127
L 1520, 4410, 0, 1540, 4380, 0, 0, 127, 127
L 1500, 4380, 0, 1520, 4410, 0, 0, 127, 127
L 1500, 4440, 0, 1500, 4380, 0, 0, 127, 127
L 1560, 4380, 0, 1560, 4440, 0, 0, 127, 127
L 1580, 4380, 0, 1580, 4410, 0, 0, 127, 127
L 1580, 4440, 0, 1620, 4440, 0, 0, 127, 127
L 1620, 4410, 0, 1580, 4410, 0, 0, 127, 127
L 1580, 4380, 0, 1620, 4380, 0, 0, 127, 127
L 1620, 4410, 0, 1620, 4440, 0, 0, 127, 127
L 1640, 4380, 0, 1640, 4410, 0, 0, 127, 127
L 1640, 4440, 0, 1680, 4440, 0, 0, 127, 127
L 1680, 4410, 0, 1640, 4410, 0, 0, 127, 127
L 1640, 4380, 0, 1680, 4380, 0, 0, 127, 127
L 1680, 4410, 0, 1680, 4440, 0, 0, 127, 127
L 1700, 4380, 0, 1700, 4440, 0, 0, 127, 127
L 1720, 4380, 0, 1750, 4380, 0, 0, 127, 127
L 1720, 4440, 0, 1750, 4440, 0, 0, 127, 127
L 1720, 4380, 0, 1720, 4440, 0, 0, 127, 127
L 1750, 4380, 0, 1750, 4440, 0, 0, 127, 127
L 1800, 4440, 0, 1800, 4380, 0, 0, 127, 127
L 1770, 4380, 0, 1800, 4440, 0, 0, 127, 127
L 1770, 4440, 0, 1770, 4380, 0, 0, 127, 127
L 1530, 4530, 0, 1530, 4470, 0, 127, 64, 0
L 1500, 4470, 0, 1530, 4530, 0, 127, 64, 0
L 1500, 4530, 0, 1500, 4470, 0, 127, 64, 0
L 1560, 4500, 0, 1580, 4500, 0, 127, 64, 0
L 1570, 4470, 0, 1590, 4530, 0, 127, 64, 0
L 1550, 4530, 0, 1570, 4470, 0, 127, 64, 0
L 1650, 4470, 0, 1650, 4530, 0, 127, 64, 0
L 1630, 4500, 0, 1650, 4470, 0, 127, 64, 0
L 1610, 4470, 0, 1630, 4500, 0, 127, 64, 0
L 1610, 4530, 0, 1610, 4470, 0, 127, 64, 0
L 1670, 4500, 0, 1700, 4500, 0, 127, 64, 0
L 1670, 4530, 0, 1700, 4530, 0, 127, 64, 0
L 1670, 4470, 0, 1670, 4530, 0, 127, 64, 0
L 1700, 4470, 0, 1670, 4470, 0, 127, 64, 0
L 1730, 4530, 0, 1730, 4470, 0, 127, 64, 0
L 1740, 4530, 0, 1720, 4530, 0, 127, 64, 0
L 1750, 4500, 0, 1740, 4530, 0, 127, 64, 0
L 1740, 4470, 0, 1750, 4500, 0, 127, 64, 0
L 1720, 4470, 0, 1740, 4470, 0, 127, 64, 0
L 1530, 4590, 0, 1500, 4590, 0, 0, 255, 0
L 1530, 4560, 0, 1530, 4590, 0, 0, 255, 0
L 1500, 4560, 0, 1530, 4560, 0, 0, 255, 0
L 1500, 4620, 0, 1500, 4560, 0, 0, 255, 0
L 1560, 4590, 0, 1580, 4590, 0, 0, 255, 0
L 1570, 4560, 0, 1590, 4620, 0, 0, 255, 0
L 1550, 4620, 0, 1570, 4560, 0, 0, 255, 0
L 1610, 4560, 0, 1610, 4590, 0, 0, 255, 0
L 1610, 4590, 0, 1610, 4620, 0, 0, 255, 0
L 1610, 4590, 0, 1630, 4590, 0, 0, 255, 0
L 1650, 4590, 0, 1650, 4560, 0, 0, 255, 0
L 1610, 4560, 0, 1650, 4560, 0, 0, 255, 0
L 1630, 4590, 0, 1650, 4590, 0, 0, 255, 0
L 1650, 4620, 0, 1630, 4590, 0, 0, 255, 0
L 1700, 4620, 0, 1670, 4620, 0, 0, 255, 0
L 1670, 4560, 0, 1700, 4560, 0, 0, 255, 0
L 1670, 4620, 0, 1670, 4560, 0, 0, 255, 0
L 1720, 4590, 0, 1750, 4590, 0, 0, 255, 0
L 1720, 4620, 0, 1750, 4620, 0, 0, 255, 0
L 1720, 4560, 0, 1720, 4620, 0, 0, 255, 0
L 1750, 4560, 0, 1720, 4560, 0, 0, 255, 0
L 1770, 4560, 0, 1770, 4620, 0, 0, 255, 0
L 1810, 4620, 0, 1770, 4620, 0, 0, 255, 0
L 1830, 4560, 0, 1830, 4590, 0, 0, 255, 0
L 1830, 4620, 0, 1870, 4620, 0, 0, 255, 0
L 1870, 4590, 0, 1830, 4590, 0, 0, 255, 0
L 1830, 4560, 0, 1870, 4560, 0, 0, 255, 0
L 1870, 4590, 0, 1870, 4620, 0, 0, 255, 0
L 1500, 4650, 0, 1500, 4680, 0, 0, 240, 240
L 1500, 4680, 0, 1500, 4710, 0, 0, 240, 240
L 1500, 4680, 0, 1520, 4680, 0, 0, 240, 240
L 1540, 4680, 0, 1540, 4650, 0, 0, 240, 240
L 1500, 4650, 0, 1540, 4650, 0, 0, 240, 240
L 1520, 4680, 0, 1540, 4680, 0, 0, 240, 240
L 1540, 4710, 0, 1520, 4680, 0, 0, 240, 240
L 1570, 4680, 0, 1590, 4680, 0, 0, 240, 240
L 1580, 4650, 0, 1600, 4710, 0, 0, 240, 240
L 1560, 4710, 0, 1580, 4650, 0, 0, 240, 240
L 1620, 4650, 0, 1620, 4710, 0, 0, 240, 240
L 1650, 4710, 0, 1650, 4650, 0, 0, 240, 240
L 1660, 4710, 0, 1640, 4710, 0, 0, 240, 240
L 1670, 4680, 0, 1660, 4710, 0, 0, 240, 240
L 1660, 4650, 0, 1670, 4680, 0, 0, 240, 240
L 1640, 4650, 0, 1660, 4650, 0, 0, 240, 240
L 1500, 4740, 0, 1500, 4770, 0, 0, 255, 0
L 1500, 4800, 0, 1540, 4800, 0, 0, 255, 0
L 1540, 4770, 0, 1500, 4770, 0, 0, 255, 0
L 1500, 4740, 0, 1540, 4740, 0, 0, 255, 0
L 1540, 4770, 0, 1540, 4800, 0, 0, 255, 0
L 1590, 4770, 0, 1560, 4770, 0, 0, 255, 0
L 1590, 4740, 0, 1590, 4770, 0, 0, 255, 0
L 1560, 4740, 0, 1590, 4740, 0, 0, 255, 0
L 1560, 4800, 0, 1560, 4740, 0, 0, 255, 0
L 1610, 4770, 0, 1640, 4770, 0, 0, 255, 0
L 1610, 4800, 0, 1640, 4800, 0, 0, 255, 0
L 1610, 4740, 0, 1610, 4800, 0, 0, 255, 0
L 1640, 4740, 0, 1610, 4740, 0, 0, 255, 0
L 1690, 4800, 0, 1660, 4800, 0, 0, 255, 0
L 1660, 4740, 0, 1690, 4740, 0, 0, 255, 0
L 1660, 4800, 0, 1660, 4740, 0, 0, 255, 0
L 1710, 4740, 0, 1710, 4800, 0, 0, 255, 0
L 1740, 4770, 0, 1760, 4770, 0, 0, 255, 0
L 1750, 4740, 0, 1770, 4800, 0, 0, 255, 0
L 1730, 4800, 0, 1750, 4740, 0, 0, 255, 0
L 1790, 4740, 0, 1790, 4800, 0, 0, 255, 0
L 1830, 4800, 0, 1790, 4800, 0, 0, 255, 0
L 1940, 4800, 0, 1910, 4800, 0, 0, 255, 0
L 1910, 4740, 0, 1940, 4740, 0, 0, 255, 0
L 1910, 4800, 0, 1910, 4740, 0, 0, 255, 0
L 2000, 4740, 0, 2000, 4800, 0, 0, 255, 0
L 1960, 4740, 0, 1960, 4800, 0, 0, 255, 0
L 1960, 4800, 0, 2000, 4800, 0, 0, 255, 0
L 2020, 4740, 0, 2020, 4770, 0, 0, 255, 0
L 2020, 4770, 0, 2020, 4800, 0, 0, 255, 0
L 2020, 4770, 0, 2040, 4770, 0, 0, 255, 0
L 2060, 4770, 0, 2060, 4740, 0, 0, 255, 0
L 2020, 4740, 0, 2060, 4740, 0, 0, 255, 0
L 2040, 4770, 0, 2060, 4770, 0, 0, 255, 0
L 2060, 4800, 0, 2040, 4770, 0, 0, 255, 0
L 2080, 4740, 0, 2080, 4770, 0, 0, 255, 0
L 2080, 4770, 0, 2080, 4800, 0, 0, 255, 0
L 2080, 4770, 0, 2100, 4770, 0, 0, 255, 0
L 2120, 4770, 0, 2120, 4740, 0, 0, 255, 0
L 2080, 4740, 0, 2120, 4740, 0, 0, 255, 0
L 2100, 4770, 0, 2120, 4770, 0, 0, 255, 0
L 2120, 4800, 0, 2100, 4770, 0, 0, 255, 0
L 2140, 4770, 0, 2170, 4770, 0, 0, 255, 0
L 2140, 4800, 0, 2170, 4800, 0, 0, 255, 0
L 2140, 4740, 0, 2140, 4800, 0, 0, 255, 0
L 2170, 4740, 0, 2140, 4740, 0, 0, 255, 0
L 2220, 4800, 0, 2220, 4740, 0, 0, 255, 0
L 2190, 4740, 0, 2220, 4800, 0, 0, 255, 0
L 2190, 4800, 0, 2190, 4740, 0, 0, 255, 0
L 2270, 4800, 0, 2240, 4800, 0, 0, 255, 0
L 2240, 4740, 0, 2270, 4740, 0, 0, 255, 0
L 2240, 4800, 0, 2240, 4740, 0, 0, 255, 0
L 2310, 4770, 0, 2310, 4800, 0, 0, 255, 0
L 2310, 4770, 0, 2330, 4740, 0, 0, 255, 0
L 2290, 4740, 0, 2310, 4770, 0, 0, 255, 0
L 1500, 4830, 0, 1500, 4860, 0, 255, 0, 0
L 1500, 4890, 0, 1540, 4890, 0, 255, 0, 0
L 1540, 4860, 0, 1500, 4860, 0, 255, 0, 0
L 1500, 4830, 0, 1540, 4830, 0, 255, 0, 0
L 1540, 4860, 0, 1540, 4890, 0, 255, 0, 0
L 1600, 4830, 0, 1600, 4890, 0, 255, 0, 0
L 1560, 4830, 0, 1560, 4890, 0, 255, 0, 0
L 1560, 4890, 0, 1600, 4890, 0, 255, 0, 0
L 1650, 4890, 0, 1620, 4890, 0, 255, 0, 0
L 1620, 4830, 0, 1650, 4830, 0, 255, 0, 0
L 1620, 4890, 0, 1620, 4830, 0, 255, 0, 0
L 1700, 4890, 0, 1670, 4890, 0, 255, 0, 0
L 1670, 4830, 0, 1700, 4830, 0, 255, 0, 0
L 1670, 4890, 0, 1670, 4830, 0, 255, 0, 0
L 1720, 4830, 0, 1750, 4830, 0, 255, 0, 0
L 1720, 4890, 0, 1750, 4890, 0, 255, 0, 0
L 1720, 4830, 0, 1720, 4890, 0, 255, 0, 0
L 1750, 4830, 0, 1750, 4890, 0, 255, 0, 0
L 1770, 4830, 0, 1770, 4860, 0, 255, 0, 0
L 1770, 4860, 0, 1770, 4890, 0, 255, 0, 0
L 1770, 4860, 0, 1790, 4860, 0, 255, 0, 0
L 1810, 4860, 0, 1810, 4830, 0, 255, 0, 0
L 1770, 4830, 0, 1810, 4830, 0, 255, 0, 0
L 1790, 4860, 0, 1810, 4860, 0, 255, 0, 0
L 1810, 4890, 0, 1790, 4860, 0, 255, 0, 0
L 1520, 4920, 0, 1520, 4980, 0, 255, 255, 0
L 1500, 4920, 0, 1540, 4920, 0, 255, 255, 0
L 1560, 4950, 0, 1590, 4950, 0, 255, 255, 0
L 1560, 4980, 0, 1590, 4980, 0, 255, 255, 0
L 1560, 4920, 0, 1560, 4980, 0, 255, 255, 0
L 1590, 4920, 0, 1560, 4920, 0, 255, 255, 0
L 1610, 4920, 0, 1610, 4980, 0, 255, 255, 0
L 1650, 4980, 0, 1610, 4980, 0, 255, 255, 0
L 1670, 4950, 0, 1700, 4950, 0, 255, 255, 0
L 1670, 4980, 0, 1700, 4980, 0, 255, 255, 0
L 1670, 4920, 0, 1670, 4980, 0, 255, 255, 0
L 1700, 4920, 0, 1670, 4920, 0, 255, 255, 0
L 1750, 4950, 0, 1720, 4950, 0, 255, 255, 0
L 1750, 4920, 0, 1750, 4950, 0, 255, 255, 0
L 1720, 4920, 0, 1750, 4920, 0, 255, 255, 0
L 1720, 4980, 0, 1720, 4920, 0, 255, 255, 0
L 1770, 4920, 0, 1800, 4920, 0, 255, 255, 0
L 1770, 4980, 0, 1800, 4980, 0, 255, 255, 0
L 1770, 4920, 0, 1770, 4980, 0, 255, 255, 0
L 1800, 4920, 0, 1800, 4980, 0, 255, 255, 0
L 1820, 4920, 0, 1820, 4950, 0, 255, 255, 0
L 1820, 4950, 0, 1820, 4980, 0, 255, 255, 0
L 1820, 4950, 0, 1840, 4950, 0, 255, 255, 0
L 1860, 4950, 0, 1860, 4920, 0, 255, 255, 0
L 1820, 4920, 0, 1860, 4920, 0, 255, 255, 0
L 1840, 4950, 0, 1860, 4950, 0, 255, 255, 0
L 1860, 4980, 0, 1840, 4950, 0, 255, 255, 0
L 1900, 4920, 0, 1900, 4980, 0, 255, 255, 0
L 1880, 4920, 0, 1920, 4920, 0, 255, 255, 0
L 1520, 5010, 0, 1520, 5070, 0, 128, 0, 128
L 1500, 5010, 0, 1540, 5010, 0, 128, 0, 128
L 1560, 5010, 0, 1560, 5040, 0, 128, 0, 128
L 1560, 5040, 0, 1560, 5070, 0, 128, 0, 128
L 1560, 5040, 0, 1580, 5040, 0, 128, 0, 128
L 1600, 5040, 0, 1600, 5010, 0, 128, 0, 128
L 1560, 5010, 0, 1600, 5010, 0, 128, 0, 128
L 1580, 5040, 0, 1600, 5040, 0, 128, 0, 128
L 1600, 5070, 0, 1580, 5040, 0, 128, 0, 128
L 1630, 5040, 0, 1650, 5040, 0, 128, 0, 128
L 1640, 5010, 0, 1660, 5070, 0, 128, 0, 128
L 1620, 5070, 0, 1640, 5010, 0, 128, 0, 128
L 1690, 5070, 0, 1690, 5010, 0, 128, 0, 128
L 1700, 5070, 0, 1680, 5070, 0, 128, 0, 128
L 1710, 5040, 0, 1700, 5070, 0, 128, 0, 128
L 1700, 5010, 0, 1710, 5040, 0, 128, 0, 128
L 1680, 5010, 0, 1700, 5010, 0, 128, 0, 128
L 1730, 5040, 0, 1760, 5040, 0, 128, 0, 128
L 1730, 5070, 0, 1760, 5070, 0, 128, 0, 128
L 1730, 5010, 0, 1730, 5070, 0, 128, 0, 128
L 1760, 5010, 0, 1730, 5010, 0, 128, 0, 128
L 1780, 5010, 0, 1780, 5040, 0, 128, 0, 128
L 1780, 5070, 0, 1820, 5070, 0, 128, 0, 128
L 1820, 5040, 0, 1780, 5040, 0, 128, 0, 128
L 1780, 5010, 0, 1820, 5010, 0, 128, 0, 128
L 1820, 5040, 0, 1820, 5070, 0, 128, 0, 128
L 1840, 5010, 0, 1840, 5040, 0, 128, 0, 128
L 1840, 5040, 0, 1840, 5070, 0, 128, 0, 128
L 1840, 5040, 0, 1880, 5070, 0, 128, 0, 128
L 1840, 5040, 0, 1880, 5010, 0, 128, 0, 128
L 1900, 5010, 0, 1900, 5070, 0, 128, 0, 128
L 1920, 5010, 0, 1920, 5070, 0, 128, 0, 128
L 1960, 5070, 0, 1920, 5070, 0, 128, 0, 128
L 1980, 5010, 0, 1980, 5070, 0, 128, 0, 128
L 2020, 5070, 0, 1980, 5070, 0, 128, 0, 128
L 2130, 5070, 0, 2100, 5070, 0, 128, 0, 128
L 2100, 5010, 0, 2130, 5010, 0, 128, 0, 128
L 2100, 5070, 0, 2100, 5010, 0, 128, 0, 128
L 2150, 5010, 0, 2180, 5010, 0, 128, 0, 128
L 2150, 5070, 0, 2180, 5070, 0, 128, 0, 128
L 2150, 5010, 0, 2150, 5070, 0, 128, 0, 128
L 2180, 5010, 0, 2180, 5070, 0, 128, 0, 128
L 2230, 5070, 0, 2230, 5010, 0, 128, 0, 128
L 2200, 5010, 0, 2230, 5070, 0, 128, 0, 128
L 2200, 5070, 0, 2200, 5010, 0, 128, 0, 128
L 2270, 5010, 0, 2270, 5070, 0, 128, 0, 128
L 2250, 5010, 0, 2290, 5010, 0, 128, 0, 128
L 2320, 5040, 0, 2340, 5040, 0, 128, 0, 128
L 2330, 5010, 0, 2350, 5070, 0, 128, 0, 128
L 2310, 5070, 0, 2330, 5010, 0, 128, 0, 128
L 2370, 5010, 0, 2370, 5070, 0, 128, 0, 128
L 2420, 5070, 0, 2420, 5010, 0, 128, 0, 128
L 2390, 5010, 0, 2420, 5070, 0, 128, 0, 128
L 2390, 5070, 0, 2390, 5010, 0, 128, 0, 128
L 2440, 5040, 0, 2470, 5040, 0, 128, 0, 128
L 2440, 5070, 0, 2470, 5070, 0, 128, 0, 128
L 2440, 5010, 0, 2440, 5070, 0, 128, 0, 128
L 2470, 5010, 0, 2440, 5010, 0, 128, 0, 128
L 2490, 5010, 0, 2490, 5040, 0, 128, 0, 128
L 2490, 5040, 0, 2490, 5070, 0, 128, 0, 128
L 2490, 5040, 0, 2510, 5040, 0, 128, 0, 128
L 2530, 5040, 0, 2530, 5010, 0, 128, 0, 128
L 2490, 5010, 0, 2530, 5010, 0, 128, 0, 128
L 2510, 5040, 0, 2530, 5040, 0, 128, 0, 128
L 2530, 5070, 0, 2510, 5040, 0, 128, 0, 128
L 1520, 5100, 0, 1520, 5160, 0, 255, 255, 0
L 1500, 5100, 0, 1540, 5100, 0, 255, 255, 0
L 1560, 5100, 0, 1560, 5130, 0, 255, 255, 0
L 1560, 5130, 0, 1560, 5160, 0, 255, 255, 0
L 1560, 5130, 0, 1580, 5130, 0, 255, 255, 0
L 1600, 5130, 0, 1600, 5100, 0, 255, 255, 0
L 1560, 5100, 0, 1600, 5100, 0, 255, 255, 0
L 1580, 5130, 0, 1600, 5130, 0, 255, 255, 0
L 1600, 5160, 0, 1580, 5130, 0, 255, 255, 0
L 1630, 5130, 0, 1650, 5130, 0, 255, 255, 0
L 1640, 5100, 0, 1660, 5160, 0, 255, 255, 0
L 1620, 5160, 0, 1640, 5100, 0, 255, 255, 0
L 1710, 5130, 0, 1680, 5130, 0, 255, 255, 0
L 1710, 5100, 0, 1710, 5130, 0, 255, 255, 0
L 1680, 5100, 0, 1710, 5100, 0, 255, 255, 0
L 1680, 5160, 0, 1680, 5100, 0, 255, 255, 0
L 1530, 5190, 0, 1500, 5190, 0, 255, 0, 0
L 1500, 5250, 0, 1530, 5190, 0, 255, 0, 0
L 1500, 5250, 0, 1530, 5250, 0, 255, 0, 0
L 1550, 5190, 0, 1580, 5190, 0, 255, 0, 0
L 1550, 5250, 0, 1580, 5250, 0, 255, 0, 0
L 1550, 5190, 0, 1550, 5250, 0, 255, 0, 0
L 1580, 5190, 0, 1580, 5250, 0, 255, 0, 0
L 1630, 5250, 0, 1630, 5190, 0, 255, 0, 0
L 1600, 5190, 0, 1630, 5250, 0, 255, 0, 0
L 1600, 5250, 0, 1600, 5190, 0, 255, 0, 0
L 1650, 5220, 0, 1680, 5220, 0, 255, 0, 0
L 1650, 5250, 0, 1680, 5250, 0, 255, 0, 0
L 1650, 5190, 0, 1650, 5250, 0, 255, 0, 0
L 1680, 5190, 0, 1650, 5190, 0, 255, 0, 0
P 500, 3500, 0, 0, 0, 0, 2, Original_Map:_Jyve_of_Antonius_Bayle
P 500, 3700, 0, 0, 0, 0, 2, Revised_Map:_Brewall_Rainsinger_(Cazic-Thule)
P 500, 3900, 0, 0, 0, 0, 2, http://www.eqmaps.info
P 500, 4100, 0, 0, 0, 0, 2, Return_of_the_Exiled_(www.roteguild.org)
P 500, 4300, 0, 127, 64, 0, 2, Animal_Tender_Bealon
P 500, 4500, 0, 127, 64, 0, 2, Belgar,_Captain_of_the_Wall
P 500, 4700, 0, 127, 64, 0, 2, Drentik_the_Mad
P 500, 4900, 0, 127, 64, 0, 2, Fihulf,_Hero_of_the_People
P 500, 5100, 0, 127, 64, 0, 2, Gatewatch_Urgwit
P 500, 5300, 0, 127, 64, 0, 2, Ironbelly
P 500, 5500, 0, 127, 64, 0, 2, Jotik_the_Guardian
P 500, 5700, 0, 127, 64, 0, 2, Kellet,_Royal_Guard_Captain
P 500, 5900, 0, 127, 64, 0, 2, Lorekeeper_Gerrod
P 500, 6100, 0, 127, 64, 0, 2, Lorekeeper_Magnus
P 500, 6300, 0, 127, 64, 0, 2, Mammoth_Tender_Granik
P 500, 6500, 0, 127, 64, 0, 2, Master_Smith_Goil
P 500, 6700, 0, 127, 64, 0, 2, Patriarch_Yerban
P 500, 6900, 0, 127, 64, 0, 2, Royal_Cryptguard_Zerakt
P 500, 7100, 0, 127, 64, 0, 2, Royal_Guard_Captain_Helgar
P 500, 7300, 0, 127, 64, 0, 2, Spring_Master_Yergin
P 500, 7500, 0, 127, 64, 0, 2, Squad_Leader_Brontik
P 500, 7700, 0, 127, 64, 0, 2, The_Void
P 500, 7900, 0, 127, 64, 0, 2, Watch_Commander_Cearul
P 500, 8100, 0, 127, 64, 0, 2, Watch_Commander_Thellik
