P 1293.9852, 1109.3318, 281.9174,  255, 0, 0,  3,  to_Skyfire_Mountains
P -1347.0000, -1238.0000, 0.0000,  255, 0, 0,  3,  to_Skyfire_Mountains
P 157.0000, -1310.0000, 0.0000,  255, 0, 0,  3,  to_Skyfire_Mountains
P 449.0000, -1176.0000, 0.0000,  255, 0, 0,  3,  to_Skyfire_Mountains
P -1680.0000, -40.0000, 0.0000,  255, 0, 0,  3,  from_Skyfire_Mountains
P -1223.8160, -1155.5100, 765.3680,  128, 64, 0,  2,  Xygoz_(Named)
P 142.3640, -1430.8160, 449.6450,  128, 64, 0,  2,  Druushk_(Named)
P 597.7430, -1188.2390, 676.1950,  128, 64, 0,  2,  Nexona_(Named)
P 208.0340, -336.3640, 450.8050,  128, 64, 0,  2,  Silverwing_(Named)
P -558.5920, -1444.2371, 269.9090,  128, 64, 0,  2,  Hoshkar_(Named)
P 1306.2570, 1155.2300, 280.9670,  128, 64, 0,  2,  Phara_Dar_(Named)
P 910.8231, -288.9381, 459.8143,  0, 0, 0,  2,  Vrabbit_Xloren
P 930.4316, -314.5834, 461.3383,  240, 240, 0,  2,  Locked_Door_(Picklock_200+)
P -273.8669, -1308.6252, 601.2894,  240, 240, 0,  2,  Locked_Door_(Picklock_200+)
P -235.4526, -1724.5789, 602.0131,  240, 240, 0,  2,  Locked_Door_(Picklock_200+)
P -604.6083, -1787.4460, 602.2776,  240, 240, 0,  2,  Locked_Door_(Picklock_200+)
P -229.4593, -184.5862, 361.4078,  127, 64, 0,  2,  Blood-Thirsty_Racnor_(Hunter)
P -491.7160, -841.2462, 521.2983,  127, 64, 0,  2,  Elder_Ekron_(Hunter,Roam)
P 622.1732, -873.1669, 441.3724,  127, 64, 0,  2,  Kluzen_the_Protector_(Hunter)
P -1263.5961, -389.7827, 40.1292,  127, 64, 0,  2,  Magma_Basilisk_(Hunter)
P -997.8871, -735.6206, 200.7978,  127, 64, 0,  2,  Milyex_Vioren_(Hunter)
P -288.7978, -855.3198, 521.3189,  127, 64, 0,  2,  Qunard_Ashnclaw_(Hunter)
P -1706.5294, -45.6255, 23.5394,  127, 64, 0,  2,  Travenro_the_Skygazer_(Hunter,Roam,HS)
P -300.0000, 2000.0000, 0.0000,  127, 64, 0,  2,  1._Blood-Thirsty_Racnor_-_PH=_
P -300.0000, 2200.0000, 0.0000,  127, 64, 0,  2,  2._Elder_Ekron_-_PH=_
P -300.0000, 2400.0000, 0.0000,  127, 64, 0,  2,  3._Kluzen_the_Protector_-_PH=_
P -300.0000, 2600.0000, 0.0000,  127, 64, 0,  2,  4._Magma_Baslisk_-_PH=_
P -300.0000, 2800.0000, 0.0000,  127, 64, 0,  2,  5._Milyex_Vloren_-_PH=_
P -300.0000, 3000.0000, 0.0000,  127, 64, 0,  2,  6._Qunard_Ashenclaw_-_PH=_
P -300.0000, 3200.0000, 0.0000,  127, 64, 0,  2,  7._Trvenro_the_Skygazer_-_PH=_
