L 1000.0, 0.0, 0.0, 1000.0, -50.0, 0.0, 255, 0, 0
L -20.0, 50.0, 0.0, -50.0, 20.0, 0.0, 255, 0, 0
L 50.0, 20.0, 0.0, 20.0, 50.0, 0.0, 255, 0, 0
L 20.0, -50.0, 0.0, 50.0, -20.0, 0.0, 255, 0, 0
L -50.0, -20.0, 0.0, -20.0, -50.0, 0.0, 255, 0, 0
L -50.0, 20.0, 0.0, -50.0, -20.0, 0.0, 255, 0, 0
L 20.0, 50.0, 0.0, -20.0, 50.0, 0.0, 255, 0, 0
L 50.0, -20.0, 0.0, 50.0, 20.0, 0.0, 255, 0, 0
L -20.0, -50.0, 0.0, 20.0, -50.0, 0.0, 255, 0, 0
L 580.0, -20.0, 0.0, 540.0, -20.0, 0.0, 255, 0, 0
L 580.0, -90.0, 0.0, 580.0, -20.0, 0.0, 255, 0, 0
L 540.0, -90.0, 0.0, 580.0, -90.0, 0.0, 255, 0, 0
L 540.0, -20.0, 0.0, 540.0, -90.0, 0.0, 255, 0, 0
L 520.0, -20.0, 0.0, 480.0, -20.0, 0.0, 255, 0, 0
L 520.0, -90.0, 0.0, 520.0, -20.0, 0.0, 255, 0, 0
L 480.0, -90.0, 0.0, 520.0, -90.0, 0.0, 255, 0, 0
L 480.0, -20.0, 0.0, 480.0, -90.0, 0.0, 255, 0, 0
L 460.0, -90.0, 0.0, 450.0, -80.0, 0.0, 255, 0, 0
L 460.0, -20.0, 0.0, 460.0, -90.0, 0.0, 255, 0, 0
L 0.0, -250.0, 0.0, 0.0, 250.0, 0.0, 255, 0, 0
L -250.0, 0.0, 0.0, 1000.0, 0.0, 0.0, 255, 0, 0
L -120.0, -80.0, 0.0, -120.0, -60.0, 0.0, 255, 0, 0
L -120.0, -60.0, 0.0, -120.0, -40.0, 0.0, 255, 0, 0
L -100.0, -60.0, 0.0, -120.0, -60.0, 0.0, 255, 0, 0
L -120.0, -60.0, 0.0, -140.0, -60.0, 0.0, 255, 0, 0
L -90.0, -50.0, 0.0, -100.0, -30.0, 0.0, 255, 0, 0
L -60.0, -80.0, 0.0, -60.0, -60.0, 0.0, 255, 0, 0
L -60.0, -60.0, 0.0, -60.0, -40.0, 0.0, 255, 0, 0
L -40.0, -60.0, 0.0, -60.0, -60.0, 0.0, 255, 0, 0
L -60.0, -60.0, 0.0, -80.0, -60.0, 0.0, 255, 0, 0
L 100.0, 60.0, 0.0, 120.0, 60.0, 0.0, 255, 0, 0
L 120.0, 60.0, 0.0, 140.0, 60.0, 0.0, 255, 0, 0
L 90.0, 70.0, 0.0, 80.0, 90.0, 0.0, 255, 0, 0
L 40.0, 60.0, 0.0, 60.0, 60.0, 0.0, 255, 0, 0
L 60.0, 60.0, 0.0, 80.0, 60.0, 0.0, 255, 0, 0
L -100.0, 60.0, 0.0, -120.0, 60.0, 0.0, 255, 0, 0
L -120.0, 60.0, 0.0, -140.0, 60.0, 0.0, 255, 0, 0
L -90.0, 70.0, 0.0, -100.0, 90.0, 0.0, 255, 0, 0
L -60.0, 80.0, 0.0, -60.0, 60.0, 0.0, 255, 0, 0
L -60.0, 60.0, 0.0, -60.0, 40.0, 0.0, 255, 0, 0
L -40.0, 60.0, 0.0, -60.0, 60.0, 0.0, 255, 0, 0
L -60.0, 60.0, 0.0, -80.0, 60.0, 0.0, 255, 0, 0
L 100.0, -60.0, 0.0, 120.0, -60.0, 0.0, 255, 0, 0
L 120.0, -60.0, 0.0, 140.0, -60.0, 0.0, 255, 0, 0
L 90.0, -50.0, 0.0, 80.0, -30.0, 0.0, 255, 0, 0
L 60.0, -80.0, 0.0, 60.0, -60.0, 0.0, 255, 0, 0
L 60.0, -60.0, 0.0, 60.0, -40.0, 0.0, 255, 0, 0
L 40.0, -60.0, 0.0, 60.0, -60.0, 0.0, 255, 0, 0
L 60.0, -60.0, 0.0, 80.0, -60.0, 0.0, 255, 0, 0
L 599.0, -90.0, 0.0, 637.3, -90.0, 0.0, 255, 0, 0
L 599.0, -20.0, 0.0, 637.3, -20.0, 0.0, 255, 0, 0
L 599.0, -90.0, 0.0, 599.0, -20.0, 0.0, 255, 0, 0
L 637.3, -90.0, 0.0, 637.3, -20.0, 0.0, 255, 0, 0
L 1000, 0, 0, 1000, 60, 0, 0, 0, 0
L 1040, 60, 0, 1000, 60, 0, 0, 0, 0
L 1060, 30, 0, 1090, 30, 0, 0, 0, 0
L 1060, 60, 0, 1090, 60, 0, 0, 0, 0
L 1060, 0, 0, 1060, 60, 0, 0, 0, 0
L 1090, 0, 0, 1060, 0, 0, 0, 0, 0
L 1140, 60, 0, 1110, 60, 0, 0, 0, 0
L 1110, 0, 0, 1140, 0, 0, 0, 0, 0
L 1110, 60, 0, 1110, 0, 0, 0, 0, 0
L 1140, 60, 0, 1140, 30, 0, 0, 0, 0
L 1140, 30, 0, 1120, 30, 0, 0, 0, 0
L 1160, 30, 0, 1190, 30, 0, 0, 0, 0
L 1160, 60, 0, 1190, 60, 0, 0, 0, 0
L 1160, 0, 0, 1160, 60, 0, 0, 0, 0
L 1190, 0, 0, 1160, 0, 0, 0, 0, 0
L 1240, 60, 0, 1240, 0, 0, 0, 0, 0
L 1210, 0, 0, 1240, 60, 0, 0, 0, 0
L 1210, 60, 0, 1210, 0, 0, 0, 0, 0
L 1270, 60, 0, 1270, 0, 0, 0, 0, 0
L 1280, 60, 0, 1260, 60, 0, 0, 0, 0
L 1290, 30, 0, 1280, 60, 0, 0, 0, 0
L 1280, 0, 0, 1290, 30, 0, 0, 0, 0
L 1260, 0, 0, 1280, 0, 0, 0, 0, 0
L 1000, 210, 0, 1060, 210, 0, 0, 0, 0
L 1000, 130, 0, 1060, 130, 0, 0, 0, 0
L 1030, 183, 0, 1030, 157, 0, 205, 133, 63
L 1060, 210, 0, 1120, 210, 0, 0, 0, 0
L 1060, 210, 0, 1060, 183, 0, 205, 133, 63
L 1030, 183, 0, 1090, 183, 0, 205, 133, 63
L 1030, 157, 0, 1060, 157, 0, 205, 133, 63
L 1060, 157, 0, 1090, 157, 0, 205, 133, 63
L 1060, 130, 0, 1120, 130, 0, 0, 0, 0
L 1060, 157, 0, 1060, 130, 0, 205, 133, 63
L 1090, 183, 0, 1090, 157, 0, 205, 133, 63
L 1170, 200, 0, 1170, 140, 0, 0, 0, 0
L 1180, 200, 0, 1160, 200, 0, 0, 0, 0
L 1190, 170, 0, 1180, 200, 0, 0, 0, 0
L 1180, 140, 0, 1190, 170, 0, 0, 0, 0
L 1160, 140, 0, 1180, 140, 0, 0, 0, 0
L 1210, 140, 0, 1240, 140, 0, 0, 0, 0
L 1210, 200, 0, 1240, 200, 0, 0, 0, 0
L 1210, 140, 0, 1210, 200, 0, 0, 0, 0
L 1240, 140, 0, 1240, 200, 0, 0, 0, 0
L 1260, 140, 0, 1290, 140, 0, 0, 0, 0
L 1260, 200, 0, 1290, 200, 0, 0, 0, 0
L 1260, 140, 0, 1260, 200, 0, 0, 0, 0
L 1290, 140, 0, 1290, 200, 0, 0, 0, 0
L 1310, 140, 0, 1310, 170, 0, 0, 0, 0
L 1310, 170, 0, 1310, 200, 0, 0, 0, 0
L 1310, 170, 0, 1330, 170, 0, 0, 0, 0
L 1350, 170, 0, 1350, 140, 0, 0, 0, 0
L 1310, 140, 0, 1350, 140, 0, 0, 0, 0
L 1330, 170, 0, 1350, 170, 0, 0, 0, 0
L 1350, 200, 0, 1330, 170, 0, 0, 0, 0
L 1000, 330, 0, 1060, 330, 0, 0, 0, 0
L 1000, 250, 0, 1060, 250, 0, 0, 0, 0
L 1030, 303, 0, 1030, 277, 0, 255, 255, 0
L 1060, 330, 0, 1120, 330, 0, 0, 0, 0
L 1060, 330, 0, 1060, 303, 0, 255, 255, 0
L 1030, 303, 0, 1090, 303, 0, 255, 255, 0
L 1030, 277, 0, 1060, 277, 0, 255, 255, 0
L 1060, 277, 0, 1090, 277, 0, 255, 255, 0
L 1060, 250, 0, 1120, 250, 0, 0, 0, 0
L 1060, 277, 0, 1060, 250, 0, 255, 255, 0
L 1090, 303, 0, 1090, 277, 0, 255, 255, 0
L 1160, 260, 0, 1160, 320, 0, 0, 0, 0
L 1200, 320, 0, 1160, 320, 0, 0, 0, 0
L 1220, 260, 0, 1250, 260, 0, 0, 0, 0
L 1220, 320, 0, 1250, 320, 0, 0, 0, 0
L 1220, 260, 0, 1220, 320, 0, 0, 0, 0
L 1250, 260, 0, 1250, 320, 0, 0, 0, 0
L 1300, 320, 0, 1270, 320, 0, 0, 0, 0
L 1270, 260, 0, 1300, 260, 0, 0, 0, 0
L 1270, 320, 0, 1270, 260, 0, 0, 0, 0
L 1320, 260, 0, 1320, 290, 0, 0, 0, 0
L 1320, 290, 0, 1320, 320, 0, 0, 0, 0
L 1320, 290, 0, 1360, 320, 0, 0, 0, 0
L 1320, 290, 0, 1360, 260, 0, 0, 0, 0
L 1380, 290, 0, 1410, 290, 0, 0, 0, 0
L 1380, 320, 0, 1410, 320, 0, 0, 0, 0
L 1380, 260, 0, 1380, 320, 0, 0, 0, 0
L 1410, 260, 0, 1380, 260, 0, 0, 0, 0
L 1440, 320, 0, 1440, 260, 0, 0, 0, 0
L 1450, 320, 0, 1430, 320, 0, 0, 0, 0
L 1460, 290, 0, 1450, 320, 0, 0, 0, 0
L 1450, 260, 0, 1460, 290, 0, 0, 0, 0
L 1430, 260, 0, 1450, 260, 0, 0, 0, 0
L 1550, 320, 0, 1550, 260, 0, 0, 0, 0
L 1560, 320, 0, 1540, 320, 0, 0, 0, 0
L 1570, 290, 0, 1560, 320, 0, 0, 0, 0
L 1560, 260, 0, 1570, 290, 0, 0, 0, 0
L 1540, 260, 0, 1560, 260, 0, 0, 0, 0
L 1590, 260, 0, 1620, 260, 0, 0, 0, 0
L 1590, 320, 0, 1620, 320, 0, 0, 0, 0
L 1590, 260, 0, 1590, 320, 0, 0, 0, 0
L 1620, 260, 0, 1620, 320, 0, 0, 0, 0
L 1640, 260, 0, 1670, 260, 0, 0, 0, 0
L 1640, 320, 0, 1670, 320, 0, 0, 0, 0
L 1640, 260, 0, 1640, 320, 0, 0, 0, 0
L 1670, 260, 0, 1670, 320, 0, 0, 0, 0
L 1690, 260, 0, 1690, 290, 0, 0, 0, 0
L 1690, 290, 0, 1690, 320, 0, 0, 0, 0
L 1690, 290, 0, 1710, 290, 0, 0, 0, 0
L 1730, 290, 0, 1730, 260, 0, 0, 0, 0
L 1690, 260, 0, 1730, 260, 0, 0, 0, 0
L 1710, 290, 0, 1730, 290, 0, 0, 0, 0
L 1730, 320, 0, 1710, 290, 0, 0, 0, 0
L 1000, 450, 0, 1090, 450, 0, 0, 0, 0
L 1000, 370, 0, 1090, 370, 0, 0, 0, 0
L 1090, 370, 0, 1120, 370, 0, 0, 0, 0
L 1090, 450, 0, 1120, 450, 0, 0, 0, 0
L 1090, 370, 0, 1090, 410, 0, 255, 255, 0
L 1030, 390, 0, 1030, 430, 0, 255, 255, 0
L 1090, 410, 0, 1090, 450, 0, 255, 255, 0
L 1090, 410, 0, 1030, 390, 0, 255, 255, 0
L 1090, 410, 0, 1030, 430, 0, 255, 255, 0
L 1160, 380, 0, 1190, 380, 0, 0, 0, 0
L 1160, 440, 0, 1190, 440, 0, 0, 0, 0
L 1160, 380, 0, 1160, 440, 0, 0, 0, 0
L 1190, 380, 0, 1190, 440, 0, 0, 0, 0
L 1240, 440, 0, 1240, 380, 0, 0, 0, 0
L 1210, 380, 0, 1240, 440, 0, 0, 0, 0
L 1210, 440, 0, 1210, 380, 0, 0, 0, 0
L 1260, 410, 0, 1290, 410, 0, 0, 0, 0
L 1260, 440, 0, 1290, 440, 0, 0, 0, 0
L 1260, 380, 0, 1260, 440, 0, 0, 0, 0
L 1290, 380, 0, 1260, 380, 0, 0, 0, 0
L 1400, 440, 0, 1410, 380, 0, 0, 0, 0
L 1390, 410, 0, 1400, 440, 0, 0, 0, 0
L 1380, 440, 0, 1390, 410, 0, 0, 0, 0
L 1370, 380, 0, 1380, 440, 0, 0, 0, 0
L 1440, 410, 0, 1460, 410, 0, 0, 0, 0
L 1450, 380, 0, 1470, 440, 0, 0, 0, 0
L 1430, 440, 0, 1450, 380, 0, 0, 0, 0
L 1510, 410, 0, 1510, 440, 0, 0, 0, 0
L 1510, 410, 0, 1530, 380, 0, 0, 0, 0
L 1490, 380, 0, 1510, 410, 0, 0, 0, 0
L 1000, 490, 0, 1000, 520, 0, 255, 210, 0
L 1000, 490, 0, 1020, 490, 0, 255, 210, 0
L 1020, 550, 0, 1000, 550, 0, 255, 210, 0
L 1000, 520, 0, 1000, 550, 0, 255, 210, 0
L 1020, 520, 0, 1000, 520, 0, 255, 210, 0
L 1020, 520, 0, 1040, 505, 0, 255, 210, 0
L 1020, 490, 0, 1040, 505, 0, 255, 210, 0
L 1020, 520, 0, 1040, 535, 0, 255, 210, 0
L 1040, 535, 0, 1020, 550, 0, 255, 210, 0
L 1070, 520, 0, 1090, 520, 0, 255, 210, 0
L 1080, 490, 0, 1100, 550, 0, 255, 210, 0
L 1060, 550, 0, 1080, 490, 0, 255, 210, 0
L 1150, 550, 0, 1150, 490, 0, 255, 210, 0
L 1120, 490, 0, 1150, 550, 0, 255, 210, 0
L 1120, 550, 0, 1120, 490, 0, 255, 210, 0
L 1170, 490, 0, 1170, 520, 0, 255, 210, 0
L 1170, 520, 0, 1170, 550, 0, 255, 210, 0
L 1170, 520, 0, 1210, 550, 0, 255, 210, 0
L 1170, 520, 0, 1210, 490, 0, 255, 210, 0
L 1230, 520, 0, 1260, 520, 0, 255, 210, 0
L 1230, 550, 0, 1260, 550, 0, 255, 210, 0
L 1230, 490, 0, 1230, 550, 0, 255, 210, 0
L 1260, 490, 0, 1230, 490, 0, 255, 210, 0
L 1280, 490, 0, 1280, 520, 0, 255, 210, 0
L 1280, 520, 0, 1280, 550, 0, 255, 210, 0
L 1280, 520, 0, 1300, 520, 0, 255, 210, 0
L 1320, 520, 0, 1320, 490, 0, 255, 210, 0
L 1280, 490, 0, 1320, 490, 0, 255, 210, 0
L 1300, 520, 0, 1320, 520, 0, 255, 210, 0
L 1320, 550, 0, 1300, 520, 0, 255, 210, 0
L 1030, 640, 0, 1000, 640, 0, 255, 255, 255
L 1000, 580, 0, 1030, 580, 0, 255, 255, 255
L 1000, 640, 0, 1000, 580, 0, 255, 255, 255
L 1050, 580, 0, 1080, 580, 0, 255, 255, 255
L 1050, 640, 0, 1080, 640, 0, 255, 255, 255
L 1050, 580, 0, 1050, 640, 0, 255, 255, 255
L 1080, 580, 0, 1080, 640, 0, 255, 255, 255
L 1140, 580, 0, 1140, 640, 0, 255, 255, 255
L 1120, 610, 0, 1140, 580, 0, 255, 255, 255
L 1100, 580, 0, 1120, 610, 0, 255, 255, 255
L 1100, 640, 0, 1100, 580, 0, 255, 255, 255
L 1200, 580, 0, 1200, 640, 0, 255, 255, 255
L 1180, 610, 0, 1200, 580, 0, 255, 255, 255
L 1160, 580, 0, 1180, 610, 0, 255, 255, 255
L 1160, 640, 0, 1160, 580, 0, 255, 255, 255
L 1220, 610, 0, 1250, 610, 0, 255, 255, 255
L 1220, 640, 0, 1250, 640, 0, 255, 255, 255
L 1220, 580, 0, 1220, 640, 0, 255, 255, 255
L 1250, 580, 0, 1220, 580, 0, 255, 255, 255
L 1300, 640, 0, 1300, 580, 0, 255, 255, 255
L 1270, 580, 0, 1300, 640, 0, 255, 255, 255
L 1270, 640, 0, 1270, 580, 0, 255, 255, 255
L 1340, 580, 0, 1340, 640, 0, 255, 255, 255
L 1320, 580, 0, 1360, 580, 0, 255, 255, 255
L 1030, 730, 0, 1000, 730, 0, 0, 0, 0
L 1000, 670, 0, 1030, 670, 0, 0, 0, 0
L 1000, 730, 0, 1000, 670, 0, 0, 0, 0
L 1030, 730, 0, 1030, 700, 0, 0, 0, 0
L 1030, 700, 0, 1010, 700, 0, 0, 0, 0
L 1050, 700, 0, 1080, 700, 0, 0, 0, 0
L 1050, 730, 0, 1080, 730, 0, 0, 0, 0
L 1050, 670, 0, 1050, 730, 0, 0, 0, 0
L 1080, 670, 0, 1050, 670, 0, 0, 0, 0
L 1130, 730, 0, 1130, 670, 0, 0, 0, 0
L 1100, 670, 0, 1130, 730, 0, 0, 0, 0
L 1100, 730, 0, 1100, 670, 0, 0, 0, 0
L 1150, 700, 0, 1180, 700, 0, 0, 0, 0
L 1150, 730, 0, 1180, 730, 0, 0, 0, 0
L 1150, 670, 0, 1150, 730, 0, 0, 0, 0
L 1180, 670, 0, 1150, 670, 0, 0, 0, 0
L 1200, 670, 0, 1200, 700, 0, 0, 0, 0
L 1200, 700, 0, 1200, 730, 0, 0, 0, 0
L 1200, 700, 0, 1220, 700, 0, 0, 0, 0
L 1240, 700, 0, 1240, 670, 0, 0, 0, 0
L 1200, 670, 0, 1240, 670, 0, 0, 0, 0
L 1220, 700, 0, 1240, 700, 0, 0, 0, 0
L 1240, 730, 0, 1220, 700, 0, 0, 0, 0
L 1270, 700, 0, 1290, 700, 0, 0, 0, 0
L 1280, 670, 0, 1300, 730, 0, 0, 0, 0
L 1260, 730, 0, 1280, 670, 0, 0, 0, 0
L 1320, 670, 0, 1320, 730, 0, 0, 0, 0
L 1360, 730, 0, 1320, 730, 0, 0, 0, 0
L 1030, 820, 0, 1000, 820, 0, 0, 0, 255
L 1000, 760, 0, 1030, 760, 0, 0, 0, 255
L 1000, 820, 0, 1000, 760, 0, 0, 0, 255
L 1030, 820, 0, 1030, 790, 0, 0, 0, 255
L 1030, 790, 0, 1010, 790, 0, 0, 0, 255
L 1050, 760, 0, 1050, 790, 0, 0, 0, 255
L 1050, 790, 0, 1050, 820, 0, 0, 0, 255
L 1050, 790, 0, 1070, 790, 0, 0, 0, 255
L 1090, 790, 0, 1090, 760, 0, 0, 0, 255
L 1050, 760, 0, 1090, 760, 0, 0, 0, 255
L 1070, 790, 0, 1090, 790, 0, 0, 0, 255
L 1090, 820, 0, 1070, 790, 0, 0, 0, 255
L 1110, 760, 0, 1140, 760, 0, 0, 0, 255
L 1110, 820, 0, 1140, 820, 0, 0, 0, 255
L 1110, 760, 0, 1110, 820, 0, 0, 0, 255
L 1140, 760, 0, 1140, 820, 0, 0, 0, 255
L 1200, 760, 0, 1200, 820, 0, 0, 0, 255
L 1160, 760, 0, 1160, 820, 0, 0, 0, 255
L 1160, 820, 0, 1200, 820, 0, 0, 0, 255
L 1250, 820, 0, 1250, 760, 0, 0, 0, 255
L 1220, 760, 0, 1250, 820, 0, 0, 0, 255
L 1220, 820, 0, 1220, 760, 0, 0, 0, 255
L 1280, 820, 0, 1280, 760, 0, 0, 0, 255
L 1290, 820, 0, 1270, 820, 0, 0, 0, 255
L 1300, 790, 0, 1290, 820, 0, 0, 0, 255
L 1290, 760, 0, 1300, 790, 0, 0, 0, 255
L 1270, 760, 0, 1290, 760, 0, 0, 0, 255
L 1380, 760, 0, 1380, 790, 0, 0, 0, 255
L 1380, 820, 0, 1420, 820, 0, 0, 0, 255
L 1420, 790, 0, 1380, 790, 0, 0, 0, 255
L 1380, 760, 0, 1420, 760, 0, 0, 0, 255
L 1420, 790, 0, 1420, 820, 0, 0, 0, 255
L 1470, 790, 0, 1440, 790, 0, 0, 0, 255
L 1470, 760, 0, 1470, 790, 0, 0, 0, 255
L 1440, 760, 0, 1470, 760, 0, 0, 0, 255
L 1440, 820, 0, 1440, 760, 0, 0, 0, 255
L 1500, 790, 0, 1520, 790, 0, 0, 0, 255
L 1510, 760, 0, 1530, 820, 0, 0, 0, 255
L 1490, 820, 0, 1510, 760, 0, 0, 0, 255
L 1580, 820, 0, 1590, 760, 0, 0, 0, 255
L 1570, 790, 0, 1580, 820, 0, 0, 0, 255
L 1560, 820, 0, 1570, 790, 0, 0, 0, 255
L 1550, 760, 0, 1560, 820, 0, 0, 0, 255
L 1640, 820, 0, 1640, 760, 0, 0, 0, 255
L 1610, 760, 0, 1640, 820, 0, 0, 0, 255
L 1610, 820, 0, 1610, 760, 0, 0, 0, 255
L 1030, 910, 0, 1000, 910, 0, 128, 128, 128
L 1000, 850, 0, 1030, 850, 0, 128, 128, 128
L 1000, 910, 0, 1000, 850, 0, 128, 128, 128
L 1030, 910, 0, 1030, 880, 0, 128, 128, 128
L 1030, 880, 0, 1010, 880, 0, 128, 128, 128
L 1090, 850, 0, 1090, 910, 0, 128, 128, 128
L 1050, 850, 0, 1050, 910, 0, 128, 128, 128
L 1050, 910, 0, 1090, 910, 0, 128, 128, 128
L 1110, 850, 0, 1110, 910, 0, 128, 128, 128
L 1130, 850, 0, 1130, 910, 0, 128, 128, 128
L 1170, 910, 0, 1130, 910, 0, 128, 128, 128
L 1200, 910, 0, 1200, 850, 0, 128, 128, 128
L 1210, 910, 0, 1190, 910, 0, 128, 128, 128
L 1220, 880, 0, 1210, 910, 0, 128, 128, 128
L 1210, 850, 0, 1220, 880, 0, 128, 128, 128
L 1190, 850, 0, 1210, 850, 0, 128, 128, 128
L 1340, 850, 0, 1340, 910, 0, 128, 128, 128
L 1320, 880, 0, 1340, 850, 0, 128, 128, 128
L 1300, 850, 0, 1320, 880, 0, 128, 128, 128
L 1300, 910, 0, 1300, 850, 0, 128, 128, 128
L 1370, 880, 0, 1390, 880, 0, 128, 128, 128
L 1380, 850, 0, 1400, 910, 0, 128, 128, 128
L 1360, 910, 0, 1380, 850, 0, 128, 128, 128
L 1420, 850, 0, 1420, 880, 0, 128, 128, 128
L 1420, 910, 0, 1460, 910, 0, 128, 128, 128
L 1460, 880, 0, 1420, 880, 0, 128, 128, 128
L 1420, 850, 0, 1460, 850, 0, 128, 128, 128
L 1460, 880, 0, 1460, 910, 0, 128, 128, 128
L 1500, 850, 0, 1500, 910, 0, 128, 128, 128
L 1480, 850, 0, 1520, 850, 0, 128, 128, 128
L 1540, 880, 0, 1570, 880, 0, 128, 128, 128
L 1540, 910, 0, 1570, 910, 0, 128, 128, 128
L 1540, 850, 0, 1540, 910, 0, 128, 128, 128
L 1570, 850, 0, 1540, 850, 0, 128, 128, 128
L 1590, 850, 0, 1590, 880, 0, 128, 128, 128
L 1590, 880, 0, 1590, 910, 0, 128, 128, 128
L 1590, 880, 0, 1610, 880, 0, 128, 128, 128
L 1630, 880, 0, 1630, 850, 0, 128, 128, 128
L 1590, 850, 0, 1630, 850, 0, 128, 128, 128
L 1610, 880, 0, 1630, 880, 0, 128, 128, 128
L 1630, 910, 0, 1610, 880, 0, 128, 128, 128
L 1000, 940, 0, 1000, 970, 0, 127, 64, 0
L 1040, 1000, 0, 1040, 970, 0, 127, 64, 0
L 1000, 970, 0, 1000, 1000, 0, 127, 64, 0
L 1040, 970, 0, 1040, 940, 0, 127, 64, 0
L 1000, 970, 0, 1040, 970, 0, 127, 64, 0
L 1100, 940, 0, 1100, 1000, 0, 127, 64, 0
L 1060, 940, 0, 1060, 1000, 0, 127, 64, 0
L 1060, 1000, 0, 1100, 1000, 0, 127, 64, 0
L 1150, 1000, 0, 1150, 940, 0, 127, 64, 0
L 1120, 940, 0, 1150, 1000, 0, 127, 64, 0
L 1120, 1000, 0, 1120, 940, 0, 127, 64, 0
L 1190, 940, 0, 1190, 1000, 0, 127, 64, 0
L 1170, 940, 0, 1210, 940, 0, 127, 64, 0
L 1230, 970, 0, 1260, 970, 0, 127, 64, 0
L 1230, 1000, 0, 1260, 1000, 0, 127, 64, 0
L 1230, 940, 0, 1230, 1000, 0, 127, 64, 0
L 1260, 940, 0, 1230, 940, 0, 127, 64, 0
L 1280, 940, 0, 1280, 970, 0, 127, 64, 0
L 1280, 970, 0, 1280, 1000, 0, 127, 64, 0
L 1280, 970, 0, 1300, 970, 0, 127, 64, 0
L 1320, 970, 0, 1320, 940, 0, 127, 64, 0
L 1280, 940, 0, 1320, 940, 0, 127, 64, 0
L 1300, 970, 0, 1320, 970, 0, 127, 64, 0
L 1320, 1000, 0, 1300, 970, 0, 127, 64, 0
L 1040, 1030, 0, 1040, 1090, 0, 0, 127, 0
L 1020, 1060, 0, 1040, 1030, 0, 0, 127, 0
L 1000, 1030, 0, 1020, 1060, 0, 0, 127, 0
L 1000, 1090, 0, 1000, 1030, 0, 0, 127, 0
L 1060, 1060, 0, 1090, 1060, 0, 0, 127, 0
L 1060, 1090, 0, 1090, 1090, 0, 0, 127, 0
L 1060, 1030, 0, 1060, 1090, 0, 0, 127, 0
L 1090, 1030, 0, 1060, 1030, 0, 0, 127, 0
L 1110, 1030, 0, 1110, 1060, 0, 0, 127, 0
L 1110, 1060, 0, 1110, 1090, 0, 0, 127, 0
L 1110, 1060, 0, 1130, 1060, 0, 0, 127, 0
L 1150, 1060, 0, 1150, 1030, 0, 0, 127, 0
L 1110, 1030, 0, 1150, 1030, 0, 0, 127, 0
L 1130, 1060, 0, 1150, 1060, 0, 0, 127, 0
L 1150, 1090, 0, 1130, 1060, 0, 0, 127, 0
L 1200, 1090, 0, 1170, 1090, 0, 0, 127, 0
L 1170, 1030, 0, 1200, 1030, 0, 0, 127, 0
L 1170, 1090, 0, 1170, 1030, 0, 0, 127, 0
L 1220, 1030, 0, 1220, 1060, 0, 0, 127, 0
L 1260, 1090, 0, 1260, 1060, 0, 0, 127, 0
L 1220, 1060, 0, 1220, 1090, 0, 0, 127, 0
L 1260, 1060, 0, 1260, 1030, 0, 0, 127, 0
L 1220, 1060, 0, 1260, 1060, 0, 0, 127, 0
L 1290, 1060, 0, 1310, 1060, 0, 0, 127, 0
L 1300, 1030, 0, 1320, 1090, 0, 0, 127, 0
L 1280, 1090, 0, 1300, 1030, 0, 0, 127, 0
L 1370, 1090, 0, 1370, 1030, 0, 0, 127, 0
L 1340, 1030, 0, 1370, 1090, 0, 0, 127, 0
L 1340, 1090, 0, 1340, 1030, 0, 0, 127, 0
L 1410, 1030, 0, 1410, 1090, 0, 0, 127, 0
L 1390, 1030, 0, 1430, 1030, 0, 0, 127, 0
L 1040, 1120, 0, 1040, 1180, 0, 0, 127, 127
L 1020, 1150, 0, 1040, 1120, 0, 0, 127, 127
L 1000, 1120, 0, 1020, 1150, 0, 0, 127, 127
L 1000, 1180, 0, 1000, 1120, 0, 0, 127, 127
L 1060, 1120, 0, 1060, 1180, 0, 0, 127, 127
L 1080, 1120, 0, 1080, 1150, 0, 0, 127, 127
L 1080, 1180, 0, 1120, 1180, 0, 0, 127, 127
L 1120, 1150, 0, 1080, 1150, 0, 0, 127, 127
L 1080, 1120, 0, 1120, 1120, 0, 0, 127, 127
L 1120, 1150, 0, 1120, 1180, 0, 0, 127, 127
L 1140, 1120, 0, 1140, 1150, 0, 0, 127, 127
L 1140, 1180, 0, 1180, 1180, 0, 0, 127, 127
L 1180, 1150, 0, 1140, 1150, 0, 0, 127, 127
L 1140, 1120, 0, 1180, 1120, 0, 0, 127, 127
L 1180, 1150, 0, 1180, 1180, 0, 0, 127, 127
L 1200, 1120, 0, 1200, 1180, 0, 0, 127, 127
L 1220, 1120, 0, 1250, 1120, 0, 0, 127, 127
L 1220, 1180, 0, 1250, 1180, 0, 0, 127, 127
L 1220, 1120, 0, 1220, 1180, 0, 0, 127, 127
L 1250, 1120, 0, 1250, 1180, 0, 0, 127, 127
L 1300, 1180, 0, 1300, 1120, 0, 0, 127, 127
L 1270, 1120, 0, 1300, 1180, 0, 0, 127, 127
L 1270, 1180, 0, 1270, 1120, 0, 0, 127, 127
L 1030, 1270, 0, 1030, 1210, 0, 127, 64, 0
L 1000, 1210, 0, 1030, 1270, 0, 127, 64, 0
L 1000, 1270, 0, 1000, 1210, 0, 127, 64, 0
L 1060, 1240, 0, 1080, 1240, 0, 127, 64, 0
L 1070, 1210, 0, 1090, 1270, 0, 127, 64, 0
L 1050, 1270, 0, 1070, 1210, 0, 127, 64, 0
L 1150, 1210, 0, 1150, 1270, 0, 127, 64, 0
L 1130, 1240, 0, 1150, 1210, 0, 127, 64, 0
L 1110, 1210, 0, 1130, 1240, 0, 127, 64, 0
L 1110, 1270, 0, 1110, 1210, 0, 127, 64, 0
L 1170, 1240, 0, 1200, 1240, 0, 127, 64, 0
L 1170, 1270, 0, 1200, 1270, 0, 127, 64, 0
L 1170, 1210, 0, 1170, 1270, 0, 127, 64, 0
L 1200, 1210, 0, 1170, 1210, 0, 127, 64, 0
L 1230, 1270, 0, 1230, 1210, 0, 127, 64, 0
L 1240, 1270, 0, 1220, 1270, 0, 127, 64, 0
L 1250, 1240, 0, 1240, 1270, 0, 127, 64, 0
L 1240, 1210, 0, 1250, 1240, 0, 127, 64, 0
L 1220, 1210, 0, 1240, 1210, 0, 127, 64, 0
L 1030, 1330, 0, 1000, 1330, 0, 0, 255, 0
L 1030, 1300, 0, 1030, 1330, 0, 0, 255, 0
L 1000, 1300, 0, 1030, 1300, 0, 0, 255, 0
L 1000, 1360, 0, 1000, 1300, 0, 0, 255, 0
L 1060, 1330, 0, 1080, 1330, 0, 0, 255, 0
L 1070, 1300, 0, 1090, 1360, 0, 0, 255, 0
L 1050, 1360, 0, 1070, 1300, 0, 0, 255, 0
L 1110, 1300, 0, 1110, 1330, 0, 0, 255, 0
L 1110, 1330, 0, 1110, 1360, 0, 0, 255, 0
L 1110, 1330, 0, 1130, 1330, 0, 0, 255, 0
L 1150, 1330, 0, 1150, 1300, 0, 0, 255, 0
L 1110, 1300, 0, 1150, 1300, 0, 0, 255, 0
L 1130, 1330, 0, 1150, 1330, 0, 0, 255, 0
L 1150, 1360, 0, 1130, 1330, 0, 0, 255, 0
L 1200, 1360, 0, 1170, 1360, 0, 0, 255, 0
L 1170, 1300, 0, 1200, 1300, 0, 0, 255, 0
L 1170, 1360, 0, 1170, 1300, 0, 0, 255, 0
L 1220, 1330, 0, 1250, 1330, 0, 0, 255, 0
L 1220, 1360, 0, 1250, 1360, 0, 0, 255, 0
L 1220, 1300, 0, 1220, 1360, 0, 0, 255, 0
L 1250, 1300, 0, 1220, 1300, 0, 0, 255, 0
L 1270, 1300, 0, 1270, 1360, 0, 0, 255, 0
L 1310, 1360, 0, 1270, 1360, 0, 0, 255, 0
L 1330, 1300, 0, 1330, 1330, 0, 0, 255, 0
L 1330, 1360, 0, 1370, 1360, 0, 0, 255, 0
L 1370, 1330, 0, 1330, 1330, 0, 0, 255, 0
L 1330, 1300, 0, 1370, 1300, 0, 0, 255, 0
L 1370, 1330, 0, 1370, 1360, 0, 0, 255, 0
L 1000, 1390, 0, 1000, 1420, 0, 0, 240, 240
L 1000, 1420, 0, 1000, 1450, 0, 0, 240, 240
L 1000, 1420, 0, 1020, 1420, 0, 0, 240, 240
L 1040, 1420, 0, 1040, 1390, 0, 0, 240, 240
L 1000, 1390, 0, 1040, 1390, 0, 0, 240, 240
L 1020, 1420, 0, 1040, 1420, 0, 0, 240, 240
L 1040, 1450, 0, 1020, 1420, 0, 0, 240, 240
L 1070, 1420, 0, 1090, 1420, 0, 0, 240, 240
L 1080, 1390, 0, 1100, 1450, 0, 0, 240, 240
L 1060, 1450, 0, 1080, 1390, 0, 0, 240, 240
L 1120, 1390, 0, 1120, 1450, 0, 0, 240, 240
L 1150, 1450, 0, 1150, 1390, 0, 0, 240, 240
L 1160, 1450, 0, 1140, 1450, 0, 0, 240, 240
L 1170, 1420, 0, 1160, 1450, 0, 0, 240, 240
L 1160, 1390, 0, 1170, 1420, 0, 0, 240, 240
L 1140, 1390, 0, 1160, 1390, 0, 0, 240, 240
L 1000, 1480, 0, 1000, 1510, 0, 0, 255, 0
L 1000, 1540, 0, 1040, 1540, 0, 0, 255, 0
L 1040, 1510, 0, 1000, 1510, 0, 0, 255, 0
L 1000, 1480, 0, 1040, 1480, 0, 0, 255, 0
L 1040, 1510, 0, 1040, 1540, 0, 0, 255, 0
L 1090, 1510, 0, 1060, 1510, 0, 0, 255, 0
L 1090, 1480, 0, 1090, 1510, 0, 0, 255, 0
L 1060, 1480, 0, 1090, 1480, 0, 0, 255, 0
L 1060, 1540, 0, 1060, 1480, 0, 0, 255, 0
L 1110, 1510, 0, 1140, 1510, 0, 0, 255, 0
L 1110, 1540, 0, 1140, 1540, 0, 0, 255, 0
L 1110, 1480, 0, 1110, 1540, 0, 0, 255, 0
L 1140, 1480, 0, 1110, 1480, 0, 0, 255, 0
L 1190, 1540, 0, 1160, 1540, 0, 0, 255, 0
L 1160, 1480, 0, 1190, 1480, 0, 0, 255, 0
L 1160, 1540, 0, 1160, 1480, 0, 0, 255, 0
L 1210, 1480, 0, 1210, 1540, 0, 0, 255, 0
L 1240, 1510, 0, 1260, 1510, 0, 0, 255, 0
L 1250, 1480, 0, 1270, 1540, 0, 0, 255, 0
L 1230, 1540, 0, 1250, 1480, 0, 0, 255, 0
L 1290, 1480, 0, 1290, 1540, 0, 0, 255, 0
L 1330, 1540, 0, 1290, 1540, 0, 0, 255, 0
L 1440, 1540, 0, 1410, 1540, 0, 0, 255, 0
L 1410, 1480, 0, 1440, 1480, 0, 0, 255, 0
L 1410, 1540, 0, 1410, 1480, 0, 0, 255, 0
L 1500, 1480, 0, 1500, 1540, 0, 0, 255, 0
L 1460, 1480, 0, 1460, 1540, 0, 0, 255, 0
L 1460, 1540, 0, 1500, 1540, 0, 0, 255, 0
L 1520, 1480, 0, 1520, 1510, 0, 0, 255, 0
L 1520, 1510, 0, 1520, 1540, 0, 0, 255, 0
L 1520, 1510, 0, 1540, 1510, 0, 0, 255, 0
L 1560, 1510, 0, 1560, 1480, 0, 0, 255, 0
L 1520, 1480, 0, 1560, 1480, 0, 0, 255, 0
L 1540, 1510, 0, 1560, 1510, 0, 0, 255, 0
L 1560, 1540, 0, 1540, 1510, 0, 0, 255, 0
L 1580, 1480, 0, 1580, 1510, 0, 0, 255, 0
L 1580, 1510, 0, 1580, 1540, 0, 0, 255, 0
L 1580, 1510, 0, 1600, 1510, 0, 0, 255, 0
L 1620, 1510, 0, 1620, 1480, 0, 0, 255, 0
L 1580, 1480, 0, 1620, 1480, 0, 0, 255, 0
L 1600, 1510, 0, 1620, 1510, 0, 0, 255, 0
L 1620, 1540, 0, 1600, 1510, 0, 0, 255, 0
L 1640, 1510, 0, 1670, 1510, 0, 0, 255, 0
L 1640, 1540, 0, 1670, 1540, 0, 0, 255, 0
L 1640, 1480, 0, 1640, 1540, 0, 0, 255, 0
L 1670, 1480, 0, 1640, 1480, 0, 0, 255, 0
L 1720, 1540, 0, 1720, 1480, 0, 0, 255, 0
L 1690, 1480, 0, 1720, 1540, 0, 0, 255, 0
L 1690, 1540, 0, 1690, 1480, 0, 0, 255, 0
L 1770, 1540, 0, 1740, 1540, 0, 0, 255, 0
L 1740, 1480, 0, 1770, 1480, 0, 0, 255, 0
L 1740, 1540, 0, 1740, 1480, 0, 0, 255, 0
L 1810, 1510, 0, 1810, 1540, 0, 0, 255, 0
L 1810, 1510, 0, 1830, 1480, 0, 0, 255, 0
L 1790, 1480, 0, 1810, 1510, 0, 0, 255, 0
L 1000, 1570, 0, 1000, 1600, 0, 255, 0, 0
L 1000, 1630, 0, 1040, 1630, 0, 255, 0, 0
L 1040, 1600, 0, 1000, 1600, 0, 255, 0, 0
L 1000, 1570, 0, 1040, 1570, 0, 255, 0, 0
L 1040, 1600, 0, 1040, 1630, 0, 255, 0, 0
L 1100, 1570, 0, 1100, 1630, 0, 255, 0, 0
L 1060, 1570, 0, 1060, 1630, 0, 255, 0, 0
L 1060, 1630, 0, 1100, 1630, 0, 255, 0, 0
L 1150, 1630, 0, 1120, 1630, 0, 255, 0, 0
L 1120, 1570, 0, 1150, 1570, 0, 255, 0, 0
L 1120, 1630, 0, 1120, 1570, 0, 255, 0, 0
L 1200, 1630, 0, 1170, 1630, 0, 255, 0, 0
L 1170, 1570, 0, 1200, 1570, 0, 255, 0, 0
L 1170, 1630, 0, 1170, 1570, 0, 255, 0, 0
L 1220, 1570, 0, 1250, 1570, 0, 255, 0, 0
L 1220, 1630, 0, 1250, 1630, 0, 255, 0, 0
L 1220, 1570, 0, 1220, 1630, 0, 255, 0, 0
L 1250, 1570, 0, 1250, 1630, 0, 255, 0, 0
L 1270, 1570, 0, 1270, 1600, 0, 255, 0, 0
L 1270, 1600, 0, 1270, 1630, 0, 255, 0, 0
L 1270, 1600, 0, 1290, 1600, 0, 255, 0, 0
L 1310, 1600, 0, 1310, 1570, 0, 255, 0, 0
L 1270, 1570, 0, 1310, 1570, 0, 255, 0, 0
L 1290, 1600, 0, 1310, 1600, 0, 255, 0, 0
L 1310, 1630, 0, 1290, 1600, 0, 255, 0, 0
L 1020, 1660, 0, 1020, 1720, 0, 255, 255, 0
L 1000, 1660, 0, 1040, 1660, 0, 255, 255, 0
L 1060, 1690, 0, 1090, 1690, 0, 255, 255, 0
L 1060, 1720, 0, 1090, 1720, 0, 255, 255, 0
L 1060, 1660, 0, 1060, 1720, 0, 255, 255, 0
L 1090, 1660, 0, 1060, 1660, 0, 255, 255, 0
L 1110, 1660, 0, 1110, 1720, 0, 255, 255, 0
L 1150, 1720, 0, 1110, 1720, 0, 255, 255, 0
L 1170, 1690, 0, 1200, 1690, 0, 255, 255, 0
L 1170, 1720, 0, 1200, 1720, 0, 255, 255, 0
L 1170, 1660, 0, 1170, 1720, 0, 255, 255, 0
L 1200, 1660, 0, 1170, 1660, 0, 255, 255, 0
L 1250, 1690, 0, 1220, 1690, 0, 255, 255, 0
L 1250, 1660, 0, 1250, 1690, 0, 255, 255, 0
L 1220, 1660, 0, 1250, 1660, 0, 255, 255, 0
L 1220, 1720, 0, 1220, 1660, 0, 255, 255, 0
L 1270, 1660, 0, 1300, 1660, 0, 255, 255, 0
L 1270, 1720, 0, 1300, 1720, 0, 255, 255, 0
L 1270, 1660, 0, 1270, 1720, 0, 255, 255, 0
L 1300, 1660, 0, 1300, 1720, 0, 255, 255, 0
L 1320, 1660, 0, 1320, 1690, 0, 255, 255, 0
L 1320, 1690, 0, 1320, 1720, 0, 255, 255, 0
L 1320, 1690, 0, 1340, 1690, 0, 255, 255, 0
L 1360, 1690, 0, 1360, 1660, 0, 255, 255, 0
L 1320, 1660, 0, 1360, 1660, 0, 255, 255, 0
L 1340, 1690, 0, 1360, 1690, 0, 255, 255, 0
L 1360, 1720, 0, 1340, 1690, 0, 255, 255, 0
L 1400, 1660, 0, 1400, 1720, 0, 255, 255, 0
L 1380, 1660, 0, 1420, 1660, 0, 255, 255, 0
L 1020, 1750, 0, 1020, 1810, 0, 128, 0, 128
L 1000, 1750, 0, 1040, 1750, 0, 128, 0, 128
L 1060, 1750, 0, 1060, 1780, 0, 128, 0, 128
L 1060, 1780, 0, 1060, 1810, 0, 128, 0, 128
L 1060, 1780, 0, 1080, 1780, 0, 128, 0, 128
L 1100, 1780, 0, 1100, 1750, 0, 128, 0, 128
L 1060, 1750, 0, 1100, 1750, 0, 128, 0, 128
L 1080, 1780, 0, 1100, 1780, 0, 128, 0, 128
L 1100, 1810, 0, 1080, 1780, 0, 128, 0, 128
L 1130, 1780, 0, 1150, 1780, 0, 128, 0, 128
L 1140, 1750, 0, 1160, 1810, 0, 128, 0, 128
L 1120, 1810, 0, 1140, 1750, 0, 128, 0, 128
L 1190, 1810, 0, 1190, 1750, 0, 128, 0, 128
L 1200, 1810, 0, 1180, 1810, 0, 128, 0, 128
L 1210, 1780, 0, 1200, 1810, 0, 128, 0, 128
L 1200, 1750, 0, 1210, 1780, 0, 128, 0, 128
L 1180, 1750, 0, 1200, 1750, 0, 128, 0, 128
L 1230, 1780, 0, 1260, 1780, 0, 128, 0, 128
L 1230, 1810, 0, 1260, 1810, 0, 128, 0, 128
L 1230, 1750, 0, 1230, 1810, 0, 128, 0, 128
L 1260, 1750, 0, 1230, 1750, 0, 128, 0, 128
L 1280, 1750, 0, 1280, 1780, 0, 128, 0, 128
L 1280, 1810, 0, 1320, 1810, 0, 128, 0, 128
L 1320, 1780, 0, 1280, 1780, 0, 128, 0, 128
L 1280, 1750, 0, 1320, 1750, 0, 128, 0, 128
L 1320, 1780, 0, 1320, 1810, 0, 128, 0, 128
L 1340, 1750, 0, 1340, 1780, 0, 128, 0, 128
L 1340, 1780, 0, 1340, 1810, 0, 128, 0, 128
L 1340, 1780, 0, 1380, 1810, 0, 128, 0, 128
L 1340, 1780, 0, 1380, 1750, 0, 128, 0, 128
L 1400, 1750, 0, 1400, 1810, 0, 128, 0, 128
L 1420, 1750, 0, 1420, 1810, 0, 128, 0, 128
L 1460, 1810, 0, 1420, 1810, 0, 128, 0, 128
L 1480, 1750, 0, 1480, 1810, 0, 128, 0, 128
L 1520, 1810, 0, 1480, 1810, 0, 128, 0, 128
L 1630, 1810, 0, 1600, 1810, 0, 128, 0, 128
L 1600, 1750, 0, 1630, 1750, 0, 128, 0, 128
L 1600, 1810, 0, 1600, 1750, 0, 128, 0, 128
L 1650, 1750, 0, 1680, 1750, 0, 128, 0, 128
L 1650, 1810, 0, 1680, 1810, 0, 128, 0, 128
L 1650, 1750, 0, 1650, 1810, 0, 128, 0, 128
L 1680, 1750, 0, 1680, 1810, 0, 128, 0, 128
L 1730, 1810, 0, 1730, 1750, 0, 128, 0, 128
L 1700, 1750, 0, 1730, 1810, 0, 128, 0, 128
L 1700, 1810, 0, 1700, 1750, 0, 128, 0, 128
L 1770, 1750, 0, 1770, 1810, 0, 128, 0, 128
L 1750, 1750, 0, 1790, 1750, 0, 128, 0, 128
L 1820, 1780, 0, 1840, 1780, 0, 128, 0, 128
L 1830, 1750, 0, 1850, 1810, 0, 128, 0, 128
L 1810, 1810, 0, 1830, 1750, 0, 128, 0, 128
L 1870, 1750, 0, 1870, 1810, 0, 128, 0, 128
L 1920, 1810, 0, 1920, 1750, 0, 128, 0, 128
L 1890, 1750, 0, 1920, 1810, 0, 128, 0, 128
L 1890, 1810, 0, 1890, 1750, 0, 128, 0, 128
L 1940, 1780, 0, 1970, 1780, 0, 128, 0, 128
L 1940, 1810, 0, 1970, 1810, 0, 128, 0, 128
L 1940, 1750, 0, 1940, 1810, 0, 128, 0, 128
L 1970, 1750, 0, 1940, 1750, 0, 128, 0, 128
L 1990, 1750, 0, 1990, 1780, 0, 128, 0, 128
L 1990, 1780, 0, 1990, 1810, 0, 128, 0, 128
L 1990, 1780, 0, 2010, 1780, 0, 128, 0, 128
L 2030, 1780, 0, 2030, 1750, 0, 128, 0, 128
L 1990, 1750, 0, 2030, 1750, 0, 128, 0, 128
L 2010, 1780, 0, 2030, 1780, 0, 128, 0, 128
L 2030, 1810, 0, 2010, 1780, 0, 128, 0, 128
L 1020, 1840, 0, 1020, 1900, 0, 255, 255, 0
L 1000, 1840, 0, 1040, 1840, 0, 255, 255, 0
L 1060, 1840, 0, 1060, 1870, 0, 255, 255, 0
L 1060, 1870, 0, 1060, 1900, 0, 255, 255, 0
L 1060, 1870, 0, 1080, 1870, 0, 255, 255, 0
L 1100, 1870, 0, 1100, 1840, 0, 255, 255, 0
L 1060, 1840, 0, 1100, 1840, 0, 255, 255, 0
L 1080, 1870, 0, 1100, 1870, 0, 255, 255, 0
L 1100, 1900, 0, 1080, 1870, 0, 255, 255, 0
L 1130, 1870, 0, 1150, 1870, 0, 255, 255, 0
L 1140, 1840, 0, 1160, 1900, 0, 255, 255, 0
L 1120, 1900, 0, 1140, 1840, 0, 255, 255, 0
L 1210, 1870, 0, 1180, 1870, 0, 255, 255, 0
L 1210, 1840, 0, 1210, 1870, 0, 255, 255, 0
L 1180, 1840, 0, 1210, 1840, 0, 255, 255, 0
L 1180, 1900, 0, 1180, 1840, 0, 255, 255, 0
L 1030, 1930, 0, 1000, 1930, 0, 255, 0, 0
L 1000, 1990, 0, 1030, 1930, 0, 255, 0, 0
L 1000, 1990, 0, 1030, 1990, 0, 255, 0, 0
L 1050, 1930, 0, 1080, 1930, 0, 255, 0, 0
L 1050, 1990, 0, 1080, 1990, 0, 255, 0, 0
L 1050, 1930, 0, 1050, 1990, 0, 255, 0, 0
L 1080, 1930, 0, 1080, 1990, 0, 255, 0, 0
L 1130, 1990, 0, 1130, 1930, 0, 255, 0, 0
L 1100, 1930, 0, 1130, 1990, 0, 255, 0, 0
L 1100, 1990, 0, 1100, 1930, 0, 255, 0, 0
L 1150, 1960, 0, 1180, 1960, 0, 255, 0, 0
L 1150, 1990, 0, 1180, 1990, 0, 255, 0, 0
L 1150, 1930, 0, 1150, 1990, 0, 255, 0, 0
L 1180, 1930, 0, 1150, 1930, 0, 255, 0, 0
P 0, 0, 0, 0, 0, 0, 2, Original_Map:_Goodurden_<RoI>
P 0, 200, 0, 0, 0, 0, 2, Revised_Map:_Brewall_Rainsinger_(Cazic-Thule)
P 0, 400, 0, 0, 0, 0, 2, A._Dragonkin_Scales_Mob_Drop
P 0, 600, 0, 240, 240, 0, 2, B._Fractured_Findings_Ground_Spawn
P 0, 800, 0, 0, 0, 0, 2, C._Rocks_and_or_Boulders_Mob_Drop
P 0, 1000, 0, 240, 240, 240, 2, D._Dragonhunter's_Folly_Ground_Spawn
P 0, 1200, 0, 127, 64, 0, 2, Blood-Thirsty_Racnar_PH=a_frenetic_racnar
P 0, 1400, 0, 127, 64, 0, 2, Elder_Azeron_PH=an_ancient_flame_protector
P 0, 1600, 0, 127, 64, 0, 2, Elder_Ekron_PH=None,1:45_Hour_Respawn_Cycle
P 0, 1800, 0, 127, 64, 0, 2, Ellarr_Stormcloud_PH=None,1:45_Hour_Respawn_Cycle
P 0, 2000, 0, 127, 64, 0, 2, Kluzen_the_Protector_PH=None,1:45_Hour_Respawn_Cycle
P 0, 2200, 0, 127, 64, 0, 2, Magma_Basilisk_PH=a_magma_basilisk
P 0, 2400, 0, 127, 64, 0, 2, Milyex_Vioren_PH=None,1:45_Hour_Respawn_Cycle
P 0, 2600, 0, 127, 64, 0, 2, Qunard_Ashenclaw_PH=a_primeval_cinder_skyclaw
P 0, 2800, 0, 127, 64, 0, 2, Travenro_the_Skygazer_PH=None,1:45_Hour_Respawn_Cycle
