P 899.1181, 220.2623, -43.9980,  255, 0, 0,  3,  to_Plane_of_Shadow
P 1662.4438, -128.8695, -43.4980,  255, 0, 0,  3,  to_Umbral_Plains_(Click_Orb)
P -718.0000, 1.0000, 125.0000,  128, 64, 0,  2,  Va_Xi_Aten_Ha_Ra_(Named)
P -857.0000, -471.0000, 116.0000,  128, 64, 0,  2,  Thall_Xundraux_Diabo_(Named)
P -1933.0000, -4.0000, 116.0000,  128, 64, 0,  2,  Thall_Va_Kelun_(Named)
P -1728.0000, -2.0000, 68.0000,  128, 64, 0,  2,  Diabo_Xi_Xin_Thall_(Named)
P -1120.0000, -474.0000, 68.0000,  128, 64, 0,  2,  Diabo_Xi_Va_(Named)
P -1122.0000, 457.0000, 68.0000,  128, 64, 0,  2,  Diabo_Xi_Xin_(Named)
P -959.0000, -2.0000, 0.0000,  128, 64, 0,  2,  Kaas_Thox_Xi_Ans_Dyek_(Named)
P -853.0000, 471.0000, 116.0000,  128, 64, 0,  2,  Diabo_Xi_Va_Temariel_(Named)
P -143.0000, -320.0000, 125.0000,  128, 64, 0,  2,  Khaas_Thox_Xi_Aten_Ha_Ra_(Named)
P -1415.0000, 0.0000, 233.0000,  128, 64, 0,  2,  Aten_Ha_Ra_(Named)
P -149.3680, -397.8177, 0.0020,  240, 240, 0,  2,  to_A_(Click_Stone)
P 336.4311, -719.4960, -43.9980,  240, 240, 0,  2,  from_A
P -137.8075, 405.8910, 0.0020,  240, 240, 0,  2,  to_B_(Click_Stone)
P 316.0000, 742.0000, -43.9970,  240, 240, 0,  2,  from_B
P -1524.4938, 1.8552, 60.2064,  240, 240, 0,  2,  to_C_(click)
P -1455.0000, -3.0000, 112.5030,  240, 240, 0,  2,  from_C
P -1944.1953, -16.2499, 116.5020,  240, 240, 0,  2,  to_Entrance_(click)
P -840.9319, -468.4059, 116.5020,  240, 240, 0,  2,  to_E_(click)
P -906.9716, -0.0238, 123.0019,  240, 240, 0,  2,  from_E
P -656.9036, 1.8554, 125.0019,  240, 240, 0,  2,  Fake_Wall
P -719.6082, 0.7698, 125.0019,  240, 240, 0,  2,  to_Entrance_(click)
P 1265.0000, -363.0000, -43.4970,  240, 240, 0,  2,  from_Entrance_Portals
P -1934.4387, -11.8218, 0.0020,  240, 240, 0,  2,  Stairs_up
P 94.8751, -1.6732, 0.0020,  240, 240, 0,  2,  Locked_Door_(North_Wing_Key,Picklock_150?)
P -536.6371, 1.9201, 0.0020,  240, 240, 0,  2,  Locked_Door_(Palace_Key,Picklock_150?)
P -1736.7163, 94.6876, 112.5019,  240, 240, 0,  2,  Locked_Door_(North_Tower_Key,Picklock_150?)
P -852.4705, 472.2764, 116.5019,  240, 240, 0,  2,  to_E_(click)
