L 470.0, 3654.0, 70.0, 314.0, 3652.0, 70.0, 199, 21, 133
L 480.0, 3592.0, 69.0, 470.0, 3654.0, 70.0, 0, 0, 0
L 492.0, 3581.0, 70.0, 480.0, 3592.0, 69.0, 0, 0, 0
L 533.0, 3562.0, 70.0, 492.0, 3581.0, 70.0, 0, 0, 0
L 575.0, 3573.0, 70.0, 533.0, 3562.0, 70.0, 0, 0, 0
L 613.0, 3601.0, 70.0, 575.0, 3573.0, 70.0, 0, 0, 0
L 670.0, 3592.0, 70.0, 613.0, 3601.0, 70.0, 0, 0, 0
L 720.0, 3562.0, 70.0, 670.0, 3592.0, 70.0, 0, 0, 0
L 761.0, 3521.0, 70.0, 720.0, 3562.0, 70.0, 0, 0, 0
L 790.0, 3471.0, 70.0, 761.0, 3521.0, 70.0, 0, 0, 0
L 800.0, 3412.0, 70.0, 790.0, 3471.0, 70.0, 0, 0, 0
L 800.0, 3365.0, 70.0, 800.0, 3412.0, 70.0, 0, 0, 0
L 773.0, 3294.0, 53.0, 800.0, 3365.0, 70.0, 0, 0, 0
L 791.0, 3273.0, 48.0, 773.0, 3294.0, 53.0, 0, 0, 0
L 784.0, 3228.0, 21.0, 791.0, 3273.0, 48.0, 0, 0, 0
L 788.0, 3213.0, 16.0, 784.0, 3228.0, 21.0, 0, 0, 0
L 790.0, 3184.0, 52.0, 788.0, 3213.0, 16.0, 0, 0, 0
L 773.0, 3167.0, 53.0, 790.0, 3184.0, 52.0, 0, 0, 0
L 756.0, 3133.0, 62.0, 773.0, 3167.0, 53.0, 0, 0, 0
L 750.0, 3104.0, 69.0, 756.0, 3133.0, 62.0, 0, 0, 0
L 744.0, 3070.0, 77.0, 750.0, 3104.0, 69.0, 0, 0, 0
L 764.0, 3050.0, 77.0, 744.0, 3070.0, 77.0, 0, 0, 0
L 794.0, 3034.0, 85.0, 764.0, 3050.0, 77.0, 0, 0, 0
L 827.0, 3027.0, 93.0, 794.0, 3034.0, 85.0, 0, 0, 0
L 861.0, 3020.0, 102.0, 827.0, 3027.0, 93.0, 0, 0, 0
L 922.0, 3015.0, 117.0, 861.0, 3020.0, 102.0, 0, 0, 0
L 958.0, 3005.0, 126.0, 922.0, 3015.0, 117.0, 0, 0, 0
L 990.0, 2989.0, 134.0, 958.0, 3005.0, 126.0, 0, 0, 0
L 1021.0, 2982.0, 142.0, 990.0, 2989.0, 134.0, 0, 0, 0
L 1051.0, 2977.0, 149.0, 1021.0, 2982.0, 142.0, 0, 0, 0
L 1114.0, 2971.0, 165.0, 1051.0, 2977.0, 149.0, 0, 0, 0
L 1147.0, 2962.0, 173.0, 1114.0, 2971.0, 165.0, 0, 0, 0
L 1174.0, 2957.0, 173.0, 1147.0, 2962.0, 173.0, 0, 0, 0
L 1203.0, 2957.0, 173.0, 1174.0, 2957.0, 173.0, 0, 0, 0
L 1221.0, 2949.0, 173.0, 1203.0, 2957.0, 173.0, 0, 0, 0
L 1250.0, 2931.0, 173.0, 1221.0, 2949.0, 173.0, 0, 0, 0
L 1269.0, 2936.0, 173.0, 1250.0, 2931.0, 173.0, 0, 0, 0
L 1284.0, 2943.0, 173.0, 1269.0, 2936.0, 173.0, 0, 0, 0
L 1320.0, 2935.0, 173.0, 1284.0, 2943.0, 173.0, 0, 0, 0
L 1366.0, 2915.0, 170.0, 1320.0, 2935.0, 173.0, 0, 0, 0
L 1387.0, 2867.0, 173.0, 1366.0, 2915.0, 170.0, 0, 0, 0
L 1392.0, 2836.0, 173.0, 1387.0, 2867.0, 173.0, 0, 0, 0
L 1392.0, 2812.0, 173.0, 1392.0, 2836.0, 173.0, 0, 0, 0
L 1379.0, 2782.0, 181.0, 1392.0, 2812.0, 173.0, 0, 0, 0
L 1376.0, 2750.0, 189.0, 1379.0, 2782.0, 181.0, 0, 0, 0
L 1367.0, 2718.0, 197.0, 1376.0, 2750.0, 189.0, 0, 0, 0
L 1350.0, 2683.0, 206.0, 1367.0, 2718.0, 197.0, 0, 0, 0
L 1338.0, 2621.0, 221.0, 1350.0, 2683.0, 206.0, 0, 0, 0
L 1332.0, 2557.0, 237.0, 1338.0, 2621.0, 221.0, 0, 0, 0
L 1324.0, 2530.0, 244.0, 1332.0, 2557.0, 237.0, 0, 0, 0
L 1318.0, 2497.0, 245.0, 1324.0, 2530.0, 244.0, 0, 0, 0
L 1317.0, 2468.0, 245.0, 1318.0, 2497.0, 245.0, 0, 0, 0
L 1310.0, 2450.0, 245.0, 1317.0, 2468.0, 245.0, 0, 0, 0
L 1292.0, 2422.0, 245.0, 1310.0, 2450.0, 245.0, 0, 0, 0
L 1297.0, 2402.0, 244.0, 1292.0, 2422.0, 245.0, 0, 0, 0
L 1317.0, 2383.0, 245.0, 1297.0, 2402.0, 244.0, 0, 0, 0
L 1348.0, 2368.0, 253.0, 1317.0, 2383.0, 245.0, 0, 0, 0
L 1380.0, 2361.0, 261.0, 1348.0, 2368.0, 253.0, 0, 0, 0
L 1415.0, 2356.0, 268.0, 1380.0, 2361.0, 261.0, 0, 0, 0
L 1433.0, 2375.0, 269.0, 1415.0, 2356.0, 268.0, 0, 0, 0
L 1438.0, 2399.0, 269.0, 1433.0, 2375.0, 269.0, 0, 0, 0
L 1438.0, 2431.0, 269.0, 1438.0, 2399.0, 269.0, 0, 0, 0
L 1445.0, 2446.0, 269.0, 1438.0, 2431.0, 269.0, 0, 0, 0
L 1464.0, 2477.0, 269.0, 1445.0, 2446.0, 269.0, 0, 0, 0
L 1460.0, 2495.0, 269.0, 1464.0, 2477.0, 269.0, 0, 0, 0
L 1466.0, 2519.0, 269.0, 1460.0, 2495.0, 269.0, 0, 0, 0
L 1449.0, 2538.0, 268.0, 1466.0, 2519.0, 269.0, 0, 0, 0
L 1429.0, 2583.0, 274.0, 1449.0, 2538.0, 268.0, 0, 0, 0
L 1450.0, 2645.0, 268.0, 1429.0, 2583.0, 274.0, 0, 0, 0
L 1465.0, 2661.0, 268.0, 1450.0, 2645.0, 268.0, 0, 0, 0
L 1530.0, 2680.0, 275.0, 1465.0, 2661.0, 268.0, 0, 0, 0
L 1572.0, 2659.0, 268.0, 1530.0, 2680.0, 275.0, 0, 0, 0
L 1586.0, 2645.0, 268.0, 1572.0, 2659.0, 268.0, 0, 0, 0
L 1607.0, 2579.0, 274.0, 1586.0, 2645.0, 268.0, 0, 0, 0
L 1588.0, 2538.0, 268.0, 1607.0, 2579.0, 274.0, 0, 0, 0
L 1569.0, 2519.0, 269.0, 1588.0, 2538.0, 268.0, 0, 0, 0
L 1563.0, 2496.0, 269.0, 1569.0, 2519.0, 269.0, 0, 0, 0
L 1542.0, 2463.0, 269.0, 1563.0, 2496.0, 269.0, 0, 0, 0
L 1538.0, 2448.0, 269.0, 1542.0, 2463.0, 269.0, 0, 0, 0
L 1542.0, 2431.0, 269.0, 1538.0, 2448.0, 269.0, 0, 0, 0
L 1542.0, 2400.0, 269.0, 1542.0, 2431.0, 269.0, 0, 0, 0
L 1527.0, 2373.0, 268.0, 1542.0, 2400.0, 269.0, 0, 0, 0
L 1546.0, 2355.0, 269.0, 1527.0, 2373.0, 268.0, 0, 0, 0
L 1645.0, 2336.0, 293.0, 1546.0, 2355.0, 269.0, 0, 0, 0
L 1659.0, 2343.0, 293.0, 1645.0, 2336.0, 293.0, 0, 0, 0
L 1693.0, 2336.0, 293.0, 1659.0, 2343.0, 293.0, 0, 0, 0
L 1741.0, 2315.0, 290.0, 1693.0, 2336.0, 293.0, 0, 0, 0
L 1763.0, 2265.0, 293.0, 1741.0, 2315.0, 290.0, 0, 0, 0
L 1767.0, 2236.0, 293.0, 1763.0, 2265.0, 293.0, 0, 0, 0
L 1767.0, 2212.0, 293.0, 1767.0, 2236.0, 293.0, 0, 0, 0
L 1754.0, 2180.0, 301.0, 1767.0, 2212.0, 293.0, 0, 0, 0
L 1750.0, 2147.0, 310.0, 1754.0, 2180.0, 301.0, 0, 0, 0
L 1741.0, 2115.0, 317.0, 1750.0, 2147.0, 310.0, 0, 0, 0
L 1725.0, 2083.0, 326.0, 1741.0, 2115.0, 317.0, 0, 0, 0
L 1713.0, 2020.0, 341.0, 1725.0, 2083.0, 326.0, 0, 0, 0
L 1707.0, 1957.0, 357.0, 1713.0, 2020.0, 341.0, 0, 0, 0
L 1697.0, 1924.0, 365.0, 1707.0, 1957.0, 357.0, 0, 0, 0
L 1693.0, 1901.0, 365.0, 1697.0, 1924.0, 365.0, 0, 0, 0
L 1693.0, 1868.0, 365.0, 1693.0, 1901.0, 365.0, 0, 0, 0
L 1687.0, 1854.0, 365.0, 1693.0, 1868.0, 365.0, 0, 0, 0
L 1667.0, 1824.0, 365.0, 1687.0, 1854.0, 365.0, 0, 0, 0
L 1677.0, 1802.0, 364.0, 1667.0, 1824.0, 365.0, 0, 0, 0
L 1696.0, 1784.0, 365.0, 1677.0, 1802.0, 364.0, 0, 0, 0
L 1720.0, 1779.0, 365.0, 1696.0, 1784.0, 365.0, 0, 0, 0
L 1742.0, 1767.0, 365.0, 1720.0, 1779.0, 365.0, 0, 0, 0
L 1769.0, 1780.0, 365.0, 1742.0, 1767.0, 365.0, 0, 0, 0
L 1769.0, 1747.0, 332.0, 1769.0, 1780.0, 365.0, 0, 0, 0
L 1767.0, 1705.0, 327.0, 1769.0, 1747.0, 332.0, 0, 0, 0
L 1756.0, 1676.0, 327.0, 1767.0, 1705.0, 327.0, 0, 0, 0
L 1726.0, 1651.0, 327.0, 1756.0, 1676.0, 327.0, 0, 0, 0
L 1680.0, 1634.0, 327.0, 1726.0, 1651.0, 327.0, 0, 0, 0
L 1650.0, 1634.0, 327.0, 1680.0, 1634.0, 327.0, 0, 0, 0
L 1649.0, 924.0, 327.0, 1650.0, 1634.0, 327.0, 0, 0, 0
L 1680.0, 924.0, 327.0, 1649.0, 924.0, 327.0, 0, 0, 0
L 1726.0, 907.0, 327.0, 1680.0, 924.0, 327.0, 0, 0, 0
L 1756.0, 882.0, 327.0, 1726.0, 907.0, 327.0, 0, 0, 0
L 1767.0, 853.0, 327.0, 1756.0, 882.0, 327.0, 0, 0, 0
L 1769.0, 811.0, 332.0, 1767.0, 853.0, 327.0, 0, 0, 0
L 1769.0, 778.0, 365.0, 1769.0, 811.0, 332.0, 0, 0, 0
L 1739.0, 791.0, 365.0, 1769.0, 778.0, 365.0, 0, 0, 0
L 1720.0, 779.0, 365.0, 1739.0, 791.0, 365.0, 0, 0, 0
L 1695.0, 774.0, 364.0, 1720.0, 779.0, 365.0, 0, 0, 0
L 1677.0, 755.0, 365.0, 1695.0, 774.0, 364.0, 0, 0, 0
L 1672.0, 723.0, 373.0, 1677.0, 755.0, 365.0, 0, 0, 0
L 1661.0, 687.0, 382.0, 1672.0, 723.0, 373.0, 0, 0, 0
L 1674.0, 658.0, 389.0, 1661.0, 687.0, 382.0, 0, 0, 0
L 1676.0, 625.0, 398.0, 1674.0, 658.0, 389.0, 0, 0, 0
L 1672.0, 593.0, 406.0, 1676.0, 625.0, 398.0, 0, 0, 0
L 1677.0, 561.0, 413.0, 1672.0, 593.0, 406.0, 0, 0, 0
L 1692.0, 530.0, 421.0, 1677.0, 561.0, 413.0, 0, 0, 0
L 1682.0, 495.0, 430.0, 1692.0, 530.0, 421.0, 0, 0, 0
L 1695.0, 466.0, 437.0, 1682.0, 495.0, 430.0, 0, 0, 0
L 1684.0, 399.0, 437.0, 1695.0, 466.0, 437.0, 0, 0, 0
L 1695.0, 332.0, 438.0, 1684.0, 399.0, 437.0, 0, 0, 0
L 1682.0, 298.0, 446.0, 1695.0, 332.0, 438.0, 0, 0, 0
L 1680.0, 269.0, 453.0, 1682.0, 298.0, 446.0, 0, 0, 0
L 1670.0, 235.0, 461.0, 1680.0, 269.0, 453.0, 0, 0, 0
L 1654.0, 203.0, 470.0, 1670.0, 235.0, 461.0, 0, 0, 0
L 1642.0, 141.0, 485.0, 1654.0, 203.0, 470.0, 0, 0, 0
L 1635.0, 74.0, 502.0, 1642.0, 141.0, 485.0, 0, 0, 0
L 1627.0, 45.0, 509.0, 1635.0, 74.0, 502.0, 0, 0, 0
L 1622.0, 18.0, 509.0, 1627.0, 45.0, 509.0, 0, 0, 0
L 1622.0, -11.0, 509.0, 1622.0, 18.0, 509.0, 0, 0, 0
L 1616.0, -27.0, 509.0, 1622.0, -11.0, 509.0, 0, 0, 0
L 1596.0, -59.0, 509.0, 1616.0, -27.0, 509.0, 0, 0, 0
L 1601.0, -78.0, 509.0, 1596.0, -59.0, 509.0, 0, 0, 0
L 1608.0, -92.0, 509.0, 1601.0, -78.0, 509.0, 0, 0, 0
L 1603.0, -118.0, 509.0, 1608.0, -92.0, 509.0, 0, 0, 0
L 1580.0, -174.0, 506.0, 1603.0, -118.0, 509.0, 0, 0, 0
L 1531.0, -195.0, 509.0, 1580.0, -174.0, 506.0, 0, 0, 0
L 1504.0, -199.0, 509.0, 1531.0, -195.0, 509.0, 0, 0, 0
L 1475.0, -200.0, 508.0, 1504.0, -199.0, 509.0, 0, 0, 0
L 1457.0, -221.0, 509.0, 1475.0, -200.0, 508.0, 0, 0, 0
L 1464.0, -236.0, 509.0, 1457.0, -221.0, 509.0, 0, 0, 0
L 1457.0, -269.0, 509.0, 1464.0, -236.0, 509.0, 0, 0, 0
L 1436.0, -318.0, 506.0, 1457.0, -269.0, 509.0, 0, 0, 0
L 1384.0, -340.0, 509.0, 1436.0, -318.0, 506.0, 0, 0, 0
L 1332.0, -344.0, 509.0, 1384.0, -340.0, 509.0, 0, 0, 0
L 1312.0, -364.0, 509.0, 1332.0, -344.0, 509.0, 0, 0, 0
L 1302.0, -398.0, 509.0, 1312.0, -364.0, 509.0, 0, 0, 0
L 1299.0, -436.0, 509.0, 1302.0, -398.0, 509.0, 0, 0, 0
L 1270.0, -465.0, 509.0, 1299.0, -436.0, 509.0, 0, 0, 0
L 1240.0, -468.0, 509.0, 1270.0, -465.0, 509.0, 0, 0, 0
L 1198.0, -457.0, 509.0, 1240.0, -468.0, 509.0, 0, 0, 0
L 1158.0, -470.0, 509.0, 1198.0, -457.0, 509.0, 0, 0, 0
L 1128.0, -467.0, 509.0, 1158.0, -470.0, 509.0, 0, 0, 0
L 1100.0, -438.0, 509.0, 1128.0, -467.0, 509.0, 0, 0, 0
L 1089.0, -402.0, 509.0, 1100.0, -438.0, 509.0, 0, 0, 0
L 1072.0, -365.0, 509.0, 1089.0, -402.0, 509.0, 0, 0, 0
L 1063.0, -281.0, 509.0, 1072.0, -365.0, 509.0, 0, 0, 0
L 1072.0, -222.0, 509.0, 1063.0, -281.0, 509.0, 0, 0, 0
L 1090.0, -181.0, 509.0, 1072.0, -222.0, 509.0, 0, 0, 0
L 1099.0, -146.0, 509.0, 1090.0, -181.0, 509.0, 0, 0, 0
L 1128.0, -117.0, 509.0, 1099.0, -146.0, 509.0, 0, 0, 0
L 1158.0, -114.0, 509.0, 1128.0, -117.0, 509.0, 0, 0, 0
L 1201.0, -127.0, 509.0, 1158.0, -114.0, 509.0, 0, 0, 0
L 1238.0, -116.0, 509.0, 1201.0, -127.0, 509.0, 0, 0, 0
L 1270.0, -119.0, 509.0, 1238.0, -116.0, 509.0, 0, 0, 0
L 1298.0, -147.0, 509.0, 1270.0, -119.0, 509.0, 0, 0, 0
L 1303.0, -188.0, 509.0, 1298.0, -147.0, 509.0, 0, 0, 0
L 1313.0, -222.0, 508.0, 1303.0, -188.0, 509.0, 0, 0, 0
L 1335.0, -239.0, 508.0, 1313.0, -222.0, 508.0, 0, 0, 0
L 1353.0, -218.0, 509.0, 1335.0, -239.0, 508.0, 0, 0, 0
L 1346.0, -204.0, 509.0, 1353.0, -218.0, 509.0, 0, 0, 0
L 1353.0, -170.0, 509.0, 1346.0, -204.0, 509.0, 0, 0, 0
L 1374.0, -122.0, 506.0, 1353.0, -170.0, 509.0, 0, 0, 0
L 1423.0, -101.0, 509.0, 1374.0, -122.0, 506.0, 0, 0, 0
L 1453.0, -97.0, 509.0, 1423.0, -101.0, 509.0, 0, 0, 0
L 1477.0, -96.0, 509.0, 1453.0, -97.0, 509.0, 0, 0, 0
L 1498.0, -76.0, 509.0, 1477.0, -96.0, 509.0, 0, 0, 0
L 1517.0, -45.0, 509.0, 1498.0, -76.0, 509.0, 0, 0, 0
L 1522.0, -29.0, 509.0, 1517.0, -45.0, 509.0, 0, 0, 0
L 1519.0, -12.0, 509.0, 1522.0, -29.0, 509.0, 0, 0, 0
L 1518.0, 19.0, 509.0, 1519.0, -12.0, 509.0, 0, 0, 0
L 1523.0, 43.0, 509.0, 1518.0, 19.0, 509.0, 0, 0, 0
L 1532.0, 75.0, 501.0, 1523.0, 43.0, 509.0, 0, 0, 0
L 1535.0, 107.0, 494.0, 1532.0, 75.0, 501.0, 0, 0, 0
L 1563.0, 173.0, 477.0, 1535.0, 107.0, 494.0, 0, 0, 0
L 1552.0, 204.0, 469.0, 1563.0, 173.0, 477.0, 0, 0, 0
L 1567.0, 236.0, 461.0, 1552.0, 204.0, 469.0, 0, 0, 0
L 1576.0, 268.0, 453.0, 1567.0, 236.0, 461.0, 0, 0, 0
L 1579.0, 299.0, 446.0, 1576.0, 268.0, 453.0, 0, 0, 0
L 1601.0, 334.0, 436.0, 1579.0, 299.0, 446.0, 0, 0, 0
L 1584.0, 351.0, 436.0, 1601.0, 334.0, 436.0, 0, 0, 0
L 1547.0, 366.0, 446.0, 1584.0, 351.0, 436.0, 0, 0, 0
L 1518.0, 369.0, 454.0, 1547.0, 366.0, 446.0, 0, 0, 0
L 1487.0, 377.0, 461.0, 1518.0, 369.0, 454.0, 0, 0, 0
L 1454.0, 393.0, 469.0, 1487.0, 377.0, 461.0, 0, 0, 0
L 1422.0, 401.0, 478.0, 1454.0, 393.0, 469.0, 0, 0, 0
L 1390.0, 406.0, 486.0, 1422.0, 401.0, 478.0, 0, 0, 0
L 1322.0, 414.0, 502.0, 1390.0, 406.0, 486.0, 0, 0, 0
L 1296.0, 421.0, 509.0, 1322.0, 414.0, 502.0, 0, 0, 0
L 1269.0, 426.0, 509.0, 1296.0, 421.0, 509.0, 0, 0, 0
L 1238.0, 427.0, 509.0, 1269.0, 426.0, 509.0, 0, 0, 0
L 1222.0, 433.0, 509.0, 1238.0, 427.0, 509.0, 0, 0, 0
L 1191.0, 452.0, 509.0, 1222.0, 433.0, 509.0, 0, 0, 0
L 1173.0, 447.0, 509.0, 1191.0, 452.0, 509.0, 0, 0, 0
L 1121.0, 451.0, 509.0, 1173.0, 447.0, 509.0, 0, 0, 0
L 1071.0, 473.0, 508.0, 1121.0, 451.0, 509.0, 0, 0, 0
L 1050.0, 521.0, 509.0, 1071.0, 473.0, 508.0, 0, 0, 0
L 1043.0, 555.0, 509.0, 1050.0, 521.0, 509.0, 0, 0, 0
L 1049.0, 573.0, 508.0, 1043.0, 555.0, 509.0, 0, 0, 0
L 1030.0, 592.0, 509.0, 1049.0, 573.0, 508.0, 0, 0, 0
L 1011.0, 596.0, 509.0, 1030.0, 592.0, 509.0, 0, 0, 0
L 980.0, 576.0, 509.0, 1011.0, 596.0, 509.0, 0, 0, 0
L 965.0, 570.0, 509.0, 980.0, 576.0, 509.0, 0, 0, 0
L 932.0, 570.0, 509.0, 965.0, 570.0, 509.0, 0, 0, 0
L 909.0, 565.0, 509.0, 932.0, 570.0, 509.0, 0, 0, 0
L 876.0, 556.0, 501.0, 909.0, 565.0, 509.0, 0, 0, 0
L 783.0, 545.0, 478.0, 876.0, 556.0, 501.0, 0, 0, 0
L 750.0, 537.0, 469.0, 783.0, 545.0, 478.0, 0, 0, 0
L 717.0, 521.0, 461.0, 750.0, 537.0, 469.0, 0, 0, 0
L 685.0, 512.0, 453.0, 717.0, 521.0, 461.0, 0, 0, 0
L 653.0, 509.0, 445.0, 685.0, 512.0, 453.0, 0, 0, 0
L 622.0, 496.0, 445.0, 653.0, 509.0, 445.0, 0, 0, 0
L 592.0, 494.0, 445.0, 622.0, 496.0, 445.0, 0, 0, 0
L 532.0, 511.0, 444.0, 592.0, 494.0, 445.0, 0, 0, 0
L 514.0, 491.0, 445.0, 532.0, 511.0, 444.0, 0, 0, 0
L 502.0, 457.0, 454.0, 514.0, 491.0, 445.0, 0, 0, 0
L 516.0, 425.0, 462.0, 502.0, 457.0, 454.0, 0, 0, 0
L 505.0, 330.0, 485.0, 516.0, 425.0, 462.0, 0, 0, 0
L 512.0, 315.0, 485.0, 505.0, 330.0, 485.0, 0, 0, 0
L 505.0, 282.0, 485.0, 512.0, 315.0, 485.0, 0, 0, 0
L 484.0, 233.0, 484.0, 505.0, 282.0, 485.0, 0, 0, 0
L 435.0, 211.0, 485.0, 484.0, 233.0, 484.0, 0, 0, 0
L 404.0, 207.0, 485.0, 435.0, 211.0, 485.0, 0, 0, 0
L 379.0, 206.0, 484.0, 404.0, 207.0, 485.0, 0, 0, 0
L 360.0, 187.0, 485.0, 379.0, 206.0, 484.0, 0, 0, 0
L 332.0, 90.0, 485.0, 360.0, 187.0, 485.0, 0, 0, 0
L 332.0, 62.0, 485.0, 332.0, 90.0, 485.0, 0, 0, 0
L 305.0, 62.0, 447.0, 332.0, 62.0, 485.0, 0, 0, 0
L 304.0, 52.0, 446.0, 305.0, 62.0, 447.0, 0, 0, 0
L 333.0, 52.0, 484.0, 304.0, 52.0, 446.0, 0, 0, 0
L 350.0, 35.0, 484.0, 333.0, 52.0, 484.0, 0, 0, 0
L 305.0, 3595.0, 70.0, 314.0, 3652.0, 70.0, 0, 0, 0
L 314.0, 3535.0, 70.0, 305.0, 3595.0, 70.0, 0, 0, 0
L 344.0, 3485.0, 70.0, 314.0, 3535.0, 70.0, 0, 0, 0
L 383.0, 3446.0, 70.0, 344.0, 3485.0, 70.0, 0, 0, 0
L 433.0, 3416.0, 70.0, 383.0, 3446.0, 70.0, 0, 0, 0
L 491.0, 3407.0, 70.0, 433.0, 3416.0, 70.0, 0, 0, 0
L 511.0, 3416.0, 70.0, 491.0, 3407.0, 70.0, 0, 0, 0
L 560.0, 3426.0, 70.0, 511.0, 3416.0, 70.0, 0, 0, 0
L 614.0, 3425.0, 69.0, 560.0, 3426.0, 70.0, 0, 0, 0
L 625.0, 3415.0, 70.0, 614.0, 3425.0, 69.0, 0, 0, 0
L 663.0, 3364.0, 70.0, 625.0, 3415.0, 70.0, 0, 0, 0
L 672.0, 3291.0, 52.0, 663.0, 3364.0, 70.0, 0, 0, 0
L 656.0, 3276.0, 52.0, 672.0, 3291.0, 52.0, 0, 0, 0
L 662.0, 3229.0, 16.0, 656.0, 3276.0, 52.0, 0, 0, 0
L 656.0, 3185.0, 52.0, 662.0, 3229.0, 16.0, 0, 0, 0
L 673.0, 3164.0, 53.0, 656.0, 3185.0, 52.0, 0, 0, 0
L 654.0, 3134.0, 62.0, 673.0, 3164.0, 53.0, 0, 0, 0
L 665.0, 3101.0, 69.0, 654.0, 3134.0, 62.0, 0, 0, 0
L 651.0, 3071.0, 77.0, 665.0, 3101.0, 69.0, 0, 0, 0
L 631.0, 3050.0, 77.0, 651.0, 3071.0, 77.0, 0, 0, 0
L 599.0, 3034.0, 85.0, 631.0, 3050.0, 77.0, 0, 0, 0
L 529.0, 3020.0, 103.0, 599.0, 3034.0, 85.0, 0, 0, 0
L 468.0, 3015.0, 117.0, 529.0, 3020.0, 103.0, 0, 0, 0
L 454.0, 3022.0, 117.0, 468.0, 3015.0, 117.0, 0, 0, 0
L 427.0, 3017.0, 117.0, 454.0, 3022.0, 117.0, 0, 0, 0
L 372.0, 2994.0, 114.0, 427.0, 3017.0, 117.0, 0, 0, 0
L 351.0, 2945.0, 117.0, 372.0, 2994.0, 114.0, 0, 0, 0
L 345.0, 2888.0, 118.0, 351.0, 2945.0, 117.0, 0, 0, 0
L 332.0, 2856.0, 126.0, 345.0, 2888.0, 118.0, 0, 0, 0
L 342.0, 2826.0, 133.0, 332.0, 2856.0, 126.0, 0, 0, 0
L 314.0, 2762.0, 150.0, 342.0, 2826.0, 133.0, 0, 0, 0
L 310.0, 2729.0, 156.0, 314.0, 2762.0, 150.0, 0, 0, 0
L 288.0, 2712.0, 158.0, 310.0, 2729.0, 156.0, 0, 0, 0
L 254.0, 2729.0, 167.0, 288.0, 2712.0, 158.0, 0, 0, 0
L 225.0, 2726.0, 174.0, 254.0, 2729.0, 167.0, 0, 0, 0
L 170.0, 2713.0, 181.0, 225.0, 2726.0, 174.0, 0, 0, 0
L 144.0, 2713.0, 181.0, 170.0, 2713.0, 181.0, 0, 0, 0
L 126.0, 2707.0, 181.0, 144.0, 2713.0, 181.0, 0, 0, 0
L 95.0, 2687.0, 181.0, 126.0, 2707.0, 181.0, 0, 0, 0
L 74.0, 2692.0, 181.0, 95.0, 2687.0, 181.0, 0, 0, 0
L 59.0, 2699.0, 181.0, 74.0, 2692.0, 181.0, 0, 0, 0
L -23.0, 2671.0, 180.0, 59.0, 2699.0, 181.0, 0, 0, 0
L -44.0, 2623.0, 181.0, -23.0, 2671.0, 180.0, 0, 0, 0
L -48.0, 2594.0, 181.0, -44.0, 2623.0, 181.0, 0, 0, 0
L -50.0, 2566.0, 180.0, -48.0, 2594.0, 181.0, 0, 0, 0
L -68.0, 2548.0, 181.0, -50.0, 2566.0, 180.0, 0, 0, 0
L -103.0, 2536.0, 190.0, -68.0, 2548.0, 181.0, 0, 0, 0
L -133.0, 2550.0, 197.0, -103.0, 2536.0, 190.0, 0, 0, 0
L -172.0, 2544.0, 207.0, -133.0, 2550.0, 197.0, 0, 0, 0
L -231.0, 2538.0, 222.0, -172.0, 2544.0, 207.0, 0, 0, 0
L -262.0, 2530.0, 229.0, -231.0, 2538.0, 222.0, 0, 0, 0
L -313.0, 2526.0, 229.0, -262.0, 2530.0, 229.0, 0, 0, 0
L -364.0, 2504.0, 226.0, -313.0, 2526.0, 229.0, 0, 0, 0
L -392.0, 2424.0, 229.0, -364.0, 2504.0, 226.0, 0, 0, 0
L -385.0, 2407.0, 229.0, -392.0, 2424.0, 229.0, 0, 0, 0
L -372.0, 2340.0, 246.0, -385.0, 2407.0, 229.0, 0, 0, 0
L -378.0, 2308.0, 254.0, -372.0, 2340.0, 246.0, 0, 0, 0
L -391.0, 2276.0, 262.0, -378.0, 2308.0, 254.0, 0, 0, 0
L -394.0, 2244.0, 270.0, -391.0, 2276.0, 262.0, 0, 0, 0
L -404.0, 2212.0, 276.0, -394.0, 2244.0, 270.0, 0, 0, 0
L -423.0, 2194.0, 277.0, -404.0, 2212.0, 276.0, 0, 0, 0
L -456.0, 2184.0, 277.0, -423.0, 2194.0, 277.0, 0, 0, 0
L -495.0, 2180.0, 277.0, -456.0, 2184.0, 277.0, 0, 0, 0
L -547.0, 2133.0, 277.0, -495.0, 2180.0, 277.0, 0, 0, 0
L -577.0, 2150.0, 286.0, -547.0, 2133.0, 277.0, 0, 0, 0
L -640.0, 2139.0, 301.0, -577.0, 2150.0, 286.0, 0, 0, 0
L -664.0, 2134.0, 301.0, -640.0, 2139.0, 301.0, 0, 0, 0
L -694.0, 2134.0, 301.0, -664.0, 2134.0, 301.0, 0, 0, 0
L -711.0, 2128.0, 301.0, -694.0, 2134.0, 301.0, 0, 0, 0
L -742.0, 2108.0, 301.0, -711.0, 2128.0, 301.0, 0, 0, 0
L -761.0, 2113.0, 301.0, -742.0, 2108.0, 301.0, 0, 0, 0
L -775.0, 2120.0, 301.0, -761.0, 2113.0, 301.0, 0, 0, 0
L -808.0, 2114.0, 301.0, -775.0, 2120.0, 301.0, 0, 0, 0
L -858.0, 2092.0, 299.0, -808.0, 2114.0, 301.0, 0, 0, 0
L -880.0, 2041.0, 301.0, -858.0, 2092.0, 299.0, 0, 0, 0
L -884.0, 2012.0, 301.0, -880.0, 2041.0, 301.0, 0, 0, 0
L -884.0, 1987.0, 300.0, -884.0, 2012.0, 301.0, 0, 0, 0
L -903.0, 1969.0, 301.0, -884.0, 1987.0, 300.0, 0, 0, 0
L -935.0, 1957.0, 309.0, -903.0, 1969.0, 301.0, 0, 0, 0
L -968.0, 1971.0, 318.0, -935.0, 1957.0, 309.0, 0, 0, 0
L -1063.0, 1960.0, 341.0, -968.0, 1971.0, 318.0, 0, 0, 0
L -1096.0, 1951.0, 349.0, -1063.0, 1960.0, 341.0, 0, 0, 0
L -1149.0, 1947.0, 349.0, -1096.0, 1951.0, 349.0, 0, 0, 0
L -1192.0, 1928.0, 349.0, -1149.0, 1947.0, 349.0, 0, 0, 0
L -1221.0, 1875.0, 349.0, -1192.0, 1928.0, 349.0, 0, 0, 0
L -1227.0, 1843.0, 349.0, -1221.0, 1875.0, 349.0, 0, 0, 0
L -1220.0, 1828.0, 349.0, -1227.0, 1843.0, 349.0, 0, 0, 0
L -1207.0, 1760.0, 366.0, -1220.0, 1828.0, 349.0, 0, 0, 0
L -1213.0, 1729.0, 374.0, -1207.0, 1760.0, 366.0, 0, 0, 0
L -1226.0, 1698.0, 382.0, -1213.0, 1729.0, 374.0, 0, 0, 0
L -1229.0, 1665.0, 390.0, -1226.0, 1698.0, 382.0, 0, 0, 0
L -1248.0, 1601.0, 404.0, -1229.0, 1665.0, 390.0, 0, 0, 0
L -1264.0, 1584.0, 404.0, -1248.0, 1601.0, 404.0, 0, 0, 0
L -1258.0, 1537.0, 368.0, -1264.0, 1584.0, 404.0, 0, 0, 0
L -1264.0, 1494.0, 404.0, -1258.0, 1537.0, 368.0, 0, 0, 0
L -1251.0, 1480.0, 404.0, -1264.0, 1494.0, 404.0, 0, 0, 0
L -1219.0, 1480.0, 368.0, -1251.0, 1480.0, 404.0, 0, 0, 0
L -1219.0, 1470.0, 366.0, -1219.0, 1480.0, 368.0, 0, 0, 0
L -1251.0, 1470.0, 404.0, -1219.0, 1470.0, 366.0, 0, 0, 0
L -1269.0, 1454.0, 405.0, -1251.0, 1470.0, 404.0, 0, 0, 0
L -1368.0, 1439.0, 404.0, -1269.0, 1454.0, 405.0, 0, 0, 0
L -1394.0, 1412.0, 405.0, -1368.0, 1439.0, 404.0, 0, 0, 0
L -1398.0, 1382.0, 405.0, -1394.0, 1412.0, 405.0, 0, 0, 0
L -1386.0, 1310.0, 405.0, -1398.0, 1382.0, 405.0, 0, 0, 0
L -1399.0, 1239.0, 405.0, -1386.0, 1310.0, 405.0, 0, 0, 0
L -1396.0, 1211.0, 405.0, -1399.0, 1239.0, 405.0, 0, 0, 0
L -1365.0, 1210.0, 366.0, -1396.0, 1211.0, 405.0, 0, 0, 0
L -1327.0, 1196.0, 367.0, -1365.0, 1210.0, 366.0, 0, 0, 0
L -1267.0, 1174.0, 366.0, -1327.0, 1196.0, 367.0, 0, 0, 0
L -1227.0, 1144.0, 366.0, -1267.0, 1174.0, 366.0, 0, 0, 0
L -1230.0, 620.0, 366.0, -1227.0, 1144.0, 366.0, 0, 0, 0
L -1266.0, 593.0, 366.0, -1230.0, 620.0, 366.0, 0, 0, 0
L -1326.0, 571.0, 367.0, -1266.0, 593.0, 366.0, 0, 0, 0
L -1367.0, 555.0, 366.0, -1326.0, 571.0, 367.0, 0, 0, 0
L -1396.0, 555.0, 405.0, -1367.0, 555.0, 366.0, 0, 0, 0
L -1396.0, 503.0, 405.0, -1396.0, 555.0, 405.0, 0, 0, 0
L -1392.0, 471.0, 405.0, -1396.0, 503.0, 405.0, 0, 0, 0
L -1363.0, 442.0, 405.0, -1392.0, 471.0, 405.0, 0, 0, 0
L -1263.0, 428.0, 404.0, -1363.0, 442.0, 405.0, 0, 0, 0
L -1248.0, 413.0, 404.0, -1263.0, 428.0, 404.0, 0, 0, 0
L -1215.0, 413.0, 366.0, -1248.0, 413.0, 404.0, 0, 0, 0
L -1215.0, 403.0, 366.0, -1215.0, 413.0, 366.0, 0, 0, 0
L -1246.0, 403.0, 405.0, -1215.0, 403.0, 366.0, 0, 0, 0
L -1251.0, 392.0, 405.0, -1246.0, 403.0, 405.0, 0, 0, 0
L -1245.0, 363.0, 405.0, -1251.0, 392.0, 405.0, 0, 0, 0
L -1223.0, 310.0, 400.0, -1245.0, 363.0, 405.0, 0, 0, 0
L -1176.0, 289.0, 405.0, -1223.0, 310.0, 400.0, 0, 0, 0
L -1146.0, 285.0, 405.0, -1176.0, 289.0, 405.0, 0, 0, 0
L -1118.0, 284.0, 405.0, -1146.0, 285.0, 405.0, 0, 0, 0
L -1056.0, 264.0, 405.0, -1118.0, 284.0, 405.0, 0, 0, 0
L -992.0, 264.0, 412.0, -1056.0, 264.0, 405.0, 0, 0, 0
L -975.0, 247.0, 412.0, -992.0, 264.0, 412.0, 0, 0, 0
L -949.0, 248.0, 376.0, -975.0, 247.0, 412.0, 0, 0, 0
L -909.0, 248.0, 376.0, -949.0, 248.0, 376.0, 0, 0, 0
L -885.0, 247.0, 412.0, -909.0, 248.0, 376.0, 0, 0, 0
L -865.0, 265.0, 413.0, -885.0, 247.0, 412.0, 0, 0, 0
L -805.0, 284.0, 413.0, -865.0, 265.0, 413.0, 0, 0, 0
L -768.0, 300.0, 413.0, -805.0, 284.0, 413.0, 0, 0, 0
L -736.0, 294.0, 413.0, -768.0, 300.0, 413.0, 0, 0, 0
L -668.0, 315.0, 413.0, -736.0, 294.0, 413.0, 0, 0, 0
L -636.0, 329.0, 413.0, -668.0, 315.0, 413.0, 0, 0, 0
L -600.0, 323.0, 413.0, -636.0, 329.0, 413.0, 0, 0, 0
L -565.0, 334.0, 413.0, -600.0, 323.0, 413.0, 0, 0, 0
L -530.0, 331.0, 413.0, -565.0, 334.0, 413.0, 0, 0, 0
L -467.0, 351.0, 413.0, -530.0, 331.0, 413.0, 0, 0, 0
L -417.0, 355.0, 413.0, -467.0, 351.0, 413.0, 0, 0, 0
L -364.0, 377.0, 408.0, -417.0, 355.0, 413.0, 0, 0, 0
L -342.0, 426.0, 413.0, -364.0, 377.0, 408.0, 0, 0, 0
L -336.0, 459.0, 413.0, -342.0, 426.0, 413.0, 0, 0, 0
L -343.0, 475.0, 413.0, -336.0, 459.0, 413.0, 0, 0, 0
L -350.0, 514.0, 413.0, -343.0, 475.0, 413.0, 0, 0, 0
L -314.0, 610.0, 412.0, -350.0, 514.0, 413.0, 0, 0, 0
L -292.0, 628.0, 413.0, -314.0, 610.0, 412.0, 0, 0, 0
L -191.0, 654.0, 410.0, -292.0, 628.0, 413.0, 0, 0, 0
L -170.0, 703.0, 413.0, -191.0, 654.0, 410.0, 0, 0, 0
L -163.0, 736.0, 413.0, -170.0, 703.0, 413.0, 0, 0, 0
L -170.0, 753.0, 413.0, -163.0, 736.0, 413.0, 0, 0, 0
L -164.0, 817.0, 397.0, -170.0, 753.0, 413.0, 0, 0, 0
L -159.0, 848.0, 389.0, -164.0, 817.0, 397.0, 0, 0, 0
L -173.0, 880.0, 381.0, -159.0, 848.0, 389.0, 0, 0, 0
L -160.0, 915.0, 372.0, -173.0, 880.0, 381.0, 0, 0, 0
L -144.0, 931.0, 372.0, -160.0, 915.0, 372.0, 0, 0, 0
L -145.0, 956.0, 336.0, -144.0, 931.0, 372.0, 0, 0, 0
L -145.0, 995.0, 338.0, -145.0, 956.0, 336.0, 0, 0, 0
L -144.0, 1021.0, 372.0, -145.0, 995.0, 338.0, 0, 0, 0
L -162.0, 1040.0, 373.0, -144.0, 1021.0, 372.0, 0, 0, 0
L -171.0, 1073.0, 365.0, -162.0, 1040.0, 373.0, 0, 0, 0
L -173.0, 1103.0, 358.0, -171.0, 1073.0, 365.0, 0, 0, 0
L -186.0, 1134.0, 350.0, -173.0, 1103.0, 358.0, 0, 0, 0
L -192.0, 1169.0, 341.0, -186.0, 1134.0, 350.0, 0, 0, 0
L -180.0, 1228.0, 326.0, -192.0, 1169.0, 341.0, 0, 0, 0
L -172.0, 1248.0, 325.0, -180.0, 1228.0, 326.0, 0, 0, 0
L -178.0, 1280.0, 325.0, -172.0, 1248.0, 325.0, 0, 0, 0
L -200.0, 1330.0, 315.0, -178.0, 1280.0, 325.0, 0, 0, 0
L -249.0, 1351.0, 325.0, -200.0, 1330.0, 315.0, 0, 0, 0
L -279.0, 1356.0, 325.0, -249.0, 1351.0, 325.0, 0, 0, 0
L -305.0, 1356.0, 324.0, -279.0, 1356.0, 325.0, 0, 0, 0
L -323.0, 1377.0, 325.0, -305.0, 1356.0, 324.0, 0, 0, 0
L -305.0, 1395.0, 324.0, -323.0, 1377.0, 325.0, 0, 0, 0
L -313.0, 1439.0, 288.0, -305.0, 1395.0, 324.0, 0, 0, 0
L -306.0, 1485.0, 324.0, -313.0, 1439.0, 288.0, 0, 0, 0
L -323.0, 1507.0, 325.0, -306.0, 1485.0, 324.0, 0, 0, 0
L -315.0, 1536.0, 317.0, -323.0, 1507.0, 325.0, 0, 0, 0
L -303.0, 1631.0, 294.0, -315.0, 1536.0, 317.0, 0, 0, 0
L -317.0, 1666.0, 285.0, -303.0, 1631.0, 294.0, 0, 0, 0
L -305.0, 1698.0, 276.0, -317.0, 1666.0, 285.0, 0, 0, 0
L -284.0, 1717.0, 277.0, -305.0, 1698.0, 276.0, 0, 0, 0
L -245.0, 1722.0, 277.0, -284.0, 1717.0, 277.0, 0, 0, 0
L -217.0, 1709.0, 277.0, -245.0, 1722.0, 277.0, 0, 0, 0
L -151.0, 1688.0, 277.0, -217.0, 1709.0, 277.0, 0, 0, 0
L -122.0, 1690.0, 270.0, -151.0, 1688.0, 277.0, 0, 0, 0
L -55.0, 1718.0, 253.0, -122.0, 1690.0, 270.0, 0, 0, 0
L -22.0, 1706.0, 245.0, -55.0, 1718.0, 253.0, 0, 0, 0
L 25.0, 1710.0, 245.0, -22.0, 1706.0, 245.0, 0, 0, 0
L 79.0, 1732.0, 241.0, 25.0, 1710.0, 245.0, 0, 0, 0
L 100.0, 1780.0, 245.0, 79.0, 1732.0, 241.0, 0, 0, 0
L 107.0, 1814.0, 245.0, 100.0, 1780.0, 245.0, 0, 0, 0
L 100.0, 1830.0, 245.0, 107.0, 1814.0, 245.0, 0, 0, 0
L 105.0, 1891.0, 230.0, 100.0, 1830.0, 245.0, 0, 0, 0
L 111.0, 1925.0, 222.0, 105.0, 1891.0, 230.0, 0, 0, 0
L 97.0, 1958.0, 213.0, 111.0, 1925.0, 222.0, 0, 0, 0
L 109.0, 1991.0, 204.0, 97.0, 1958.0, 213.0, 0, 0, 0
L 131.0, 2009.0, 205.0, 109.0, 1991.0, 204.0, 0, 0, 0
L 182.0, 2013.0, 205.0, 131.0, 2009.0, 205.0, 0, 0, 0
L 232.0, 2035.0, 195.0, 182.0, 2013.0, 205.0, 0, 0, 0
L 253.0, 2084.0, 205.0, 232.0, 2035.0, 195.0, 0, 0, 0
L 260.0, 2117.0, 205.0, 253.0, 2084.0, 205.0, 0, 0, 0
L 253.0, 2132.0, 205.0, 260.0, 2117.0, 205.0, 0, 0, 0
L 263.0, 2199.0, 168.0, 253.0, 2132.0, 205.0, 0, 0, 0
L 270.0, 2242.0, 204.0, 263.0, 2199.0, 168.0, 0, 0, 0
L 253.0, 2263.0, 205.0, 270.0, 2242.0, 204.0, 0, 0, 0
L 261.0, 2292.0, 198.0, 253.0, 2263.0, 205.0, 0, 0, 0
L 273.0, 2389.0, 174.0, 261.0, 2292.0, 198.0, 0, 0, 0
L 259.0, 2423.0, 165.0, 273.0, 2389.0, 174.0, 0, 0, 0
L 271.0, 2455.0, 156.0, 259.0, 2423.0, 165.0, 0, 0, 0
L 293.0, 2473.0, 157.0, 271.0, 2455.0, 156.0, 0, 0, 0
L 345.0, 2478.0, 157.0, 293.0, 2473.0, 157.0, 0, 0, 0
L 394.0, 2499.0, 139.0, 345.0, 2478.0, 157.0, 0, 0, 0
L 416.0, 2549.0, 157.0, 394.0, 2499.0, 139.0, 0, 0, 0
L 422.0, 2581.0, 157.0, 416.0, 2549.0, 157.0, 0, 0, 0
L 414.0, 2598.0, 157.0, 422.0, 2581.0, 157.0, 0, 0, 0
L 403.0, 2664.0, 157.0, 414.0, 2598.0, 157.0, 0, 0, 0
L 414.0, 2731.0, 157.0, 403.0, 2664.0, 157.0, 0, 0, 0
L 421.0, 2796.0, 141.0, 414.0, 2731.0, 157.0, 0, 0, 0
L 434.0, 2860.0, 125.0, 421.0, 2796.0, 141.0, 0, 0, 0
L 450.0, 2893.0, 116.0, 434.0, 2860.0, 125.0, 0, 0, 0
L 471.0, 2912.0, 117.0, 450.0, 2893.0, 116.0, 0, 0, 0
L 499.0, 2914.0, 110.0, 471.0, 2912.0, 117.0, 0, 0, 0
L 569.0, 2942.0, 93.0, 499.0, 2914.0, 110.0, 0, 0, 0
L 598.0, 2931.0, 85.0, 569.0, 2942.0, 93.0, 0, 0, 0
L 632.0, 2949.0, 76.0, 598.0, 2931.0, 85.0, 0, 0, 0
L 651.0, 2929.0, 78.0, 632.0, 2949.0, 76.0, 0, 0, 0
L 667.0, 2897.0, 86.0, 651.0, 2929.0, 78.0, 0, 0, 0
L 679.0, 2830.0, 102.0, 667.0, 2897.0, 86.0, 0, 0, 0
L 673.0, 2799.0, 110.0, 679.0, 2830.0, 102.0, 0, 0, 0
L 660.0, 2770.0, 117.0, 673.0, 2799.0, 110.0, 0, 0, 0
L 657.0, 2735.0, 126.0, 660.0, 2770.0, 117.0, 0, 0, 0
L 648.0, 2705.0, 133.0, 657.0, 2735.0, 126.0, 0, 0, 0
L 633.0, 2674.0, 141.0, 648.0, 2705.0, 133.0, 0, 0, 0
L 644.0, 2640.0, 150.0, 633.0, 2674.0, 141.0, 0, 0, 0
L 617.0, 2578.0, 165.0, 644.0, 2640.0, 150.0, 0, 0, 0
L 613.0, 2542.0, 174.0, 617.0, 2578.0, 165.0, 0, 0, 0
L 600.0, 2492.0, 181.0, 613.0, 2542.0, 174.0, 0, 0, 0
L 600.0, 2458.0, 181.0, 600.0, 2492.0, 181.0, 0, 0, 0
L 603.0, 2441.0, 181.0, 600.0, 2458.0, 181.0, 0, 0, 0
L 598.0, 2425.0, 181.0, 603.0, 2441.0, 181.0, 0, 0, 0
L 578.0, 2392.0, 180.0, 598.0, 2425.0, 181.0, 0, 0, 0
L 557.0, 2374.0, 181.0, 578.0, 2392.0, 180.0, 0, 0, 0
L 505.0, 2370.0, 181.0, 557.0, 2374.0, 181.0, 0, 0, 0
L 455.0, 2348.0, 176.0, 505.0, 2370.0, 181.0, 0, 0, 0
L 434.0, 2299.0, 181.0, 455.0, 2348.0, 176.0, 0, 0, 0
L 427.0, 2267.0, 181.0, 434.0, 2299.0, 181.0, 0, 0, 0
L 435.0, 2247.0, 182.0, 427.0, 2267.0, 181.0, 0, 0, 0
L 447.0, 2184.0, 198.0, 435.0, 2247.0, 182.0, 0, 0, 0
L 443.0, 2160.0, 204.0, 447.0, 2184.0, 198.0, 0, 0, 0
L 428.0, 2121.0, 214.0, 443.0, 2160.0, 204.0, 0, 0, 0
L 425.0, 2087.0, 222.0, 428.0, 2121.0, 214.0, 0, 0, 0
L 415.0, 2056.0, 228.0, 425.0, 2087.0, 222.0, 0, 0, 0
L 394.0, 2038.0, 229.0, 415.0, 2056.0, 228.0, 0, 0, 0
L 339.0, 2032.0, 229.0, 394.0, 2038.0, 229.0, 0, 0, 0
L 293.0, 2012.0, 220.0, 339.0, 2032.0, 229.0, 0, 0, 0
L 271.0, 1961.0, 229.0, 293.0, 2012.0, 220.0, 0, 0, 0
L 265.0, 1930.0, 229.0, 271.0, 1961.0, 229.0, 0, 0, 0
L 273.0, 1912.0, 230.0, 265.0, 1930.0, 229.0, 0, 0, 0
L 280.0, 1881.0, 238.0, 273.0, 1912.0, 230.0, 0, 0, 0
L 285.0, 1848.0, 246.0, 280.0, 1881.0, 238.0, 0, 0, 0
L 279.0, 1817.0, 253.0, 285.0, 1848.0, 246.0, 0, 0, 0
L 266.0, 1785.0, 262.0, 279.0, 1817.0, 253.0, 0, 0, 0
L 263.0, 1753.0, 270.0, 266.0, 1785.0, 262.0, 0, 0, 0
L 257.0, 1730.0, 275.0, 263.0, 1753.0, 270.0, 0, 0, 0
L 283.0, 1730.0, 240.0, 257.0, 1730.0, 275.0, 0, 0, 0
L 282.0, 1720.0, 238.0, 283.0, 1730.0, 240.0, 0, 0, 0
L 253.0, 1720.0, 276.0, 282.0, 1720.0, 238.0, 0, 0, 0
L 133.0, 1656.0, 277.0, 162.0, 1688.0, 277.0, 0, 0, 0
L 130.0, 1626.0, 277.0, 133.0, 1656.0, 277.0, 0, 0, 0
L 141.0, 1587.0, 277.0, 130.0, 1626.0, 277.0, 0, 0, 0
L 128.0, 1545.0, 277.0, 141.0, 1587.0, 277.0, 0, 0, 0
L 131.0, 1518.0, 277.0, 128.0, 1545.0, 277.0, 0, 0, 0
L 160.0, 1488.0, 277.0, 131.0, 1518.0, 277.0, 0, 0, 0
L 237.0, 1461.0, 276.0, 160.0, 1488.0, 277.0, 0, 0, 0
L 256.0, 1441.0, 277.0, 237.0, 1461.0, 276.0, 0, 0, 0
L 266.0, 1406.0, 286.0, 256.0, 1441.0, 277.0, 0, 0, 0
L 253.0, 1376.0, 294.0, 266.0, 1406.0, 286.0, 0, 0, 0
L 259.0, 1344.0, 302.0, 253.0, 1376.0, 294.0, 0, 0, 0
L 273.0, 1249.0, 325.0, 259.0, 1344.0, 302.0, 0, 0, 0
L 266.0, 1230.0, 325.0, 273.0, 1249.0, 325.0, 0, 0, 0
L 294.0, 1151.0, 322.0, 266.0, 1230.0, 325.0, 0, 0, 0
L 399.0, 1124.0, 324.0, 344.0, 1129.0, 325.0, 0, 0, 0
L 418.0, 1105.0, 326.0, 399.0, 1124.0, 324.0, 0, 0, 0
L 430.0, 1038.0, 342.0, 418.0, 1105.0, 326.0, 0, 0, 0
L 424.0, 1008.0, 349.0, 430.0, 1038.0, 342.0, 0, 0, 0
L 412.0, 977.0, 357.0, 424.0, 1008.0, 349.0, 0, 0, 0
L 407.0, 941.0, 366.0, 412.0, 977.0, 357.0, 0, 0, 0
L 400.0, 912.0, 374.0, 407.0, 941.0, 366.0, 0, 0, 0
L 411.0, 879.0, 381.0, 400.0, 912.0, 374.0, 0, 0, 0
L 397.0, 847.0, 390.0, 411.0, 879.0, 381.0, 0, 0, 0
L 409.0, 752.0, 414.0, 397.0, 847.0, 390.0, 0, 0, 0
L 429.0, 687.0, 429.0, 409.0, 752.0, 414.0, 0, 0, 0
L 415.0, 657.0, 438.0, 429.0, 687.0, 429.0, 0, 0, 0
L 432.0, 555.0, 445.0, 415.0, 657.0, 438.0, 0, 0, 0
L 418.0, 461.0, 453.0, 432.0, 555.0, 445.0, 0, 0, 0
L 423.0, 423.0, 462.0, 418.0, 461.0, 453.0, 0, 0, 0
L 417.0, 393.0, 470.0, 423.0, 423.0, 462.0, 0, 0, 0
L 405.0, 364.0, 477.0, 417.0, 393.0, 470.0, 0, 0, 0
L 400.0, 329.0, 484.0, 405.0, 364.0, 477.0, 0, 0, 0
L 380.0, 311.0, 485.0, 400.0, 329.0, 484.0, 0, 0, 0
L 323.0, 298.0, 472.0, 380.0, 311.0, 485.0, 0, 0, 0
L 280.0, 285.0, 467.0, 323.0, 298.0, 472.0, 0, 0, 0
L 256.0, 236.0, 485.0, 280.0, 285.0, 467.0, 0, 0, 0
L 250.0, 203.0, 485.0, 256.0, 236.0, 485.0, 0, 0, 0
L 257.0, 186.0, 485.0, 250.0, 203.0, 485.0, 0, 0, 0
L 228.0, 62.0, 485.0, 257.0, 186.0, 485.0, 0, 0, 0
L 257.0, 62.0, 446.0, 228.0, 62.0, 485.0, 0, 0, 0
L 255.0, 52.0, 446.0, 257.0, 62.0, 446.0, 0, 0, 0
L 227.0, 52.0, 484.0, 255.0, 52.0, 446.0, 0, 0, 0
L 208.0, 33.0, 485.0, 227.0, 52.0, 484.0, 0, 0, 0
L 177.0, 24.0, 481.0, 208.0, 33.0, 481.0, 0, 0, 0
L 176.0, 24.0, 481.0, 177.0, 24.0, 481.0, 0, 0, 0
L 136.0, 20.0, 481.0, 176.0, 24.0, 481.0, 0, 0, 0
L 109.0, -8.0, 480.0, 136.0, 20.0, 481.0, 0, 0, 0
L 107.0, -9.0, 481.0, 109.0, -8.0, 480.0, 0, 0, 0
L 103.0, -40.0, 481.0, 107.0, -9.0, 481.0, 0, 0, 0
L 115.0, -78.0, 481.0, 103.0, -40.0, 481.0, 0, 0, 0
L 115.0, -80.0, 481.0, 115.0, -78.0, 481.0, 0, 0, 0
L 102.0, -118.0, 481.0, 115.0, -80.0, 481.0, 0, 0, 0
L 102.0, -124.0, 481.0, 102.0, -118.0, 481.0, 0, 0, 0
L 105.0, -151.0, 481.0, 102.0, -124.0, 481.0, 0, 0, 0
L 132.0, -177.0, 480.0, 105.0, -151.0, 481.0, 0, 0, 0
L 133.0, -179.0, 481.0, 132.0, -177.0, 480.0, 0, 0, 0
L 135.0, -180.0, 481.0, 133.0, -179.0, 481.0, 0, 0, 0
L 165.0, -188.0, 481.0, 135.0, -180.0, 481.0, 0, 0, 0
L 167.0, -188.0, 481.0, 165.0, -188.0, 481.0, 0, 0, 0
L 210.0, -207.0, 481.0, 167.0, -188.0, 481.0, 0, 0, 0
L 269.0, -216.0, 481.0, 210.0, -207.0, 481.0, 0, 0, 0
L 352.0, -207.0, 481.0, 269.0, -216.0, 481.0, 0, 0, 0
L 390.0, -190.0, 481.0, 352.0, -207.0, 481.0, 0, 0, 0
L 391.0, -189.0, 481.0, 390.0, -190.0, 481.0, 0, 0, 0
L 426.0, -180.0, 481.0, 391.0, -189.0, 481.0, 0, 0, 0
L 453.0, -152.0, 480.0, 426.0, -180.0, 481.0, 0, 0, 0
L 455.0, -151.0, 481.0, 453.0, -152.0, 480.0, 0, 0, 0
L 455.0, -147.0, 481.0, 455.0, -151.0, 481.0, 0, 0, 0
L 459.0, -120.0, 481.0, 455.0, -147.0, 481.0, 0, 0, 0
L 446.0, -83.0, 481.0, 459.0, -120.0, 481.0, 0, 0, 0
L 445.0, -81.0, 481.0, 446.0, -83.0, 481.0, 0, 0, 0
L 444.0, -80.0, 481.0, 445.0, -81.0, 481.0, 0, 0, 0
L 457.0, -40.0, 481.0, 444.0, -80.0, 481.0, 0, 0, 0
L 453.0, -9.0, 481.0, 457.0, -40.0, 481.0, 0, 0, 0
L 445.0, -2.0, 480.0, 453.0, -9.0, 481.0, 0, 0, 0
L 424.0, 20.0, 481.0, 445.0, -2.0, 480.0, 0, 0, 0
L 387.0, 23.0, 481.0, 424.0, 20.0, 481.0, 0, 0, 0
L 385.0, 23.0, 481.0, 387.0, 23.0, 481.0, 0, 0, 0
L 351.0, 34.0, 481.0, 385.0, 23.0, 481.0, 0, 0, 0
L 253.0, 1720.0, 276.0, 237.0, 1703.0, 276.0, 0, 0, 0
L 237.0, 1703.0, 276.0, 203.0, 1692.0, 277.0, 0, 0, 0
L 203.0, 1692.0, 277.0, 162.0, 1687.0, 277.0, 0, 0, 0
L 294.0, 1151.0, 324.0, 344.0, 1129.0, 325.0, 0, 0, 0
L 330.0, 1720.0, 238.0, 359.0, 1720.0, 276.0, 0, 0, 0
L 359.0, 1720.0, 276.0, 378.0, 1702.0, 277.0, 0, 0, 0
L 378.0, 1702.0, 277.0, 410.0, 1692.0, 277.0, 0, 0, 0
L 410.0, 1692.0, 277.0, 448.0, 1688.0, 277.0, 0, 0, 0
L 448.0, 1688.0, 277.0, 479.0, 1659.0, 277.0, 0, 0, 0
L 479.0, 1659.0, 277.0, 482.0, 1627.0, 277.0, 0, 0, 0
L 482.0, 1627.0, 277.0, 471.0, 1590.0, 277.0, 0, 0, 0
L 471.0, 1590.0, 277.0, 484.0, 1549.0, 277.0, 0, 0, 0
L 484.0, 1549.0, 277.0, 480.0, 1517.0, 277.0, 0, 0, 0
L 480.0, 1517.0, 277.0, 452.0, 1488.0, 277.0, 0, 0, 0
L 452.0, 1488.0, 277.0, 418.0, 1479.0, 277.0, 0, 0, 0
L 418.0, 1479.0, 277.0, 378.0, 1461.0, 277.0, 0, 0, 0
L 378.0, 1461.0, 277.0, 360.0, 1443.0, 276.0, 0, 0, 0
L 360.0, 1443.0, 276.0, 346.0, 1377.0, 293.0, 0, 0, 0
L 346.0, 1377.0, 293.0, 352.0, 1345.0, 301.0, 0, 0, 0
L 352.0, 1345.0, 301.0, 365.0, 1312.0, 310.0, 0, 0, 0
L 365.0, 1312.0, 310.0, 369.0, 1277.0, 318.0, 0, 0, 0
L 369.0, 1277.0, 318.0, 376.0, 1250.0, 325.0, 0, 0, 0
L 376.0, 1250.0, 325.0, 394.0, 1230.0, 324.0, 0, 0, 0
L 394.0, 1230.0, 324.0, 424.0, 1228.0, 325.0, 0, 0, 0
L 424.0, 1228.0, 325.0, 450.0, 1225.0, 325.0, 0, 0, 0
L 450.0, 1225.0, 325.0, 500.0, 1203.0, 322.0, 0, 0, 0
L 500.0, 1203.0, 322.0, 521.0, 1155.0, 325.0, 0, 0, 0
L 521.0, 1155.0, 325.0, 528.0, 1121.0, 325.0, 0, 0, 0
L 528.0, 1121.0, 325.0, 521.0, 1106.0, 325.0, 0, 0, 0
L 521.0, 1106.0, 325.0, 509.0, 1074.0, 333.0, 0, 0, 0
L 509.0, 1074.0, 333.0, 523.0, 1041.0, 341.0, 0, 0, 0
L 523.0, 1041.0, 341.0, 518.0, 1009.0, 349.0, 0, 0, 0
L 518.0, 1009.0, 349.0, 512.0, 947.0, 365.0, 0, 0, 0
L 512.0, 947.0, 365.0, 490.0, 850.0, 389.0, 0, 0, 0
L 490.0, 850.0, 389.0, 496.0, 815.0, 398.0, 0, 0, 0
L 496.0, 815.0, 398.0, 508.0, 785.0, 405.0, 0, 0, 0
L 508.0, 785.0, 405.0, 512.0, 753.0, 413.0, 0, 0, 0
L 512.0, 753.0, 413.0, 520.0, 723.0, 421.0, 0, 0, 0
L 520.0, 723.0, 421.0, 508.0, 659.0, 437.0, 0, 0, 0
L 508.0, 659.0, 437.0, 513.0, 626.0, 445.0, 0, 0, 0
L 513.0, 626.0, 445.0, 533.0, 605.0, 444.0, 0, 0, 0
L 533.0, 605.0, 444.0, 589.0, 597.0, 445.0, 0, 0, 0
L 589.0, 597.0, 445.0, 621.0, 600.0, 445.0, 0, 0, 0
L 621.0, 600.0, 445.0, 653.0, 612.0, 445.0, 0, 0, 0
L 653.0, 612.0, 445.0, 686.0, 616.0, 453.0, 0, 0, 0
L 686.0, 616.0, 453.0, 716.0, 624.0, 461.0, 0, 0, 0
L 716.0, 624.0, 461.0, 750.0, 640.0, 469.0, 0, 0, 0
L 750.0, 640.0, 469.0, 781.0, 629.0, 477.0, 0, 0, 0
L 781.0, 629.0, 477.0, 846.0, 656.0, 493.0, 0, 0, 0
L 846.0, 656.0, 493.0, 880.0, 660.0, 502.0, 0, 0, 0
L 880.0, 660.0, 502.0, 935.0, 674.0, 509.0, 0, 0, 0
L 935.0, 674.0, 509.0, 965.0, 674.0, 509.0, 0, 0, 0
L 965.0, 674.0, 509.0, 981.0, 670.0, 509.0, 0, 0, 0
L 981.0, 670.0, 509.0, 998.0, 674.0, 509.0, 0, 0, 0
L 998.0, 674.0, 509.0, 1031.0, 695.0, 509.0, 0, 0, 0
L 1031.0, 695.0, 509.0, 1055.0, 694.0, 509.0, 0, 0, 0
L 1055.0, 694.0, 509.0, 1083.0, 691.0, 509.0, 0, 0, 0
L 1083.0, 691.0, 509.0, 1133.0, 669.0, 506.0, 0, 0, 0
L 1133.0, 669.0, 506.0, 1155.0, 619.0, 509.0, 0, 0, 0
L 1155.0, 619.0, 509.0, 1161.0, 587.0, 509.0, 0, 0, 0
L 1161.0, 587.0, 509.0, 1154.0, 572.0, 509.0, 0, 0, 0
L 1154.0, 572.0, 509.0, 1172.0, 551.0, 508.0, 0, 0, 0
L 1172.0, 551.0, 508.0, 1204.0, 532.0, 509.0, 0, 0, 0
L 1204.0, 532.0, 509.0, 1222.0, 526.0, 509.0, 0, 0, 0
L 1222.0, 526.0, 509.0, 1239.0, 530.0, 509.0, 0, 0, 0
L 1239.0, 530.0, 509.0, 1271.0, 529.0, 509.0, 0, 0, 0
L 1271.0, 529.0, 509.0, 1331.0, 515.0, 500.0, 0, 0, 0
L 1331.0, 515.0, 500.0, 1357.0, 513.0, 494.0, 0, 0, 0
L 1357.0, 513.0, 494.0, 1421.0, 485.0, 477.0, 0, 0, 0
L 1421.0, 485.0, 477.0, 1454.0, 496.0, 470.0, 0, 0, 0
L 1454.0, 496.0, 470.0, 1485.0, 481.0, 461.0, 0, 0, 0
L 1485.0, 481.0, 461.0, 1517.0, 472.0, 454.0, 0, 0, 0
L 1517.0, 472.0, 454.0, 1549.0, 468.0, 445.0, 0, 0, 0
L 1549.0, 468.0, 445.0, 1580.0, 447.0, 437.0, 0, 0, 0
L 1580.0, 447.0, 437.0, 1602.0, 464.0, 436.0, 0, 0, 0
L 1602.0, 464.0, 436.0, 1590.0, 530.0, 421.0, 0, 0, 0
L 1590.0, 530.0, 421.0, 1574.0, 562.0, 413.0, 0, 0, 0
L 1574.0, 562.0, 413.0, 1568.0, 594.0, 405.0, 0, 0, 0
L 1568.0, 594.0, 405.0, 1581.0, 657.0, 390.0, 0, 0, 0
L 1581.0, 657.0, 390.0, 1569.0, 719.0, 374.0, 0, 0, 0
L 1569.0, 719.0, 374.0, 1573.0, 752.0, 366.0, 0, 0, 0
L 1573.0, 752.0, 366.0, 1554.0, 774.0, 365.0, 0, 0, 0
L 1554.0, 774.0, 365.0, 1531.0, 779.0, 365.0, 0, 0, 0
L 1531.0, 779.0, 365.0, 1511.0, 791.0, 365.0, 0, 0, 0
L 1511.0, 791.0, 365.0, 1481.0, 778.0, 365.0, 0, 0, 0
L 1481.0, 778.0, 365.0, 1481.0, 811.0, 332.0, 0, 0, 0
L 1481.0, 811.0, 332.0, 1483.0, 852.0, 327.0, 0, 0, 0
L 1483.0, 852.0, 327.0, 1494.0, 882.0, 327.0, 0, 0, 0
L 1494.0, 882.0, 327.0, 1524.0, 907.0, 327.0, 0, 0, 0
L 1524.0, 907.0, 327.0, 1571.0, 924.0, 327.0, 0, 0, 0
L 1571.0, 924.0, 327.0, 1601.0, 924.0, 327.0, 0, 0, 0
L 1601.0, 924.0, 327.0, 1601.0, 1634.0, 327.0, 0, 0, 0
L 1601.0, 1634.0, 327.0, 1571.0, 1634.0, 327.0, 0, 0, 0
L 1571.0, 1634.0, 327.0, 1524.0, 1651.0, 327.0, 0, 0, 0
L 1524.0, 1651.0, 327.0, 1494.0, 1676.0, 327.0, 0, 0, 0
L 1494.0, 1676.0, 327.0, 1483.0, 1706.0, 327.0, 0, 0, 0
L 1483.0, 1706.0, 327.0, 1481.0, 1747.0, 332.0, 0, 0, 0
L 1481.0, 1747.0, 332.0, 1481.0, 1780.0, 365.0, 0, 0, 0
L 1481.0, 1780.0, 365.0, 1509.0, 1767.0, 365.0, 0, 0, 0
L 1509.0, 1767.0, 365.0, 1528.0, 1778.0, 365.0, 0, 0, 0
L 1528.0, 1778.0, 365.0, 1553.0, 1783.0, 365.0, 0, 0, 0
L 1553.0, 1783.0, 365.0, 1573.0, 1802.0, 364.0, 0, 0, 0
L 1573.0, 1802.0, 364.0, 1588.0, 1834.0, 365.0, 0, 0, 0
L 1588.0, 1834.0, 365.0, 1593.0, 1850.0, 365.0, 0, 0, 0
L 1593.0, 1850.0, 365.0, 1589.0, 1869.0, 365.0, 0, 0, 0
L 1589.0, 1869.0, 365.0, 1590.0, 1901.0, 365.0, 0, 0, 0
L 1590.0, 1901.0, 365.0, 1603.0, 1955.0, 358.0, 0, 0, 0
L 1603.0, 1955.0, 358.0, 1606.0, 1986.0, 350.0, 0, 0, 0
L 1606.0, 1986.0, 350.0, 1633.0, 2049.0, 334.0, 0, 0, 0
L 1633.0, 2049.0, 334.0, 1623.0, 2083.0, 326.0, 0, 0, 0
L 1623.0, 2083.0, 326.0, 1638.0, 2115.0, 317.0, 0, 0, 0
L 1638.0, 2115.0, 317.0, 1646.0, 2144.0, 310.0, 0, 0, 0
L 1646.0, 2144.0, 310.0, 1651.0, 2180.0, 302.0, 0, 0, 0
L 1651.0, 2180.0, 302.0, 1663.0, 2211.0, 293.0, 0, 0, 0
L 1663.0, 2211.0, 293.0, 1645.0, 2232.0, 292.0, 0, 0, 0
L 1645.0, 2232.0, 292.0, 1612.0, 2257.0, 285.0, 0, 0, 0
L 1612.0, 2257.0, 285.0, 1580.0, 2246.0, 277.0, 0, 0, 0
L 1580.0, 2246.0, 277.0, 1549.0, 2261.0, 270.0, 0, 0, 0
L 1549.0, 2261.0, 270.0, 1481.0, 2273.0, 269.0, 0, 0, 0
L 1481.0, 2273.0, 269.0, 1413.0, 2262.0, 269.0, 0, 0, 0
L 1413.0, 2262.0, 269.0, 1383.0, 2276.0, 261.0, 0, 0, 0
L 1383.0, 2276.0, 261.0, 1349.0, 2265.0, 254.0, 0, 0, 0
L 1349.0, 2265.0, 254.0, 1320.0, 2279.0, 246.0, 0, 0, 0
L 1320.0, 2279.0, 246.0, 1302.0, 2273.0, 245.0, 0, 0, 0
L 1302.0, 2273.0, 245.0, 1268.0, 2280.0, 245.0, 0, 0, 0
L 1268.0, 2280.0, 245.0, 1219.0, 2301.0, 242.0, 0, 0, 0
L 1219.0, 2301.0, 242.0, 1193.0, 2382.0, 245.0, 0, 0, 0
L 1193.0, 2382.0, 245.0, 1193.0, 2403.0, 245.0, 0, 0, 0
L 1193.0, 2403.0, 245.0, 1213.0, 2436.0, 245.0, 0, 0, 0
L 1213.0, 2436.0, 245.0, 1218.0, 2451.0, 245.0, 0, 0, 0
L 1218.0, 2451.0, 245.0, 1214.0, 2469.0, 245.0, 0, 0, 0
L 1214.0, 2469.0, 245.0, 1214.0, 2500.0, 245.0, 0, 0, 0
L 1214.0, 2500.0, 245.0, 1228.0, 2556.0, 237.0, 0, 0, 0
L 1228.0, 2556.0, 237.0, 1231.0, 2586.0, 230.0, 0, 0, 0
L 1231.0, 2586.0, 230.0, 1243.0, 2615.0, 222.0, 0, 0, 0
L 1243.0, 2615.0, 222.0, 1259.0, 2651.0, 213.0, 0, 0, 0
L 1259.0, 2651.0, 213.0, 1248.0, 2683.0, 206.0, 0, 0, 0
L 1248.0, 2683.0, 206.0, 1263.0, 2715.0, 197.0, 0, 0, 0
L 1263.0, 2715.0, 197.0, 1272.0, 2747.0, 190.0, 0, 0, 0
L 1272.0, 2747.0, 190.0, 1276.0, 2780.0, 181.0, 0, 0, 0
L 1276.0, 2780.0, 181.0, 1288.0, 2811.0, 173.0, 0, 0, 0
L 1288.0, 2811.0, 173.0, 1268.0, 2833.0, 173.0, 0, 0, 0
L 1268.0, 2833.0, 173.0, 1237.0, 2852.0, 173.0, 0, 0, 0
L 1237.0, 2852.0, 173.0, 1223.0, 2857.0, 173.0, 0, 0, 0
L 1223.0, 2857.0, 173.0, 1204.0, 2853.0, 173.0, 0, 0, 0
L 1204.0, 2853.0, 173.0, 1172.0, 2853.0, 173.0, 0, 0, 0
L 1172.0, 2853.0, 173.0, 1116.0, 2867.0, 165.0, 0, 0, 0
L 1116.0, 2867.0, 165.0, 1087.0, 2870.0, 158.0, 0, 0, 0
L 1087.0, 2870.0, 158.0, 1023.0, 2897.0, 142.0, 0, 0, 0
L 1023.0, 2897.0, 142.0, 988.0, 2887.0, 134.0, 0, 0, 0
L 988.0, 2887.0, 134.0, 957.0, 2902.0, 125.0, 0, 0, 0
L 957.0, 2902.0, 125.0, 925.0, 2911.0, 118.0, 0, 0, 0
L 925.0, 2911.0, 118.0, 892.0, 2915.0, 109.0, 0, 0, 0
L 892.0, 2915.0, 109.0, 830.0, 2942.0, 94.0, 0, 0, 0
L 830.0, 2942.0, 94.0, 796.0, 2931.0, 85.0, 0, 0, 0
L 796.0, 2931.0, 85.0, 766.0, 2949.0, 77.0, 0, 0, 0
L 766.0, 2949.0, 77.0, 744.0, 2931.0, 77.0, 0, 0, 0
L 744.0, 2931.0, 77.0, 769.0, 2898.0, 85.0, 0, 0, 0
L 769.0, 2898.0, 85.0, 758.0, 2866.0, 93.0, 0, 0, 0
L 758.0, 2866.0, 93.0, 772.0, 2833.0, 102.0, 0, 0, 0
L 772.0, 2833.0, 102.0, 761.0, 2738.0, 125.0, 0, 0, 0
L 761.0, 2738.0, 125.0, 736.0, 2675.0, 141.0, 0, 0, 0
L 736.0, 2675.0, 141.0, 718.0, 2563.0, 169.0, 0, 0, 0
L 718.0, 2563.0, 169.0, 716.0, 2544.0, 174.0, 0, 0, 0
L 716.0, 2544.0, 174.0, 703.0, 2490.0, 181.0, 0, 0, 0
L 703.0, 2490.0, 181.0, 697.0, 2444.0, 181.0, 0, 0, 0
L 697.0, 2444.0, 181.0, 677.0, 2414.0, 181.0, 0, 0, 0
L 677.0, 2414.0, 181.0, 682.0, 2394.0, 181.0, 0, 0, 0
L 682.0, 2394.0, 181.0, 689.0, 2378.0, 181.0, 0, 0, 0
L 689.0, 2378.0, 181.0, 681.0, 2343.0, 181.0, 0, 0, 0
L 681.0, 2343.0, 181.0, 661.0, 2296.0, 180.0, 0, 0, 0
L 661.0, 2296.0, 180.0, 609.0, 2274.0, 181.0, 0, 0, 0
L 609.0, 2274.0, 181.0, 559.0, 2270.0, 181.0, 0, 0, 0
L 559.0, 2270.0, 181.0, 538.0, 2252.0, 180.0, 0, 0, 0
L 538.0, 2252.0, 180.0, 526.0, 2219.0, 189.0, 0, 0, 0
L 526.0, 2219.0, 189.0, 540.0, 2186.0, 197.0, 0, 0, 0
L 540.0, 2186.0, 197.0, 535.0, 2154.0, 205.0, 0, 0, 0
L 535.0, 2154.0, 205.0, 528.0, 2088.0, 222.0, 0, 0, 0
L 528.0, 2088.0, 222.0, 520.0, 2056.0, 229.0, 0, 0, 0
L 520.0, 2056.0, 229.0, 527.0, 2041.0, 229.0, 0, 0, 0
L 527.0, 2041.0, 229.0, 520.0, 2008.0, 229.0, 0, 0, 0
L 520.0, 2008.0, 229.0, 499.0, 1960.0, 227.0, 0, 0, 0
L 499.0, 1960.0, 227.0, 449.0, 1938.0, 229.0, 0, 0, 0
L 449.0, 1938.0, 229.0, 419.0, 1934.0, 229.0, 0, 0, 0
L 419.0, 1934.0, 229.0, 397.0, 1934.0, 229.0, 0, 0, 0
L 397.0, 1934.0, 229.0, 376.0, 1916.0, 228.0, 0, 0, 0
L 376.0, 1916.0, 228.0, 364.0, 1882.0, 237.0, 0, 0, 0
L 364.0, 1882.0, 237.0, 378.0, 1849.0, 246.0, 0, 0, 0
L 378.0, 1849.0, 246.0, 366.0, 1753.0, 270.0, 0, 0, 0
L 366.0, 1753.0, 270.0, 360.0, 1730.0, 275.0, 0, 0, 0
L 360.0, 1730.0, 275.0, 331.0, 1730.0, 238.0, 0, 0, 0
L 331.0, 1730.0, 238.0, 330.0, 1720.0, 238.0, 0, 0, 0
L 180.0, 2390.0, 173.0, 174.0, 2356.0, 181.0, 0, 0, 0
L 174.0, 2356.0, 181.0, 161.0, 2324.0, 190.0, 0, 0, 0
L 161.0, 2324.0, 190.0, 158.0, 2292.0, 198.0, 0, 0, 0
L 158.0, 2292.0, 198.0, 149.0, 2261.0, 205.0, 0, 0, 0
L 149.0, 2261.0, 205.0, 132.0, 2242.0, 204.0, 0, 0, 0
L 132.0, 2242.0, 204.0, 138.0, 2200.0, 168.0, 0, 0, 0
L 138.0, 2200.0, 168.0, 132.0, 2152.0, 204.0, 0, 0, 0
L 132.0, 2152.0, 204.0, 148.0, 2135.0, 204.0, 0, 0, 0
L 148.0, 2135.0, 204.0, 131.0, 2114.0, 204.0, 0, 0, 0
L 131.0, 2114.0, 204.0, 105.0, 2113.0, 205.0, 0, 0, 0
L 105.0, 2113.0, 205.0, 76.0, 2109.0, 205.0, 0, 0, 0
L 76.0, 2109.0, 205.0, 26.0, 2087.0, 203.0, 0, 0, 0
L 26.0, 2087.0, 203.0, 11.0, 2052.0, 205.0, 0, 0, 0
L 11.0, 2052.0, 205.0, -2.0, 2006.0, 205.0, 0, 0, 0
L -2.0, 2006.0, 205.0, 5.0, 1991.0, 205.0, 0, 0, 0
L 5.0, 1991.0, 205.0, 18.0, 1926.0, 221.0, 0, 0, 0
L 18.0, 1926.0, 221.0, 13.0, 1894.0, 229.0, 0, 0, 0
L 13.0, 1894.0, 229.0, 0.0, 1861.0, 237.0, 0, 0, 0
L 0.0, 1861.0, 237.0, -4.0, 1830.0, 245.0, 0, 0, 0
L -4.0, 1830.0, 245.0, -22.0, 1810.0, 244.0, 0, 0, 0
L -22.0, 1810.0, 244.0, -60.0, 1802.0, 254.0, 0, 0, 0
L -60.0, 1802.0, 254.0, -87.0, 1797.0, 261.0, 0, 0, 0
L -87.0, 1797.0, 261.0, -152.0, 1791.0, 277.0, 0, 0, 0
L -152.0, 1791.0, 277.0, -214.0, 1811.0, 277.0, 0, 0, 0
L -214.0, 1811.0, 277.0, -250.0, 1808.0, 277.0, 0, 0, 0
L -250.0, 1808.0, 277.0, -283.0, 1809.0, 277.0, 0, 0, 0
L -283.0, 1809.0, 277.0, -304.0, 1828.0, 276.0, 0, 0, 0
L -304.0, 1828.0, 276.0, -311.0, 1868.0, 277.0, 0, 0, 0
L -311.0, 1868.0, 277.0, -298.0, 1933.0, 277.0, 0, 0, 0
L -298.0, 1933.0, 277.0, -280.0, 1952.0, 276.0, 0, 0, 0
L -280.0, 1952.0, 276.0, -241.0, 1970.0, 277.0, 0, 0, 0
L -241.0, 1970.0, 277.0, -206.0, 1980.0, 277.0, 0, 0, 0
L -206.0, 1980.0, 277.0, -176.0, 2009.0, 277.0, 0, 0, 0
L -176.0, 2009.0, 277.0, -173.0, 2039.0, 277.0, 0, 0, 0
L -173.0, 2039.0, 277.0, -186.0, 2077.0, 277.0, 0, 0, 0
L -186.0, 2077.0, 277.0, -175.0, 2121.0, 277.0, 0, 0, 0
L -175.0, 2121.0, 277.0, -179.0, 2151.0, 277.0, 0, 0, 0
L -179.0, 2151.0, 277.0, -207.0, 2179.0, 277.0, 0, 0, 0
L -207.0, 2179.0, 277.0, -247.0, 2184.0, 277.0, 0, 0, 0
L -247.0, 2184.0, 277.0, -278.0, 2193.0, 277.0, 0, 0, 0
L -278.0, 2193.0, 277.0, -298.0, 2212.0, 276.0, 0, 0, 0
L -298.0, 2212.0, 276.0, -291.0, 2245.0, 270.0, 0, 0, 0
L -291.0, 2245.0, 270.0, -284.0, 2313.0, 253.0, 0, 0, 0
L -284.0, 2313.0, 253.0, -279.0, 2341.0, 246.0, 0, 0, 0
L -279.0, 2341.0, 246.0, -292.0, 2371.0, 238.0, 0, 0, 0
L -292.0, 2371.0, 238.0, -281.0, 2406.0, 229.0, 0, 0, 0
L -281.0, 2406.0, 229.0, -263.0, 2425.0, 228.0, 0, 0, 0
L -263.0, 2425.0, 228.0, -232.0, 2435.0, 222.0, 0, 0, 0
L -232.0, 2435.0, 222.0, -198.0, 2438.0, 214.0, 0, 0, 0
L -198.0, 2438.0, 214.0, -165.0, 2451.0, 205.0, 0, 0, 0
L -165.0, 2451.0, 205.0, -134.0, 2457.0, 198.0, 0, 0, 0
L -134.0, 2457.0, 198.0, -71.0, 2445.0, 182.0, 0, 0, 0
L -71.0, 2445.0, 182.0, -52.0, 2437.0, 181.0, 0, 0, 0
L -52.0, 2437.0, 181.0, -24.0, 2443.0, 181.0, 0, 0, 0
L -24.0, 2443.0, 181.0, 29.0, 2465.0, 178.0, 0, 0, 0
L 29.0, 2465.0, 178.0, 48.0, 2509.0, 181.0, 0, 0, 0
L 48.0, 2509.0, 181.0, 54.0, 2543.0, 181.0, 0, 0, 0
L 54.0, 2543.0, 181.0, 55.0, 2566.0, 181.0, 0, 0, 0
L 55.0, 2566.0, 181.0, 74.0, 2588.0, 181.0, 0, 0, 0
L 74.0, 2588.0, 181.0, 105.0, 2608.0, 181.0, 0, 0, 0
L 105.0, 2608.0, 181.0, 121.0, 2613.0, 181.0, 0, 0, 0
L 121.0, 2613.0, 181.0, 136.0, 2610.0, 181.0, 0, 0, 0
L 136.0, 2610.0, 181.0, 169.0, 2609.0, 181.0, 0, 0, 0
L 169.0, 2609.0, 181.0, 193.0, 2614.0, 181.0, 0, 0, 0
L 193.0, 2614.0, 181.0, 225.0, 2623.0, 174.0, 0, 0, 0
L 225.0, 2623.0, 174.0, 257.0, 2626.0, 166.0, 0, 0, 0
L 257.0, 2626.0, 166.0, 290.0, 2618.0, 158.0, 0, 0, 0
L 290.0, 2618.0, 158.0, 311.0, 2599.0, 156.0, 0, 0, 0
L 311.0, 2599.0, 156.0, 292.0, 2577.0, 156.0, 0, 0, 0
L 292.0, 2577.0, 156.0, 268.0, 2577.0, 157.0, 0, 0, 0
L 268.0, 2577.0, 157.0, 238.0, 2573.0, 157.0, 0, 0, 0
L 238.0, 2573.0, 157.0, 189.0, 2552.0, 156.0, 0, 0, 0
L 189.0, 2552.0, 156.0, 170.0, 2509.0, 157.0, 0, 0, 0
L 170.0, 2509.0, 157.0, 160.0, 2468.0, 157.0, 0, 0, 0
L 160.0, 2468.0, 157.0, 168.0, 2450.0, 158.0, 0, 0, 0
L 168.0, 2450.0, 158.0, 180.0, 2390.0, 173.0, 0, 0, 0
L -387.0, 1764.0, 277.0, -398.0, 1697.0, 277.0, 0, 0, 0
L -398.0, 1697.0, 277.0, -401.0, 1665.0, 285.0, 0, 0, 0
L -401.0, 1665.0, 285.0, -396.0, 1633.0, 293.0, 0, 0, 0
L -396.0, 1633.0, 293.0, -401.0, 1600.0, 301.0, 0, 0, 0
L -401.0, 1600.0, 301.0, -414.0, 1570.0, 309.0, 0, 0, 0
L -414.0, 1570.0, 309.0, -418.0, 1536.0, 317.0, 0, 0, 0
L -418.0, 1536.0, 317.0, -427.0, 1504.0, 325.0, 0, 0, 0
L -427.0, 1504.0, 325.0, -444.0, 1485.0, 324.0, 0, 0, 0
L -444.0, 1485.0, 324.0, -442.0, 1474.0, 302.0, 0, 0, 0
L -442.0, 1474.0, 302.0, -442.0, 1457.0, 290.0, 0, 0, 0
L -442.0, 1457.0, 290.0, -438.0, 1442.0, 288.0, 0, 0, 0
L -438.0, 1442.0, 288.0, -441.0, 1424.0, 288.0, 0, 0, 0
L -441.0, 1424.0, 288.0, -444.0, 1395.0, 324.0, 0, 0, 0
L -444.0, 1395.0, 324.0, -428.0, 1378.0, 324.0, 0, 0, 0
L -428.0, 1378.0, 324.0, -434.0, 1360.0, 325.0, 0, 0, 0
L -434.0, 1360.0, 325.0, -428.0, 1328.0, 325.0, 0, 0, 0
L -428.0, 1328.0, 325.0, -406.0, 1278.0, 324.0, 0, 0, 0
L -406.0, 1278.0, 324.0, -361.0, 1258.0, 325.0, 0, 0, 0
L -361.0, 1258.0, 325.0, -347.0, 1255.0, 325.0, 0, 0, 0
L -347.0, 1255.0, 325.0, -305.0, 1252.0, 325.0, 0, 0, 0
L -305.0, 1252.0, 325.0, -283.0, 1234.0, 324.0, 0, 0, 0
L -283.0, 1234.0, 324.0, -271.0, 1200.0, 333.0, 0, 0, 0
L -271.0, 1200.0, 333.0, -285.0, 1168.0, 341.0, 0, 0, 0
L -285.0, 1168.0, 341.0, -280.0, 1136.0, 350.0, 0, 0, 0
L -280.0, 1136.0, 350.0, -274.0, 1072.0, 365.0, 0, 0, 0
L -274.0, 1072.0, 365.0, -265.0, 1041.0, 373.0, 0, 0, 0
L -265.0, 1041.0, 373.0, -282.0, 1021.0, 372.0, 0, 0, 0
L -282.0, 1021.0, 372.0, -282.0, 1008.0, 350.0, 0, 0, 0
L -282.0, 1008.0, 350.0, -279.0, 994.0, 339.0, 0, 0, 0
L -279.0, 994.0, 339.0, -274.0, 973.0, 336.0, 0, 0, 0
L -274.0, 973.0, 336.0, -279.0, 962.0, 336.0, 0, 0, 0
L -279.0, 962.0, 336.0, -284.0, 936.0, 365.0, 0, 0, 0
L -284.0, 936.0, 365.0, -282.0, 931.0, 372.0, 0, 0, 0
L -282.0, 931.0, 372.0, -266.0, 914.0, 372.0, 0, 0, 0
L -266.0, 914.0, 372.0, -252.0, 849.0, 389.0, 0, 0, 0
L -252.0, 849.0, 389.0, -257.0, 817.0, 397.0, 0, 0, 0
L -257.0, 817.0, 397.0, -270.0, 784.0, 405.0, 0, 0, 0
L -270.0, 784.0, 405.0, -275.0, 750.0, 412.0, 0, 0, 0
L -275.0, 750.0, 412.0, -292.0, 732.0, 412.0, 0, 0, 0
L -292.0, 732.0, 412.0, -325.0, 731.0, 413.0, 0, 0, 0
L -325.0, 731.0, 413.0, -346.0, 728.0, 413.0, 0, 0, 0
L -346.0, 728.0, 413.0, -394.0, 707.0, 413.0, 0, 0, 0
L -394.0, 707.0, 413.0, -418.0, 657.0, 413.0, 0, 0, 0
L -418.0, 657.0, 413.0, -425.0, 624.0, 413.0, 0, 0, 0
L -425.0, 624.0, 413.0, -418.0, 610.0, 413.0, 0, 0, 0
L -418.0, 610.0, 413.0, -438.0, 544.0, 413.0, 0, 0, 0
L -438.0, 544.0, 413.0, -435.0, 514.0, 413.0, 0, 0, 0
L -435.0, 514.0, 413.0, -447.0, 475.0, 413.0, 0, 0, 0
L -447.0, 475.0, 413.0, -467.0, 454.0, 413.0, 0, 0, 0
L -467.0, 454.0, 413.0, -532.0, 433.0, 413.0, 0, 0, 0
L -532.0, 433.0, 413.0, -561.0, 419.0, 413.0, 0, 0, 0
L -561.0, 419.0, 413.0, -600.0, 425.0, 413.0, 0, 0, 0
L -600.0, 425.0, 413.0, -636.0, 414.0, 413.0, 0, 0, 0
L -636.0, 414.0, 413.0, -668.0, 417.0, 413.0, 0, 0, 0
L -668.0, 417.0, 413.0, -700.0, 408.0, 413.0, 0, 0, 0
L -700.0, 408.0, 413.0, -769.0, 385.0, 413.0, 0, 0, 0
L -769.0, 385.0, 413.0, -801.0, 388.0, 413.0, 0, 0, 0
L -801.0, 388.0, 413.0, -864.0, 368.0, 413.0, 0, 0, 0
L -864.0, 368.0, 413.0, -885.0, 385.0, 412.0, 0, 0, 0
L -885.0, 385.0, 412.0, -911.0, 384.0, 376.0, 0, 0, 0
L -911.0, 384.0, 376.0, -932.0, 376.0, 376.0, 0, 0, 0
L -932.0, 376.0, 376.0, -950.0, 384.0, 376.0, 0, 0, 0
L -950.0, 384.0, 376.0, -975.0, 385.0, 412.0, 0, 0, 0
L -975.0, 385.0, 412.0, -992.0, 369.0, 412.0, 0, 0, 0
L -992.0, 369.0, 412.0, -1054.0, 367.0, 406.0, 0, 0, 0
L -1054.0, 367.0, 406.0, -1119.0, 387.0, 405.0, 0, 0, 0
L -1119.0, 387.0, 405.0, -1136.0, 403.0, 404.0, 0, 0, 0
L -1136.0, 403.0, 404.0, -1167.0, 403.0, 366.0, 0, 0, 0
L -1167.0, 403.0, 366.0, -1168.0, 413.0, 366.0, 0, 0, 0
L -1168.0, 413.0, 366.0, -1136.0, 413.0, 404.0, 0, 0, 0
L -1136.0, 413.0, 404.0, -1122.0, 427.0, 404.0, 0, 0, 0
L -1122.0, 427.0, 404.0, -1070.0, 439.0, 405.0, 0, 0, 0
L -1070.0, 439.0, 405.0, -1029.0, 443.0, 405.0, 0, 0, 0
L -1029.0, 443.0, 405.0, -1001.0, 472.0, 405.0, 0, 0, 0
L -1001.0, 472.0, 405.0, -1006.0, 503.0, 405.0, 0, 0, 0
L -1006.0, 503.0, 405.0, -1001.0, 555.0, 405.0, 0, 0, 0
L -1001.0, 555.0, 405.0, -1070.0, 571.0, 367.0, 0, 0, 0
L -1070.0, 571.0, 367.0, -1120.0, 591.0, 366.0, 0, 0, 0
L -1120.0, 591.0, 366.0, -1160.0, 621.0, 366.0, 0, 0, 0
L -1160.0, 621.0, 366.0, -1164.0, 1142.0, 366.0, 0, 0, 0
L -1164.0, 1142.0, 366.0, -1126.0, 1173.0, 366.0, 0, 0, 0
L -1126.0, 1173.0, 366.0, -1068.0, 1198.0, 367.0, 0, 0, 0
L -1068.0, 1198.0, 367.0, -1029.0, 1211.0, 366.0, 0, 0, 0
L -1029.0, 1211.0, 366.0, -1000.0, 1211.0, 405.0, 0, 0, 0
L -1000.0, 1211.0, 405.0, -996.0, 1240.0, 405.0, 0, 0, 0
L -996.0, 1240.0, 405.0, -997.1, 1265.9, 405.0, 0, 0, 0
L -1003.0, 1410.0, 405.0, -1032.0, 1440.0, 405.0, 0, 0, 0
L -1032.0, 1440.0, 405.0, -1074.0, 1444.0, 405.0, 0, 0, 0
L -1074.0, 1444.0, 405.0, -1124.0, 1455.0, 405.0, 0, 0, 0
L -1124.0, 1455.0, 405.0, -1139.0, 1470.0, 404.0, 0, 0, 0
L -1139.0, 1470.0, 404.0, -1171.0, 1470.0, 366.0, 0, 0, 0
L -1171.0, 1470.0, 366.0, -1170.0, 1480.0, 368.0, 0, 0, 0
L -1170.0, 1480.0, 368.0, -1139.0, 1480.0, 404.0, 0, 0, 0
L -1139.0, 1480.0, 404.0, -1126.0, 1494.0, 404.0, 0, 0, 0
L -1126.0, 1494.0, 404.0, -1133.0, 1537.0, 368.0, 0, 0, 0
L -1133.0, 1537.0, 368.0, -1124.0, 1583.0, 404.0, 0, 0, 0
L -1124.0, 1583.0, 404.0, -1143.0, 1603.0, 405.0, 0, 0, 0
L -1143.0, 1603.0, 405.0, -1126.0, 1664.0, 390.0, 0, 0, 0
L -1126.0, 1664.0, 390.0, -1114.0, 1761.0, 366.0, 0, 0, 0
L -1114.0, 1761.0, 366.0, -1128.0, 1797.0, 356.0, 0, 0, 0
L -1128.0, 1797.0, 356.0, -1117.0, 1827.0, 349.0, 0, 0, 0
L -1117.0, 1827.0, 349.0, -1098.0, 1846.0, 348.0, 0, 0, 0
L -1098.0, 1846.0, 348.0, -1064.0, 1856.0, 341.0, 0, 0, 0
L -1064.0, 1856.0, 341.0, -1033.0, 1859.0, 334.0, 0, 0, 0
L -1033.0, 1859.0, 334.0, -999.0, 1873.0, 325.0, 0, 0, 0
L -999.0, 1873.0, 325.0, -970.0, 1878.0, 318.0, 0, 0, 0
L -970.0, 1878.0, 318.0, -937.0, 1873.0, 310.0, 0, 0, 0
L -937.0, 1873.0, 310.0, -901.0, 1864.0, 301.0, 0, 0, 0
L -901.0, 1864.0, 301.0, -888.0, 1858.0, 301.0, 0, 0, 0
L -888.0, 1858.0, 301.0, -856.0, 1864.0, 301.0, 0, 0, 0
L -856.0, 1864.0, 301.0, -806.0, 1886.0, 298.0, 0, 0, 0
L -806.0, 1886.0, 298.0, -785.0, 1935.0, 301.0, 0, 0, 0
L -785.0, 1935.0, 301.0, -780.0, 1966.0, 301.0, 0, 0, 0
L -780.0, 1966.0, 301.0, -780.0, 1987.0, 301.0, 0, 0, 0
L -780.0, 1987.0, 301.0, -762.0, 2008.0, 300.0, 0, 0, 0
L -762.0, 2008.0, 300.0, -727.0, 2030.0, 301.0, 0, 0, 0
L -727.0, 2030.0, 301.0, -713.0, 2034.0, 301.0, 0, 0, 0
L -713.0, 2034.0, 301.0, -696.0, 2031.0, 301.0, 0, 0, 0
L -696.0, 2031.0, 301.0, -664.0, 2030.0, 301.0, 0, 0, 0
L -664.0, 2030.0, 301.0, -635.0, 2037.0, 300.0, 0, 0, 0
L -635.0, 2037.0, 300.0, -609.0, 2044.0, 294.0, 0, 0, 0
L -609.0, 2044.0, 294.0, -578.0, 2047.0, 286.0, 0, 0, 0
L -578.0, 2047.0, 286.0, -545.0, 2039.0, 278.0, 0, 0, 0
L -545.0, 2039.0, 278.0, -524.0, 2019.0, 276.0, 0, 0, 0
L -524.0, 2019.0, 276.0, -496.0, 1991.0, 276.0, 0, 0, 0
L -496.0, 1991.0, 276.0, -463.0, 1982.0, 277.0, 0, 0, 0
L -463.0, 1982.0, 277.0, -422.0, 1954.0, 277.0, 0, 0, 0
L -422.0, 1954.0, 277.0, -403.0, 1936.0, 276.0, 0, 0, 0
L -403.0, 1936.0, 276.0, -390.0, 1903.0, 277.0, 0, 0, 0
L -390.0, 1903.0, 277.0, -404.0, 1868.0, 277.0, 0, 0, 0
L -404.0, 1868.0, 277.0, -387.0, 1764.0, 277.0, 0, 0, 0
L -1066.0, 1266.0, 365.0, -997.1, 1265.9, 405.0, 0, 0, 0
L -1001.0, 1366.0, 399.0, -1066.0, 1366.0, 365.0, 0, 0, 0
L -1066.0, 1324.0, 365.0, -1064.0, 1324.0, 365.0, 0, 0, 0
L 470.0, 3654.0, 70.0, 470.0, 3688.9, 70.0, 0, 0, 0
L 314.0, 3652.0, 70.0, 314.0, 3688.9, 70.0, 0, 0, 0
L -1001.0, 1366.0, 399.0, -1003.0, 1410.0, 405.0, 0, 0, 0
L -1056.0, 1343.0, 365.0, -1056.0, 1345.0, 365.0, 0, 0, 0
L -1064.0, 1324.0, 365.0, -1064.0, 1343.0, 365.0, 0, 0, 0
L -1064.0, 1343.0, 365.0, -1056.0, 1343.0, 365.0, 0, 0, 0
L -1064.0, 1345.0, 365.0, -1064.0, 1364.0, 365.0, 0, 0, 0
L -1056.0, 1345.0, 365.0, -1064.0, 1345.0, 365.0, 0, 0, 0
L -1030.0, 1343.0, 365.0, -1030.0, 1290.0, 365.0, 0, 0, 0
L -1041.0, 1345.0, 365.0, -1041.0, 1343.0, 365.0, 0, 0, 0
L -1064.0, 1364.0, 365.0, -1038.0, 1364.0, 365.0, 0, 0, 0
L -1042.0, 1290.0, 365.0, -1042.0, 1288.0, 365.0, 0, 0, 0
L -1038.0, 1345.0, 365.0, -1041.0, 1345.0, 365.0, 0, 0, 0
L -1038.0, 1364.0, 365.0, -1038.0, 1345.0, 365.0, 0, 0, 0
L -1041.0, 1343.0, 365.0, -1030.0, 1343.0, 365.0, 0, 0, 0
L -1030.0, 1290.0, 365.0, -1042.0, 1290.0, 365.0, 0, 0, 0
L -1066.0, 1366.0, 365.0, -1066.0, 1324.0, 365.0, 0, 0, 0
L -1066.0, 1309.0, 365.0, -1066.0, 1266.0, 365.0, 0, 0, 0
L -1064.0, 1290.0, 365.0, -1064.0, 1309.0, 365.0, 0, 0, 0
L -1064.0, 1309.0, 365.0, -1066.0, 1309.0, 365.0, 0, 0, 0
L -1057.0, 1290.0, 365.0, -1064.0, 1290.0, 365.0, 0, 0, 0
L -1038.0, 1288.0, 365.0, -1042.0, 1288.0, 365.0, 0, 0, 0
L -1064.0, 1268.0, 365.0, -1064.0, 1288.0, 365.0, 0, 0, 0
L -1057.0, 1290.0, 365.0, -1057.0, 1288.0, 365.0, 0, 0, 0
L -1057.0, 1288.0, 365.0, -1064.0, 1288.0, 365.0, 0, 0, 0
L -1064.0, 1268.0, 365.0, -1038.0, 1268.0, 365.0, 0, 0, 0
L -1038.0, 1288.0, 365.0, -1038.0, 1268.0, 365.0, 0, 0, 0
