L 1000.0, 0.0, 0.0, 1000.0, -50.0, 0.0, 255, 0, 0
L -20.0, 50.0, 0.0, -50.0, 20.0, 0.0, 255, 0, 0
L 50.0, 20.0, 0.0, 20.0, 50.0, 0.0, 255, 0, 0
L 20.0, -50.0, 0.0, 50.0, -20.0, 0.0, 255, 0, 0
L -50.0, -20.0, 0.0, -20.0, -50.0, 0.0, 255, 0, 0
L -50.0, 20.0, 0.0, -50.0, -20.0, 0.0, 255, 0, 0
L 20.0, 50.0, 0.0, -20.0, 50.0, 0.0, 255, 0, 0
L 50.0, -20.0, 0.0, 50.0, 20.0, 0.0, 255, 0, 0
L -20.0, -50.0, 0.0, 20.0, -50.0, 0.0, 255, 0, 0
L 580.0, -20.0, 0.0, 540.0, -20.0, 0.0, 255, 0, 0
L 580.0, -90.0, 0.0, 580.0, -20.0, 0.0, 255, 0, 0
L 540.0, -90.0, 0.0, 580.0, -90.0, 0.0, 255, 0, 0
L 540.0, -20.0, 0.0, 540.0, -90.0, 0.0, 255, 0, 0
L 520.0, -20.0, 0.0, 480.0, -20.0, 0.0, 255, 0, 0
L 520.0, -90.0, 0.0, 520.0, -20.0, 0.0, 255, 0, 0
L 480.0, -90.0, 0.0, 520.0, -90.0, 0.0, 255, 0, 0
L 480.0, -20.0, 0.0, 480.0, -90.0, 0.0, 255, 0, 0
L 460.0, -90.0, 0.0, 450.0, -80.0, 0.0, 255, 0, 0
L 460.0, -20.0, 0.0, 460.0, -90.0, 0.0, 255, 0, 0
L 0.0, -250.0, 0.0, 0.0, 250.0, 0.0, 255, 0, 0
L -250.0, 0.0, 0.0, 1000.0, 0.0, 0.0, 255, 0, 0
L -120.0, -80.0, 0.0, -120.0, -60.0, 0.0, 255, 0, 0
L -120.0, -60.0, 0.0, -120.0, -40.0, 0.0, 255, 0, 0
L -100.0, -60.0, 0.0, -120.0, -60.0, 0.0, 255, 0, 0
L -120.0, -60.0, 0.0, -140.0, -60.0, 0.0, 255, 0, 0
L -90.0, -50.0, 0.0, -100.0, -30.0, 0.0, 255, 0, 0
L -60.0, -80.0, 0.0, -60.0, -60.0, 0.0, 255, 0, 0
L -60.0, -60.0, 0.0, -60.0, -40.0, 0.0, 255, 0, 0
L -40.0, -60.0, 0.0, -60.0, -60.0, 0.0, 255, 0, 0
L -60.0, -60.0, 0.0, -80.0, -60.0, 0.0, 255, 0, 0
L 100.0, 60.0, 0.0, 120.0, 60.0, 0.0, 255, 0, 0
L 120.0, 60.0, 0.0, 140.0, 60.0, 0.0, 255, 0, 0
L 90.0, 70.0, 0.0, 80.0, 90.0, 0.0, 255, 0, 0
L 40.0, 60.0, 0.0, 60.0, 60.0, 0.0, 255, 0, 0
L 60.0, 60.0, 0.0, 80.0, 60.0, 0.0, 255, 0, 0
L -100.0, 60.0, 0.0, -120.0, 60.0, 0.0, 255, 0, 0
L -120.0, 60.0, 0.0, -140.0, 60.0, 0.0, 255, 0, 0
L -90.0, 70.0, 0.0, -100.0, 90.0, 0.0, 255, 0, 0
L -60.0, 80.0, 0.0, -60.0, 60.0, 0.0, 255, 0, 0
L -60.0, 60.0, 0.0, -60.0, 40.0, 0.0, 255, 0, 0
L -40.0, 60.0, 0.0, -60.0, 60.0, 0.0, 255, 0, 0
L -60.0, 60.0, 0.0, -80.0, 60.0, 0.0, 255, 0, 0
L 100.0, -60.0, 0.0, 120.0, -60.0, 0.0, 255, 0, 0
L 120.0, -60.0, 0.0, 140.0, -60.0, 0.0, 255, 0, 0
L 90.0, -50.0, 0.0, 80.0, -30.0, 0.0, 255, 0, 0
L 60.0, -80.0, 0.0, 60.0, -60.0, 0.0, 255, 0, 0
L 60.0, -60.0, 0.0, 60.0, -40.0, 0.0, 255, 0, 0
L 40.0, -60.0, 0.0, 60.0, -60.0, 0.0, 255, 0, 0
L 60.0, -60.0, 0.0, 80.0, -60.0, 0.0, 255, 0, 0
L 599.0, -90.0, 0.0, 637.3, -90.0, 0.0, 255, 0, 0
L 599.0, -20.0, 0.0, 637.3, -20.0, 0.0, 255, 0, 0
L 599.0, -90.0, 0.0, 599.0, -20.0, 0.0, 255, 0, 0
L 637.3, -90.0, 0.0, 637.3, -20.0, 0.0, 255, 0, 0
L -300, 900, 0, -300, 960, 0, 0, 0, 0
L -260, 960, 0, -300, 960, 0, 0, 0, 0
L -240, 930, 0, -210, 930, 0, 0, 0, 0
L -240, 960, 0, -210, 960, 0, 0, 0, 0
L -240, 900, 0, -240, 960, 0, 0, 0, 0
L -210, 900, 0, -240, 900, 0, 0, 0, 0
L -160, 960, 0, -190, 960, 0, 0, 0, 0
L -190, 900, 0, -160, 900, 0, 0, 0, 0
L -190, 960, 0, -190, 900, 0, 0, 0, 0
L -160, 960, 0, -160, 930, 0, 0, 0, 0
L -160, 930, 0, -180, 930, 0, 0, 0, 0
L -140, 930, 0, -110, 930, 0, 0, 0, 0
L -140, 960, 0, -110, 960, 0, 0, 0, 0
L -140, 900, 0, -140, 960, 0, 0, 0, 0
L -110, 900, 0, -140, 900, 0, 0, 0, 0
L -60, 960, 0, -60, 900, 0, 0, 0, 0
L -90, 900, 0, -60, 960, 0, 0, 0, 0
L -90, 960, 0, -90, 900, 0, 0, 0, 0
L -30, 960, 0, -30, 900, 0, 0, 0, 0
L -20, 960, 0, -40, 960, 0, 0, 0, 0
L -10, 930, 0, -20, 960, 0, 0, 0, 0
L -20, 900, 0, -10, 930, 0, 0, 0, 0
L -40, 900, 0, -20, 900, 0, 0, 0, 0
L -220, 1070, 0, -180, 1030, 0, 255, 255, 0
L -300, 1030, 0, -260, 990, 0, 255, 255, 0
L -300, 1070, 0, -220, 990, 0, 255, 255, 0
L -260, 1070, 0, -180, 990, 0, 255, 255, 0
L -300, 1070, 0, -300, 990, 0, 0, 0, 0
L -180, 1070, 0, -300, 1070, 0, 0, 0, 0
L -180, 990, 0, -180, 1070, 0, 0, 0, 0
L -300, 990, 0, -180, 990, 0, 0, 0, 0
L -140, 1030, 0, -110, 1030, 0, 0, 0, 0
L -140, 1000, 0, -140, 1060, 0, 0, 0, 0
L -110, 1000, 0, -140, 1000, 0, 0, 0, 0
L -80, 1030, 0, -60, 1030, 0, 0, 0, 0
L -70, 1000, 0, -50, 1060, 0, 0, 0, 0
L -90, 1060, 0, -70, 1000, 0, 0, 0, 0
L -30, 1000, 0, -30, 1030, 0, 0, 0, 0
L -30, 1030, 0, -30, 1060, 0, 0, 0, 0
L -30, 1030, 0, 10, 1060, 0, 0, 0, 0
L -30, 1030, 0, 10, 1000, 0, 0, 0, 0
L 30, 1030, 0, 60, 1030, 0, 0, 0, 0
L 30, 1060, 0, 60, 1060, 0, 0, 0, 0
L 30, 1000, 0, 30, 1060, 0, 0, 0, 0
L 60, 1000, 0, 30, 1000, 0, 0, 0, 0
L 140, 1030, 0, 170, 1030, 0, 0, 0, 0
L 140, 1000, 0, 140, 1060, 0, 0, 0, 0
L 170, 1000, 0, 140, 1000, 0, 0, 0, 0
L 190, 1000, 0, 190, 1060, 0, 0, 0, 0
L 230, 1060, 0, 190, 1060, 0, 0, 0, 0
L 250, 1000, 0, 280, 1000, 0, 0, 0, 0
L 250, 1060, 0, 280, 1060, 0, 0, 0, 0
L 250, 1000, 0, 250, 1060, 0, 0, 0, 0
L 280, 1000, 0, 280, 1060, 0, 0, 0, 0
L 300, 1000, 0, 330, 1000, 0, 0, 0, 0
L 300, 1060, 0, 330, 1060, 0, 0, 0, 0
L 300, 1000, 0, 300, 1060, 0, 0, 0, 0
L 330, 1000, 0, 330, 1060, 0, 0, 0, 0
L 350, 1000, 0, 350, 1030, 0, 0, 0, 0
L 350, 1030, 0, 350, 1060, 0, 0, 0, 0
L 350, 1030, 0, 370, 1030, 0, 0, 0, 0
L 390, 1030, 0, 390, 1000, 0, 0, 0, 0
L 350, 1000, 0, 390, 1000, 0, 0, 0, 0
L 370, 1030, 0, 390, 1030, 0, 0, 0, 0
L 390, 1060, 0, 370, 1030, 0, 0, 0, 0
L -300, 1110, 0, -240, 1110, 0, 0, 0, 0
L -300, 1190, 0, -240, 1190, 0, 0, 0, 0
L -240, 1110, 0, -210, 1110, 0, 0, 0, 0
L -240, 1190, 0, -210, 1190, 0, 0, 0, 0
L -240, 1110, 0, -240, 1190, 0, 255, 255, 0
L -210, 1110, 0, -180, 1110, 0, 0, 0, 0
L -210, 1190, 0, -180, 1190, 0, 0, 0, 0
L -210, 1110, 0, -210, 1190, 0, 255, 255, 0
L -140, 1150, 0, -110, 1150, 0, 0, 0, 0
L -140, 1120, 0, -140, 1180, 0, 0, 0, 0
L -110, 1120, 0, -140, 1120, 0, 0, 0, 0
L -80, 1150, 0, -60, 1150, 0, 0, 0, 0
L -70, 1120, 0, -50, 1180, 0, 0, 0, 0
L -90, 1180, 0, -70, 1120, 0, 0, 0, 0
L -30, 1120, 0, -30, 1150, 0, 0, 0, 0
L -30, 1150, 0, -30, 1180, 0, 0, 0, 0
L -30, 1150, 0, 10, 1180, 0, 0, 0, 0
L -30, 1150, 0, 10, 1120, 0, 0, 0, 0
L 30, 1150, 0, 60, 1150, 0, 0, 0, 0
L 30, 1180, 0, 60, 1180, 0, 0, 0, 0
L 30, 1120, 0, 30, 1180, 0, 0, 0, 0
L 60, 1120, 0, 30, 1120, 0, 0, 0, 0
L 170, 1180, 0, 180, 1120, 0, 0, 0, 0
L 160, 1150, 0, 170, 1180, 0, 0, 0, 0
L 150, 1180, 0, 160, 1150, 0, 0, 0, 0
L 140, 1120, 0, 150, 1180, 0, 0, 0, 0
L 210, 1150, 0, 230, 1150, 0, 0, 0, 0
L 220, 1120, 0, 240, 1180, 0, 0, 0, 0
L 200, 1180, 0, 220, 1120, 0, 0, 0, 0
L 260, 1120, 0, 260, 1180, 0, 0, 0, 0
L 300, 1180, 0, 260, 1180, 0, 0, 0, 0
L 320, 1120, 0, 320, 1180, 0, 0, 0, 0
L 360, 1180, 0, 320, 1180, 0, 0, 0, 0
L -300, 1310, 0, -240, 1310, 0, 0, 0, 0
L -300, 1230, 0, -240, 1230, 0, 0, 0, 0
L -270, 1283, 0, -270, 1257, 0, 205, 133, 63
L -240, 1310, 0, -180, 1310, 0, 0, 0, 0
L -240, 1310, 0, -240, 1283, 0, 205, 133, 63
L -270, 1283, 0, -210, 1283, 0, 205, 133, 63
L -270, 1257, 0, -240, 1257, 0, 205, 133, 63
L -240, 1257, 0, -210, 1257, 0, 205, 133, 63
L -240, 1230, 0, -180, 1230, 0, 0, 0, 0
L -240, 1257, 0, -240, 1230, 0, 205, 133, 63
L -210, 1283, 0, -210, 1257, 0, 205, 133, 63
L -130, 1300, 0, -130, 1240, 0, 0, 0, 0
L -120, 1300, 0, -140, 1300, 0, 0, 0, 0
L -110, 1270, 0, -120, 1300, 0, 0, 0, 0
L -120, 1240, 0, -110, 1270, 0, 0, 0, 0
L -140, 1240, 0, -120, 1240, 0, 0, 0, 0
L -90, 1240, 0, -60, 1240, 0, 0, 0, 0
L -90, 1300, 0, -60, 1300, 0, 0, 0, 0
L -90, 1240, 0, -90, 1300, 0, 0, 0, 0
L -60, 1240, 0, -60, 1300, 0, 0, 0, 0
L -40, 1240, 0, -10, 1240, 0, 0, 0, 0
L -40, 1300, 0, -10, 1300, 0, 0, 0, 0
L -40, 1240, 0, -40, 1300, 0, 0, 0, 0
L -10, 1240, 0, -10, 1300, 0, 0, 0, 0
L 10, 1240, 0, 10, 1270, 0, 0, 0, 0
L 10, 1270, 0, 10, 1300, 0, 0, 0, 0
L 10, 1270, 0, 30, 1270, 0, 0, 0, 0
L 50, 1270, 0, 50, 1240, 0, 0, 0, 0
L 10, 1240, 0, 50, 1240, 0, 0, 0, 0
L 30, 1270, 0, 50, 1270, 0, 0, 0, 0
L 50, 1300, 0, 30, 1270, 0, 0, 0, 0
L -300, 1350, 0, -300, 1380, 0, 255, 210, 0
L -300, 1350, 0, -280, 1350, 0, 255, 210, 0
L -280, 1410, 0, -300, 1410, 0, 255, 210, 0
L -300, 1380, 0, -300, 1410, 0, 255, 210, 0
L -280, 1380, 0, -300, 1380, 0, 255, 210, 0
L -280, 1380, 0, -260, 1365, 0, 255, 210, 0
L -280, 1350, 0, -260, 1365, 0, 255, 210, 0
L -280, 1380, 0, -260, 1395, 0, 255, 210, 0
L -260, 1395, 0, -280, 1410, 0, 255, 210, 0
L -230, 1380, 0, -210, 1380, 0, 255, 210, 0
L -220, 1350, 0, -200, 1410, 0, 255, 210, 0
L -240, 1410, 0, -220, 1350, 0, 255, 210, 0
L -150, 1410, 0, -150, 1350, 0, 255, 210, 0
L -180, 1350, 0, -150, 1410, 0, 255, 210, 0
L -180, 1410, 0, -180, 1350, 0, 255, 210, 0
L -130, 1350, 0, -130, 1380, 0, 255, 210, 0
L -130, 1380, 0, -130, 1410, 0, 255, 210, 0
L -130, 1380, 0, -90, 1410, 0, 255, 210, 0
L -130, 1380, 0, -90, 1350, 0, 255, 210, 0
L -70, 1380, 0, -40, 1380, 0, 255, 210, 0
L -70, 1410, 0, -40, 1410, 0, 255, 210, 0
L -70, 1350, 0, -70, 1410, 0, 255, 210, 0
L -40, 1350, 0, -70, 1350, 0, 255, 210, 0
L -20, 1350, 0, -20, 1380, 0, 255, 210, 0
L -20, 1380, 0, -20, 1410, 0, 255, 210, 0
L -20, 1380, 0, 0, 1380, 0, 255, 210, 0
L 20, 1380, 0, 20, 1350, 0, 255, 210, 0
L -20, 1350, 0, 20, 1350, 0, 255, 210, 0
L 0, 1380, 0, 20, 1380, 0, 255, 210, 0
L 20, 1410, 0, 0, 1380, 0, 255, 210, 0
L -270, 1500, 0, -300, 1500, 0, 255, 255, 255
L -300, 1440, 0, -270, 1440, 0, 255, 255, 255
L -300, 1500, 0, -300, 1440, 0, 255, 255, 255
L -250, 1440, 0, -220, 1440, 0, 255, 255, 255
L -250, 1500, 0, -220, 1500, 0, 255, 255, 255
L -250, 1440, 0, -250, 1500, 0, 255, 255, 255
L -220, 1440, 0, -220, 1500, 0, 255, 255, 255
L -160, 1440, 0, -160, 1500, 0, 255, 255, 255
L -180, 1470, 0, -160, 1440, 0, 255, 255, 255
L -200, 1440, 0, -180, 1470, 0, 255, 255, 255
L -200, 1500, 0, -200, 1440, 0, 255, 255, 255
L -100, 1440, 0, -100, 1500, 0, 255, 255, 255
L -120, 1470, 0, -100, 1440, 0, 255, 255, 255
L -140, 1440, 0, -120, 1470, 0, 255, 255, 255
L -140, 1500, 0, -140, 1440, 0, 255, 255, 255
L -80, 1470, 0, -50, 1470, 0, 255, 255, 255
L -80, 1500, 0, -50, 1500, 0, 255, 255, 255
L -80, 1440, 0, -80, 1500, 0, 255, 255, 255
L -50, 1440, 0, -80, 1440, 0, 255, 255, 255
L 0, 1500, 0, 0, 1440, 0, 255, 255, 255
L -30, 1440, 0, 0, 1500, 0, 255, 255, 255
L -30, 1500, 0, -30, 1440, 0, 255, 255, 255
L 40, 1440, 0, 40, 1500, 0, 255, 255, 255
L 20, 1440, 0, 60, 1440, 0, 255, 255, 255
L -270, 1590, 0, -300, 1590, 0, 0, 0, 0
L -300, 1530, 0, -270, 1530, 0, 0, 0, 0
L -300, 1590, 0, -300, 1530, 0, 0, 0, 0
L -270, 1590, 0, -270, 1560, 0, 0, 0, 0
L -270, 1560, 0, -290, 1560, 0, 0, 0, 0
L -250, 1560, 0, -220, 1560, 0, 0, 0, 0
L -250, 1590, 0, -220, 1590, 0, 0, 0, 0
L -250, 1530, 0, -250, 1590, 0, 0, 0, 0
L -220, 1530, 0, -250, 1530, 0, 0, 0, 0
L -170, 1590, 0, -170, 1530, 0, 0, 0, 0
L -200, 1530, 0, -170, 1590, 0, 0, 0, 0
L -200, 1590, 0, -200, 1530, 0, 0, 0, 0
L -150, 1560, 0, -120, 1560, 0, 0, 0, 0
L -150, 1590, 0, -120, 1590, 0, 0, 0, 0
L -150, 1530, 0, -150, 1590, 0, 0, 0, 0
L -120, 1530, 0, -150, 1530, 0, 0, 0, 0
L -100, 1530, 0, -100, 1560, 0, 0, 0, 0
L -100, 1560, 0, -100, 1590, 0, 0, 0, 0
L -100, 1560, 0, -80, 1560, 0, 0, 0, 0
L -60, 1560, 0, -60, 1530, 0, 0, 0, 0
L -100, 1530, 0, -60, 1530, 0, 0, 0, 0
L -80, 1560, 0, -60, 1560, 0, 0, 0, 0
L -60, 1590, 0, -80, 1560, 0, 0, 0, 0
L -30, 1560, 0, -10, 1560, 0, 0, 0, 0
L -20, 1530, 0, 0, 1590, 0, 0, 0, 0
L -40, 1590, 0, -20, 1530, 0, 0, 0, 0
L 20, 1530, 0, 20, 1590, 0, 0, 0, 0
L 60, 1590, 0, 20, 1590, 0, 0, 0, 0
L -270, 1680, 0, -300, 1680, 0, 0, 0, 255
L -300, 1620, 0, -270, 1620, 0, 0, 0, 255
L -300, 1680, 0, -300, 1620, 0, 0, 0, 255
L -270, 1680, 0, -270, 1650, 0, 0, 0, 255
L -270, 1650, 0, -290, 1650, 0, 0, 0, 255
L -250, 1620, 0, -250, 1650, 0, 0, 0, 255
L -250, 1650, 0, -250, 1680, 0, 0, 0, 255
L -250, 1650, 0, -230, 1650, 0, 0, 0, 255
L -210, 1650, 0, -210, 1620, 0, 0, 0, 255
L -250, 1620, 0, -210, 1620, 0, 0, 0, 255
L -230, 1650, 0, -210, 1650, 0, 0, 0, 255
L -210, 1680, 0, -230, 1650, 0, 0, 0, 255
L -190, 1620, 0, -160, 1620, 0, 0, 0, 255
L -190, 1680, 0, -160, 1680, 0, 0, 0, 255
L -190, 1620, 0, -190, 1680, 0, 0, 0, 255
L -160, 1620, 0, -160, 1680, 0, 0, 0, 255
L -100, 1620, 0, -100, 1680, 0, 0, 0, 255
L -140, 1620, 0, -140, 1680, 0, 0, 0, 255
L -140, 1680, 0, -100, 1680, 0, 0, 0, 255
L -50, 1680, 0, -50, 1620, 0, 0, 0, 255
L -80, 1620, 0, -50, 1680, 0, 0, 0, 255
L -80, 1680, 0, -80, 1620, 0, 0, 0, 255
L -20, 1680, 0, -20, 1620, 0, 0, 0, 255
L -10, 1680, 0, -30, 1680, 0, 0, 0, 255
L 0, 1650, 0, -10, 1680, 0, 0, 0, 255
L -10, 1620, 0, 0, 1650, 0, 0, 0, 255
L -30, 1620, 0, -10, 1620, 0, 0, 0, 255
L 80, 1620, 0, 80, 1650, 0, 0, 0, 255
L 80, 1680, 0, 120, 1680, 0, 0, 0, 255
L 120, 1650, 0, 80, 1650, 0, 0, 0, 255
L 80, 1620, 0, 120, 1620, 0, 0, 0, 255
L 120, 1650, 0, 120, 1680, 0, 0, 0, 255
L 170, 1650, 0, 140, 1650, 0, 0, 0, 255
L 170, 1620, 0, 170, 1650, 0, 0, 0, 255
L 140, 1620, 0, 170, 1620, 0, 0, 0, 255
L 140, 1680, 0, 140, 1620, 0, 0, 0, 255
L 200, 1650, 0, 220, 1650, 0, 0, 0, 255
L 210, 1620, 0, 230, 1680, 0, 0, 0, 255
L 190, 1680, 0, 210, 1620, 0, 0, 0, 255
L 280, 1680, 0, 290, 1620, 0, 0, 0, 255
L 270, 1650, 0, 280, 1680, 0, 0, 0, 255
L 260, 1680, 0, 270, 1650, 0, 0, 0, 255
L 250, 1620, 0, 260, 1680, 0, 0, 0, 255
L 340, 1680, 0, 340, 1620, 0, 0, 0, 255
L 310, 1620, 0, 340, 1680, 0, 0, 0, 255
L 310, 1680, 0, 310, 1620, 0, 0, 0, 255
L -270, 1770, 0, -300, 1770, 0, 128, 128, 128
L -300, 1710, 0, -270, 1710, 0, 128, 128, 128
L -300, 1770, 0, -300, 1710, 0, 128, 128, 128
L -270, 1770, 0, -270, 1740, 0, 128, 128, 128
L -270, 1740, 0, -290, 1740, 0, 128, 128, 128
L -210, 1710, 0, -210, 1770, 0, 128, 128, 128
L -250, 1710, 0, -250, 1770, 0, 128, 128, 128
L -250, 1770, 0, -210, 1770, 0, 128, 128, 128
L -190, 1710, 0, -190, 1770, 0, 128, 128, 128
L -170, 1710, 0, -170, 1770, 0, 128, 128, 128
L -130, 1770, 0, -170, 1770, 0, 128, 128, 128
L -100, 1770, 0, -100, 1710, 0, 128, 128, 128
L -90, 1770, 0, -110, 1770, 0, 128, 128, 128
L -80, 1740, 0, -90, 1770, 0, 128, 128, 128
L -90, 1710, 0, -80, 1740, 0, 128, 128, 128
L -110, 1710, 0, -90, 1710, 0, 128, 128, 128
L 40, 1710, 0, 40, 1770, 0, 128, 128, 128
L 20, 1740, 0, 40, 1710, 0, 128, 128, 128
L 0, 1710, 0, 20, 1740, 0, 128, 128, 128
L 0, 1770, 0, 0, 1710, 0, 128, 128, 128
L 70, 1740, 0, 90, 1740, 0, 128, 128, 128
L 80, 1710, 0, 100, 1770, 0, 128, 128, 128
L 60, 1770, 0, 80, 1710, 0, 128, 128, 128
L 120, 1710, 0, 120, 1740, 0, 128, 128, 128
L 120, 1770, 0, 160, 1770, 0, 128, 128, 128
L 160, 1740, 0, 120, 1740, 0, 128, 128, 128
L 120, 1710, 0, 160, 1710, 0, 128, 128, 128
L 160, 1740, 0, 160, 1770, 0, 128, 128, 128
L 200, 1710, 0, 200, 1770, 0, 128, 128, 128
L 180, 1710, 0, 220, 1710, 0, 128, 128, 128
L 240, 1740, 0, 270, 1740, 0, 128, 128, 128
L 240, 1770, 0, 270, 1770, 0, 128, 128, 128
L 240, 1710, 0, 240, 1770, 0, 128, 128, 128
L 270, 1710, 0, 240, 1710, 0, 128, 128, 128
L 290, 1710, 0, 290, 1740, 0, 128, 128, 128
L 290, 1740, 0, 290, 1770, 0, 128, 128, 128
L 290, 1740, 0, 310, 1740, 0, 128, 128, 128
L 330, 1740, 0, 330, 1710, 0, 128, 128, 128
L 290, 1710, 0, 330, 1710, 0, 128, 128, 128
L 310, 1740, 0, 330, 1740, 0, 128, 128, 128
L 330, 1770, 0, 310, 1740, 0, 128, 128, 128
L -300, 1800, 0, -300, 1830, 0, 127, 64, 0
L -260, 1860, 0, -260, 1830, 0, 127, 64, 0
L -300, 1830, 0, -300, 1860, 0, 127, 64, 0
L -260, 1830, 0, -260, 1800, 0, 127, 64, 0
L -300, 1830, 0, -260, 1830, 0, 127, 64, 0
L -200, 1800, 0, -200, 1860, 0, 127, 64, 0
L -240, 1800, 0, -240, 1860, 0, 127, 64, 0
L -240, 1860, 0, -200, 1860, 0, 127, 64, 0
L -150, 1860, 0, -150, 1800, 0, 127, 64, 0
L -180, 1800, 0, -150, 1860, 0, 127, 64, 0
L -180, 1860, 0, -180, 1800, 0, 127, 64, 0
L -110, 1800, 0, -110, 1860, 0, 127, 64, 0
L -130, 1800, 0, -90, 1800, 0, 127, 64, 0
L -70, 1830, 0, -40, 1830, 0, 127, 64, 0
L -70, 1860, 0, -40, 1860, 0, 127, 64, 0
L -70, 1800, 0, -70, 1860, 0, 127, 64, 0
L -40, 1800, 0, -70, 1800, 0, 127, 64, 0
L -20, 1800, 0, -20, 1830, 0, 127, 64, 0
L -20, 1830, 0, -20, 1860, 0, 127, 64, 0
L -20, 1830, 0, 0, 1830, 0, 127, 64, 0
L 20, 1830, 0, 20, 1800, 0, 127, 64, 0
L -20, 1800, 0, 20, 1800, 0, 127, 64, 0
L 0, 1830, 0, 20, 1830, 0, 127, 64, 0
L 20, 1860, 0, 0, 1830, 0, 127, 64, 0
L -260, 1890, 0, -260, 1950, 0, 0, 127, 0
L -280, 1920, 0, -260, 1890, 0, 0, 127, 0
L -300, 1890, 0, -280, 1920, 0, 0, 127, 0
L -300, 1950, 0, -300, 1890, 0, 0, 127, 0
L -240, 1920, 0, -210, 1920, 0, 0, 127, 0
L -240, 1950, 0, -210, 1950, 0, 0, 127, 0
L -240, 1890, 0, -240, 1950, 0, 0, 127, 0
L -210, 1890, 0, -240, 1890, 0, 0, 127, 0
L -190, 1890, 0, -190, 1920, 0, 0, 127, 0
L -190, 1920, 0, -190, 1950, 0, 0, 127, 0
L -190, 1920, 0, -170, 1920, 0, 0, 127, 0
L -150, 1920, 0, -150, 1890, 0, 0, 127, 0
L -190, 1890, 0, -150, 1890, 0, 0, 127, 0
L -170, 1920, 0, -150, 1920, 0, 0, 127, 0
L -150, 1950, 0, -170, 1920, 0, 0, 127, 0
L -100, 1950, 0, -130, 1950, 0, 0, 127, 0
L -130, 1890, 0, -100, 1890, 0, 0, 127, 0
L -130, 1950, 0, -130, 1890, 0, 0, 127, 0
L -80, 1890, 0, -80, 1920, 0, 0, 127, 0
L -40, 1950, 0, -40, 1920, 0, 0, 127, 0
L -80, 1920, 0, -80, 1950, 0, 0, 127, 0
L -40, 1920, 0, -40, 1890, 0, 0, 127, 0
L -80, 1920, 0, -40, 1920, 0, 0, 127, 0
L -10, 1920, 0, 10, 1920, 0, 0, 127, 0
L 0, 1890, 0, 20, 1950, 0, 0, 127, 0
L -20, 1950, 0, 0, 1890, 0, 0, 127, 0
L 70, 1950, 0, 70, 1890, 0, 0, 127, 0
L 40, 1890, 0, 70, 1950, 0, 0, 127, 0
L 40, 1950, 0, 40, 1890, 0, 0, 127, 0
L 110, 1890, 0, 110, 1950, 0, 0, 127, 0
L 90, 1890, 0, 130, 1890, 0, 0, 127, 0
L -260, 1980, 0, -260, 2040, 0, 0, 127, 127
L -280, 2010, 0, -260, 1980, 0, 0, 127, 127
L -300, 1980, 0, -280, 2010, 0, 0, 127, 127
L -300, 2040, 0, -300, 1980, 0, 0, 127, 127
L -240, 1980, 0, -240, 2040, 0, 0, 127, 127
L -220, 1980, 0, -220, 2010, 0, 0, 127, 127
L -220, 2040, 0, -180, 2040, 0, 0, 127, 127
L -180, 2010, 0, -220, 2010, 0, 0, 127, 127
L -220, 1980, 0, -180, 1980, 0, 0, 127, 127
L -180, 2010, 0, -180, 2040, 0, 0, 127, 127
L -160, 1980, 0, -160, 2010, 0, 0, 127, 127
L -160, 2040, 0, -120, 2040, 0, 0, 127, 127
L -120, 2010, 0, -160, 2010, 0, 0, 127, 127
L -160, 1980, 0, -120, 1980, 0, 0, 127, 127
L -120, 2010, 0, -120, 2040, 0, 0, 127, 127
L -100, 1980, 0, -100, 2040, 0, 0, 127, 127
L -80, 1980, 0, -50, 1980, 0, 0, 127, 127
L -80, 2040, 0, -50, 2040, 0, 0, 127, 127
L -80, 1980, 0, -80, 2040, 0, 0, 127, 127
L -50, 1980, 0, -50, 2040, 0, 0, 127, 127
L 0, 2040, 0, 0, 1980, 0, 0, 127, 127
L -30, 1980, 0, 0, 2040, 0, 0, 127, 127
L -30, 2040, 0, -30, 1980, 0, 0, 127, 127
L -270, 2130, 0, -270, 2070, 0, 127, 64, 0
L -300, 2070, 0, -270, 2130, 0, 127, 64, 0
L -300, 2130, 0, -300, 2070, 0, 127, 64, 0
L -240, 2100, 0, -220, 2100, 0, 127, 64, 0
L -230, 2070, 0, -210, 2130, 0, 127, 64, 0
L -250, 2130, 0, -230, 2070, 0, 127, 64, 0
L -150, 2070, 0, -150, 2130, 0, 127, 64, 0
L -170, 2100, 0, -150, 2070, 0, 127, 64, 0
L -190, 2070, 0, -170, 2100, 0, 127, 64, 0
L -190, 2130, 0, -190, 2070, 0, 127, 64, 0
L -130, 2100, 0, -100, 2100, 0, 127, 64, 0
L -130, 2130, 0, -100, 2130, 0, 127, 64, 0
L -130, 2070, 0, -130, 2130, 0, 127, 64, 0
L -100, 2070, 0, -130, 2070, 0, 127, 64, 0
L -70, 2130, 0, -70, 2070, 0, 127, 64, 0
L -60, 2130, 0, -80, 2130, 0, 127, 64, 0
L -50, 2100, 0, -60, 2130, 0, 127, 64, 0
L -60, 2070, 0, -50, 2100, 0, 127, 64, 0
L -80, 2070, 0, -60, 2070, 0, 127, 64, 0
L -270, 2190, 0, -300, 2190, 0, 0, 255, 0
L -270, 2160, 0, -270, 2190, 0, 0, 255, 0
L -300, 2160, 0, -270, 2160, 0, 0, 255, 0
L -300, 2220, 0, -300, 2160, 0, 0, 255, 0
L -240, 2190, 0, -220, 2190, 0, 0, 255, 0
L -230, 2160, 0, -210, 2220, 0, 0, 255, 0
L -250, 2220, 0, -230, 2160, 0, 0, 255, 0
L -190, 2160, 0, -190, 2190, 0, 0, 255, 0
L -190, 2190, 0, -190, 2220, 0, 0, 255, 0
L -190, 2190, 0, -170, 2190, 0, 0, 255, 0
L -150, 2190, 0, -150, 2160, 0, 0, 255, 0
L -190, 2160, 0, -150, 2160, 0, 0, 255, 0
L -170, 2190, 0, -150, 2190, 0, 0, 255, 0
L -150, 2220, 0, -170, 2190, 0, 0, 255, 0
L -100, 2220, 0, -130, 2220, 0, 0, 255, 0
L -130, 2160, 0, -100, 2160, 0, 0, 255, 0
L -130, 2220, 0, -130, 2160, 0, 0, 255, 0
L -80, 2190, 0, -50, 2190, 0, 0, 255, 0
L -80, 2220, 0, -50, 2220, 0, 0, 255, 0
L -80, 2160, 0, -80, 2220, 0, 0, 255, 0
L -50, 2160, 0, -80, 2160, 0, 0, 255, 0
L -30, 2160, 0, -30, 2220, 0, 0, 255, 0
L 10, 2220, 0, -30, 2220, 0, 0, 255, 0
L 30, 2160, 0, 30, 2190, 0, 0, 255, 0
L 30, 2220, 0, 70, 2220, 0, 0, 255, 0
L 70, 2190, 0, 30, 2190, 0, 0, 255, 0
L 30, 2160, 0, 70, 2160, 0, 0, 255, 0
L 70, 2190, 0, 70, 2220, 0, 0, 255, 0
L -300, 2250, 0, -300, 2280, 0, 0, 240, 240
L -300, 2280, 0, -300, 2310, 0, 0, 240, 240
L -300, 2280, 0, -280, 2280, 0, 0, 240, 240
L -260, 2280, 0, -260, 2250, 0, 0, 240, 240
L -300, 2250, 0, -260, 2250, 0, 0, 240, 240
L -280, 2280, 0, -260, 2280, 0, 0, 240, 240
L -260, 2310, 0, -280, 2280, 0, 0, 240, 240
L -230, 2280, 0, -210, 2280, 0, 0, 240, 240
L -220, 2250, 0, -200, 2310, 0, 0, 240, 240
L -240, 2310, 0, -220, 2250, 0, 0, 240, 240
L -180, 2250, 0, -180, 2310, 0, 0, 240, 240
L -150, 2310, 0, -150, 2250, 0, 0, 240, 240
L -140, 2310, 0, -160, 2310, 0, 0, 240, 240
L -130, 2280, 0, -140, 2310, 0, 0, 240, 240
L -140, 2250, 0, -130, 2280, 0, 0, 240, 240
L -160, 2250, 0, -140, 2250, 0, 0, 240, 240
L -300, 2340, 0, -300, 2370, 0, 0, 255, 0
L -300, 2400, 0, -260, 2400, 0, 0, 255, 0
L -260, 2370, 0, -300, 2370, 0, 0, 255, 0
L -300, 2340, 0, -260, 2340, 0, 0, 255, 0
L -260, 2370, 0, -260, 2400, 0, 0, 255, 0
L -210, 2370, 0, -240, 2370, 0, 0, 255, 0
L -210, 2340, 0, -210, 2370, 0, 0, 255, 0
L -240, 2340, 0, -210, 2340, 0, 0, 255, 0
L -240, 2400, 0, -240, 2340, 0, 0, 255, 0
L -190, 2370, 0, -160, 2370, 0, 0, 255, 0
L -190, 2400, 0, -160, 2400, 0, 0, 255, 0
L -190, 2340, 0, -190, 2400, 0, 0, 255, 0
L -160, 2340, 0, -190, 2340, 0, 0, 255, 0
L -110, 2400, 0, -140, 2400, 0, 0, 255, 0
L -140, 2340, 0, -110, 2340, 0, 0, 255, 0
L -140, 2400, 0, -140, 2340, 0, 0, 255, 0
L -90, 2340, 0, -90, 2400, 0, 0, 255, 0
L -60, 2370, 0, -40, 2370, 0, 0, 255, 0
L -50, 2340, 0, -30, 2400, 0, 0, 255, 0
L -70, 2400, 0, -50, 2340, 0, 0, 255, 0
L -10, 2340, 0, -10, 2400, 0, 0, 255, 0
L 30, 2400, 0, -10, 2400, 0, 0, 255, 0
L 140, 2400, 0, 110, 2400, 0, 0, 255, 0
L 110, 2340, 0, 140, 2340, 0, 0, 255, 0
L 110, 2400, 0, 110, 2340, 0, 0, 255, 0
L 200, 2340, 0, 200, 2400, 0, 0, 255, 0
L 160, 2340, 0, 160, 2400, 0, 0, 255, 0
L 160, 2400, 0, 200, 2400, 0, 0, 255, 0
L 220, 2340, 0, 220, 2370, 0, 0, 255, 0
L 220, 2370, 0, 220, 2400, 0, 0, 255, 0
L 220, 2370, 0, 240, 2370, 0, 0, 255, 0
L 260, 2370, 0, 260, 2340, 0, 0, 255, 0
L 220, 2340, 0, 260, 2340, 0, 0, 255, 0
L 240, 2370, 0, 260, 2370, 0, 0, 255, 0
L 260, 2400, 0, 240, 2370, 0, 0, 255, 0
L 280, 2340, 0, 280, 2370, 0, 0, 255, 0
L 280, 2370, 0, 280, 2400, 0, 0, 255, 0
L 280, 2370, 0, 300, 2370, 0, 0, 255, 0
L 320, 2370, 0, 320, 2340, 0, 0, 255, 0
L 280, 2340, 0, 320, 2340, 0, 0, 255, 0
L 300, 2370, 0, 320, 2370, 0, 0, 255, 0
L 320, 2400, 0, 300, 2370, 0, 0, 255, 0
L 340, 2370, 0, 370, 2370, 0, 0, 255, 0
L 340, 2400, 0, 370, 2400, 0, 0, 255, 0
L 340, 2340, 0, 340, 2400, 0, 0, 255, 0
L 370, 2340, 0, 340, 2340, 0, 0, 255, 0
L 420, 2400, 0, 420, 2340, 0, 0, 255, 0
L 390, 2340, 0, 420, 2400, 0, 0, 255, 0
L 390, 2400, 0, 390, 2340, 0, 0, 255, 0
L 470, 2400, 0, 440, 2400, 0, 0, 255, 0
L 440, 2340, 0, 470, 2340, 0, 0, 255, 0
L 440, 2400, 0, 440, 2340, 0, 0, 255, 0
L 510, 2370, 0, 510, 2400, 0, 0, 255, 0
L 510, 2370, 0, 530, 2340, 0, 0, 255, 0
L 490, 2340, 0, 510, 2370, 0, 0, 255, 0
L -300, 2430, 0, -300, 2460, 0, 255, 0, 0
L -300, 2490, 0, -260, 2490, 0, 255, 0, 0
L -260, 2460, 0, -300, 2460, 0, 255, 0, 0
L -300, 2430, 0, -260, 2430, 0, 255, 0, 0
L -260, 2460, 0, -260, 2490, 0, 255, 0, 0
L -200, 2430, 0, -200, 2490, 0, 255, 0, 0
L -240, 2430, 0, -240, 2490, 0, 255, 0, 0
L -240, 2490, 0, -200, 2490, 0, 255, 0, 0
L -150, 2490, 0, -180, 2490, 0, 255, 0, 0
L -180, 2430, 0, -150, 2430, 0, 255, 0, 0
L -180, 2490, 0, -180, 2430, 0, 255, 0, 0
L -100, 2490, 0, -130, 2490, 0, 255, 0, 0
L -130, 2430, 0, -100, 2430, 0, 255, 0, 0
L -130, 2490, 0, -130, 2430, 0, 255, 0, 0
L -80, 2430, 0, -50, 2430, 0, 255, 0, 0
L -80, 2490, 0, -50, 2490, 0, 255, 0, 0
L -80, 2430, 0, -80, 2490, 0, 255, 0, 0
L -50, 2430, 0, -50, 2490, 0, 255, 0, 0
L -30, 2430, 0, -30, 2460, 0, 255, 0, 0
L -30, 2460, 0, -30, 2490, 0, 255, 0, 0
L -30, 2460, 0, -10, 2460, 0, 255, 0, 0
L 10, 2460, 0, 10, 2430, 0, 255, 0, 0
L -30, 2430, 0, 10, 2430, 0, 255, 0, 0
L -10, 2460, 0, 10, 2460, 0, 255, 0, 0
L 10, 2490, 0, -10, 2460, 0, 255, 0, 0
L -280, 2520, 0, -280, 2580, 0, 255, 255, 0
L -300, 2520, 0, -260, 2520, 0, 255, 255, 0
L -240, 2550, 0, -210, 2550, 0, 255, 255, 0
L -240, 2580, 0, -210, 2580, 0, 255, 255, 0
L -240, 2520, 0, -240, 2580, 0, 255, 255, 0
L -210, 2520, 0, -240, 2520, 0, 255, 255, 0
L -190, 2520, 0, -190, 2580, 0, 255, 255, 0
L -150, 2580, 0, -190, 2580, 0, 255, 255, 0
L -130, 2550, 0, -100, 2550, 0, 255, 255, 0
L -130, 2580, 0, -100, 2580, 0, 255, 255, 0
L -130, 2520, 0, -130, 2580, 0, 255, 255, 0
L -100, 2520, 0, -130, 2520, 0, 255, 255, 0
L -50, 2550, 0, -80, 2550, 0, 255, 255, 0
L -50, 2520, 0, -50, 2550, 0, 255, 255, 0
L -80, 2520, 0, -50, 2520, 0, 255, 255, 0
L -80, 2580, 0, -80, 2520, 0, 255, 255, 0
L -30, 2520, 0, 0, 2520, 0, 255, 255, 0
L -30, 2580, 0, 0, 2580, 0, 255, 255, 0
L -30, 2520, 0, -30, 2580, 0, 255, 255, 0
L 0, 2520, 0, 0, 2580, 0, 255, 255, 0
L 20, 2520, 0, 20, 2550, 0, 255, 255, 0
L 20, 2550, 0, 20, 2580, 0, 255, 255, 0
L 20, 2550, 0, 40, 2550, 0, 255, 255, 0
L 60, 2550, 0, 60, 2520, 0, 255, 255, 0
L 20, 2520, 0, 60, 2520, 0, 255, 255, 0
L 40, 2550, 0, 60, 2550, 0, 255, 255, 0
L 60, 2580, 0, 40, 2550, 0, 255, 255, 0
L 100, 2520, 0, 100, 2580, 0, 255, 255, 0
L 80, 2520, 0, 120, 2520, 0, 255, 255, 0
L -280, 2610, 0, -280, 2670, 0, 128, 0, 128
L -300, 2610, 0, -260, 2610, 0, 128, 0, 128
L -240, 2610, 0, -240, 2640, 0, 128, 0, 128
L -240, 2640, 0, -240, 2670, 0, 128, 0, 128
L -240, 2640, 0, -220, 2640, 0, 128, 0, 128
L -200, 2640, 0, -200, 2610, 0, 128, 0, 128
L -240, 2610, 0, -200, 2610, 0, 128, 0, 128
L -220, 2640, 0, -200, 2640, 0, 128, 0, 128
L -200, 2670, 0, -220, 2640, 0, 128, 0, 128
L -170, 2640, 0, -150, 2640, 0, 128, 0, 128
L -160, 2610, 0, -140, 2670, 0, 128, 0, 128
L -180, 2670, 0, -160, 2610, 0, 128, 0, 128
L -110, 2670, 0, -110, 2610, 0, 128, 0, 128
L -100, 2670, 0, -120, 2670, 0, 128, 0, 128
L -90, 2640, 0, -100, 2670, 0, 128, 0, 128
L -100, 2610, 0, -90, 2640, 0, 128, 0, 128
L -120, 2610, 0, -100, 2610, 0, 128, 0, 128
L -70, 2640, 0, -40, 2640, 0, 128, 0, 128
L -70, 2670, 0, -40, 2670, 0, 128, 0, 128
L -70, 2610, 0, -70, 2670, 0, 128, 0, 128
L -40, 2610, 0, -70, 2610, 0, 128, 0, 128
L -20, 2610, 0, -20, 2640, 0, 128, 0, 128
L -20, 2670, 0, 20, 2670, 0, 128, 0, 128
L 20, 2640, 0, -20, 2640, 0, 128, 0, 128
L -20, 2610, 0, 20, 2610, 0, 128, 0, 128
L 20, 2640, 0, 20, 2670, 0, 128, 0, 128
L 40, 2610, 0, 40, 2640, 0, 128, 0, 128
L 40, 2640, 0, 40, 2670, 0, 128, 0, 128
L 40, 2640, 0, 80, 2670, 0, 128, 0, 128
L 40, 2640, 0, 80, 2610, 0, 128, 0, 128
L 100, 2610, 0, 100, 2670, 0, 128, 0, 128
L 120, 2610, 0, 120, 2670, 0, 128, 0, 128
L 160, 2670, 0, 120, 2670, 0, 128, 0, 128
L 180, 2610, 0, 180, 2670, 0, 128, 0, 128
L 220, 2670, 0, 180, 2670, 0, 128, 0, 128
L 330, 2670, 0, 300, 2670, 0, 128, 0, 128
L 300, 2610, 0, 330, 2610, 0, 128, 0, 128
L 300, 2670, 0, 300, 2610, 0, 128, 0, 128
L 350, 2610, 0, 380, 2610, 0, 128, 0, 128
L 350, 2670, 0, 380, 2670, 0, 128, 0, 128
L 350, 2610, 0, 350, 2670, 0, 128, 0, 128
L 380, 2610, 0, 380, 2670, 0, 128, 0, 128
L 430, 2670, 0, 430, 2610, 0, 128, 0, 128
L 400, 2610, 0, 430, 2670, 0, 128, 0, 128
L 400, 2670, 0, 400, 2610, 0, 128, 0, 128
L 470, 2610, 0, 470, 2670, 0, 128, 0, 128
L 450, 2610, 0, 490, 2610, 0, 128, 0, 128
L 520, 2640, 0, 540, 2640, 0, 128, 0, 128
L 530, 2610, 0, 550, 2670, 0, 128, 0, 128
L 510, 2670, 0, 530, 2610, 0, 128, 0, 128
L 570, 2610, 0, 570, 2670, 0, 128, 0, 128
L 620, 2670, 0, 620, 2610, 0, 128, 0, 128
L 590, 2610, 0, 620, 2670, 0, 128, 0, 128
L 590, 2670, 0, 590, 2610, 0, 128, 0, 128
L 640, 2640, 0, 670, 2640, 0, 128, 0, 128
L 640, 2670, 0, 670, 2670, 0, 128, 0, 128
L 640, 2610, 0, 640, 2670, 0, 128, 0, 128
L 670, 2610, 0, 640, 2610, 0, 128, 0, 128
L 690, 2610, 0, 690, 2640, 0, 128, 0, 128
L 690, 2640, 0, 690, 2670, 0, 128, 0, 128
L 690, 2640, 0, 710, 2640, 0, 128, 0, 128
L 730, 2640, 0, 730, 2610, 0, 128, 0, 128
L 690, 2610, 0, 730, 2610, 0, 128, 0, 128
L 710, 2640, 0, 730, 2640, 0, 128, 0, 128
L 730, 2670, 0, 710, 2640, 0, 128, 0, 128
L -280, 2700, 0, -280, 2760, 0, 255, 255, 0
L -300, 2700, 0, -260, 2700, 0, 255, 255, 0
L -240, 2700, 0, -240, 2730, 0, 255, 255, 0
L -240, 2730, 0, -240, 2760, 0, 255, 255, 0
L -240, 2730, 0, -220, 2730, 0, 255, 255, 0
L -200, 2730, 0, -200, 2700, 0, 255, 255, 0
L -240, 2700, 0, -200, 2700, 0, 255, 255, 0
L -220, 2730, 0, -200, 2730, 0, 255, 255, 0
L -200, 2760, 0, -220, 2730, 0, 255, 255, 0
L -170, 2730, 0, -150, 2730, 0, 255, 255, 0
L -160, 2700, 0, -140, 2760, 0, 255, 255, 0
L -180, 2760, 0, -160, 2700, 0, 255, 255, 0
L -90, 2730, 0, -120, 2730, 0, 255, 255, 0
L -90, 2700, 0, -90, 2730, 0, 255, 255, 0
L -120, 2700, 0, -90, 2700, 0, 255, 255, 0
L -120, 2760, 0, -120, 2700, 0, 255, 255, 0
L -270, 2790, 0, -300, 2790, 0, 255, 0, 0
L -300, 2850, 0, -270, 2790, 0, 255, 0, 0
L -300, 2850, 0, -270, 2850, 0, 255, 0, 0
L -250, 2790, 0, -220, 2790, 0, 255, 0, 0
L -250, 2850, 0, -220, 2850, 0, 255, 0, 0
L -250, 2790, 0, -250, 2850, 0, 255, 0, 0
L -220, 2790, 0, -220, 2850, 0, 255, 0, 0
L -170, 2850, 0, -170, 2790, 0, 255, 0, 0
L -200, 2790, 0, -170, 2850, 0, 255, 0, 0
L -200, 2850, 0, -200, 2790, 0, 255, 0, 0
L -150, 2820, 0, -120, 2820, 0, 255, 0, 0
L -150, 2850, 0, -120, 2850, 0, 255, 0, 0
L -150, 2790, 0, -150, 2850, 0, 255, 0, 0
L -120, 2790, 0, -150, 2790, 0, 255, 0, 0
P -1300, 900, 0, 0, 0, 0, 2, Revised_Map:_Brewall_Rainsiger_(Cazic-Thule)
P -1300, 1100, 0, 0, 0, 0, 2, http://www.eqmaps.info
P -1300, 1300, 0, 0, 0, 0, 2, Return_of_the_Exiled_(www.roteguild.org)
P -1300, 1500, 0, 127, 64, 0, 2, Deepblade_PH=_a_myrmidon_of_Oseka
P -1300, 1700, 0, 127, 64, 0, 2, Mindlock_PH=_golems
P -1300, 1900, 0, 127, 64, 0, 2, The_Chosen_PH=_an_alsa_thelera_nonpareil/an_alsa_thelera_conquerer
P -1300, 2100, 0, 127, 64, 0, 2, The_Cleaner_PH=_alarans
P -1300, 2300, 0, 127, 64, 0, 2, The_Digger_PH=_a_worshipper_of_decay/a_fouled_warrior
P -1300, 2500, 0, 127, 64, 0, 2, Wavecrasher_PH=_ser_alsa_hadal/a_ser_alsa_thel_hadal
