L 1000.0, 0.0, 0.0, 1000.0, -50.0, 0.0, 255, 0, 0
L -20.0, 50.0, 0.0, -50.0, 20.0, 0.0, 255, 0, 0
L 50.0, 20.0, 0.0, 20.0, 50.0, 0.0, 255, 0, 0
L 20.0, -50.0, 0.0, 50.0, -20.0, 0.0, 255, 0, 0
L -50.0, -20.0, 0.0, -20.0, -50.0, 0.0, 255, 0, 0
L -50.0, 20.0, 0.0, -50.0, -20.0, 0.0, 255, 0, 0
L 20.0, 50.0, 0.0, -20.0, 50.0, 0.0, 255, 0, 0
L 50.0, -20.0, 0.0, 50.0, 20.0, 0.0, 255, 0, 0
L -20.0, -50.0, 0.0, 20.0, -50.0, 0.0, 255, 0, 0
L 580.0, -20.0, 0.0, 540.0, -20.0, 0.0, 255, 0, 0
L 580.0, -90.0, 0.0, 580.0, -20.0, 0.0, 255, 0, 0
L 540.0, -90.0, 0.0, 580.0, -90.0, 0.0, 255, 0, 0
L 540.0, -20.0, 0.0, 540.0, -90.0, 0.0, 255, 0, 0
L 520.0, -20.0, 0.0, 480.0, -20.0, 0.0, 255, 0, 0
L 520.0, -90.0, 0.0, 520.0, -20.0, 0.0, 255, 0, 0
L 480.0, -90.0, 0.0, 520.0, -90.0, 0.0, 255, 0, 0
L 480.0, -20.0, 0.0, 480.0, -90.0, 0.0, 255, 0, 0
L 460.0, -90.0, 0.0, 450.0, -80.0, 0.0, 255, 0, 0
L 460.0, -20.0, 0.0, 460.0, -90.0, 0.0, 255, 0, 0
L 0.0, -250.0, 0.0, 0.0, 250.0, 0.0, 255, 0, 0
L -250.0, 0.0, 0.0, 1000.0, 0.0, 0.0, 255, 0, 0
L -120.0, -80.0, 0.0, -120.0, -60.0, 0.0, 255, 0, 0
L -120.0, -60.0, 0.0, -120.0, -40.0, 0.0, 255, 0, 0
L -100.0, -60.0, 0.0, -120.0, -60.0, 0.0, 255, 0, 0
L -120.0, -60.0, 0.0, -140.0, -60.0, 0.0, 255, 0, 0
L -90.0, -50.0, 0.0, -100.0, -30.0, 0.0, 255, 0, 0
L -60.0, -80.0, 0.0, -60.0, -60.0, 0.0, 255, 0, 0
L -60.0, -60.0, 0.0, -60.0, -40.0, 0.0, 255, 0, 0
L -40.0, -60.0, 0.0, -60.0, -60.0, 0.0, 255, 0, 0
L -60.0, -60.0, 0.0, -80.0, -60.0, 0.0, 255, 0, 0
L 100.0, 60.0, 0.0, 120.0, 60.0, 0.0, 255, 0, 0
L 120.0, 60.0, 0.0, 140.0, 60.0, 0.0, 255, 0, 0
L 90.0, 70.0, 0.0, 80.0, 90.0, 0.0, 255, 0, 0
L 40.0, 60.0, 0.0, 60.0, 60.0, 0.0, 255, 0, 0
L 60.0, 60.0, 0.0, 80.0, 60.0, 0.0, 255, 0, 0
L -100.0, 60.0, 0.0, -120.0, 60.0, 0.0, 255, 0, 0
L -120.0, 60.0, 0.0, -140.0, 60.0, 0.0, 255, 0, 0
L -90.0, 70.0, 0.0, -100.0, 90.0, 0.0, 255, 0, 0
L -60.0, 80.0, 0.0, -60.0, 60.0, 0.0, 255, 0, 0
L -60.0, 60.0, 0.0, -60.0, 40.0, 0.0, 255, 0, 0
L -40.0, 60.0, 0.0, -60.0, 60.0, 0.0, 255, 0, 0
L -60.0, 60.0, 0.0, -80.0, 60.0, 0.0, 255, 0, 0
L 100.0, -60.0, 0.0, 120.0, -60.0, 0.0, 255, 0, 0
L 120.0, -60.0, 0.0, 140.0, -60.0, 0.0, 255, 0, 0
L 90.0, -50.0, 0.0, 80.0, -30.0, 0.0, 255, 0, 0
L 60.0, -80.0, 0.0, 60.0, -60.0, 0.0, 255, 0, 0
L 60.0, -60.0, 0.0, 60.0, -40.0, 0.0, 255, 0, 0
L 40.0, -60.0, 0.0, 60.0, -60.0, 0.0, 255, 0, 0
L 60.0, -60.0, 0.0, 80.0, -60.0, 0.0, 255, 0, 0
L 599.0, -90.0, 0.0, 637.3, -90.0, 0.0, 255, 0, 0
L 599.0, -20.0, 0.0, 637.3, -20.0, 0.0, 255, 0, 0
L 599.0, -90.0, 0.0, 599.0, -20.0, 0.0, 255, 0, 0
L 637.3, -90.0, 0.0, 637.3, -20.0, 0.0, 255, 0, 0
L 800, 1100, 0, 800, 1160, 0, 0, 0, 0
L 840, 1160, 0, 800, 1160, 0, 0, 0, 0
L 860, 1130, 0, 890, 1130, 0, 0, 0, 0
L 860, 1160, 0, 890, 1160, 0, 0, 0, 0
L 860, 1100, 0, 860, 1160, 0, 0, 0, 0
L 890, 1100, 0, 860, 1100, 0, 0, 0, 0
L 940, 1160, 0, 910, 1160, 0, 0, 0, 0
L 910, 1100, 0, 940, 1100, 0, 0, 0, 0
L 910, 1160, 0, 910, 1100, 0, 0, 0, 0
L 940, 1160, 0, 940, 1130, 0, 0, 0, 0
L 940, 1130, 0, 920, 1130, 0, 0, 0, 0
L 960, 1130, 0, 990, 1130, 0, 0, 0, 0
L 960, 1160, 0, 990, 1160, 0, 0, 0, 0
L 960, 1100, 0, 960, 1160, 0, 0, 0, 0
L 990, 1100, 0, 960, 1100, 0, 0, 0, 0
L 1040, 1160, 0, 1040, 1100, 0, 0, 0, 0
L 1010, 1100, 0, 1040, 1160, 0, 0, 0, 0
L 1010, 1160, 0, 1010, 1100, 0, 0, 0, 0
L 1070, 1160, 0, 1070, 1100, 0, 0, 0, 0
L 1080, 1160, 0, 1060, 1160, 0, 0, 0, 0
L 1090, 1130, 0, 1080, 1160, 0, 0, 0, 0
L 1080, 1100, 0, 1090, 1130, 0, 0, 0, 0
L 1060, 1100, 0, 1080, 1100, 0, 0, 0, 0
L 800, 1310, 0, 860, 1310, 0, 0, 0, 0
L 800, 1230, 0, 860, 1230, 0, 0, 0, 0
L 830, 1283, 0, 830, 1257, 0, 205, 133, 63
L 860, 1310, 0, 920, 1310, 0, 0, 0, 0
L 860, 1310, 0, 860, 1283, 0, 205, 133, 63
L 830, 1283, 0, 890, 1283, 0, 205, 133, 63
L 830, 1257, 0, 860, 1257, 0, 205, 133, 63
L 860, 1257, 0, 890, 1257, 0, 205, 133, 63
L 860, 1230, 0, 920, 1230, 0, 0, 0, 0
L 860, 1257, 0, 860, 1230, 0, 205, 133, 63
L 890, 1283, 0, 890, 1257, 0, 205, 133, 63
L 970, 1300, 0, 970, 1240, 0, 0, 0, 0
L 980, 1300, 0, 960, 1300, 0, 0, 0, 0
L 990, 1270, 0, 980, 1300, 0, 0, 0, 0
L 980, 1240, 0, 990, 1270, 0, 0, 0, 0
L 960, 1240, 0, 980, 1240, 0, 0, 0, 0
L 1010, 1240, 0, 1040, 1240, 0, 0, 0, 0
L 1010, 1300, 0, 1040, 1300, 0, 0, 0, 0
L 1010, 1240, 0, 1010, 1300, 0, 0, 0, 0
L 1040, 1240, 0, 1040, 1300, 0, 0, 0, 0
L 1060, 1240, 0, 1090, 1240, 0, 0, 0, 0
L 1060, 1300, 0, 1090, 1300, 0, 0, 0, 0
L 1060, 1240, 0, 1060, 1300, 0, 0, 0, 0
L 1090, 1240, 0, 1090, 1300, 0, 0, 0, 0
L 1110, 1240, 0, 1110, 1270, 0, 0, 0, 0
L 1110, 1270, 0, 1110, 1300, 0, 0, 0, 0
L 1110, 1270, 0, 1130, 1270, 0, 0, 0, 0
L 1150, 1270, 0, 1150, 1240, 0, 0, 0, 0
L 1110, 1240, 0, 1150, 1240, 0, 0, 0, 0
L 1130, 1270, 0, 1150, 1270, 0, 0, 0, 0
L 1150, 1300, 0, 1130, 1270, 0, 0, 0, 0
L 800, 1350, 0, 800, 1380, 0, 255, 210, 0
L 800, 1350, 0, 820, 1350, 0, 255, 210, 0
L 820, 1410, 0, 800, 1410, 0, 255, 210, 0
L 800, 1380, 0, 800, 1410, 0, 255, 210, 0
L 820, 1380, 0, 800, 1380, 0, 255, 210, 0
L 820, 1380, 0, 840, 1365, 0, 255, 210, 0
L 820, 1350, 0, 840, 1365, 0, 255, 210, 0
L 820, 1380, 0, 840, 1395, 0, 255, 210, 0
L 840, 1395, 0, 820, 1410, 0, 255, 210, 0
L 870, 1380, 0, 890, 1380, 0, 255, 210, 0
L 880, 1350, 0, 900, 1410, 0, 255, 210, 0
L 860, 1410, 0, 880, 1350, 0, 255, 210, 0
L 950, 1410, 0, 950, 1350, 0, 255, 210, 0
L 920, 1350, 0, 950, 1410, 0, 255, 210, 0
L 920, 1410, 0, 920, 1350, 0, 255, 210, 0
L 970, 1350, 0, 970, 1380, 0, 255, 210, 0
L 970, 1380, 0, 970, 1410, 0, 255, 210, 0
L 970, 1380, 0, 1010, 1410, 0, 255, 210, 0
L 970, 1380, 0, 1010, 1350, 0, 255, 210, 0
L 1030, 1380, 0, 1060, 1380, 0, 255, 210, 0
L 1030, 1410, 0, 1060, 1410, 0, 255, 210, 0
L 1030, 1350, 0, 1030, 1410, 0, 255, 210, 0
L 1060, 1350, 0, 1030, 1350, 0, 255, 210, 0
L 1080, 1350, 0, 1080, 1380, 0, 255, 210, 0
L 1080, 1380, 0, 1080, 1410, 0, 255, 210, 0
L 1080, 1380, 0, 1100, 1380, 0, 255, 210, 0
L 1120, 1380, 0, 1120, 1350, 0, 255, 210, 0
L 1080, 1350, 0, 1120, 1350, 0, 255, 210, 0
L 1100, 1380, 0, 1120, 1380, 0, 255, 210, 0
L 1120, 1410, 0, 1100, 1380, 0, 255, 210, 0
L 830, 1500, 0, 800, 1500, 0, 255, 255, 255
L 800, 1440, 0, 830, 1440, 0, 255, 255, 255
L 800, 1500, 0, 800, 1440, 0, 255, 255, 255
L 850, 1440, 0, 880, 1440, 0, 255, 255, 255
L 850, 1500, 0, 880, 1500, 0, 255, 255, 255
L 850, 1440, 0, 850, 1500, 0, 255, 255, 255
L 880, 1440, 0, 880, 1500, 0, 255, 255, 255
L 940, 1440, 0, 940, 1500, 0, 255, 255, 255
L 920, 1470, 0, 940, 1440, 0, 255, 255, 255
L 900, 1440, 0, 920, 1470, 0, 255, 255, 255
L 900, 1500, 0, 900, 1440, 0, 255, 255, 255
L 1000, 1440, 0, 1000, 1500, 0, 255, 255, 255
L 980, 1470, 0, 1000, 1440, 0, 255, 255, 255
L 960, 1440, 0, 980, 1470, 0, 255, 255, 255
L 960, 1500, 0, 960, 1440, 0, 255, 255, 255
L 1020, 1470, 0, 1050, 1470, 0, 255, 255, 255
L 1020, 1500, 0, 1050, 1500, 0, 255, 255, 255
L 1020, 1440, 0, 1020, 1500, 0, 255, 255, 255
L 1050, 1440, 0, 1020, 1440, 0, 255, 255, 255
L 1100, 1500, 0, 1100, 1440, 0, 255, 255, 255
L 1070, 1440, 0, 1100, 1500, 0, 255, 255, 255
L 1070, 1500, 0, 1070, 1440, 0, 255, 255, 255
L 1140, 1440, 0, 1140, 1500, 0, 255, 255, 255
L 1120, 1440, 0, 1160, 1440, 0, 255, 255, 255
L 830, 1590, 0, 800, 1590, 0, 0, 0, 0
L 800, 1530, 0, 830, 1530, 0, 0, 0, 0
L 800, 1590, 0, 800, 1530, 0, 0, 0, 0
L 830, 1590, 0, 830, 1560, 0, 0, 0, 0
L 830, 1560, 0, 810, 1560, 0, 0, 0, 0
L 850, 1560, 0, 880, 1560, 0, 0, 0, 0
L 850, 1590, 0, 880, 1590, 0, 0, 0, 0
L 850, 1530, 0, 850, 1590, 0, 0, 0, 0
L 880, 1530, 0, 850, 1530, 0, 0, 0, 0
L 930, 1590, 0, 930, 1530, 0, 0, 0, 0
L 900, 1530, 0, 930, 1590, 0, 0, 0, 0
L 900, 1590, 0, 900, 1530, 0, 0, 0, 0
L 950, 1560, 0, 980, 1560, 0, 0, 0, 0
L 950, 1590, 0, 980, 1590, 0, 0, 0, 0
L 950, 1530, 0, 950, 1590, 0, 0, 0, 0
L 980, 1530, 0, 950, 1530, 0, 0, 0, 0
L 1000, 1530, 0, 1000, 1560, 0, 0, 0, 0
L 1000, 1560, 0, 1000, 1590, 0, 0, 0, 0
L 1000, 1560, 0, 1020, 1560, 0, 0, 0, 0
L 1040, 1560, 0, 1040, 1530, 0, 0, 0, 0
L 1000, 1530, 0, 1040, 1530, 0, 0, 0, 0
L 1020, 1560, 0, 1040, 1560, 0, 0, 0, 0
L 1040, 1590, 0, 1020, 1560, 0, 0, 0, 0
L 1070, 1560, 0, 1090, 1560, 0, 0, 0, 0
L 1080, 1530, 0, 1100, 1590, 0, 0, 0, 0
L 1060, 1590, 0, 1080, 1530, 0, 0, 0, 0
L 1120, 1530, 0, 1120, 1590, 0, 0, 0, 0
L 1160, 1590, 0, 1120, 1590, 0, 0, 0, 0
L 830, 1680, 0, 800, 1680, 0, 0, 0, 255
L 800, 1620, 0, 830, 1620, 0, 0, 0, 255
L 800, 1680, 0, 800, 1620, 0, 0, 0, 255
L 830, 1680, 0, 830, 1650, 0, 0, 0, 255
L 830, 1650, 0, 810, 1650, 0, 0, 0, 255
L 850, 1620, 0, 850, 1650, 0, 0, 0, 255
L 850, 1650, 0, 850, 1680, 0, 0, 0, 255
L 850, 1650, 0, 870, 1650, 0, 0, 0, 255
L 890, 1650, 0, 890, 1620, 0, 0, 0, 255
L 850, 1620, 0, 890, 1620, 0, 0, 0, 255
L 870, 1650, 0, 890, 1650, 0, 0, 0, 255
L 890, 1680, 0, 870, 1650, 0, 0, 0, 255
L 910, 1620, 0, 940, 1620, 0, 0, 0, 255
L 910, 1680, 0, 940, 1680, 0, 0, 0, 255
L 910, 1620, 0, 910, 1680, 0, 0, 0, 255
L 940, 1620, 0, 940, 1680, 0, 0, 0, 255
L 1000, 1620, 0, 1000, 1680, 0, 0, 0, 255
L 960, 1620, 0, 960, 1680, 0, 0, 0, 255
L 960, 1680, 0, 1000, 1680, 0, 0, 0, 255
L 1050, 1680, 0, 1050, 1620, 0, 0, 0, 255
L 1020, 1620, 0, 1050, 1680, 0, 0, 0, 255
L 1020, 1680, 0, 1020, 1620, 0, 0, 0, 255
L 1080, 1680, 0, 1080, 1620, 0, 0, 0, 255
L 1090, 1680, 0, 1070, 1680, 0, 0, 0, 255
L 1100, 1650, 0, 1090, 1680, 0, 0, 0, 255
L 1090, 1620, 0, 1100, 1650, 0, 0, 0, 255
L 1070, 1620, 0, 1090, 1620, 0, 0, 0, 255
L 1180, 1620, 0, 1180, 1650, 0, 0, 0, 255
L 1180, 1680, 0, 1220, 1680, 0, 0, 0, 255
L 1220, 1650, 0, 1180, 1650, 0, 0, 0, 255
L 1180, 1620, 0, 1220, 1620, 0, 0, 0, 255
L 1220, 1650, 0, 1220, 1680, 0, 0, 0, 255
L 1270, 1650, 0, 1240, 1650, 0, 0, 0, 255
L 1270, 1620, 0, 1270, 1650, 0, 0, 0, 255
L 1240, 1620, 0, 1270, 1620, 0, 0, 0, 255
L 1240, 1680, 0, 1240, 1620, 0, 0, 0, 255
L 1300, 1650, 0, 1320, 1650, 0, 0, 0, 255
L 1310, 1620, 0, 1330, 1680, 0, 0, 0, 255
L 1290, 1680, 0, 1310, 1620, 0, 0, 0, 255
L 1380, 1680, 0, 1390, 1620, 0, 0, 0, 255
L 1370, 1650, 0, 1380, 1680, 0, 0, 0, 255
L 1360, 1680, 0, 1370, 1650, 0, 0, 0, 255
L 1350, 1620, 0, 1360, 1680, 0, 0, 0, 255
L 1440, 1680, 0, 1440, 1620, 0, 0, 0, 255
L 1410, 1620, 0, 1440, 1680, 0, 0, 0, 255
L 1410, 1680, 0, 1410, 1620, 0, 0, 0, 255
L 830, 1770, 0, 800, 1770, 0, 128, 128, 128
L 800, 1710, 0, 830, 1710, 0, 128, 128, 128
L 800, 1770, 0, 800, 1710, 0, 128, 128, 128
L 830, 1770, 0, 830, 1740, 0, 128, 128, 128
L 830, 1740, 0, 810, 1740, 0, 128, 128, 128
L 890, 1710, 0, 890, 1770, 0, 128, 128, 128
L 850, 1710, 0, 850, 1770, 0, 128, 128, 128
L 850, 1770, 0, 890, 1770, 0, 128, 128, 128
L 910, 1710, 0, 910, 1770, 0, 128, 128, 128
L 930, 1710, 0, 930, 1770, 0, 128, 128, 128
L 970, 1770, 0, 930, 1770, 0, 128, 128, 128
L 1000, 1770, 0, 1000, 1710, 0, 128, 128, 128
L 1010, 1770, 0, 990, 1770, 0, 128, 128, 128
L 1020, 1740, 0, 1010, 1770, 0, 128, 128, 128
L 1010, 1710, 0, 1020, 1740, 0, 128, 128, 128
L 990, 1710, 0, 1010, 1710, 0, 128, 128, 128
L 1140, 1710, 0, 1140, 1770, 0, 128, 128, 128
L 1120, 1740, 0, 1140, 1710, 0, 128, 128, 128
L 1100, 1710, 0, 1120, 1740, 0, 128, 128, 128
L 1100, 1770, 0, 1100, 1710, 0, 128, 128, 128
L 1170, 1740, 0, 1190, 1740, 0, 128, 128, 128
L 1180, 1710, 0, 1200, 1770, 0, 128, 128, 128
L 1160, 1770, 0, 1180, 1710, 0, 128, 128, 128
L 1220, 1710, 0, 1220, 1740, 0, 128, 128, 128
L 1220, 1770, 0, 1260, 1770, 0, 128, 128, 128
L 1260, 1740, 0, 1220, 1740, 0, 128, 128, 128
L 1220, 1710, 0, 1260, 1710, 0, 128, 128, 128
L 1260, 1740, 0, 1260, 1770, 0, 128, 128, 128
L 1300, 1710, 0, 1300, 1770, 0, 128, 128, 128
L 1280, 1710, 0, 1320, 1710, 0, 128, 128, 128
L 1340, 1740, 0, 1370, 1740, 0, 128, 128, 128
L 1340, 1770, 0, 1370, 1770, 0, 128, 128, 128
L 1340, 1710, 0, 1340, 1770, 0, 128, 128, 128
L 1370, 1710, 0, 1340, 1710, 0, 128, 128, 128
L 1390, 1710, 0, 1390, 1740, 0, 128, 128, 128
L 1390, 1740, 0, 1390, 1770, 0, 128, 128, 128
L 1390, 1740, 0, 1410, 1740, 0, 128, 128, 128
L 1430, 1740, 0, 1430, 1710, 0, 128, 128, 128
L 1390, 1710, 0, 1430, 1710, 0, 128, 128, 128
L 1410, 1740, 0, 1430, 1740, 0, 128, 128, 128
L 1430, 1770, 0, 1410, 1740, 0, 128, 128, 128
L 800, 1800, 0, 800, 1830, 0, 127, 64, 0
L 840, 1860, 0, 840, 1830, 0, 127, 64, 0
L 800, 1830, 0, 800, 1860, 0, 127, 64, 0
L 840, 1830, 0, 840, 1800, 0, 127, 64, 0
L 800, 1830, 0, 840, 1830, 0, 127, 64, 0
L 900, 1800, 0, 900, 1860, 0, 127, 64, 0
L 860, 1800, 0, 860, 1860, 0, 127, 64, 0
L 860, 1860, 0, 900, 1860, 0, 127, 64, 0
L 950, 1860, 0, 950, 1800, 0, 127, 64, 0
L 920, 1800, 0, 950, 1860, 0, 127, 64, 0
L 920, 1860, 0, 920, 1800, 0, 127, 64, 0
L 990, 1800, 0, 990, 1860, 0, 127, 64, 0
L 970, 1800, 0, 1010, 1800, 0, 127, 64, 0
L 1030, 1830, 0, 1060, 1830, 0, 127, 64, 0
L 1030, 1860, 0, 1060, 1860, 0, 127, 64, 0
L 1030, 1800, 0, 1030, 1860, 0, 127, 64, 0
L 1060, 1800, 0, 1030, 1800, 0, 127, 64, 0
L 1080, 1800, 0, 1080, 1830, 0, 127, 64, 0
L 1080, 1830, 0, 1080, 1860, 0, 127, 64, 0
L 1080, 1830, 0, 1100, 1830, 0, 127, 64, 0
L 1120, 1830, 0, 1120, 1800, 0, 127, 64, 0
L 1080, 1800, 0, 1120, 1800, 0, 127, 64, 0
L 1100, 1830, 0, 1120, 1830, 0, 127, 64, 0
L 1120, 1860, 0, 1100, 1830, 0, 127, 64, 0
L 840, 1890, 0, 840, 1950, 0, 0, 127, 0
L 820, 1920, 0, 840, 1890, 0, 0, 127, 0
L 800, 1890, 0, 820, 1920, 0, 0, 127, 0
L 800, 1950, 0, 800, 1890, 0, 0, 127, 0
L 860, 1920, 0, 890, 1920, 0, 0, 127, 0
L 860, 1950, 0, 890, 1950, 0, 0, 127, 0
L 860, 1890, 0, 860, 1950, 0, 0, 127, 0
L 890, 1890, 0, 860, 1890, 0, 0, 127, 0
L 910, 1890, 0, 910, 1920, 0, 0, 127, 0
L 910, 1920, 0, 910, 1950, 0, 0, 127, 0
L 910, 1920, 0, 930, 1920, 0, 0, 127, 0
L 950, 1920, 0, 950, 1890, 0, 0, 127, 0
L 910, 1890, 0, 950, 1890, 0, 0, 127, 0
L 930, 1920, 0, 950, 1920, 0, 0, 127, 0
L 950, 1950, 0, 930, 1920, 0, 0, 127, 0
L 1000, 1950, 0, 970, 1950, 0, 0, 127, 0
L 970, 1890, 0, 1000, 1890, 0, 0, 127, 0
L 970, 1950, 0, 970, 1890, 0, 0, 127, 0
L 1020, 1890, 0, 1020, 1920, 0, 0, 127, 0
L 1060, 1950, 0, 1060, 1920, 0, 0, 127, 0
L 1020, 1920, 0, 1020, 1950, 0, 0, 127, 0
L 1060, 1920, 0, 1060, 1890, 0, 0, 127, 0
L 1020, 1920, 0, 1060, 1920, 0, 0, 127, 0
L 1090, 1920, 0, 1110, 1920, 0, 0, 127, 0
L 1100, 1890, 0, 1120, 1950, 0, 0, 127, 0
L 1080, 1950, 0, 1100, 1890, 0, 0, 127, 0
L 1170, 1950, 0, 1170, 1890, 0, 0, 127, 0
L 1140, 1890, 0, 1170, 1950, 0, 0, 127, 0
L 1140, 1950, 0, 1140, 1890, 0, 0, 127, 0
L 1210, 1890, 0, 1210, 1950, 0, 0, 127, 0
L 1190, 1890, 0, 1230, 1890, 0, 0, 127, 0
L 840, 1980, 0, 840, 2040, 0, 0, 127, 127
L 820, 2010, 0, 840, 1980, 0, 0, 127, 127
L 800, 1980, 0, 820, 2010, 0, 0, 127, 127
L 800, 2040, 0, 800, 1980, 0, 0, 127, 127
L 860, 1980, 0, 860, 2040, 0, 0, 127, 127
L 880, 1980, 0, 880, 2010, 0, 0, 127, 127
L 880, 2040, 0, 920, 2040, 0, 0, 127, 127
L 920, 2010, 0, 880, 2010, 0, 0, 127, 127
L 880, 1980, 0, 920, 1980, 0, 0, 127, 127
L 920, 2010, 0, 920, 2040, 0, 0, 127, 127
L 940, 1980, 0, 940, 2010, 0, 0, 127, 127
L 940, 2040, 0, 980, 2040, 0, 0, 127, 127
L 980, 2010, 0, 940, 2010, 0, 0, 127, 127
L 940, 1980, 0, 980, 1980, 0, 0, 127, 127
L 980, 2010, 0, 980, 2040, 0, 0, 127, 127
L 1000, 1980, 0, 1000, 2040, 0, 0, 127, 127
L 1020, 1980, 0, 1050, 1980, 0, 0, 127, 127
L 1020, 2040, 0, 1050, 2040, 0, 0, 127, 127
L 1020, 1980, 0, 1020, 2040, 0, 0, 127, 127
L 1050, 1980, 0, 1050, 2040, 0, 0, 127, 127
L 1100, 2040, 0, 1100, 1980, 0, 0, 127, 127
L 1070, 1980, 0, 1100, 2040, 0, 0, 127, 127
L 1070, 2040, 0, 1070, 1980, 0, 0, 127, 127
L 830, 2130, 0, 830, 2070, 0, 127, 64, 0
L 800, 2070, 0, 830, 2130, 0, 127, 64, 0
L 800, 2130, 0, 800, 2070, 0, 127, 64, 0
L 860, 2100, 0, 880, 2100, 0, 127, 64, 0
L 870, 2070, 0, 890, 2130, 0, 127, 64, 0
L 850, 2130, 0, 870, 2070, 0, 127, 64, 0
L 950, 2070, 0, 950, 2130, 0, 127, 64, 0
L 930, 2100, 0, 950, 2070, 0, 127, 64, 0
L 910, 2070, 0, 930, 2100, 0, 127, 64, 0
L 910, 2130, 0, 910, 2070, 0, 127, 64, 0
L 970, 2100, 0, 1000, 2100, 0, 127, 64, 0
L 970, 2130, 0, 1000, 2130, 0, 127, 64, 0
L 970, 2070, 0, 970, 2130, 0, 127, 64, 0
L 1000, 2070, 0, 970, 2070, 0, 127, 64, 0
L 1030, 2130, 0, 1030, 2070, 0, 127, 64, 0
L 1040, 2130, 0, 1020, 2130, 0, 127, 64, 0
L 1050, 2100, 0, 1040, 2130, 0, 127, 64, 0
L 1040, 2070, 0, 1050, 2100, 0, 127, 64, 0
L 1020, 2070, 0, 1040, 2070, 0, 127, 64, 0
L 830, 2190, 0, 800, 2190, 0, 0, 255, 0
L 830, 2160, 0, 830, 2190, 0, 0, 255, 0
L 800, 2160, 0, 830, 2160, 0, 0, 255, 0
L 800, 2220, 0, 800, 2160, 0, 0, 255, 0
L 860, 2190, 0, 880, 2190, 0, 0, 255, 0
L 870, 2160, 0, 890, 2220, 0, 0, 255, 0
L 850, 2220, 0, 870, 2160, 0, 0, 255, 0
L 910, 2160, 0, 910, 2190, 0, 0, 255, 0
L 910, 2190, 0, 910, 2220, 0, 0, 255, 0
L 910, 2190, 0, 930, 2190, 0, 0, 255, 0
L 950, 2190, 0, 950, 2160, 0, 0, 255, 0
L 910, 2160, 0, 950, 2160, 0, 0, 255, 0
L 930, 2190, 0, 950, 2190, 0, 0, 255, 0
L 950, 2220, 0, 930, 2190, 0, 0, 255, 0
L 1000, 2220, 0, 970, 2220, 0, 0, 255, 0
L 970, 2160, 0, 1000, 2160, 0, 0, 255, 0
L 970, 2220, 0, 970, 2160, 0, 0, 255, 0
L 1020, 2190, 0, 1050, 2190, 0, 0, 255, 0
L 1020, 2220, 0, 1050, 2220, 0, 0, 255, 0
L 1020, 2160, 0, 1020, 2220, 0, 0, 255, 0
L 1050, 2160, 0, 1020, 2160, 0, 0, 255, 0
L 1070, 2160, 0, 1070, 2220, 0, 0, 255, 0
L 1110, 2220, 0, 1070, 2220, 0, 0, 255, 0
L 1130, 2160, 0, 1130, 2190, 0, 0, 255, 0
L 1130, 2220, 0, 1170, 2220, 0, 0, 255, 0
L 1170, 2190, 0, 1130, 2190, 0, 0, 255, 0
L 1130, 2160, 0, 1170, 2160, 0, 0, 255, 0
L 1170, 2190, 0, 1170, 2220, 0, 0, 255, 0
L 800, 2250, 0, 800, 2280, 0, 0, 240, 240
L 800, 2280, 0, 800, 2310, 0, 0, 240, 240
L 800, 2280, 0, 820, 2280, 0, 0, 240, 240
L 840, 2280, 0, 840, 2250, 0, 0, 240, 240
L 800, 2250, 0, 840, 2250, 0, 0, 240, 240
L 820, 2280, 0, 840, 2280, 0, 0, 240, 240
L 840, 2310, 0, 820, 2280, 0, 0, 240, 240
L 870, 2280, 0, 890, 2280, 0, 0, 240, 240
L 880, 2250, 0, 900, 2310, 0, 0, 240, 240
L 860, 2310, 0, 880, 2250, 0, 0, 240, 240
L 920, 2250, 0, 920, 2310, 0, 0, 240, 240
L 950, 2310, 0, 950, 2250, 0, 0, 240, 240
L 960, 2310, 0, 940, 2310, 0, 0, 240, 240
L 970, 2280, 0, 960, 2310, 0, 0, 240, 240
L 960, 2250, 0, 970, 2280, 0, 0, 240, 240
L 940, 2250, 0, 960, 2250, 0, 0, 240, 240
L 800, 2340, 0, 800, 2370, 0, 0, 255, 0
L 800, 2400, 0, 840, 2400, 0, 0, 255, 0
L 840, 2370, 0, 800, 2370, 0, 0, 255, 0
L 800, 2340, 0, 840, 2340, 0, 0, 255, 0
L 840, 2370, 0, 840, 2400, 0, 0, 255, 0
L 890, 2370, 0, 860, 2370, 0, 0, 255, 0
L 890, 2340, 0, 890, 2370, 0, 0, 255, 0
L 860, 2340, 0, 890, 2340, 0, 0, 255, 0
L 860, 2400, 0, 860, 2340, 0, 0, 255, 0
L 910, 2370, 0, 940, 2370, 0, 0, 255, 0
L 910, 2400, 0, 940, 2400, 0, 0, 255, 0
L 910, 2340, 0, 910, 2400, 0, 0, 255, 0
L 940, 2340, 0, 910, 2340, 0, 0, 255, 0
L 990, 2400, 0, 960, 2400, 0, 0, 255, 0
L 960, 2340, 0, 990, 2340, 0, 0, 255, 0
L 960, 2400, 0, 960, 2340, 0, 0, 255, 0
L 1010, 2340, 0, 1010, 2400, 0, 0, 255, 0
L 1040, 2370, 0, 1060, 2370, 0, 0, 255, 0
L 1050, 2340, 0, 1070, 2400, 0, 0, 255, 0
L 1030, 2400, 0, 1050, 2340, 0, 0, 255, 0
L 1090, 2340, 0, 1090, 2400, 0, 0, 255, 0
L 1130, 2400, 0, 1090, 2400, 0, 0, 255, 0
L 1240, 2400, 0, 1210, 2400, 0, 0, 255, 0
L 1210, 2340, 0, 1240, 2340, 0, 0, 255, 0
L 1210, 2400, 0, 1210, 2340, 0, 0, 255, 0
L 1300, 2340, 0, 1300, 2400, 0, 0, 255, 0
L 1260, 2340, 0, 1260, 2400, 0, 0, 255, 0
L 1260, 2400, 0, 1300, 2400, 0, 0, 255, 0
L 1320, 2340, 0, 1320, 2370, 0, 0, 255, 0
L 1320, 2370, 0, 1320, 2400, 0, 0, 255, 0
L 1320, 2370, 0, 1340, 2370, 0, 0, 255, 0
L 1360, 2370, 0, 1360, 2340, 0, 0, 255, 0
L 1320, 2340, 0, 1360, 2340, 0, 0, 255, 0
L 1340, 2370, 0, 1360, 2370, 0, 0, 255, 0
L 1360, 2400, 0, 1340, 2370, 0, 0, 255, 0
L 1380, 2340, 0, 1380, 2370, 0, 0, 255, 0
L 1380, 2370, 0, 1380, 2400, 0, 0, 255, 0
L 1380, 2370, 0, 1400, 2370, 0, 0, 255, 0
L 1420, 2370, 0, 1420, 2340, 0, 0, 255, 0
L 1380, 2340, 0, 1420, 2340, 0, 0, 255, 0
L 1400, 2370, 0, 1420, 2370, 0, 0, 255, 0
L 1420, 2400, 0, 1400, 2370, 0, 0, 255, 0
L 1440, 2370, 0, 1470, 2370, 0, 0, 255, 0
L 1440, 2400, 0, 1470, 2400, 0, 0, 255, 0
L 1440, 2340, 0, 1440, 2400, 0, 0, 255, 0
L 1470, 2340, 0, 1440, 2340, 0, 0, 255, 0
L 1520, 2400, 0, 1520, 2340, 0, 0, 255, 0
L 1490, 2340, 0, 1520, 2400, 0, 0, 255, 0
L 1490, 2400, 0, 1490, 2340, 0, 0, 255, 0
L 1570, 2400, 0, 1540, 2400, 0, 0, 255, 0
L 1540, 2340, 0, 1570, 2340, 0, 0, 255, 0
L 1540, 2400, 0, 1540, 2340, 0, 0, 255, 0
L 1610, 2370, 0, 1610, 2400, 0, 0, 255, 0
L 1610, 2370, 0, 1630, 2340, 0, 0, 255, 0
L 1590, 2340, 0, 1610, 2370, 0, 0, 255, 0
L 800, 2430, 0, 800, 2460, 0, 255, 0, 0
L 800, 2490, 0, 840, 2490, 0, 255, 0, 0
L 840, 2460, 0, 800, 2460, 0, 255, 0, 0
L 800, 2430, 0, 840, 2430, 0, 255, 0, 0
L 840, 2460, 0, 840, 2490, 0, 255, 0, 0
L 900, 2430, 0, 900, 2490, 0, 255, 0, 0
L 860, 2430, 0, 860, 2490, 0, 255, 0, 0
L 860, 2490, 0, 900, 2490, 0, 255, 0, 0
L 950, 2490, 0, 920, 2490, 0, 255, 0, 0
L 920, 2430, 0, 950, 2430, 0, 255, 0, 0
L 920, 2490, 0, 920, 2430, 0, 255, 0, 0
L 1000, 2490, 0, 970, 2490, 0, 255, 0, 0
L 970, 2430, 0, 1000, 2430, 0, 255, 0, 0
L 970, 2490, 0, 970, 2430, 0, 255, 0, 0
L 1020, 2430, 0, 1050, 2430, 0, 255, 0, 0
L 1020, 2490, 0, 1050, 2490, 0, 255, 0, 0
L 1020, 2430, 0, 1020, 2490, 0, 255, 0, 0
L 1050, 2430, 0, 1050, 2490, 0, 255, 0, 0
L 1070, 2430, 0, 1070, 2460, 0, 255, 0, 0
L 1070, 2460, 0, 1070, 2490, 0, 255, 0, 0
L 1070, 2460, 0, 1090, 2460, 0, 255, 0, 0
L 1110, 2460, 0, 1110, 2430, 0, 255, 0, 0
L 1070, 2430, 0, 1110, 2430, 0, 255, 0, 0
L 1090, 2460, 0, 1110, 2460, 0, 255, 0, 0
L 1110, 2490, 0, 1090, 2460, 0, 255, 0, 0
L 820, 2520, 0, 820, 2580, 0, 255, 255, 0
L 800, 2520, 0, 840, 2520, 0, 255, 255, 0
L 860, 2550, 0, 890, 2550, 0, 255, 255, 0
L 860, 2580, 0, 890, 2580, 0, 255, 255, 0
L 860, 2520, 0, 860, 2580, 0, 255, 255, 0
L 890, 2520, 0, 860, 2520, 0, 255, 255, 0
L 910, 2520, 0, 910, 2580, 0, 255, 255, 0
L 950, 2580, 0, 910, 2580, 0, 255, 255, 0
L 970, 2550, 0, 1000, 2550, 0, 255, 255, 0
L 970, 2580, 0, 1000, 2580, 0, 255, 255, 0
L 970, 2520, 0, 970, 2580, 0, 255, 255, 0
L 1000, 2520, 0, 970, 2520, 0, 255, 255, 0
L 1050, 2550, 0, 1020, 2550, 0, 255, 255, 0
L 1050, 2520, 0, 1050, 2550, 0, 255, 255, 0
L 1020, 2520, 0, 1050, 2520, 0, 255, 255, 0
L 1020, 2580, 0, 1020, 2520, 0, 255, 255, 0
L 1070, 2520, 0, 1100, 2520, 0, 255, 255, 0
L 1070, 2580, 0, 1100, 2580, 0, 255, 255, 0
L 1070, 2520, 0, 1070, 2580, 0, 255, 255, 0
L 1100, 2520, 0, 1100, 2580, 0, 255, 255, 0
L 1120, 2520, 0, 1120, 2550, 0, 255, 255, 0
L 1120, 2550, 0, 1120, 2580, 0, 255, 255, 0
L 1120, 2550, 0, 1140, 2550, 0, 255, 255, 0
L 1160, 2550, 0, 1160, 2520, 0, 255, 255, 0
L 1120, 2520, 0, 1160, 2520, 0, 255, 255, 0
L 1140, 2550, 0, 1160, 2550, 0, 255, 255, 0
L 1160, 2580, 0, 1140, 2550, 0, 255, 255, 0
L 1200, 2520, 0, 1200, 2580, 0, 255, 255, 0
L 1180, 2520, 0, 1220, 2520, 0, 255, 255, 0
L 820, 2610, 0, 820, 2670, 0, 128, 0, 128
L 800, 2610, 0, 840, 2610, 0, 128, 0, 128
L 860, 2610, 0, 860, 2640, 0, 128, 0, 128
L 860, 2640, 0, 860, 2670, 0, 128, 0, 128
L 860, 2640, 0, 880, 2640, 0, 128, 0, 128
L 900, 2640, 0, 900, 2610, 0, 128, 0, 128
L 860, 2610, 0, 900, 2610, 0, 128, 0, 128
L 880, 2640, 0, 900, 2640, 0, 128, 0, 128
L 900, 2670, 0, 880, 2640, 0, 128, 0, 128
L 930, 2640, 0, 950, 2640, 0, 128, 0, 128
L 940, 2610, 0, 960, 2670, 0, 128, 0, 128
L 920, 2670, 0, 940, 2610, 0, 128, 0, 128
L 990, 2670, 0, 990, 2610, 0, 128, 0, 128
L 1000, 2670, 0, 980, 2670, 0, 128, 0, 128
L 1010, 2640, 0, 1000, 2670, 0, 128, 0, 128
L 1000, 2610, 0, 1010, 2640, 0, 128, 0, 128
L 980, 2610, 0, 1000, 2610, 0, 128, 0, 128
L 1030, 2640, 0, 1060, 2640, 0, 128, 0, 128
L 1030, 2670, 0, 1060, 2670, 0, 128, 0, 128
L 1030, 2610, 0, 1030, 2670, 0, 128, 0, 128
L 1060, 2610, 0, 1030, 2610, 0, 128, 0, 128
L 1080, 2610, 0, 1080, 2640, 0, 128, 0, 128
L 1080, 2670, 0, 1120, 2670, 0, 128, 0, 128
L 1120, 2640, 0, 1080, 2640, 0, 128, 0, 128
L 1080, 2610, 0, 1120, 2610, 0, 128, 0, 128
L 1120, 2640, 0, 1120, 2670, 0, 128, 0, 128
L 1140, 2610, 0, 1140, 2640, 0, 128, 0, 128
L 1140, 2640, 0, 1140, 2670, 0, 128, 0, 128
L 1140, 2640, 0, 1180, 2670, 0, 128, 0, 128
L 1140, 2640, 0, 1180, 2610, 0, 128, 0, 128
L 1200, 2610, 0, 1200, 2670, 0, 128, 0, 128
L 1220, 2610, 0, 1220, 2670, 0, 128, 0, 128
L 1260, 2670, 0, 1220, 2670, 0, 128, 0, 128
L 1280, 2610, 0, 1280, 2670, 0, 128, 0, 128
L 1320, 2670, 0, 1280, 2670, 0, 128, 0, 128
L 1430, 2670, 0, 1400, 2670, 0, 128, 0, 128
L 1400, 2610, 0, 1430, 2610, 0, 128, 0, 128
L 1400, 2670, 0, 1400, 2610, 0, 128, 0, 128
L 1450, 2610, 0, 1480, 2610, 0, 128, 0, 128
L 1450, 2670, 0, 1480, 2670, 0, 128, 0, 128
L 1450, 2610, 0, 1450, 2670, 0, 128, 0, 128
L 1480, 2610, 0, 1480, 2670, 0, 128, 0, 128
L 1530, 2670, 0, 1530, 2610, 0, 128, 0, 128
L 1500, 2610, 0, 1530, 2670, 0, 128, 0, 128
L 1500, 2670, 0, 1500, 2610, 0, 128, 0, 128
L 1570, 2610, 0, 1570, 2670, 0, 128, 0, 128
L 1550, 2610, 0, 1590, 2610, 0, 128, 0, 128
L 1620, 2640, 0, 1640, 2640, 0, 128, 0, 128
L 1630, 2610, 0, 1650, 2670, 0, 128, 0, 128
L 1610, 2670, 0, 1630, 2610, 0, 128, 0, 128
L 1670, 2610, 0, 1670, 2670, 0, 128, 0, 128
L 1720, 2670, 0, 1720, 2610, 0, 128, 0, 128
L 1690, 2610, 0, 1720, 2670, 0, 128, 0, 128
L 1690, 2670, 0, 1690, 2610, 0, 128, 0, 128
L 1740, 2640, 0, 1770, 2640, 0, 128, 0, 128
L 1740, 2670, 0, 1770, 2670, 0, 128, 0, 128
L 1740, 2610, 0, 1740, 2670, 0, 128, 0, 128
L 1770, 2610, 0, 1740, 2610, 0, 128, 0, 128
L 1790, 2610, 0, 1790, 2640, 0, 128, 0, 128
L 1790, 2640, 0, 1790, 2670, 0, 128, 0, 128
L 1790, 2640, 0, 1810, 2640, 0, 128, 0, 128
L 1830, 2640, 0, 1830, 2610, 0, 128, 0, 128
L 1790, 2610, 0, 1830, 2610, 0, 128, 0, 128
L 1810, 2640, 0, 1830, 2640, 0, 128, 0, 128
L 1830, 2670, 0, 1810, 2640, 0, 128, 0, 128
L 820, 2700, 0, 820, 2760, 0, 255, 255, 0
L 800, 2700, 0, 840, 2700, 0, 255, 255, 0
L 860, 2700, 0, 860, 2730, 0, 255, 255, 0
L 860, 2730, 0, 860, 2760, 0, 255, 255, 0
L 860, 2730, 0, 880, 2730, 0, 255, 255, 0
L 900, 2730, 0, 900, 2700, 0, 255, 255, 0
L 860, 2700, 0, 900, 2700, 0, 255, 255, 0
L 880, 2730, 0, 900, 2730, 0, 255, 255, 0
L 900, 2760, 0, 880, 2730, 0, 255, 255, 0
L 930, 2730, 0, 950, 2730, 0, 255, 255, 0
L 940, 2700, 0, 960, 2760, 0, 255, 255, 0
L 920, 2760, 0, 940, 2700, 0, 255, 255, 0
L 1010, 2730, 0, 980, 2730, 0, 255, 255, 0
L 1010, 2700, 0, 1010, 2730, 0, 255, 255, 0
L 980, 2700, 0, 1010, 2700, 0, 255, 255, 0
L 980, 2760, 0, 980, 2700, 0, 255, 255, 0
L 830, 2790, 0, 800, 2790, 0, 255, 0, 0
L 800, 2850, 0, 830, 2790, 0, 255, 0, 0
L 800, 2850, 0, 830, 2850, 0, 255, 0, 0
L 850, 2790, 0, 880, 2790, 0, 255, 0, 0
L 850, 2850, 0, 880, 2850, 0, 255, 0, 0
L 850, 2790, 0, 850, 2850, 0, 255, 0, 0
L 880, 2790, 0, 880, 2850, 0, 255, 0, 0
L 930, 2850, 0, 930, 2790, 0, 255, 0, 0
L 900, 2790, 0, 930, 2850, 0, 255, 0, 0
L 900, 2850, 0, 900, 2790, 0, 255, 0, 0
L 950, 2820, 0, 980, 2820, 0, 255, 0, 0
L 950, 2850, 0, 980, 2850, 0, 255, 0, 0
L 950, 2790, 0, 950, 2850, 0, 255, 0, 0
L 980, 2790, 0, 950, 2790, 0, 255, 0, 0
P -200, 1100, 0, 0, 0, 0, 2, Original_Map:_Brewall_Rainsinger_(Cazic-Thule)
P -200, 1300, 0, 0, 0, 0, 2, http://www.eqmaps.info
P -200, 1500, 0, 0, 0, 0, 2, Return_of_the_Exiled_(www.roteguild.org)
P -200, 1700, 0, 127, 64, 0, 2, Chitters
P -200, 1900, 0, 127, 64, 0, 2, Copperfang
P -200, 2100, 0, 127, 64, 0, 2, Defiler_Jaziriiz
P -200, 2300, 0, 127, 64, 0, 2, Elder_Kazzi
P -200, 2500, 0, 127, 64, 0, 2, Holloweyes
P -200, 2700, 0, 127, 64, 0, 2, The_Stonecarver
