L 1000.0, 0.0, 0.0, 1000.0, -50.0, 0.0, 255, 0, 0
L -20.0, 50.0, 0.0, -50.0, 20.0, 0.0, 255, 0, 0
L 50.0, 20.0, 0.0, 20.0, 50.0, 0.0, 255, 0, 0
L 20.0, -50.0, 0.0, 50.0, -20.0, 0.0, 255, 0, 0
L -50.0, -20.0, 0.0, -20.0, -50.0, 0.0, 255, 0, 0
L -50.0, 20.0, 0.0, -50.0, -20.0, 0.0, 255, 0, 0
L 20.0, 50.0, 0.0, -20.0, 50.0, 0.0, 255, 0, 0
L 50.0, -20.0, 0.0, 50.0, 20.0, 0.0, 255, 0, 0
L -20.0, -50.0, 0.0, 20.0, -50.0, 0.0, 255, 0, 0
L 580.0, -20.0, 0.0, 540.0, -20.0, 0.0, 255, 0, 0
L 580.0, -90.0, 0.0, 580.0, -20.0, 0.0, 255, 0, 0
L 540.0, -90.0, 0.0, 580.0, -90.0, 0.0, 255, 0, 0
L 540.0, -20.0, 0.0, 540.0, -90.0, 0.0, 255, 0, 0
L 520.0, -20.0, 0.0, 480.0, -20.0, 0.0, 255, 0, 0
L 520.0, -90.0, 0.0, 520.0, -20.0, 0.0, 255, 0, 0
L 480.0, -90.0, 0.0, 520.0, -90.0, 0.0, 255, 0, 0
L 480.0, -20.0, 0.0, 480.0, -90.0, 0.0, 255, 0, 0
L 460.0, -90.0, 0.0, 450.0, -80.0, 0.0, 255, 0, 0
L 460.0, -20.0, 0.0, 460.0, -90.0, 0.0, 255, 0, 0
L 0.0, -250.0, 0.0, 0.0, 250.0, 0.0, 255, 0, 0
L -250.0, 0.0, 0.0, 1000.0, 0.0, 0.0, 255, 0, 0
L -120.0, -80.0, 0.0, -120.0, -60.0, 0.0, 255, 0, 0
L -120.0, -60.0, 0.0, -120.0, -40.0, 0.0, 255, 0, 0
L -100.0, -60.0, 0.0, -120.0, -60.0, 0.0, 255, 0, 0
L -120.0, -60.0, 0.0, -140.0, -60.0, 0.0, 255, 0, 0
L -90.0, -50.0, 0.0, -100.0, -30.0, 0.0, 255, 0, 0
L -60.0, -80.0, 0.0, -60.0, -60.0, 0.0, 255, 0, 0
L -60.0, -60.0, 0.0, -60.0, -40.0, 0.0, 255, 0, 0
L -40.0, -60.0, 0.0, -60.0, -60.0, 0.0, 255, 0, 0
L -60.0, -60.0, 0.0, -80.0, -60.0, 0.0, 255, 0, 0
L 100.0, 60.0, 0.0, 120.0, 60.0, 0.0, 255, 0, 0
L 120.0, 60.0, 0.0, 140.0, 60.0, 0.0, 255, 0, 0
L 90.0, 70.0, 0.0, 80.0, 90.0, 0.0, 255, 0, 0
L 40.0, 60.0, 0.0, 60.0, 60.0, 0.0, 255, 0, 0
L 60.0, 60.0, 0.0, 80.0, 60.0, 0.0, 255, 0, 0
L -100.0, 60.0, 0.0, -120.0, 60.0, 0.0, 255, 0, 0
L -120.0, 60.0, 0.0, -140.0, 60.0, 0.0, 255, 0, 0
L -90.0, 70.0, 0.0, -100.0, 90.0, 0.0, 255, 0, 0
L -60.0, 80.0, 0.0, -60.0, 60.0, 0.0, 255, 0, 0
L -60.0, 60.0, 0.0, -60.0, 40.0, 0.0, 255, 0, 0
L -40.0, 60.0, 0.0, -60.0, 60.0, 0.0, 255, 0, 0
L -60.0, 60.0, 0.0, -80.0, 60.0, 0.0, 255, 0, 0
L 100.0, -60.0, 0.0, 120.0, -60.0, 0.0, 255, 0, 0
L 120.0, -60.0, 0.0, 140.0, -60.0, 0.0, 255, 0, 0
L 90.0, -50.0, 0.0, 80.0, -30.0, 0.0, 255, 0, 0
L 60.0, -80.0, 0.0, 60.0, -60.0, 0.0, 255, 0, 0
L 60.0, -60.0, 0.0, 60.0, -40.0, 0.0, 255, 0, 0
L 40.0, -60.0, 0.0, 60.0, -60.0, 0.0, 255, 0, 0
L 60.0, -60.0, 0.0, 80.0, -60.0, 0.0, 255, 0, 0
L 599.0, -90.0, 0.0, 637.3, -90.0, 0.0, 255, 0, 0
L 599.0, -20.0, 0.0, 637.3, -20.0, 0.0, 255, 0, 0
L 599.0, -90.0, 0.0, 599.0, -20.0, 0.0, 255, 0, 0
L 637.3, -90.0, 0.0, 637.3, -20.0, 0.0, 255, 0, 0
L 700, 1700, 0, 700, 1760, 255, 255, 255, 0
L 740, 1760, 0, 700, 1760, 255, 255, 255, 0
L 760, 1730, 0, 790, 1730, 255, 255, 255, 0
L 760, 1760, 0, 790, 1760, 255, 255, 255, 0
L 760, 1700, 0, 760, 1760, 255, 255, 255, 0
L 790, 1700, 0, 760, 1700, 255, 255, 255, 0
L 840, 1760, 0, 810, 1760, 255, 255, 255, 0
L 810, 1700, 0, 840, 1700, 255, 255, 255, 0
L 810, 1760, 0, 810, 1700, 255, 255, 255, 0
L 840, 1760, 0, 840, 1730, 255, 255, 255, 0
L 840, 1730, 0, 820, 1730, 255, 255, 255, 0
L 860, 1730, 0, 890, 1730, 255, 255, 255, 0
L 860, 1760, 0, 890, 1760, 255, 255, 255, 0
L 860, 1700, 0, 860, 1760, 255, 255, 255, 0
L 890, 1700, 0, 860, 1700, 255, 255, 255, 0
L 940, 1760, 0, 940, 1700, 255, 255, 255, 0
L 910, 1700, 0, 940, 1760, 255, 255, 255, 0
L 910, 1760, 0, 910, 1700, 255, 255, 255, 0
L 970, 1760, 0, 970, 1700, 255, 255, 255, 0
L 980, 1760, 0, 960, 1760, 255, 255, 255, 0
L 990, 1730, 0, 980, 1760, 255, 255, 255, 0
L 980, 1700, 0, 990, 1730, 255, 255, 255, 0
L 960, 1700, 0, 980, 1700, 255, 255, 255, 0
L 780, 1910, 0, 820, 1870, 0, 255, 255, 0
L 700, 1870, 0, 740, 1830, 0, 255, 255, 0
L 700, 1910, 0, 780, 1830, 0, 255, 255, 0
L 740, 1910, 0, 820, 1830, 0, 255, 255, 0
L 700, 1910, 0, 700, 1830, 255, 255, 255, 0
L 820, 1910, 0, 700, 1910, 255, 255, 255, 0
L 820, 1830, 0, 820, 1910, 255, 255, 255, 0
L 700, 1830, 0, 820, 1830, 255, 255, 255, 0
L 860, 1870, 0, 890, 1870, 255, 255, 255, 0
L 860, 1840, 0, 860, 1900, 255, 255, 255, 0
L 890, 1840, 0, 860, 1840, 255, 255, 255, 0
L 920, 1870, 0, 940, 1870, 255, 255, 255, 0
L 930, 1840, 0, 950, 1900, 255, 255, 255, 0
L 910, 1900, 0, 930, 1840, 255, 255, 255, 0
L 970, 1840, 0, 970, 1870, 255, 255, 255, 0
L 970, 1870, 0, 970, 1900, 255, 255, 255, 0
L 970, 1870, 0, 1010, 1900, 255, 255, 255, 0
L 970, 1870, 0, 1010, 1840, 255, 255, 255, 0
L 1030, 1870, 0, 1060, 1870, 255, 255, 255, 0
L 1030, 1900, 0, 1060, 1900, 255, 255, 255, 0
L 1030, 1840, 0, 1030, 1900, 255, 255, 255, 0
L 1060, 1840, 0, 1030, 1840, 255, 255, 255, 0
L 1140, 1870, 0, 1170, 1870, 255, 255, 255, 0
L 1140, 1840, 0, 1140, 1900, 255, 255, 255, 0
L 1170, 1840, 0, 1140, 1840, 255, 255, 255, 0
L 1190, 1840, 0, 1190, 1900, 255, 255, 255, 0
L 1230, 1900, 0, 1190, 1900, 255, 255, 255, 0
L 1250, 1840, 0, 1280, 1840, 255, 255, 255, 0
L 1250, 1900, 0, 1280, 1900, 255, 255, 255, 0
L 1250, 1840, 0, 1250, 1900, 255, 255, 255, 0
L 1280, 1840, 0, 1280, 1900, 255, 255, 255, 0
L 1300, 1840, 0, 1330, 1840, 255, 255, 255, 0
L 1300, 1900, 0, 1330, 1900, 255, 255, 255, 0
L 1300, 1840, 0, 1300, 1900, 255, 255, 255, 0
L 1330, 1840, 0, 1330, 1900, 255, 255, 255, 0
L 1350, 1840, 0, 1350, 1870, 255, 255, 255, 0
L 1350, 1870, 0, 1350, 1900, 255, 255, 255, 0
L 1350, 1870, 0, 1370, 1870, 255, 255, 255, 0
L 1390, 1870, 0, 1390, 1840, 255, 255, 255, 0
L 1350, 1840, 0, 1390, 1840, 255, 255, 255, 0
L 1370, 1870, 0, 1390, 1870, 255, 255, 255, 0
L 1390, 1900, 0, 1370, 1870, 255, 255, 255, 0
L 700, 1950, 0, 760, 1950, 255, 255, 255, 0
L 700, 2030, 0, 760, 2030, 255, 255, 255, 0
L 760, 1950, 0, 790, 1950, 255, 255, 255, 0
L 760, 2030, 0, 790, 2030, 255, 255, 255, 0
L 760, 1950, 0, 760, 2030, 0, 255, 255, 0
L 790, 1950, 0, 820, 1950, 255, 255, 255, 0
L 790, 2030, 0, 820, 2030, 255, 255, 255, 0
L 790, 1950, 0, 790, 2030, 0, 255, 255, 0
L 860, 1990, 0, 890, 1990, 255, 255, 255, 0
L 860, 1960, 0, 860, 2020, 255, 255, 255, 0
L 890, 1960, 0, 860, 1960, 255, 255, 255, 0
L 920, 1990, 0, 940, 1990, 255, 255, 255, 0
L 930, 1960, 0, 950, 2020, 255, 255, 255, 0
L 910, 2020, 0, 930, 1960, 255, 255, 255, 0
L 970, 1960, 0, 970, 1990, 255, 255, 255, 0
L 970, 1990, 0, 970, 2020, 255, 255, 255, 0
L 970, 1990, 0, 1010, 2020, 255, 255, 255, 0
L 970, 1990, 0, 1010, 1960, 255, 255, 255, 0
L 1030, 1990, 0, 1060, 1990, 255, 255, 255, 0
L 1030, 2020, 0, 1060, 2020, 255, 255, 255, 0
L 1030, 1960, 0, 1030, 2020, 255, 255, 255, 0
L 1060, 1960, 0, 1030, 1960, 255, 255, 255, 0
L 1170, 2020, 0, 1180, 1960, 255, 255, 255, 0
L 1160, 1990, 0, 1170, 2020, 255, 255, 255, 0
L 1150, 2020, 0, 1160, 1990, 255, 255, 255, 0
L 1140, 1960, 0, 1150, 2020, 255, 255, 255, 0
L 1210, 1990, 0, 1230, 1990, 255, 255, 255, 0
L 1220, 1960, 0, 1240, 2020, 255, 255, 255, 0
L 1200, 2020, 0, 1220, 1960, 255, 255, 255, 0
L 1260, 1960, 0, 1260, 2020, 255, 255, 255, 0
L 1300, 2020, 0, 1260, 2020, 255, 255, 255, 0
L 1320, 1960, 0, 1320, 2020, 255, 255, 255, 0
L 1360, 2020, 0, 1320, 2020, 255, 255, 255, 0
L 700, 2150, 0, 760, 2150, 255, 255, 255, 0
L 700, 2070, 0, 760, 2070, 255, 255, 255, 0
L 730, 2123, 0, 730, 2097, 0, 205, 133, 63
L 760, 2150, 0, 820, 2150, 255, 255, 255, 0
L 760, 2150, 0, 760, 2123, 0, 205, 133, 63
L 730, 2123, 0, 790, 2123, 0, 205, 133, 63
L 730, 2097, 0, 760, 2097, 0, 205, 133, 63
L 760, 2097, 0, 790, 2097, 0, 205, 133, 63
L 760, 2070, 0, 820, 2070, 255, 255, 255, 0
L 760, 2097, 0, 760, 2070, 0, 205, 133, 63
L 790, 2123, 0, 790, 2097, 0, 205, 133, 63
L 870, 2140, 0, 870, 2080, 255, 255, 255, 0
L 880, 2140, 0, 860, 2140, 255, 255, 255, 0
L 890, 2110, 0, 880, 2140, 255, 255, 255, 0
L 880, 2080, 0, 890, 2110, 255, 255, 255, 0
L 860, 2080, 0, 880, 2080, 255, 255, 255, 0
L 910, 2080, 0, 940, 2080, 255, 255, 255, 0
L 910, 2140, 0, 940, 2140, 255, 255, 255, 0
L 910, 2080, 0, 910, 2140, 255, 255, 255, 0
L 940, 2080, 0, 940, 2140, 255, 255, 255, 0
L 960, 2080, 0, 990, 2080, 255, 255, 255, 0
L 960, 2140, 0, 990, 2140, 255, 255, 255, 0
L 960, 2080, 0, 960, 2140, 255, 255, 255, 0
L 990, 2080, 0, 990, 2140, 255, 255, 255, 0
L 1010, 2080, 0, 1010, 2110, 255, 255, 255, 0
L 1010, 2110, 0, 1010, 2140, 255, 255, 255, 0
L 1010, 2110, 0, 1030, 2110, 255, 255, 255, 0
L 1050, 2110, 0, 1050, 2080, 255, 255, 255, 0
L 1010, 2080, 0, 1050, 2080, 255, 255, 255, 0
L 1030, 2110, 0, 1050, 2110, 255, 255, 255, 0
L 1050, 2140, 0, 1030, 2110, 255, 255, 255, 0
L 700, 2270, 0, 760, 2270, 255, 255, 255, 0
L 700, 2190, 0, 760, 2190, 255, 255, 255, 0
L 730, 2243, 0, 730, 2217, 0, 255, 255, 0
L 760, 2270, 0, 820, 2270, 255, 255, 255, 0
L 760, 2270, 0, 760, 2243, 0, 255, 255, 0
L 730, 2243, 0, 790, 2243, 0, 255, 255, 0
L 730, 2217, 0, 760, 2217, 0, 255, 255, 0
L 760, 2217, 0, 790, 2217, 0, 255, 255, 0
L 760, 2190, 0, 820, 2190, 255, 255, 255, 0
L 760, 2217, 0, 760, 2190, 0, 255, 255, 0
L 790, 2243, 0, 790, 2217, 0, 255, 255, 0
L 860, 2200, 0, 860, 2260, 255, 255, 255, 0
L 900, 2260, 0, 860, 2260, 255, 255, 255, 0
L 920, 2200, 0, 950, 2200, 255, 255, 255, 0
L 920, 2260, 0, 950, 2260, 255, 255, 255, 0
L 920, 2200, 0, 920, 2260, 255, 255, 255, 0
L 950, 2200, 0, 950, 2260, 255, 255, 255, 0
L 1000, 2260, 0, 970, 2260, 255, 255, 255, 0
L 970, 2200, 0, 1000, 2200, 255, 255, 255, 0
L 970, 2260, 0, 970, 2200, 255, 255, 255, 0
L 1020, 2200, 0, 1020, 2230, 255, 255, 255, 0
L 1020, 2230, 0, 1020, 2260, 255, 255, 255, 0
L 1020, 2230, 0, 1060, 2260, 255, 255, 255, 0
L 1020, 2230, 0, 1060, 2200, 255, 255, 255, 0
L 1080, 2230, 0, 1110, 2230, 255, 255, 255, 0
L 1080, 2260, 0, 1110, 2260, 255, 255, 255, 0
L 1080, 2200, 0, 1080, 2260, 255, 255, 255, 0
L 1110, 2200, 0, 1080, 2200, 255, 255, 255, 0
L 1140, 2260, 0, 1140, 2200, 255, 255, 255, 0
L 1150, 2260, 0, 1130, 2260, 255, 255, 255, 0
L 1160, 2230, 0, 1150, 2260, 255, 255, 255, 0
L 1150, 2200, 0, 1160, 2230, 255, 255, 255, 0
L 1130, 2200, 0, 1150, 2200, 255, 255, 255, 0
L 1250, 2260, 0, 1250, 2200, 255, 255, 255, 0
L 1260, 2260, 0, 1240, 2260, 255, 255, 255, 0
L 1270, 2230, 0, 1260, 2260, 255, 255, 255, 0
L 1260, 2200, 0, 1270, 2230, 255, 255, 255, 0
L 1240, 2200, 0, 1260, 2200, 255, 255, 255, 0
L 1290, 2200, 0, 1320, 2200, 255, 255, 255, 0
L 1290, 2260, 0, 1320, 2260, 255, 255, 255, 0
L 1290, 2200, 0, 1290, 2260, 255, 255, 255, 0
L 1320, 2200, 0, 1320, 2260, 255, 255, 255, 0
L 1340, 2200, 0, 1370, 2200, 255, 255, 255, 0
L 1340, 2260, 0, 1370, 2260, 255, 255, 255, 0
L 1340, 2200, 0, 1340, 2260, 255, 255, 255, 0
L 1370, 2200, 0, 1370, 2260, 255, 255, 255, 0
L 1390, 2200, 0, 1390, 2230, 255, 255, 255, 0
L 1390, 2230, 0, 1390, 2260, 255, 255, 255, 0
L 1390, 2230, 0, 1410, 2230, 255, 255, 255, 0
L 1430, 2230, 0, 1430, 2200, 255, 255, 255, 0
L 1390, 2200, 0, 1430, 2200, 255, 255, 255, 0
L 1410, 2230, 0, 1430, 2230, 255, 255, 255, 0
L 1430, 2260, 0, 1410, 2230, 255, 255, 255, 0
L 700, 2310, 0, 700, 2340, 0, 255, 210, 0
L 700, 2310, 0, 720, 2310, 0, 255, 210, 0
L 720, 2370, 0, 700, 2370, 0, 255, 210, 0
L 700, 2340, 0, 700, 2370, 0, 255, 210, 0
L 720, 2340, 0, 700, 2340, 0, 255, 210, 0
L 720, 2340, 0, 740, 2325, 0, 255, 210, 0
L 720, 2310, 0, 740, 2325, 0, 255, 210, 0
L 720, 2340, 0, 740, 2355, 0, 255, 210, 0
L 740, 2355, 0, 720, 2370, 0, 255, 210, 0
L 770, 2340, 0, 790, 2340, 0, 255, 210, 0
L 780, 2310, 0, 800, 2370, 0, 255, 210, 0
L 760, 2370, 0, 780, 2310, 0, 255, 210, 0
L 850, 2370, 0, 850, 2310, 0, 255, 210, 0
L 820, 2310, 0, 850, 2370, 0, 255, 210, 0
L 820, 2370, 0, 820, 2310, 0, 255, 210, 0
L 870, 2310, 0, 870, 2340, 0, 255, 210, 0
L 870, 2340, 0, 870, 2370, 0, 255, 210, 0
L 870, 2340, 0, 910, 2370, 0, 255, 210, 0
L 870, 2340, 0, 910, 2310, 0, 255, 210, 0
L 930, 2340, 0, 960, 2340, 0, 255, 210, 0
L 930, 2370, 0, 960, 2370, 0, 255, 210, 0
L 930, 2310, 0, 930, 2370, 0, 255, 210, 0
L 960, 2310, 0, 930, 2310, 0, 255, 210, 0
L 980, 2310, 0, 980, 2340, 0, 255, 210, 0
L 980, 2340, 0, 980, 2370, 0, 255, 210, 0
L 980, 2340, 0, 1000, 2340, 0, 255, 210, 0
L 1020, 2340, 0, 1020, 2310, 0, 255, 210, 0
L 980, 2310, 0, 1020, 2310, 0, 255, 210, 0
L 1000, 2340, 0, 1020, 2340, 0, 255, 210, 0
L 1020, 2370, 0, 1000, 2340, 0, 255, 210, 0
L 730, 2460, 0, 700, 2460, 0, 255, 255, 255
L 700, 2400, 0, 730, 2400, 0, 255, 255, 255
L 700, 2460, 0, 700, 2400, 0, 255, 255, 255
L 750, 2400, 0, 780, 2400, 0, 255, 255, 255
L 750, 2460, 0, 780, 2460, 0, 255, 255, 255
L 750, 2400, 0, 750, 2460, 0, 255, 255, 255
L 780, 2400, 0, 780, 2460, 0, 255, 255, 255
L 840, 2400, 0, 840, 2460, 0, 255, 255, 255
L 820, 2430, 0, 840, 2400, 0, 255, 255, 255
L 800, 2400, 0, 820, 2430, 0, 255, 255, 255
L 800, 2460, 0, 800, 2400, 0, 255, 255, 255
L 900, 2400, 0, 900, 2460, 0, 255, 255, 255
L 880, 2430, 0, 900, 2400, 0, 255, 255, 255
L 860, 2400, 0, 880, 2430, 0, 255, 255, 255
L 860, 2460, 0, 860, 2400, 0, 255, 255, 255
L 920, 2430, 0, 950, 2430, 0, 255, 255, 255
L 920, 2460, 0, 950, 2460, 0, 255, 255, 255
L 920, 2400, 0, 920, 2460, 0, 255, 255, 255
L 950, 2400, 0, 920, 2400, 0, 255, 255, 255
L 1000, 2460, 0, 1000, 2400, 0, 255, 255, 255
L 970, 2400, 0, 1000, 2460, 0, 255, 255, 255
L 970, 2460, 0, 970, 2400, 0, 255, 255, 255
L 1040, 2400, 0, 1040, 2460, 0, 255, 255, 255
L 1020, 2400, 0, 1060, 2400, 0, 255, 255, 255
L 730, 2550, 0, 700, 2550, 255, 255, 255, 0
L 700, 2490, 0, 730, 2490, 255, 255, 255, 0
L 700, 2550, 0, 700, 2490, 255, 255, 255, 0
L 730, 2550, 0, 730, 2520, 255, 255, 255, 0
L 730, 2520, 0, 710, 2520, 255, 255, 255, 0
L 750, 2520, 0, 780, 2520, 255, 255, 255, 0
L 750, 2550, 0, 780, 2550, 255, 255, 255, 0
L 750, 2490, 0, 750, 2550, 255, 255, 255, 0
L 780, 2490, 0, 750, 2490, 255, 255, 255, 0
L 830, 2550, 0, 830, 2490, 255, 255, 255, 0
L 800, 2490, 0, 830, 2550, 255, 255, 255, 0
L 800, 2550, 0, 800, 2490, 255, 255, 255, 0
L 850, 2520, 0, 880, 2520, 255, 255, 255, 0
L 850, 2550, 0, 880, 2550, 255, 255, 255, 0
L 850, 2490, 0, 850, 2550, 255, 255, 255, 0
L 880, 2490, 0, 850, 2490, 255, 255, 255, 0
L 900, 2490, 0, 900, 2520, 255, 255, 255, 0
L 900, 2520, 0, 900, 2550, 255, 255, 255, 0
L 900, 2520, 0, 920, 2520, 255, 255, 255, 0
L 940, 2520, 0, 940, 2490, 255, 255, 255, 0
L 900, 2490, 0, 940, 2490, 255, 255, 255, 0
L 920, 2520, 0, 940, 2520, 255, 255, 255, 0
L 940, 2550, 0, 920, 2520, 255, 255, 255, 0
L 970, 2520, 0, 990, 2520, 255, 255, 255, 0
L 980, 2490, 0, 1000, 2550, 255, 255, 255, 0
L 960, 2550, 0, 980, 2490, 255, 255, 255, 0
L 1020, 2490, 0, 1020, 2550, 255, 255, 255, 0
L 1060, 2550, 0, 1020, 2550, 255, 255, 255, 0
L 730, 2640, 0, 700, 2640, 255, 255, 255, 255
L 700, 2580, 0, 730, 2580, 255, 255, 255, 255
L 700, 2640, 0, 700, 2580, 255, 255, 255, 255
L 730, 2640, 0, 730, 2610, 255, 255, 255, 255
L 730, 2610, 0, 710, 2610, 255, 255, 255, 255
L 750, 2580, 0, 750, 2610, 255, 255, 255, 255
L 750, 2610, 0, 750, 2640, 255, 255, 255, 255
L 750, 2610, 0, 770, 2610, 255, 255, 255, 255
L 790, 2610, 0, 790, 2580, 255, 255, 255, 255
L 750, 2580, 0, 790, 2580, 255, 255, 255, 255
L 770, 2610, 0, 790, 2610, 255, 255, 255, 255
L 790, 2640, 0, 770, 2610, 255, 255, 255, 255
L 810, 2580, 0, 840, 2580, 255, 255, 255, 255
L 810, 2640, 0, 840, 2640, 255, 255, 255, 255
L 810, 2580, 0, 810, 2640, 255, 255, 255, 255
L 840, 2580, 0, 840, 2640, 255, 255, 255, 255
L 900, 2580, 0, 900, 2640, 255, 255, 255, 255
L 860, 2580, 0, 860, 2640, 255, 255, 255, 255
L 860, 2640, 0, 900, 2640, 255, 255, 255, 255
L 950, 2640, 0, 950, 2580, 255, 255, 255, 255
L 920, 2580, 0, 950, 2640, 255, 255, 255, 255
L 920, 2640, 0, 920, 2580, 255, 255, 255, 255
L 980, 2640, 0, 980, 2580, 255, 255, 255, 255
L 990, 2640, 0, 970, 2640, 255, 255, 255, 255
L 1000, 2610, 0, 990, 2640, 255, 255, 255, 255
L 990, 2580, 0, 1000, 2610, 255, 255, 255, 255
L 970, 2580, 0, 990, 2580, 255, 255, 255, 255
L 1080, 2580, 0, 1080, 2610, 255, 255, 255, 255
L 1080, 2640, 0, 1120, 2640, 255, 255, 255, 255
L 1120, 2610, 0, 1080, 2610, 255, 255, 255, 255
L 1080, 2580, 0, 1120, 2580, 255, 255, 255, 255
L 1120, 2610, 0, 1120, 2640, 255, 255, 255, 255
L 1170, 2610, 0, 1140, 2610, 255, 255, 255, 255
L 1170, 2580, 0, 1170, 2610, 255, 255, 255, 255
L 1140, 2580, 0, 1170, 2580, 255, 255, 255, 255
L 1140, 2640, 0, 1140, 2580, 255, 255, 255, 255
L 1200, 2610, 0, 1220, 2610, 255, 255, 255, 255
L 1210, 2580, 0, 1230, 2640, 255, 255, 255, 255
L 1190, 2640, 0, 1210, 2580, 255, 255, 255, 255
L 1280, 2640, 0, 1290, 2580, 255, 255, 255, 255
L 1270, 2610, 0, 1280, 2640, 255, 255, 255, 255
L 1260, 2640, 0, 1270, 2610, 255, 255, 255, 255
L 1250, 2580, 0, 1260, 2640, 255, 255, 255, 255
L 1340, 2640, 0, 1340, 2580, 255, 255, 255, 255
L 1310, 2580, 0, 1340, 2640, 255, 255, 255, 255
L 1310, 2640, 0, 1310, 2580, 255, 255, 255, 255
L 730, 2730, 0, 700, 2730, 0, 128, 128, 128
L 700, 2670, 0, 730, 2670, 0, 128, 128, 128
L 700, 2730, 0, 700, 2670, 0, 128, 128, 128
L 730, 2730, 0, 730, 2700, 0, 128, 128, 128
L 730, 2700, 0, 710, 2700, 0, 128, 128, 128
L 790, 2670, 0, 790, 2730, 0, 128, 128, 128
L 750, 2670, 0, 750, 2730, 0, 128, 128, 128
L 750, 2730, 0, 790, 2730, 0, 128, 128, 128
L 810, 2670, 0, 810, 2730, 0, 128, 128, 128
L 830, 2670, 0, 830, 2730, 0, 128, 128, 128
L 870, 2730, 0, 830, 2730, 0, 128, 128, 128
L 900, 2730, 0, 900, 2670, 0, 128, 128, 128
L 910, 2730, 0, 890, 2730, 0, 128, 128, 128
L 920, 2700, 0, 910, 2730, 0, 128, 128, 128
L 910, 2670, 0, 920, 2700, 0, 128, 128, 128
L 890, 2670, 0, 910, 2670, 0, 128, 128, 128
L 1040, 2670, 0, 1040, 2730, 0, 128, 128, 128
L 1020, 2700, 0, 1040, 2670, 0, 128, 128, 128
L 1000, 2670, 0, 1020, 2700, 0, 128, 128, 128
L 1000, 2730, 0, 1000, 2670, 0, 128, 128, 128
L 1070, 2700, 0, 1090, 2700, 0, 128, 128, 128
L 1080, 2670, 0, 1100, 2730, 0, 128, 128, 128
L 1060, 2730, 0, 1080, 2670, 0, 128, 128, 128
L 1120, 2670, 0, 1120, 2700, 0, 128, 128, 128
L 1120, 2730, 0, 1160, 2730, 0, 128, 128, 128
L 1160, 2700, 0, 1120, 2700, 0, 128, 128, 128
L 1120, 2670, 0, 1160, 2670, 0, 128, 128, 128
L 1160, 2700, 0, 1160, 2730, 0, 128, 128, 128
L 1200, 2670, 0, 1200, 2730, 0, 128, 128, 128
L 1180, 2670, 0, 1220, 2670, 0, 128, 128, 128
L 1240, 2700, 0, 1270, 2700, 0, 128, 128, 128
L 1240, 2730, 0, 1270, 2730, 0, 128, 128, 128
L 1240, 2670, 0, 1240, 2730, 0, 128, 128, 128
L 1270, 2670, 0, 1240, 2670, 0, 128, 128, 128
L 1290, 2670, 0, 1290, 2700, 0, 128, 128, 128
L 1290, 2700, 0, 1290, 2730, 0, 128, 128, 128
L 1290, 2700, 0, 1310, 2700, 0, 128, 128, 128
L 1330, 2700, 0, 1330, 2670, 0, 128, 128, 128
L 1290, 2670, 0, 1330, 2670, 0, 128, 128, 128
L 1310, 2700, 0, 1330, 2700, 0, 128, 128, 128
L 1330, 2730, 0, 1310, 2700, 0, 128, 128, 128
L 700, 2760, 0, 700, 2790, 0, 177, 115, 0
L 740, 2820, 0, 740, 2790, 0, 177, 115, 0
L 700, 2790, 0, 700, 2820, 0, 177, 115, 0
L 740, 2790, 0, 740, 2760, 0, 177, 115, 0
L 700, 2790, 0, 740, 2790, 0, 177, 115, 0
L 800, 2760, 0, 800, 2820, 0, 177, 115, 0
L 760, 2760, 0, 760, 2820, 0, 177, 115, 0
L 760, 2820, 0, 800, 2820, 0, 177, 115, 0
L 850, 2820, 0, 850, 2760, 0, 177, 115, 0
L 820, 2760, 0, 850, 2820, 0, 177, 115, 0
L 820, 2820, 0, 820, 2760, 0, 177, 115, 0
L 890, 2760, 0, 890, 2820, 0, 177, 115, 0
L 870, 2760, 0, 910, 2760, 0, 177, 115, 0
L 930, 2790, 0, 960, 2790, 0, 177, 115, 0
L 930, 2820, 0, 960, 2820, 0, 177, 115, 0
L 930, 2760, 0, 930, 2820, 0, 177, 115, 0
L 960, 2760, 0, 930, 2760, 0, 177, 115, 0
L 980, 2760, 0, 980, 2790, 0, 177, 115, 0
L 980, 2790, 0, 980, 2820, 0, 177, 115, 0
L 980, 2790, 0, 1000, 2790, 0, 177, 115, 0
L 1020, 2790, 0, 1020, 2760, 0, 177, 115, 0
L 980, 2760, 0, 1020, 2760, 0, 177, 115, 0
L 1000, 2790, 0, 1020, 2790, 0, 177, 115, 0
L 1020, 2820, 0, 1000, 2790, 0, 177, 115, 0
L 740, 2850, 0, 740, 2910, 0, 64, 191, 0
L 720, 2880, 0, 740, 2850, 0, 64, 191, 0
L 700, 2850, 0, 720, 2880, 0, 64, 191, 0
L 700, 2910, 0, 700, 2850, 0, 64, 191, 0
L 760, 2880, 0, 790, 2880, 0, 64, 191, 0
L 760, 2910, 0, 790, 2910, 0, 64, 191, 0
L 760, 2850, 0, 760, 2910, 0, 64, 191, 0
L 790, 2850, 0, 760, 2850, 0, 64, 191, 0
L 810, 2850, 0, 810, 2880, 0, 64, 191, 0
L 810, 2880, 0, 810, 2910, 0, 64, 191, 0
L 810, 2880, 0, 830, 2880, 0, 64, 191, 0
L 850, 2880, 0, 850, 2850, 0, 64, 191, 0
L 810, 2850, 0, 850, 2850, 0, 64, 191, 0
L 830, 2880, 0, 850, 2880, 0, 64, 191, 0
L 850, 2910, 0, 830, 2880, 0, 64, 191, 0
L 900, 2910, 0, 870, 2910, 0, 64, 191, 0
L 870, 2850, 0, 900, 2850, 0, 64, 191, 0
L 870, 2910, 0, 870, 2850, 0, 64, 191, 0
L 920, 2850, 0, 920, 2880, 0, 64, 191, 0
L 960, 2910, 0, 960, 2880, 0, 64, 191, 0
L 920, 2880, 0, 920, 2910, 0, 64, 191, 0
L 960, 2880, 0, 960, 2850, 0, 64, 191, 0
L 920, 2880, 0, 960, 2880, 0, 64, 191, 0
L 990, 2880, 0, 1010, 2880, 0, 64, 191, 0
L 1000, 2850, 0, 1020, 2910, 0, 64, 191, 0
L 980, 2910, 0, 1000, 2850, 0, 64, 191, 0
L 1070, 2910, 0, 1070, 2850, 0, 64, 191, 0
L 1040, 2850, 0, 1070, 2910, 0, 64, 191, 0
L 1040, 2910, 0, 1040, 2850, 0, 64, 191, 0
L 1110, 2850, 0, 1110, 2910, 0, 64, 191, 0
L 1090, 2850, 0, 1130, 2850, 0, 64, 191, 0
L 740, 2940, 0, 740, 3000, 0, 64, 191, 127
L 720, 2970, 0, 740, 2940, 0, 64, 191, 127
L 700, 2940, 0, 720, 2970, 0, 64, 191, 127
L 700, 3000, 0, 700, 2940, 0, 64, 191, 127
L 760, 2940, 0, 760, 3000, 0, 64, 191, 127
L 780, 2940, 0, 780, 2970, 0, 64, 191, 127
L 780, 3000, 0, 820, 3000, 0, 64, 191, 127
L 820, 2970, 0, 780, 2970, 0, 64, 191, 127
L 780, 2940, 0, 820, 2940, 0, 64, 191, 127
L 820, 2970, 0, 820, 3000, 0, 64, 191, 127
L 840, 2940, 0, 840, 2970, 0, 64, 191, 127
L 840, 3000, 0, 880, 3000, 0, 64, 191, 127
L 880, 2970, 0, 840, 2970, 0, 64, 191, 127
L 840, 2940, 0, 880, 2940, 0, 64, 191, 127
L 880, 2970, 0, 880, 3000, 0, 64, 191, 127
L 900, 2940, 0, 900, 3000, 0, 64, 191, 127
L 920, 2940, 0, 950, 2940, 0, 64, 191, 127
L 920, 3000, 0, 950, 3000, 0, 64, 191, 127
L 920, 2940, 0, 920, 3000, 0, 64, 191, 127
L 950, 2940, 0, 950, 3000, 0, 64, 191, 127
L 1000, 3000, 0, 1000, 2940, 0, 64, 191, 127
L 970, 2940, 0, 1000, 3000, 0, 64, 191, 127
L 970, 3000, 0, 970, 2940, 0, 64, 191, 127
L 730, 3090, 0, 730, 3030, 0, 177, 115, 0
L 700, 3030, 0, 730, 3090, 0, 177, 115, 0
L 700, 3090, 0, 700, 3030, 0, 177, 115, 0
L 760, 3060, 0, 780, 3060, 0, 177, 115, 0
L 770, 3030, 0, 790, 3090, 0, 177, 115, 0
L 750, 3090, 0, 770, 3030, 0, 177, 115, 0
L 850, 3030, 0, 850, 3090, 0, 177, 115, 0
L 830, 3060, 0, 850, 3030, 0, 177, 115, 0
L 810, 3030, 0, 830, 3060, 0, 177, 115, 0
L 810, 3090, 0, 810, 3030, 0, 177, 115, 0
L 870, 3060, 0, 900, 3060, 0, 177, 115, 0
L 870, 3090, 0, 900, 3090, 0, 177, 115, 0
L 870, 3030, 0, 870, 3090, 0, 177, 115, 0
L 900, 3030, 0, 870, 3030, 0, 177, 115, 0
L 930, 3090, 0, 930, 3030, 0, 177, 115, 0
L 940, 3090, 0, 920, 3090, 0, 177, 115, 0
L 950, 3060, 0, 940, 3090, 0, 177, 115, 0
L 940, 3030, 0, 950, 3060, 0, 177, 115, 0
L 920, 3030, 0, 940, 3030, 0, 177, 115, 0
L 730, 3150, 0, 700, 3150, 0, 50, 255, 0
L 730, 3120, 0, 730, 3150, 0, 50, 255, 0
L 700, 3120, 0, 730, 3120, 0, 50, 255, 0
L 700, 3180, 0, 700, 3120, 0, 50, 255, 0
L 760, 3150, 0, 780, 3150, 0, 50, 255, 0
L 770, 3120, 0, 790, 3180, 0, 50, 255, 0
L 750, 3180, 0, 770, 3120, 0, 50, 255, 0
L 810, 3120, 0, 810, 3150, 0, 50, 255, 0
L 810, 3150, 0, 810, 3180, 0, 50, 255, 0
L 810, 3150, 0, 830, 3150, 0, 50, 255, 0
L 850, 3150, 0, 850, 3120, 0, 50, 255, 0
L 810, 3120, 0, 850, 3120, 0, 50, 255, 0
L 830, 3150, 0, 850, 3150, 0, 50, 255, 0
L 850, 3180, 0, 830, 3150, 0, 50, 255, 0
L 900, 3180, 0, 870, 3180, 0, 50, 255, 0
L 870, 3120, 0, 900, 3120, 0, 50, 255, 0
L 870, 3180, 0, 870, 3120, 0, 50, 255, 0
L 920, 3150, 0, 950, 3150, 0, 50, 255, 0
L 920, 3180, 0, 950, 3180, 0, 50, 255, 0
L 920, 3120, 0, 920, 3180, 0, 50, 255, 0
L 950, 3120, 0, 920, 3120, 0, 50, 255, 0
L 970, 3120, 0, 970, 3180, 0, 50, 255, 0
L 1010, 3180, 0, 970, 3180, 0, 50, 255, 0
L 1030, 3120, 0, 1030, 3150, 0, 50, 255, 0
L 1030, 3180, 0, 1070, 3180, 0, 50, 255, 0
L 1070, 3150, 0, 1030, 3150, 0, 50, 255, 0
L 1030, 3120, 0, 1070, 3120, 0, 50, 255, 0
L 1070, 3150, 0, 1070, 3180, 0, 50, 255, 0
L 700, 3210, 0, 700, 3240, 0, 50, 255, 240
L 700, 3240, 0, 700, 3270, 0, 50, 255, 240
L 700, 3240, 0, 720, 3240, 0, 50, 255, 240
L 740, 3240, 0, 740, 3210, 0, 50, 255, 240
L 700, 3210, 0, 740, 3210, 0, 50, 255, 240
L 720, 3240, 0, 740, 3240, 0, 50, 255, 240
L 740, 3270, 0, 720, 3240, 0, 50, 255, 240
L 770, 3240, 0, 790, 3240, 0, 50, 255, 240
L 780, 3210, 0, 800, 3270, 0, 50, 255, 240
L 760, 3270, 0, 780, 3210, 0, 50, 255, 240
L 820, 3210, 0, 820, 3270, 0, 50, 255, 240
L 850, 3270, 0, 850, 3210, 0, 50, 255, 240
L 860, 3270, 0, 840, 3270, 0, 50, 255, 240
L 870, 3240, 0, 860, 3270, 0, 50, 255, 240
L 860, 3210, 0, 870, 3240, 0, 50, 255, 240
L 840, 3210, 0, 860, 3210, 0, 50, 255, 240
L 700, 3300, 0, 700, 3330, 0, 50, 255, 0
L 700, 3360, 0, 740, 3360, 0, 50, 255, 0
L 740, 3330, 0, 700, 3330, 0, 50, 255, 0
L 700, 3300, 0, 740, 3300, 0, 50, 255, 0
L 740, 3330, 0, 740, 3360, 0, 50, 255, 0
L 790, 3330, 0, 760, 3330, 0, 50, 255, 0
L 790, 3300, 0, 790, 3330, 0, 50, 255, 0
L 760, 3300, 0, 790, 3300, 0, 50, 255, 0
L 760, 3360, 0, 760, 3300, 0, 50, 255, 0
L 810, 3330, 0, 840, 3330, 0, 50, 255, 0
L 810, 3360, 0, 840, 3360, 0, 50, 255, 0
L 810, 3300, 0, 810, 3360, 0, 50, 255, 0
L 840, 3300, 0, 810, 3300, 0, 50, 255, 0
L 890, 3360, 0, 860, 3360, 0, 50, 255, 0
L 860, 3300, 0, 890, 3300, 0, 50, 255, 0
L 860, 3360, 0, 860, 3300, 0, 50, 255, 0
L 910, 3300, 0, 910, 3360, 0, 50, 255, 0
L 940, 3330, 0, 960, 3330, 0, 50, 255, 0
L 950, 3300, 0, 970, 3360, 0, 50, 255, 0
L 930, 3360, 0, 950, 3300, 0, 50, 255, 0
L 990, 3300, 0, 990, 3360, 0, 50, 255, 0
L 1030, 3360, 0, 990, 3360, 0, 50, 255, 0
L 1140, 3360, 0, 1110, 3360, 0, 50, 255, 0
L 1110, 3300, 0, 1140, 3300, 0, 50, 255, 0
L 1110, 3360, 0, 1110, 3300, 0, 50, 255, 0
L 1200, 3300, 0, 1200, 3360, 0, 50, 255, 0
L 1160, 3300, 0, 1160, 3360, 0, 50, 255, 0
L 1160, 3360, 0, 1200, 3360, 0, 50, 255, 0
L 1220, 3300, 0, 1220, 3330, 0, 50, 255, 0
L 1220, 3330, 0, 1220, 3360, 0, 50, 255, 0
L 1220, 3330, 0, 1240, 3330, 0, 50, 255, 0
L 1260, 3330, 0, 1260, 3300, 0, 50, 255, 0
L 1220, 3300, 0, 1260, 3300, 0, 50, 255, 0
L 1240, 3330, 0, 1260, 3330, 0, 50, 255, 0
L 1260, 3360, 0, 1240, 3330, 0, 50, 255, 0
L 1280, 3300, 0, 1280, 3330, 0, 50, 255, 0
L 1280, 3330, 0, 1280, 3360, 0, 50, 255, 0
L 1280, 3330, 0, 1300, 3330, 0, 50, 255, 0
L 1320, 3330, 0, 1320, 3300, 0, 50, 255, 0
L 1280, 3300, 0, 1320, 3300, 0, 50, 255, 0
L 1300, 3330, 0, 1320, 3330, 0, 50, 255, 0
L 1320, 3360, 0, 1300, 3330, 0, 50, 255, 0
L 1340, 3330, 0, 1370, 3330, 0, 50, 255, 0
L 1340, 3360, 0, 1370, 3360, 0, 50, 255, 0
L 1340, 3300, 0, 1340, 3360, 0, 50, 255, 0
L 1370, 3300, 0, 1340, 3300, 0, 50, 255, 0
L 1420, 3360, 0, 1420, 3300, 0, 50, 255, 0
L 1390, 3300, 0, 1420, 3360, 0, 50, 255, 0
L 1390, 3360, 0, 1390, 3300, 0, 50, 255, 0
L 1470, 3360, 0, 1440, 3360, 0, 50, 255, 0
L 1440, 3300, 0, 1470, 3300, 0, 50, 255, 0
L 1440, 3360, 0, 1440, 3300, 0, 50, 255, 0
L 1510, 3330, 0, 1510, 3360, 0, 50, 255, 0
L 1510, 3330, 0, 1530, 3300, 0, 50, 255, 0
L 1490, 3300, 0, 1510, 3330, 0, 50, 255, 0
L 700, 3390, 0, 700, 3420, 0, 255, 0, 0
L 700, 3450, 0, 740, 3450, 0, 255, 0, 0
L 740, 3420, 0, 700, 3420, 0, 255, 0, 0
L 700, 3390, 0, 740, 3390, 0, 255, 0, 0
L 740, 3420, 0, 740, 3450, 0, 255, 0, 0
L 800, 3390, 0, 800, 3450, 0, 255, 0, 0
L 760, 3390, 0, 760, 3450, 0, 255, 0, 0
L 760, 3450, 0, 800, 3450, 0, 255, 0, 0
L 850, 3450, 0, 820, 3450, 0, 255, 0, 0
L 820, 3390, 0, 850, 3390, 0, 255, 0, 0
L 820, 3450, 0, 820, 3390, 0, 255, 0, 0
L 900, 3450, 0, 870, 3450, 0, 255, 0, 0
L 870, 3390, 0, 900, 3390, 0, 255, 0, 0
L 870, 3450, 0, 870, 3390, 0, 255, 0, 0
L 920, 3390, 0, 950, 3390, 0, 255, 0, 0
L 920, 3450, 0, 950, 3450, 0, 255, 0, 0
L 920, 3390, 0, 920, 3450, 0, 255, 0, 0
L 950, 3390, 0, 950, 3450, 0, 255, 0, 0
L 970, 3390, 0, 970, 3420, 0, 255, 0, 0
L 970, 3420, 0, 970, 3450, 0, 255, 0, 0
L 970, 3420, 0, 990, 3420, 0, 255, 0, 0
L 1010, 3420, 0, 1010, 3390, 0, 255, 0, 0
L 970, 3390, 0, 1010, 3390, 0, 255, 0, 0
L 990, 3420, 0, 1010, 3420, 0, 255, 0, 0
L 1010, 3450, 0, 990, 3420, 0, 255, 0, 0
L 720, 3480, 0, 720, 3540, 0, 255, 255, 0
L 700, 3480, 0, 740, 3480, 0, 255, 255, 0
L 760, 3510, 0, 790, 3510, 0, 255, 255, 0
L 760, 3540, 0, 790, 3540, 0, 255, 255, 0
L 760, 3480, 0, 760, 3540, 0, 255, 255, 0
L 790, 3480, 0, 760, 3480, 0, 255, 255, 0
L 810, 3480, 0, 810, 3540, 0, 255, 255, 0
L 850, 3540, 0, 810, 3540, 0, 255, 255, 0
L 870, 3510, 0, 900, 3510, 0, 255, 255, 0
L 870, 3540, 0, 900, 3540, 0, 255, 255, 0
L 870, 3480, 0, 870, 3540, 0, 255, 255, 0
L 900, 3480, 0, 870, 3480, 0, 255, 255, 0
L 950, 3510, 0, 920, 3510, 0, 255, 255, 0
L 950, 3480, 0, 950, 3510, 0, 255, 255, 0
L 920, 3480, 0, 950, 3480, 0, 255, 255, 0
L 920, 3540, 0, 920, 3480, 0, 255, 255, 0
L 970, 3480, 0, 1000, 3480, 0, 255, 255, 0
L 970, 3540, 0, 1000, 3540, 0, 255, 255, 0
L 970, 3480, 0, 970, 3540, 0, 255, 255, 0
L 1000, 3480, 0, 1000, 3540, 0, 255, 255, 0
L 1020, 3480, 0, 1020, 3510, 0, 255, 255, 0
L 1020, 3510, 0, 1020, 3540, 0, 255, 255, 0
L 1020, 3510, 0, 1040, 3510, 0, 255, 255, 0
L 1060, 3510, 0, 1060, 3480, 0, 255, 255, 0
L 1020, 3480, 0, 1060, 3480, 0, 255, 255, 0
L 1040, 3510, 0, 1060, 3510, 0, 255, 255, 0
L 1060, 3540, 0, 1040, 3510, 0, 255, 255, 0
L 1100, 3480, 0, 1100, 3540, 0, 255, 255, 0
L 1080, 3480, 0, 1120, 3480, 0, 255, 255, 0
L 720, 3570, 0, 720, 3630, 0, 128, 0, 128
L 700, 3570, 0, 740, 3570, 0, 128, 0, 128
L 760, 3570, 0, 760, 3600, 0, 128, 0, 128
L 760, 3600, 0, 760, 3630, 0, 128, 0, 128
L 760, 3600, 0, 780, 3600, 0, 128, 0, 128
L 800, 3600, 0, 800, 3570, 0, 128, 0, 128
L 760, 3570, 0, 800, 3570, 0, 128, 0, 128
L 780, 3600, 0, 800, 3600, 0, 128, 0, 128
L 800, 3630, 0, 780, 3600, 0, 128, 0, 128
L 830, 3600, 0, 850, 3600, 0, 128, 0, 128
L 840, 3570, 0, 860, 3630, 0, 128, 0, 128
L 820, 3630, 0, 840, 3570, 0, 128, 0, 128
L 890, 3630, 0, 890, 3570, 0, 128, 0, 128
L 900, 3630, 0, 880, 3630, 0, 128, 0, 128
L 910, 3600, 0, 900, 3630, 0, 128, 0, 128
L 900, 3570, 0, 910, 3600, 0, 128, 0, 128
L 880, 3570, 0, 900, 3570, 0, 128, 0, 128
L 930, 3600, 0, 960, 3600, 0, 128, 0, 128
L 930, 3630, 0, 960, 3630, 0, 128, 0, 128
L 930, 3570, 0, 930, 3630, 0, 128, 0, 128
L 960, 3570, 0, 930, 3570, 0, 128, 0, 128
L 980, 3570, 0, 980, 3600, 0, 128, 0, 128
L 980, 3630, 0, 1020, 3630, 0, 128, 0, 128
L 1020, 3600, 0, 980, 3600, 0, 128, 0, 128
L 980, 3570, 0, 1020, 3570, 0, 128, 0, 128
L 1020, 3600, 0, 1020, 3630, 0, 128, 0, 128
L 1040, 3570, 0, 1040, 3600, 0, 128, 0, 128
L 1040, 3600, 0, 1040, 3630, 0, 128, 0, 128
L 1040, 3600, 0, 1080, 3630, 0, 128, 0, 128
L 1040, 3600, 0, 1080, 3570, 0, 128, 0, 128
L 1100, 3570, 0, 1100, 3630, 0, 128, 0, 128
L 1120, 3570, 0, 1120, 3630, 0, 128, 0, 128
L 1160, 3630, 0, 1120, 3630, 0, 128, 0, 128
L 1180, 3570, 0, 1180, 3630, 0, 128, 0, 128
L 1220, 3630, 0, 1180, 3630, 0, 128, 0, 128
L 1330, 3630, 0, 1300, 3630, 0, 128, 0, 128
L 1300, 3570, 0, 1330, 3570, 0, 128, 0, 128
L 1300, 3630, 0, 1300, 3570, 0, 128, 0, 128
L 1350, 3570, 0, 1380, 3570, 0, 128, 0, 128
L 1350, 3630, 0, 1380, 3630, 0, 128, 0, 128
L 1350, 3570, 0, 1350, 3630, 0, 128, 0, 128
L 1380, 3570, 0, 1380, 3630, 0, 128, 0, 128
L 1430, 3630, 0, 1430, 3570, 0, 128, 0, 128
L 1400, 3570, 0, 1430, 3630, 0, 128, 0, 128
L 1400, 3630, 0, 1400, 3570, 0, 128, 0, 128
L 1470, 3570, 0, 1470, 3630, 0, 128, 0, 128
L 1450, 3570, 0, 1490, 3570, 0, 128, 0, 128
L 1520, 3600, 0, 1540, 3600, 0, 128, 0, 128
L 1530, 3570, 0, 1550, 3630, 0, 128, 0, 128
L 1510, 3630, 0, 1530, 3570, 0, 128, 0, 128
L 1570, 3570, 0, 1570, 3630, 0, 128, 0, 128
L 1620, 3630, 0, 1620, 3570, 0, 128, 0, 128
L 1590, 3570, 0, 1620, 3630, 0, 128, 0, 128
L 1590, 3630, 0, 1590, 3570, 0, 128, 0, 128
L 1640, 3600, 0, 1670, 3600, 0, 128, 0, 128
L 1640, 3630, 0, 1670, 3630, 0, 128, 0, 128
L 1640, 3570, 0, 1640, 3630, 0, 128, 0, 128
L 1670, 3570, 0, 1640, 3570, 0, 128, 0, 128
L 1690, 3570, 0, 1690, 3600, 0, 128, 0, 128
L 1690, 3600, 0, 1690, 3630, 0, 128, 0, 128
L 1690, 3600, 0, 1710, 3600, 0, 128, 0, 128
L 1730, 3600, 0, 1730, 3570, 0, 128, 0, 128
L 1690, 3570, 0, 1730, 3570, 0, 128, 0, 128
L 1710, 3600, 0, 1730, 3600, 0, 128, 0, 128
L 1730, 3630, 0, 1710, 3600, 0, 128, 0, 128
L 720, 3660, 0, 720, 3720, 0, 255, 255, 0
L 700, 3660, 0, 740, 3660, 0, 255, 255, 0
L 760, 3660, 0, 760, 3690, 0, 255, 255, 0
L 760, 3690, 0, 760, 3720, 0, 255, 255, 0
L 760, 3690, 0, 780, 3690, 0, 255, 255, 0
L 800, 3690, 0, 800, 3660, 0, 255, 255, 0
L 760, 3660, 0, 800, 3660, 0, 255, 255, 0
L 780, 3690, 0, 800, 3690, 0, 255, 255, 0
L 800, 3720, 0, 780, 3690, 0, 255, 255, 0
L 830, 3690, 0, 850, 3690, 0, 255, 255, 0
L 840, 3660, 0, 860, 3720, 0, 255, 255, 0
L 820, 3720, 0, 840, 3660, 0, 255, 255, 0
L 910, 3690, 0, 880, 3690, 0, 255, 255, 0
L 910, 3660, 0, 910, 3690, 0, 255, 255, 0
L 880, 3660, 0, 910, 3660, 0, 255, 255, 0
L 880, 3720, 0, 880, 3660, 0, 255, 255, 0
L 730, 3750, 0, 700, 3750, 0, 255, 0, 0
L 700, 3810, 0, 730, 3750, 0, 255, 0, 0
L 700, 3810, 0, 730, 3810, 0, 255, 0, 0
L 750, 3750, 0, 780, 3750, 0, 255, 0, 0
L 750, 3810, 0, 780, 3810, 0, 255, 0, 0
L 750, 3750, 0, 750, 3810, 0, 255, 0, 0
L 780, 3750, 0, 780, 3810, 0, 255, 0, 0
L 830, 3810, 0, 830, 3750, 0, 255, 0, 0
L 800, 3750, 0, 830, 3810, 0, 255, 0, 0
L 800, 3810, 0, 800, 3750, 0, 255, 0, 0
L 850, 3780, 0, 880, 3780, 0, 255, 0, 0
L 850, 3810, 0, 880, 3810, 0, 255, 0, 0
L 850, 3750, 0, 850, 3810, 0, 255, 0, 0
L 880, 3750, 0, 850, 3750, 0, 255, 0, 0
P -300, 1700, 255, 255, 255, 0, 2, Original_Map:_Goodurden_<RoI>
P -300, 1900, 255, 255, 255, 0, 2, Revised_Map:_Brewall_Rainsinger_(Cazic-Thule)
P -300, 2100, 255, 255, 255, 0, 2, http://www.eqmaps.info
P -300, 2300, 255, 255, 255, 0, 2, Return_of_the_Exiled_(www.roteguild.org)
P -300, 2500, 0, 177, 115, 0, 2, Blood_Ritualist_Taprom
P -300, 2700, 0, 177, 115, 0, 2, Bone_Caller_Nathid
P -300, 2900, 0, 177, 115, 0, 2, Bone_Caster_Fizzik
P -300, 3100, 0, 177, 115, 0, 2, Bone_Knight_Runri
P -300, 3300, 0, 177, 115, 0, 2, Bone_Trooper_Grolin
P -300, 3500, 0, 177, 115, 0, 2, Cave_Guardian_Prehtil
P -300, 3700, 0, 177, 115, 0, 2, Death_Ritualist_Stromik
P -300, 3900, 0, 177, 115, 0, 2, Dirt_Crimal_Vokov
P -300, 4100, 0, 177, 115, 0, 2, Dirt_Defender_Gropp
P -300, 4300, 0, 177, 115, 0, 2, Dust_Hoodlum_Heaprit
P -300, 4500, 0, 177, 115, 0, 2, Earth_Mystic_Gedak
P -300, 4700, 0, 177, 115, 0, 2, Earth_Seer_Gamolk
P -300, 4900, 0, 177, 115, 0, 2, a_fierce_drogan_spider
P -300, 5100, 0, 177, 115, 0, 2, Flame_Adept_Verdalix
P -300, 5300, 0, 177, 115, 0, 2, Flame_Master_Japal
P -300, 5500, 0, 177, 115, 0, 2, Ice_Adept_Amozik
P -300, 5700, 0, 177, 115, 0, 2, Ice_Master_Cialin
P -300, 5900, 0, 177, 115, 0, 2, Jailor_Maufan
P -300, 6100, 0, 177, 115, 0, 2, King_Dronan
P -300, 6300, 0, 177, 115, 0, 2, Magic_Adept_Xabok
P -300, 6500, 0, 177, 115, 0, 2, Moss_Knight_Yortal
P -300, 6700, 0, 177, 115, 0, 2, Rock_Sneak_Nrillip
P -300, 6900, 0, 177, 115, 0, 2, a_savage_drogan_spider
P -300, 7100, 0, 177, 115, 0, 2, Slinker_Ukul
P -300, 7300, 0, 177, 115, 0, 2, Stalag_Trooper_Biamas
P -300, 7500, 0, 177, 115, 0, 2, Stone_Crook_Piklo
P -300, 7700, 0, 177, 115, 0, 2, Stone_Seer_Kaigek
P -300, 7900, 0, 177, 115, 0, 2, Whip_Cracker_Krazzim
