P 92.5990, -78.9423, -12.2864, 255, 0, 0, 3, to_Mearatas:_The_Stone_Demesne_(click_wall)
P 333.4661, 491.4033, -61.7040, 255, 0, 0, 3, to_Stratos:_Zephyr`s_Flight
P 122.0000, -86.0000, -11.0000, 255, 255, 255, 2, Dirge_in_the_Catacomb
P 178.0000, 191.0000, -35.0000, 255, 255, 255, 2, Daughter_of_the_Invincible_Sun
P 195.0000, 243.0000, -35.0000, 0, 127, 127, 2, Sky_Orchid_Understanding_(Quests)
P 129.2800, 401.2323, -21.9450, 255, 255, 255, 2, Silent_White_Sky
P -44.6811, 270.8876, -41.6574, 255, 255, 255, 2, Silent_Sun
P 299.3849, 296.0379, -24.9320, 255, 255, 255, 2, Maiden_of_Nine_Roses
P -36.0732, 205.8444, -19.9703, 255, 255, 255, 2, Sadness_of_Distant_Mountains
P -66.7554, 58.5563, -40.5768, 255, 255, 255, 2, Still_Sky`s_Scholar
P 1115.9535, 860.1750, -24.3634, 255, 255, 255, 2, Lydia_Springstrong
P 61.5005, -768.3810, -39.2112, 255, 255, 255, 2, Hidden_Winds_(Silver_Spear_General)
P 685.9673, -607.8651, -42.5868, 255, 255, 255, 2, First_Strike_Dawn_(Council_of_Esianti)
P 732.0000, -862.0000, -46.0000, 255, 255, 255, 2, Dance_of_Metal_and_Ivory
P 512.0000, -1173.0000, 13.0000, 0, 127, 127, 2, Obsidian_Sundering_Master_(Quests)
P 1077.0000, 794.0000, -24.0000, 0, 127, 127, 2, Phibbit_(Quests)
P 1596.3495, 212.1091, -65.8604, 0, 127, 127, 2, Joyous_Blossom_(Quests)
P -775.0000, -228.0000, -38.0000, 255, 255, 255, 2, Hammer_Tearing_Strike
P -0.7322, 7.2267, -41.1537, 255, 255, 255, 2, Remembrance_Consuming_Sage_(Roam)
P 526.7383, -931.5663, -49.5323, 255, 255, 255, 2, Lightning`s_Light_(Roam)
P 433.8277, 831.1619, -43.6228, 177, 115, 0, 2, Depth_of_Iron_(Hunter,Roam)
P -985.0000, -65.0000, -58.0000, 177, 115, 0, 2, Leaping_Eyes_(Hunter)
P 499.3115, -55.4936, -40.8582, 255, 255, 255, 2, Wistful_Silken_Fist
P 10.0000, -159.0000, -51.0000, 177, 115, 0, 2, Veiled_Sage_(Hunter,Roam)
P -121.0863, 831.8685, -18.6375, 177, 115, 0, 2, Rusted_Stalactite_(Hunter,Roam)
P -717.9409, -194.6062, -39.0247, 177, 115, 0, 2, Iron_Lance_(Hunter)
P -790.5594, -385.1400, -38.9407, 177, 115, 0, 2, Copper_Star_(Hunter,Roam)
P 2050.8262, -505.2381, -65.0813, 177, 115, 0, 2, Warrior`s_Cleft_(Hunter,Roam)
P 286.8044, 197.2193, -40.5768, 240, 127, 0, 2, Sunshine_Sensible_Warmth_(Raid)
P -567.0282, 257.0491, -48.9782, 240, 127, 0, 2, Radiant_Fog_Evening_(Raid)
P 408.5647, 804.9109, -43.2910, 240, 127, 0, 2, Feather_Silver_Sheen_(Raid)
P 1533.5353, 881.4673, -64.0468, 0, 127, 0, 2, Faistwan_Toothri_(Spells)
P 518.8065, 1004.9730, -43.6228, 177, 115, 0, 2, Depth_of_Iron_(Hunter)
P 674.5793, 1052.0790, -54.1540, 255, 255, 255, 2, Jericog_Merkin_(Roam)
P 1063.7688, -113.8217, -44.3109, 177, 115, 0, 2, Blessed_Wind_(Hunter)
P 689.6478, -412.8419, -41.5670, 177, 115, 0, 2, Blessed_Wind_(Hunter,Roam)
P 228.4064, -116.9096, -43.6760, 177, 115, 0, 2, Blessed_Wind_(Hunter,Roam)
P 19.1823, 425.1135, -62.2030, 177, 115, 0, 2, Blessed_Wind_(Hunter,Roam)
P -815.9938, -458.4198, -39.7999, 177, 115, 0, 2, Copper_Star_(Hunter)
P -444.3246, -706.4839, -61.9982, 177, 115, 0, 2, Copper_Star_(Hunter)
P 62.8740, 789.3282, -34.6963, 177, 115, 0, 2, Depth_of_Iron_(Hunter,Roam)
P -624.9979, -418.6227, -38.6598, 177, 115, 0, 2, Iron_Lance_(Hunter)
P -720.2383, 68.4681, -38.7197, 177, 115, 0, 2, Iron_Lance_(Hunter)
P 1015.9654, 949.5051, -24.6951, 177, 115, 0, 2, Jericog_Merkin_(Hunter)
P 719.3313, 923.8614, -51.8598, 177, 115, 0, 2, Jericog_Merkin_(Hunter,Roam)
P 1220.0801, 1095.5419, -27.8415, 177, 115, 0, 2, Jericog_Merkin_(Hunter,Roam)
P -899.4205, -165.2113, -39.7640, 177, 115, 0, 2, Leaping_Eyes_(Hunter)
P -885.7936, -329.0101, -40.4634, 177, 115, 0, 2, Leaping_Eyes_(Hunter)
P -265.9496, 836.4853, -12.2189, 177, 115, 0, 2, Rusted_Stalactite_(Hunter)
P -356.9047, 742.8544, -12.2189, 177, 115, 0, 2, Rusted_Stalactite_(Hunter)
P 941.9092, -2.1002, -63.6228, 177, 115, 0, 2, Sapphire_Hammer_(Hunter,Roam)
P 852.6746, 177.6842, -64.3823, 177, 115, 0, 2, Sapphire_Hammer_(Hunter)
P -93.6592, 198.4737, -43.7351, 177, 115, 0, 2, Sapphire_Hammer_(Hunter)
P 1737.3147, 468.4485, -71.3659, 177, 115, 0, 2, Seeping_Cladness_(Hunter,Roam)
P 1744.9579, 231.4745, -59.4581, 177, 115, 0, 2, Seeping_Gladness_(Hunter)
P 1953.6211, 160.8831, -57.0820, 177, 115, 0, 2, Seeping_Gladness_(Hunter,Roam)
P 1887.1399, -461.8972, -56.6684, 177, 115, 0, 2, Warrior`s_Cleft_(Hunter)
P 289.8396, 34.8080, -40.9085, 177, 115, 0, 2, Sky_Blade_(Hunter)
P 285.8452, 284.5987, -25.2638, 177, 115, 0, 2, Sky_Blade_(Hunter)
P 61.8863, 298.0086, -30.2657, 177, 115, 0, 2, Sky_Blade_(Hunter)
P -305.3365, 37.9088, -63.0382, 177, 115, 0, 2, Veiled_Sage_(Hunter,Roam)
P -226.1644, 790.1639, -12.5362, 255, 255, 255, 2, Boldness_of_Great_Substantiveness
P 1469.2389, -636.1768, -61.6747, 255, 255, 255, 2, Isle_of_Radiant_Mist
P 1496.2040, -66.0135, -65.5094, 255, 255, 255, 1, .
P 1661.6261, 3.8747, -65.1228, 255, 255, 255, 1, .
P 1671.6969, -623.3021, -65.5331, 255, 255, 255, 1, .
P 691.0745, 950.0739, -53.4690, 255, 255, 255, 1, .
P 1033.0862, 857.4864, -24.6944, 255, 255, 255, 1, .
P -244.6473, -152.8760, -56.4122, 255, 255, 255, 1, .
P -578.3669, -82.8966, -38.7795, 255, 255, 255, 1, .
P 1851.1447, -741.2424, -83.5146, 255, 255, 255, 1, .
P 2087.1370, -609.7322, -96.9206, 255, 255, 255, 1, .
P 2019.7975, -347.1986, -57.6314, 255, 255, 255, 1, .
P 1987.4656, 314.8767, -64.2927, 255, 255, 255, 1, .
P 1509.4644, 994.5936, -92.1362, 255, 255, 255, 1, .
P -178.2421, 841.7435, -12.2189, 255, 255, 255, 1, .
P -351.4778, -671.9865, -53.6363, 255, 255, 255, 1, .
P 77.4248, -547.2450, -73.6075, 255, 255, 255, 1, .
P 126.0482, -64.7517, -12.2864, 255, 255, 255, 1, .
P -920.0710, -337.8194, -69.2227, 255, 255, 255, 1, .
P -211.6735, -572.4626, -53.0875, 255, 255, 255, 1, .
P -272.8958, 1076.1238, -31.4553, 255, 255, 255, 1, .
P 1041.2898, 1200.2715, -48.0130, 255, 255, 255, 1, .
P -779.4503, -351.9758, -38.7448, 255, 255, 255, 1, .
P -301.6877, 902.3174, -12.2273, 255, 255, 255, 1, .
P 808.6877, -459.8868, -40.8192, 255, 255, 255, 1, .
P 792.7870, -35.8582, -71.1746, 255, 255, 255, 1, .
P -1018.4319, 8.5677, -72.8477, 255, 255, 255, 1, .
P -574.2761, -550.3564, -51.5953, 255, 255, 255, 1, .
P 1459.5287, -377.0374, -79.8906, 255, 255, 255, 1, .
P 1832.7133, -278.2319, -57.5944, 255, 255, 255, 1, .
P 623.0347, -359.1619, -38.0174, 255, 255, 255, 1, .
P 908.4587, -108.3658, -43.0673, 255, 255, 255, 1, .
P -785.7707, -126.4372, -38.3400, 255, 255, 255, 1, .
P 80.6136, -931.5861, -51.5087, 255, 255, 255, 1, .
P -118.3553, -835.8024, -64.8913, 255, 255, 255, 1, .
P 1999.8810, -139.8474, 15.3646, 255, 255, 255, 1, .
P -775.4203, -589.7905, -72.9213, 255, 255, 255, 1, .
P -596.8184, -44.8359, -38.3399, 255, 255, 255, 1, .
P 1129.1609, 831.9406, -24.6951, 255, 255, 255, 1, .
P 1119.0956, 961.5940, -24.6951, 255, 255, 255, 1, .
P 1162.0120, 1050.8340, -24.6712, 255, 255, 255, 1, .
P -15.9611, 1037.7782, -42.6233, 255, 255, 255, 1, .
P 448.6174, 1071.0619, -46.2515, 255, 255, 255, 1, .
P -761.9330, 71.2161, -38.6588, 255, 255, 255, 1, .
P 1882.1686, -413.1936, -44.4942, 255, 255, 255, 1, .
P 1953.0696, 91.9057, -44.2319, 255, 255, 255, 1, .
P 937.9813, 909.5836, -24.6701, 255, 255, 255, 1, .
P 667.0862, -871.9979, -43.2928, 255, 255, 255, 1, .
P 975.0041, 306.9936, -75.6470, 255, 255, 255, 1, .
P 285.4165, -844.2557, -43.6228, 255, 255, 255, 1, .
P 208.2728, -10.5429, -20.2944, 255, 255, 255, 1, .
P -531.9811, -370.5520, -38.7796, 255, 255, 255, 1, .
P 1353.9280, 1020.7212, -36.6341, 255, 255, 255, 1, .
P 1031.9446, -170.2348, -44.1138, 255, 255, 255, 1, .