L 1000.0, 0.0, 0.0, 1000.0, -50.0, 0.0, 255, 0, 0
L -20.0, 50.0, 0.0, -50.0, 20.0, 0.0, 255, 0, 0
L 50.0, 20.0, 0.0, 20.0, 50.0, 0.0, 255, 0, 0
L 20.0, -50.0, 0.0, 50.0, -20.0, 0.0, 255, 0, 0
L -50.0, -20.0, 0.0, -20.0, -50.0, 0.0, 255, 0, 0
L -50.0, 20.0, 0.0, -50.0, -20.0, 0.0, 255, 0, 0
L 20.0, 50.0, 0.0, -20.0, 50.0, 0.0, 255, 0, 0
L 50.0, -20.0, 0.0, 50.0, 20.0, 0.0, 255, 0, 0
L -20.0, -50.0, 0.0, 20.0, -50.0, 0.0, 255, 0, 0
L 580.0, -20.0, 0.0, 540.0, -20.0, 0.0, 255, 0, 0
L 580.0, -90.0, 0.0, 580.0, -20.0, 0.0, 255, 0, 0
L 540.0, -90.0, 0.0, 580.0, -90.0, 0.0, 255, 0, 0
L 540.0, -20.0, 0.0, 540.0, -90.0, 0.0, 255, 0, 0
L 520.0, -20.0, 0.0, 480.0, -20.0, 0.0, 255, 0, 0
L 520.0, -90.0, 0.0, 520.0, -20.0, 0.0, 255, 0, 0
L 480.0, -90.0, 0.0, 520.0, -90.0, 0.0, 255, 0, 0
L 480.0, -20.0, 0.0, 480.0, -90.0, 0.0, 255, 0, 0
L 460.0, -90.0, 0.0, 450.0, -80.0, 0.0, 255, 0, 0
L 460.0, -20.0, 0.0, 460.0, -90.0, 0.0, 255, 0, 0
L 0.0, -250.0, 0.0, 0.0, 250.0, 0.0, 255, 0, 0
L -250.0, 0.0, 0.0, 1000.0, 0.0, 0.0, 255, 0, 0
L -120.0, -80.0, 0.0, -120.0, -60.0, 0.0, 255, 0, 0
L -120.0, -60.0, 0.0, -120.0, -40.0, 0.0, 255, 0, 0
L -100.0, -60.0, 0.0, -120.0, -60.0, 0.0, 255, 0, 0
L -120.0, -60.0, 0.0, -140.0, -60.0, 0.0, 255, 0, 0
L -90.0, -50.0, 0.0, -100.0, -30.0, 0.0, 255, 0, 0
L -60.0, -80.0, 0.0, -60.0, -60.0, 0.0, 255, 0, 0
L -60.0, -60.0, 0.0, -60.0, -40.0, 0.0, 255, 0, 0
L -40.0, -60.0, 0.0, -60.0, -60.0, 0.0, 255, 0, 0
L -60.0, -60.0, 0.0, -80.0, -60.0, 0.0, 255, 0, 0
L 100.0, 60.0, 0.0, 120.0, 60.0, 0.0, 255, 0, 0
L 120.0, 60.0, 0.0, 140.0, 60.0, 0.0, 255, 0, 0
L 90.0, 70.0, 0.0, 80.0, 90.0, 0.0, 255, 0, 0
L 40.0, 60.0, 0.0, 60.0, 60.0, 0.0, 255, 0, 0
L 60.0, 60.0, 0.0, 80.0, 60.0, 0.0, 255, 0, 0
L -100.0, 60.0, 0.0, -120.0, 60.0, 0.0, 255, 0, 0
L -120.0, 60.0, 0.0, -140.0, 60.0, 0.0, 255, 0, 0
L -90.0, 70.0, 0.0, -100.0, 90.0, 0.0, 255, 0, 0
L -60.0, 80.0, 0.0, -60.0, 60.0, 0.0, 255, 0, 0
L -60.0, 60.0, 0.0, -60.0, 40.0, 0.0, 255, 0, 0
L -40.0, 60.0, 0.0, -60.0, 60.0, 0.0, 255, 0, 0
L -60.0, 60.0, 0.0, -80.0, 60.0, 0.0, 255, 0, 0
L 100.0, -60.0, 0.0, 120.0, -60.0, 0.0, 255, 0, 0
L 120.0, -60.0, 0.0, 140.0, -60.0, 0.0, 255, 0, 0
L 90.0, -50.0, 0.0, 80.0, -30.0, 0.0, 255, 0, 0
L 60.0, -80.0, 0.0, 60.0, -60.0, 0.0, 255, 0, 0
L 60.0, -60.0, 0.0, 60.0, -40.0, 0.0, 255, 0, 0
L 40.0, -60.0, 0.0, 60.0, -60.0, 0.0, 255, 0, 0
L 60.0, -60.0, 0.0, 80.0, -60.0, 0.0, 255, 0, 0
L 599.0, -90.0, 0.0, 637.3, -90.0, 0.0, 255, 0, 0
L 599.0, -20.0, 0.0, 637.3, -20.0, 0.0, 255, 0, 0
L 599.0, -90.0, 0.0, 599.0, -20.0, 0.0, 255, 0, 0
L 637.3, -90.0, 0.0, 637.3, -20.0, 0.0, 255, 0, 0
L 300, 2900, 0, 300, 2960, 255, 255, 255, 0
L 340, 2960, 0, 300, 2960, 255, 255, 255, 0
L 360, 2930, 0, 390, 2930, 255, 255, 255, 0
L 360, 2960, 0, 390, 2960, 255, 255, 255, 0
L 360, 2900, 0, 360, 2960, 255, 255, 255, 0
L 390, 2900, 0, 360, 2900, 255, 255, 255, 0
L 440, 2960, 0, 410, 2960, 255, 255, 255, 0
L 410, 2900, 0, 440, 2900, 255, 255, 255, 0
L 410, 2960, 0, 410, 2900, 255, 255, 255, 0
L 440, 2960, 0, 440, 2930, 255, 255, 255, 0
L 440, 2930, 0, 420, 2930, 255, 255, 255, 0
L 460, 2930, 0, 490, 2930, 255, 255, 255, 0
L 460, 2960, 0, 490, 2960, 255, 255, 255, 0
L 460, 2900, 0, 460, 2960, 255, 255, 255, 0
L 490, 2900, 0, 460, 2900, 255, 255, 255, 0
L 540, 2960, 0, 540, 2900, 255, 255, 255, 0
L 510, 2900, 0, 540, 2960, 255, 255, 255, 0
L 510, 2960, 0, 510, 2900, 255, 255, 255, 0
L 570, 2960, 0, 570, 2900, 255, 255, 255, 0
L 580, 2960, 0, 560, 2960, 255, 255, 255, 0
L 590, 2930, 0, 580, 2960, 255, 255, 255, 0
L 580, 2900, 0, 590, 2930, 255, 255, 255, 0
L 560, 2900, 0, 580, 2900, 255, 255, 255, 0
L 300, 3110, 0, 360, 3110, 255, 255, 255, 0
L 300, 3030, 0, 360, 3030, 255, 255, 255, 0
L 330, 3083, 0, 330, 3057, 0, 205, 133, 63
L 360, 3110, 0, 420, 3110, 255, 255, 255, 0
L 360, 3110, 0, 360, 3083, 0, 205, 133, 63
L 330, 3083, 0, 390, 3083, 0, 205, 133, 63
L 330, 3057, 0, 360, 3057, 0, 205, 133, 63
L 360, 3057, 0, 390, 3057, 0, 205, 133, 63
L 360, 3030, 0, 420, 3030, 255, 255, 255, 0
L 360, 3057, 0, 360, 3030, 0, 205, 133, 63
L 390, 3083, 0, 390, 3057, 0, 205, 133, 63
L 470, 3100, 0, 470, 3040, 255, 255, 255, 0
L 480, 3100, 0, 460, 3100, 255, 255, 255, 0
L 490, 3070, 0, 480, 3100, 255, 255, 255, 0
L 480, 3040, 0, 490, 3070, 255, 255, 255, 0
L 460, 3040, 0, 480, 3040, 255, 255, 255, 0
L 510, 3040, 0, 540, 3040, 255, 255, 255, 0
L 510, 3100, 0, 540, 3100, 255, 255, 255, 0
L 510, 3040, 0, 510, 3100, 255, 255, 255, 0
L 540, 3040, 0, 540, 3100, 255, 255, 255, 0
L 560, 3040, 0, 590, 3040, 255, 255, 255, 0
L 560, 3100, 0, 590, 3100, 255, 255, 255, 0
L 560, 3040, 0, 560, 3100, 255, 255, 255, 0
L 590, 3040, 0, 590, 3100, 255, 255, 255, 0
L 610, 3040, 0, 610, 3070, 255, 255, 255, 0
L 610, 3070, 0, 610, 3100, 255, 255, 255, 0
L 610, 3070, 0, 630, 3070, 255, 255, 255, 0
L 650, 3070, 0, 650, 3040, 255, 255, 255, 0
L 610, 3040, 0, 650, 3040, 255, 255, 255, 0
L 630, 3070, 0, 650, 3070, 255, 255, 255, 0
L 650, 3100, 0, 630, 3070, 255, 255, 255, 0
L 300, 3150, 0, 300, 3180, 0, 255, 210, 0
L 300, 3150, 0, 320, 3150, 0, 255, 210, 0
L 320, 3210, 0, 300, 3210, 0, 255, 210, 0
L 300, 3180, 0, 300, 3210, 0, 255, 210, 0
L 320, 3180, 0, 300, 3180, 0, 255, 210, 0
L 320, 3180, 0, 340, 3165, 0, 255, 210, 0
L 320, 3150, 0, 340, 3165, 0, 255, 210, 0
L 320, 3180, 0, 340, 3195, 0, 255, 210, 0
L 340, 3195, 0, 320, 3210, 0, 255, 210, 0
L 370, 3180, 0, 390, 3180, 0, 255, 210, 0
L 380, 3150, 0, 400, 3210, 0, 255, 210, 0
L 360, 3210, 0, 380, 3150, 0, 255, 210, 0
L 450, 3210, 0, 450, 3150, 0, 255, 210, 0
L 420, 3150, 0, 450, 3210, 0, 255, 210, 0
L 420, 3210, 0, 420, 3150, 0, 255, 210, 0
L 470, 3150, 0, 470, 3180, 0, 255, 210, 0
L 470, 3180, 0, 470, 3210, 0, 255, 210, 0
L 470, 3180, 0, 510, 3210, 0, 255, 210, 0
L 470, 3180, 0, 510, 3150, 0, 255, 210, 0
L 530, 3180, 0, 560, 3180, 0, 255, 210, 0
L 530, 3210, 0, 560, 3210, 0, 255, 210, 0
L 530, 3150, 0, 530, 3210, 0, 255, 210, 0
L 560, 3150, 0, 530, 3150, 0, 255, 210, 0
L 580, 3150, 0, 580, 3180, 0, 255, 210, 0
L 580, 3180, 0, 580, 3210, 0, 255, 210, 0
L 580, 3180, 0, 600, 3180, 0, 255, 210, 0
L 620, 3180, 0, 620, 3150, 0, 255, 210, 0
L 580, 3150, 0, 620, 3150, 0, 255, 210, 0
L 600, 3180, 0, 620, 3180, 0, 255, 210, 0
L 620, 3210, 0, 600, 3180, 0, 255, 210, 0
L 330, 3300, 0, 300, 3300, 0, 255, 255, 255
L 300, 3240, 0, 330, 3240, 0, 255, 255, 255
L 300, 3300, 0, 300, 3240, 0, 255, 255, 255
L 350, 3240, 0, 380, 3240, 0, 255, 255, 255
L 350, 3300, 0, 380, 3300, 0, 255, 255, 255
L 350, 3240, 0, 350, 3300, 0, 255, 255, 255
L 380, 3240, 0, 380, 3300, 0, 255, 255, 255
L 440, 3240, 0, 440, 3300, 0, 255, 255, 255
L 420, 3270, 0, 440, 3240, 0, 255, 255, 255
L 400, 3240, 0, 420, 3270, 0, 255, 255, 255
L 400, 3300, 0, 400, 3240, 0, 255, 255, 255
L 500, 3240, 0, 500, 3300, 0, 255, 255, 255
L 480, 3270, 0, 500, 3240, 0, 255, 255, 255
L 460, 3240, 0, 480, 3270, 0, 255, 255, 255
L 460, 3300, 0, 460, 3240, 0, 255, 255, 255
L 520, 3270, 0, 550, 3270, 0, 255, 255, 255
L 520, 3300, 0, 550, 3300, 0, 255, 255, 255
L 520, 3240, 0, 520, 3300, 0, 255, 255, 255
L 550, 3240, 0, 520, 3240, 0, 255, 255, 255
L 600, 3300, 0, 600, 3240, 0, 255, 255, 255
L 570, 3240, 0, 600, 3300, 0, 255, 255, 255
L 570, 3300, 0, 570, 3240, 0, 255, 255, 255
L 640, 3240, 0, 640, 3300, 0, 255, 255, 255
L 620, 3240, 0, 660, 3240, 0, 255, 255, 255
L 330, 3390, 0, 300, 3390, 255, 255, 255, 0
L 300, 3330, 0, 330, 3330, 255, 255, 255, 0
L 300, 3390, 0, 300, 3330, 255, 255, 255, 0
L 330, 3390, 0, 330, 3360, 255, 255, 255, 0
L 330, 3360, 0, 310, 3360, 255, 255, 255, 0
L 350, 3360, 0, 380, 3360, 255, 255, 255, 0
L 350, 3390, 0, 380, 3390, 255, 255, 255, 0
L 350, 3330, 0, 350, 3390, 255, 255, 255, 0
L 380, 3330, 0, 350, 3330, 255, 255, 255, 0
L 430, 3390, 0, 430, 3330, 255, 255, 255, 0
L 400, 3330, 0, 430, 3390, 255, 255, 255, 0
L 400, 3390, 0, 400, 3330, 255, 255, 255, 0
L 450, 3360, 0, 480, 3360, 255, 255, 255, 0
L 450, 3390, 0, 480, 3390, 255, 255, 255, 0
L 450, 3330, 0, 450, 3390, 255, 255, 255, 0
L 480, 3330, 0, 450, 3330, 255, 255, 255, 0
L 500, 3330, 0, 500, 3360, 255, 255, 255, 0
L 500, 3360, 0, 500, 3390, 255, 255, 255, 0
L 500, 3360, 0, 520, 3360, 255, 255, 255, 0
L 540, 3360, 0, 540, 3330, 255, 255, 255, 0
L 500, 3330, 0, 540, 3330, 255, 255, 255, 0
L 520, 3360, 0, 540, 3360, 255, 255, 255, 0
L 540, 3390, 0, 520, 3360, 255, 255, 255, 0
L 570, 3360, 0, 590, 3360, 255, 255, 255, 0
L 580, 3330, 0, 600, 3390, 255, 255, 255, 0
L 560, 3390, 0, 580, 3330, 255, 255, 255, 0
L 620, 3330, 0, 620, 3390, 255, 255, 255, 0
L 660, 3390, 0, 620, 3390, 255, 255, 255, 0
L 330, 3480, 0, 300, 3480, 255, 255, 255, 255
L 300, 3420, 0, 330, 3420, 255, 255, 255, 255
L 300, 3480, 0, 300, 3420, 255, 255, 255, 255
L 330, 3480, 0, 330, 3450, 255, 255, 255, 255
L 330, 3450, 0, 310, 3450, 255, 255, 255, 255
L 350, 3420, 0, 350, 3450, 255, 255, 255, 255
L 350, 3450, 0, 350, 3480, 255, 255, 255, 255
L 350, 3450, 0, 370, 3450, 255, 255, 255, 255
L 390, 3450, 0, 390, 3420, 255, 255, 255, 255
L 350, 3420, 0, 390, 3420, 255, 255, 255, 255
L 370, 3450, 0, 390, 3450, 255, 255, 255, 255
L 390, 3480, 0, 370, 3450, 255, 255, 255, 255
L 410, 3420, 0, 440, 3420, 255, 255, 255, 255
L 410, 3480, 0, 440, 3480, 255, 255, 255, 255
L 410, 3420, 0, 410, 3480, 255, 255, 255, 255
L 440, 3420, 0, 440, 3480, 255, 255, 255, 255
L 500, 3420, 0, 500, 3480, 255, 255, 255, 255
L 460, 3420, 0, 460, 3480, 255, 255, 255, 255
L 460, 3480, 0, 500, 3480, 255, 255, 255, 255
L 550, 3480, 0, 550, 3420, 255, 255, 255, 255
L 520, 3420, 0, 550, 3480, 255, 255, 255, 255
L 520, 3480, 0, 520, 3420, 255, 255, 255, 255
L 580, 3480, 0, 580, 3420, 255, 255, 255, 255
L 590, 3480, 0, 570, 3480, 255, 255, 255, 255
L 600, 3450, 0, 590, 3480, 255, 255, 255, 255
L 590, 3420, 0, 600, 3450, 255, 255, 255, 255
L 570, 3420, 0, 590, 3420, 255, 255, 255, 255
L 680, 3420, 0, 680, 3450, 255, 255, 255, 255
L 680, 3480, 0, 720, 3480, 255, 255, 255, 255
L 720, 3450, 0, 680, 3450, 255, 255, 255, 255
L 680, 3420, 0, 720, 3420, 255, 255, 255, 255
L 720, 3450, 0, 720, 3480, 255, 255, 255, 255
L 770, 3450, 0, 740, 3450, 255, 255, 255, 255
L 770, 3420, 0, 770, 3450, 255, 255, 255, 255
L 740, 3420, 0, 770, 3420, 255, 255, 255, 255
L 740, 3480, 0, 740, 3420, 255, 255, 255, 255
L 800, 3450, 0, 820, 3450, 255, 255, 255, 255
L 810, 3420, 0, 830, 3480, 255, 255, 255, 255
L 790, 3480, 0, 810, 3420, 255, 255, 255, 255
L 880, 3480, 0, 890, 3420, 255, 255, 255, 255
L 870, 3450, 0, 880, 3480, 255, 255, 255, 255
L 860, 3480, 0, 870, 3450, 255, 255, 255, 255
L 850, 3420, 0, 860, 3480, 255, 255, 255, 255
L 940, 3480, 0, 940, 3420, 255, 255, 255, 255
L 910, 3420, 0, 940, 3480, 255, 255, 255, 255
L 910, 3480, 0, 910, 3420, 255, 255, 255, 255
L 330, 3570, 0, 300, 3570, 0, 128, 128, 128
L 300, 3510, 0, 330, 3510, 0, 128, 128, 128
L 300, 3570, 0, 300, 3510, 0, 128, 128, 128
L 330, 3570, 0, 330, 3540, 0, 128, 128, 128
L 330, 3540, 0, 310, 3540, 0, 128, 128, 128
L 390, 3510, 0, 390, 3570, 0, 128, 128, 128
L 350, 3510, 0, 350, 3570, 0, 128, 128, 128
L 350, 3570, 0, 390, 3570, 0, 128, 128, 128
L 410, 3510, 0, 410, 3570, 0, 128, 128, 128
L 430, 3510, 0, 430, 3570, 0, 128, 128, 128
L 470, 3570, 0, 430, 3570, 0, 128, 128, 128
L 500, 3570, 0, 500, 3510, 0, 128, 128, 128
L 510, 3570, 0, 490, 3570, 0, 128, 128, 128
L 520, 3540, 0, 510, 3570, 0, 128, 128, 128
L 510, 3510, 0, 520, 3540, 0, 128, 128, 128
L 490, 3510, 0, 510, 3510, 0, 128, 128, 128
L 640, 3510, 0, 640, 3570, 0, 128, 128, 128
L 620, 3540, 0, 640, 3510, 0, 128, 128, 128
L 600, 3510, 0, 620, 3540, 0, 128, 128, 128
L 600, 3570, 0, 600, 3510, 0, 128, 128, 128
L 670, 3540, 0, 690, 3540, 0, 128, 128, 128
L 680, 3510, 0, 700, 3570, 0, 128, 128, 128
L 660, 3570, 0, 680, 3510, 0, 128, 128, 128
L 720, 3510, 0, 720, 3540, 0, 128, 128, 128
L 720, 3570, 0, 760, 3570, 0, 128, 128, 128
L 760, 3540, 0, 720, 3540, 0, 128, 128, 128
L 720, 3510, 0, 760, 3510, 0, 128, 128, 128
L 760, 3540, 0, 760, 3570, 0, 128, 128, 128
L 800, 3510, 0, 800, 3570, 0, 128, 128, 128
L 780, 3510, 0, 820, 3510, 0, 128, 128, 128
L 840, 3540, 0, 870, 3540, 0, 128, 128, 128
L 840, 3570, 0, 870, 3570, 0, 128, 128, 128
L 840, 3510, 0, 840, 3570, 0, 128, 128, 128
L 870, 3510, 0, 840, 3510, 0, 128, 128, 128
L 890, 3510, 0, 890, 3540, 0, 128, 128, 128
L 890, 3540, 0, 890, 3570, 0, 128, 128, 128
L 890, 3540, 0, 910, 3540, 0, 128, 128, 128
L 930, 3540, 0, 930, 3510, 0, 128, 128, 128
L 890, 3510, 0, 930, 3510, 0, 128, 128, 128
L 910, 3540, 0, 930, 3540, 0, 128, 128, 128
L 930, 3570, 0, 910, 3540, 0, 128, 128, 128
L 300, 3600, 0, 300, 3630, 0, 177, 115, 0
L 340, 3660, 0, 340, 3630, 0, 177, 115, 0
L 300, 3630, 0, 300, 3660, 0, 177, 115, 0
L 340, 3630, 0, 340, 3600, 0, 177, 115, 0
L 300, 3630, 0, 340, 3630, 0, 177, 115, 0
L 400, 3600, 0, 400, 3660, 0, 177, 115, 0
L 360, 3600, 0, 360, 3660, 0, 177, 115, 0
L 360, 3660, 0, 400, 3660, 0, 177, 115, 0
L 450, 3660, 0, 450, 3600, 0, 177, 115, 0
L 420, 3600, 0, 450, 3660, 0, 177, 115, 0
L 420, 3660, 0, 420, 3600, 0, 177, 115, 0
L 490, 3600, 0, 490, 3660, 0, 177, 115, 0
L 470, 3600, 0, 510, 3600, 0, 177, 115, 0
L 530, 3630, 0, 560, 3630, 0, 177, 115, 0
L 530, 3660, 0, 560, 3660, 0, 177, 115, 0
L 530, 3600, 0, 530, 3660, 0, 177, 115, 0
L 560, 3600, 0, 530, 3600, 0, 177, 115, 0
L 580, 3600, 0, 580, 3630, 0, 177, 115, 0
L 580, 3630, 0, 580, 3660, 0, 177, 115, 0
L 580, 3630, 0, 600, 3630, 0, 177, 115, 0
L 620, 3630, 0, 620, 3600, 0, 177, 115, 0
L 580, 3600, 0, 620, 3600, 0, 177, 115, 0
L 600, 3630, 0, 620, 3630, 0, 177, 115, 0
L 620, 3660, 0, 600, 3630, 0, 177, 115, 0
L 340, 3690, 0, 340, 3750, 0, 64, 191, 0
L 320, 3720, 0, 340, 3690, 0, 64, 191, 0
L 300, 3690, 0, 320, 3720, 0, 64, 191, 0
L 300, 3750, 0, 300, 3690, 0, 64, 191, 0
L 360, 3720, 0, 390, 3720, 0, 64, 191, 0
L 360, 3750, 0, 390, 3750, 0, 64, 191, 0
L 360, 3690, 0, 360, 3750, 0, 64, 191, 0
L 390, 3690, 0, 360, 3690, 0, 64, 191, 0
L 410, 3690, 0, 410, 3720, 0, 64, 191, 0
L 410, 3720, 0, 410, 3750, 0, 64, 191, 0
L 410, 3720, 0, 430, 3720, 0, 64, 191, 0
L 450, 3720, 0, 450, 3690, 0, 64, 191, 0
L 410, 3690, 0, 450, 3690, 0, 64, 191, 0
L 430, 3720, 0, 450, 3720, 0, 64, 191, 0
L 450, 3750, 0, 430, 3720, 0, 64, 191, 0
L 500, 3750, 0, 470, 3750, 0, 64, 191, 0
L 470, 3690, 0, 500, 3690, 0, 64, 191, 0
L 470, 3750, 0, 470, 3690, 0, 64, 191, 0
L 520, 3690, 0, 520, 3720, 0, 64, 191, 0
L 560, 3750, 0, 560, 3720, 0, 64, 191, 0
L 520, 3720, 0, 520, 3750, 0, 64, 191, 0
L 560, 3720, 0, 560, 3690, 0, 64, 191, 0
L 520, 3720, 0, 560, 3720, 0, 64, 191, 0
L 590, 3720, 0, 610, 3720, 0, 64, 191, 0
L 600, 3690, 0, 620, 3750, 0, 64, 191, 0
L 580, 3750, 0, 600, 3690, 0, 64, 191, 0
L 670, 3750, 0, 670, 3690, 0, 64, 191, 0
L 640, 3690, 0, 670, 3750, 0, 64, 191, 0
L 640, 3750, 0, 640, 3690, 0, 64, 191, 0
L 710, 3690, 0, 710, 3750, 0, 64, 191, 0
L 690, 3690, 0, 730, 3690, 0, 64, 191, 0
L 340, 3780, 0, 340, 3840, 0, 64, 191, 127
L 320, 3810, 0, 340, 3780, 0, 64, 191, 127
L 300, 3780, 0, 320, 3810, 0, 64, 191, 127
L 300, 3840, 0, 300, 3780, 0, 64, 191, 127
L 360, 3780, 0, 360, 3840, 0, 64, 191, 127
L 380, 3780, 0, 380, 3810, 0, 64, 191, 127
L 380, 3840, 0, 420, 3840, 0, 64, 191, 127
L 420, 3810, 0, 380, 3810, 0, 64, 191, 127
L 380, 3780, 0, 420, 3780, 0, 64, 191, 127
L 420, 3810, 0, 420, 3840, 0, 64, 191, 127
L 440, 3780, 0, 440, 3810, 0, 64, 191, 127
L 440, 3840, 0, 480, 3840, 0, 64, 191, 127
L 480, 3810, 0, 440, 3810, 0, 64, 191, 127
L 440, 3780, 0, 480, 3780, 0, 64, 191, 127
L 480, 3810, 0, 480, 3840, 0, 64, 191, 127
L 500, 3780, 0, 500, 3840, 0, 64, 191, 127
L 520, 3780, 0, 550, 3780, 0, 64, 191, 127
L 520, 3840, 0, 550, 3840, 0, 64, 191, 127
L 520, 3780, 0, 520, 3840, 0, 64, 191, 127
L 550, 3780, 0, 550, 3840, 0, 64, 191, 127
L 600, 3840, 0, 600, 3780, 0, 64, 191, 127
L 570, 3780, 0, 600, 3840, 0, 64, 191, 127
L 570, 3840, 0, 570, 3780, 0, 64, 191, 127
L 330, 3930, 0, 330, 3870, 0, 177, 115, 0
L 300, 3870, 0, 330, 3930, 0, 177, 115, 0
L 300, 3930, 0, 300, 3870, 0, 177, 115, 0
L 360, 3900, 0, 380, 3900, 0, 177, 115, 0
L 370, 3870, 0, 390, 3930, 0, 177, 115, 0
L 350, 3930, 0, 370, 3870, 0, 177, 115, 0
L 450, 3870, 0, 450, 3930, 0, 177, 115, 0
L 430, 3900, 0, 450, 3870, 0, 177, 115, 0
L 410, 3870, 0, 430, 3900, 0, 177, 115, 0
L 410, 3930, 0, 410, 3870, 0, 177, 115, 0
L 470, 3900, 0, 500, 3900, 0, 177, 115, 0
L 470, 3930, 0, 500, 3930, 0, 177, 115, 0
L 470, 3870, 0, 470, 3930, 0, 177, 115, 0
L 500, 3870, 0, 470, 3870, 0, 177, 115, 0
L 530, 3930, 0, 530, 3870, 0, 177, 115, 0
L 540, 3930, 0, 520, 3930, 0, 177, 115, 0
L 550, 3900, 0, 540, 3930, 0, 177, 115, 0
L 540, 3870, 0, 550, 3900, 0, 177, 115, 0
L 520, 3870, 0, 540, 3870, 0, 177, 115, 0
L 330, 3990, 0, 300, 3990, 0, 50, 255, 0
L 330, 3960, 0, 330, 3990, 0, 50, 255, 0
L 300, 3960, 0, 330, 3960, 0, 50, 255, 0
L 300, 4020, 0, 300, 3960, 0, 50, 255, 0
L 360, 3990, 0, 380, 3990, 0, 50, 255, 0
L 370, 3960, 0, 390, 4020, 0, 50, 255, 0
L 350, 4020, 0, 370, 3960, 0, 50, 255, 0
L 410, 3960, 0, 410, 3990, 0, 50, 255, 0
L 410, 3990, 0, 410, 4020, 0, 50, 255, 0
L 410, 3990, 0, 430, 3990, 0, 50, 255, 0
L 450, 3990, 0, 450, 3960, 0, 50, 255, 0
L 410, 3960, 0, 450, 3960, 0, 50, 255, 0
L 430, 3990, 0, 450, 3990, 0, 50, 255, 0
L 450, 4020, 0, 430, 3990, 0, 50, 255, 0
L 500, 4020, 0, 470, 4020, 0, 50, 255, 0
L 470, 3960, 0, 500, 3960, 0, 50, 255, 0
L 470, 4020, 0, 470, 3960, 0, 50, 255, 0
L 520, 3990, 0, 550, 3990, 0, 50, 255, 0
L 520, 4020, 0, 550, 4020, 0, 50, 255, 0
L 520, 3960, 0, 520, 4020, 0, 50, 255, 0
L 550, 3960, 0, 520, 3960, 0, 50, 255, 0
L 570, 3960, 0, 570, 4020, 0, 50, 255, 0
L 610, 4020, 0, 570, 4020, 0, 50, 255, 0
L 630, 3960, 0, 630, 3990, 0, 50, 255, 0
L 630, 4020, 0, 670, 4020, 0, 50, 255, 0
L 670, 3990, 0, 630, 3990, 0, 50, 255, 0
L 630, 3960, 0, 670, 3960, 0, 50, 255, 0
L 670, 3990, 0, 670, 4020, 0, 50, 255, 0
L 300, 4050, 0, 300, 4080, 0, 50, 255, 240
L 300, 4080, 0, 300, 4110, 0, 50, 255, 240
L 300, 4080, 0, 320, 4080, 0, 50, 255, 240
L 340, 4080, 0, 340, 4050, 0, 50, 255, 240
L 300, 4050, 0, 340, 4050, 0, 50, 255, 240
L 320, 4080, 0, 340, 4080, 0, 50, 255, 240
L 340, 4110, 0, 320, 4080, 0, 50, 255, 240
L 370, 4080, 0, 390, 4080, 0, 50, 255, 240
L 380, 4050, 0, 400, 4110, 0, 50, 255, 240
L 360, 4110, 0, 380, 4050, 0, 50, 255, 240
L 420, 4050, 0, 420, 4110, 0, 50, 255, 240
L 450, 4110, 0, 450, 4050, 0, 50, 255, 240
L 460, 4110, 0, 440, 4110, 0, 50, 255, 240
L 470, 4080, 0, 460, 4110, 0, 50, 255, 240
L 460, 4050, 0, 470, 4080, 0, 50, 255, 240
L 440, 4050, 0, 460, 4050, 0, 50, 255, 240
L 300, 4140, 0, 300, 4170, 0, 50, 255, 0
L 300, 4200, 0, 340, 4200, 0, 50, 255, 0
L 340, 4170, 0, 300, 4170, 0, 50, 255, 0
L 300, 4140, 0, 340, 4140, 0, 50, 255, 0
L 340, 4170, 0, 340, 4200, 0, 50, 255, 0
L 390, 4170, 0, 360, 4170, 0, 50, 255, 0
L 390, 4140, 0, 390, 4170, 0, 50, 255, 0
L 360, 4140, 0, 390, 4140, 0, 50, 255, 0
L 360, 4200, 0, 360, 4140, 0, 50, 255, 0
L 410, 4170, 0, 440, 4170, 0, 50, 255, 0
L 410, 4200, 0, 440, 4200, 0, 50, 255, 0
L 410, 4140, 0, 410, 4200, 0, 50, 255, 0
L 440, 4140, 0, 410, 4140, 0, 50, 255, 0
L 490, 4200, 0, 460, 4200, 0, 50, 255, 0
L 460, 4140, 0, 490, 4140, 0, 50, 255, 0
L 460, 4200, 0, 460, 4140, 0, 50, 255, 0
L 510, 4140, 0, 510, 4200, 0, 50, 255, 0
L 540, 4170, 0, 560, 4170, 0, 50, 255, 0
L 550, 4140, 0, 570, 4200, 0, 50, 255, 0
L 530, 4200, 0, 550, 4140, 0, 50, 255, 0
L 590, 4140, 0, 590, 4200, 0, 50, 255, 0
L 630, 4200, 0, 590, 4200, 0, 50, 255, 0
L 740, 4200, 0, 710, 4200, 0, 50, 255, 0
L 710, 4140, 0, 740, 4140, 0, 50, 255, 0
L 710, 4200, 0, 710, 4140, 0, 50, 255, 0
L 800, 4140, 0, 800, 4200, 0, 50, 255, 0
L 760, 4140, 0, 760, 4200, 0, 50, 255, 0
L 760, 4200, 0, 800, 4200, 0, 50, 255, 0
L 820, 4140, 0, 820, 4170, 0, 50, 255, 0
L 820, 4170, 0, 820, 4200, 0, 50, 255, 0
L 820, 4170, 0, 840, 4170, 0, 50, 255, 0
L 860, 4170, 0, 860, 4140, 0, 50, 255, 0
L 820, 4140, 0, 860, 4140, 0, 50, 255, 0
L 840, 4170, 0, 860, 4170, 0, 50, 255, 0
L 860, 4200, 0, 840, 4170, 0, 50, 255, 0
L 880, 4140, 0, 880, 4170, 0, 50, 255, 0
L 880, 4170, 0, 880, 4200, 0, 50, 255, 0
L 880, 4170, 0, 900, 4170, 0, 50, 255, 0
L 920, 4170, 0, 920, 4140, 0, 50, 255, 0
L 880, 4140, 0, 920, 4140, 0, 50, 255, 0
L 900, 4170, 0, 920, 4170, 0, 50, 255, 0
L 920, 4200, 0, 900, 4170, 0, 50, 255, 0
L 940, 4170, 0, 970, 4170, 0, 50, 255, 0
L 940, 4200, 0, 970, 4200, 0, 50, 255, 0
L 940, 4140, 0, 940, 4200, 0, 50, 255, 0
L 970, 4140, 0, 940, 4140, 0, 50, 255, 0
L 1020, 4200, 0, 1020, 4140, 0, 50, 255, 0
L 990, 4140, 0, 1020, 4200, 0, 50, 255, 0
L 990, 4200, 0, 990, 4140, 0, 50, 255, 0
L 1070, 4200, 0, 1040, 4200, 0, 50, 255, 0
L 1040, 4140, 0, 1070, 4140, 0, 50, 255, 0
L 1040, 4200, 0, 1040, 4140, 0, 50, 255, 0
L 1110, 4170, 0, 1110, 4200, 0, 50, 255, 0
L 1110, 4170, 0, 1130, 4140, 0, 50, 255, 0
L 1090, 4140, 0, 1110, 4170, 0, 50, 255, 0
L 300, 4230, 0, 300, 4260, 0, 255, 0, 0
L 300, 4290, 0, 340, 4290, 0, 255, 0, 0
L 340, 4260, 0, 300, 4260, 0, 255, 0, 0
L 300, 4230, 0, 340, 4230, 0, 255, 0, 0
L 340, 4260, 0, 340, 4290, 0, 255, 0, 0
L 400, 4230, 0, 400, 4290, 0, 255, 0, 0
L 360, 4230, 0, 360, 4290, 0, 255, 0, 0
L 360, 4290, 0, 400, 4290, 0, 255, 0, 0
L 450, 4290, 0, 420, 4290, 0, 255, 0, 0
L 420, 4230, 0, 450, 4230, 0, 255, 0, 0
L 420, 4290, 0, 420, 4230, 0, 255, 0, 0
L 500, 4290, 0, 470, 4290, 0, 255, 0, 0
L 470, 4230, 0, 500, 4230, 0, 255, 0, 0
L 470, 4290, 0, 470, 4230, 0, 255, 0, 0
L 520, 4230, 0, 550, 4230, 0, 255, 0, 0
L 520, 4290, 0, 550, 4290, 0, 255, 0, 0
L 520, 4230, 0, 520, 4290, 0, 255, 0, 0
L 550, 4230, 0, 550, 4290, 0, 255, 0, 0
L 570, 4230, 0, 570, 4260, 0, 255, 0, 0
L 570, 4260, 0, 570, 4290, 0, 255, 0, 0
L 570, 4260, 0, 590, 4260, 0, 255, 0, 0
L 610, 4260, 0, 610, 4230, 0, 255, 0, 0
L 570, 4230, 0, 610, 4230, 0, 255, 0, 0
L 590, 4260, 0, 610, 4260, 0, 255, 0, 0
L 610, 4290, 0, 590, 4260, 0, 255, 0, 0
L 320, 4320, 0, 320, 4380, 0, 255, 255, 0
L 300, 4320, 0, 340, 4320, 0, 255, 255, 0
L 360, 4350, 0, 390, 4350, 0, 255, 255, 0
L 360, 4380, 0, 390, 4380, 0, 255, 255, 0
L 360, 4320, 0, 360, 4380, 0, 255, 255, 0
L 390, 4320, 0, 360, 4320, 0, 255, 255, 0
L 410, 4320, 0, 410, 4380, 0, 255, 255, 0
L 450, 4380, 0, 410, 4380, 0, 255, 255, 0
L 470, 4350, 0, 500, 4350, 0, 255, 255, 0
L 470, 4380, 0, 500, 4380, 0, 255, 255, 0
L 470, 4320, 0, 470, 4380, 0, 255, 255, 0
L 500, 4320, 0, 470, 4320, 0, 255, 255, 0
L 550, 4350, 0, 520, 4350, 0, 255, 255, 0
L 550, 4320, 0, 550, 4350, 0, 255, 255, 0
L 520, 4320, 0, 550, 4320, 0, 255, 255, 0
L 520, 4380, 0, 520, 4320, 0, 255, 255, 0
L 570, 4320, 0, 600, 4320, 0, 255, 255, 0
L 570, 4380, 0, 600, 4380, 0, 255, 255, 0
L 570, 4320, 0, 570, 4380, 0, 255, 255, 0
L 600, 4320, 0, 600, 4380, 0, 255, 255, 0
L 620, 4320, 0, 620, 4350, 0, 255, 255, 0
L 620, 4350, 0, 620, 4380, 0, 255, 255, 0
L 620, 4350, 0, 640, 4350, 0, 255, 255, 0
L 660, 4350, 0, 660, 4320, 0, 255, 255, 0
L 620, 4320, 0, 660, 4320, 0, 255, 255, 0
L 640, 4350, 0, 660, 4350, 0, 255, 255, 0
L 660, 4380, 0, 640, 4350, 0, 255, 255, 0
L 700, 4320, 0, 700, 4380, 0, 255, 255, 0
L 680, 4320, 0, 720, 4320, 0, 255, 255, 0
L 320, 4410, 0, 320, 4470, 0, 128, 0, 128
L 300, 4410, 0, 340, 4410, 0, 128, 0, 128
L 360, 4410, 0, 360, 4440, 0, 128, 0, 128
L 360, 4440, 0, 360, 4470, 0, 128, 0, 128
L 360, 4440, 0, 380, 4440, 0, 128, 0, 128
L 400, 4440, 0, 400, 4410, 0, 128, 0, 128
L 360, 4410, 0, 400, 4410, 0, 128, 0, 128
L 380, 4440, 0, 400, 4440, 0, 128, 0, 128
L 400, 4470, 0, 380, 4440, 0, 128, 0, 128
L 430, 4440, 0, 450, 4440, 0, 128, 0, 128
L 440, 4410, 0, 460, 4470, 0, 128, 0, 128
L 420, 4470, 0, 440, 4410, 0, 128, 0, 128
L 490, 4470, 0, 490, 4410, 0, 128, 0, 128
L 500, 4470, 0, 480, 4470, 0, 128, 0, 128
L 510, 4440, 0, 500, 4470, 0, 128, 0, 128
L 500, 4410, 0, 510, 4440, 0, 128, 0, 128
L 480, 4410, 0, 500, 4410, 0, 128, 0, 128
L 530, 4440, 0, 560, 4440, 0, 128, 0, 128
L 530, 4470, 0, 560, 4470, 0, 128, 0, 128
L 530, 4410, 0, 530, 4470, 0, 128, 0, 128
L 560, 4410, 0, 530, 4410, 0, 128, 0, 128
L 580, 4410, 0, 580, 4440, 0, 128, 0, 128
L 580, 4470, 0, 620, 4470, 0, 128, 0, 128
L 620, 4440, 0, 580, 4440, 0, 128, 0, 128
L 580, 4410, 0, 620, 4410, 0, 128, 0, 128
L 620, 4440, 0, 620, 4470, 0, 128, 0, 128
L 640, 4410, 0, 640, 4440, 0, 128, 0, 128
L 640, 4440, 0, 640, 4470, 0, 128, 0, 128
L 640, 4440, 0, 680, 4470, 0, 128, 0, 128
L 640, 4440, 0, 680, 4410, 0, 128, 0, 128
L 700, 4410, 0, 700, 4470, 0, 128, 0, 128
L 720, 4410, 0, 720, 4470, 0, 128, 0, 128
L 760, 4470, 0, 720, 4470, 0, 128, 0, 128
L 780, 4410, 0, 780, 4470, 0, 128, 0, 128
L 820, 4470, 0, 780, 4470, 0, 128, 0, 128
L 930, 4470, 0, 900, 4470, 0, 128, 0, 128
L 900, 4410, 0, 930, 4410, 0, 128, 0, 128
L 900, 4470, 0, 900, 4410, 0, 128, 0, 128
L 950, 4410, 0, 980, 4410, 0, 128, 0, 128
L 950, 4470, 0, 980, 4470, 0, 128, 0, 128
L 950, 4410, 0, 950, 4470, 0, 128, 0, 128
L 980, 4410, 0, 980, 4470, 0, 128, 0, 128
L 1030, 4470, 0, 1030, 4410, 0, 128, 0, 128
L 1000, 4410, 0, 1030, 4470, 0, 128, 0, 128
L 1000, 4470, 0, 1000, 4410, 0, 128, 0, 128
L 1070, 4410, 0, 1070, 4470, 0, 128, 0, 128
L 1050, 4410, 0, 1090, 4410, 0, 128, 0, 128
L 1120, 4440, 0, 1140, 4440, 0, 128, 0, 128
L 1130, 4410, 0, 1150, 4470, 0, 128, 0, 128
L 1110, 4470, 0, 1130, 4410, 0, 128, 0, 128
L 1170, 4410, 0, 1170, 4470, 0, 128, 0, 128
L 1220, 4470, 0, 1220, 4410, 0, 128, 0, 128
L 1190, 4410, 0, 1220, 4470, 0, 128, 0, 128
L 1190, 4470, 0, 1190, 4410, 0, 128, 0, 128
L 1240, 4440, 0, 1270, 4440, 0, 128, 0, 128
L 1240, 4470, 0, 1270, 4470, 0, 128, 0, 128
L 1240, 4410, 0, 1240, 4470, 0, 128, 0, 128
L 1270, 4410, 0, 1240, 4410, 0, 128, 0, 128
L 1290, 4410, 0, 1290, 4440, 0, 128, 0, 128
L 1290, 4440, 0, 1290, 4470, 0, 128, 0, 128
L 1290, 4440, 0, 1310, 4440, 0, 128, 0, 128
L 1330, 4440, 0, 1330, 4410, 0, 128, 0, 128
L 1290, 4410, 0, 1330, 4410, 0, 128, 0, 128
L 1310, 4440, 0, 1330, 4440, 0, 128, 0, 128
L 1330, 4470, 0, 1310, 4440, 0, 128, 0, 128
L 320, 4500, 0, 320, 4560, 0, 255, 255, 0
L 300, 4500, 0, 340, 4500, 0, 255, 255, 0
L 360, 4500, 0, 360, 4530, 0, 255, 255, 0
L 360, 4530, 0, 360, 4560, 0, 255, 255, 0
L 360, 4530, 0, 380, 4530, 0, 255, 255, 0
L 400, 4530, 0, 400, 4500, 0, 255, 255, 0
L 360, 4500, 0, 400, 4500, 0, 255, 255, 0
L 380, 4530, 0, 400, 4530, 0, 255, 255, 0
L 400, 4560, 0, 380, 4530, 0, 255, 255, 0
L 430, 4530, 0, 450, 4530, 0, 255, 255, 0
L 440, 4500, 0, 460, 4560, 0, 255, 255, 0
L 420, 4560, 0, 440, 4500, 0, 255, 255, 0
L 510, 4530, 0, 480, 4530, 0, 255, 255, 0
L 510, 4500, 0, 510, 4530, 0, 255, 255, 0
L 480, 4500, 0, 510, 4500, 0, 255, 255, 0
L 480, 4560, 0, 480, 4500, 0, 255, 255, 0
L 330, 4590, 0, 300, 4590, 0, 255, 0, 0
L 300, 4650, 0, 330, 4590, 0, 255, 0, 0
L 300, 4650, 0, 330, 4650, 0, 255, 0, 0
L 350, 4590, 0, 380, 4590, 0, 255, 0, 0
L 350, 4650, 0, 380, 4650, 0, 255, 0, 0
L 350, 4590, 0, 350, 4650, 0, 255, 0, 0
L 380, 4590, 0, 380, 4650, 0, 255, 0, 0
L 430, 4650, 0, 430, 4590, 0, 255, 0, 0
L 400, 4590, 0, 430, 4650, 0, 255, 0, 0
L 400, 4650, 0, 400, 4590, 0, 255, 0, 0
L 450, 4620, 0, 480, 4620, 0, 255, 0, 0
L 450, 4650, 0, 480, 4650, 0, 255, 0, 0
L 450, 4590, 0, 450, 4650, 0, 255, 0, 0
L 480, 4590, 0, 450, 4590, 0, 255, 0, 0
P -700, 2900, 255, 255, 255, 0, 2, Original_Map:_EverQuest_Default
P -700, 3100, 255, 255, 255, 0, 2, Revised_Map:_Brewall_Rainsinger_(Cazic-Thule)
P -700, 3300, 255, 255, 255, 0, 2, http://www.eqmaps.info
P -700, 3500, 255, 255, 255, 0, 2, Return_of_the_Exiled_(www.roteguild.org)
